MutationType	SBS96A	SBS96B	SBS96C	SBS96D	SBS96E	SBS96F	SBS96G	SBS96H	SBS96I	SBS96J	SBS96K	SBS96L	SBS96M	SBS96N	SBS96O	SBS96P
A[C>A]A	0.0020155185484327376	0.0	0.0007127720193238929	7.871942708142024e-15	0.002764745778408322	2.8025969286496343e-46	0.0031049173700921527	0.00024019725387915968	0.000420058422787406	0.0011108243466878775	1.8369071767665446e-05	0.0003484101325739175	0.001370636888896115	0.0008975592238130048	0.05311950035393238	0.001359994790982455
A[C>A]C	0.002129214012529701	0.00011385680409148335	0.0005046499718446285	0.0004323950612160843	0.009471917069458869	0.0014852836575300898	0.003979180345777422	0.00042189390806015583	0.0006137691874755546	0.003305881330743432	0.01293503399938345	0.012904831767082214	0.00521660556551069	0.00025422142061870545	0.03918653689324856	5.347278201952577e-05
A[C>A]G	0.0011218949861358852	0.0	1.069319322155593e-05	0.0	0.0028548003174364567	0.00022981988149695098	0.000187855854164809	0.0001767462701536715	0.0	0.0009034566683112644	0.0005955284019364626	0.0008817428722977638	0.0011440477275755257	0.0002996214112499729	0.015072539448738098	0.0003729612326637266
A[C>A]T	0.015261479653418064	8.414129837319706e-09	0.0001778545744869575	0.0	0.0011821787561871132	0.0007963645449763135	5.892036028853909e-07	0.006897956323300036	0.00039004898650318864	0.0006722709565025297	0.01157979124573103	0.09970254004001618	1.215755879968583e-07	0.0	0.004286279341391719	0.00010159363009734079
A[C>G]A	0.0001820148996557691	0.0008726101426873356	0.0009960097668226808	0.00046052768902882235	0.008079551860282664	0.0005851268317201175	0.0007880382792791352	5.1517446991056204e-05	0.00014973977886256762	0.0	7.760455773677676e-05	7.404100324492902e-05	0.004389839607756585	0.0016545175225473941	0.014384618401527405	0.0002317081110959407
A[C>G]C	3.1985923124011605e-05	5.854253176948987e-05	0.0010351918288506567	0.0001831158191407667	0.006873229099437594	0.0003439277512370609	0.0004472424831647004	0.0005198469996685162	0.0014797113777603953	0.0004972697905032169	0.0	0.0005720278713852167	0.0020510824397206306	0.0021306592389009893	0.018378799455240367	0.0017846390837803483
A[C>G]G	1.6486752065247857e-05	0.0	2.0596649226867213e-05	1.4012984643248171e-46	0.005827175031481602	3.261121119066956e-05	4.0584621820016765e-05	0.00015596620651194825	4.126715430174954e-06	0.0004278578638022168	0.0001703097084828187	8.183523668776615e-05	0.0015786566309372585	0.0007278917997609824	0.012613127566874027	5.9113610041094945e-05
A[C>G]T	0.00010272441504639573	0.00017141528005595318	0.0014576852903701366	0.00010676998936105519	0.009363104513613506	0.0007005274354014545	0.0009162248235952575	0.00014498474774882197	0.00040098799327097366	0.0024285077408421783	0.0	0.0	0.003854450397193432	0.0028103542746976016	0.01980000303592533	0.00013986559642944484
A[C>T]A	0.0001889485283754766	2.8025969286496343e-46	0.0037913300562649964	0.00015359546523541212	0.0012575252912938595	0.1225177563726902	5.174766411073506e-05	0.02403479260392487	0.0	0.0008736908916034736	0.02373352088034153	0.0012131075083743781	0.0046952904900535945	0.002327881715609692	0.01691388639737852	0.005515686306171119
A[C>T]C	0.0013223012443631887	0.010395474941469729	0.0005491129972057252	0.00016947599504605585	0.0040762377437390295	0.037365060113370416	0.005006576809623908	0.019032126416510663	0.0040418897756353545	0.0017173463478684426	0.10206837654113769	0.036601547524333	0.008706794457975776	0.0	0.0011553782038390636	0.00044494050671346487
A[C>T]G	0.01747432381861813	0.029020580090582372	0.4583164632320404	0.010208412166684866	0.007797758120420895	0.05194898421603966	0.008489948231726885	0.017083496693521737	0.005706546895953579	0.003263993093954102	0.0045533333101047905	0.04525030050426722	0.025730406855227272	7.006492321624085e-46	0.026566537865437567	0.0033160402136445553
A[C>T]T	0.0010150941321626305	0.00039702168432995675	0.0017156123591121285	0.004399108525831252	0.00294294782797806	0.04155961573123932	0.006781876739114523	0.006260449532419443	0.0008268119068816304	0.002007134691120882	0.06966807954013347	0.046378442901186645	0.0009693067076682382	0.0	0.002329476369067283	0.0017581077576323879
A[T>A]A	0.0005276442316244356	8.379630003219063e-08	7.723427848382869e-08	0.0	0.0014854540582746266	0.00040322959117418123	0.009711886336556574	0.0	0.007698644837364555	0.0	0.00028290722984820605	6.84858769091079e-05	0.007214619924609167	1.1177411408892424e-05	0.005658019267968939	0.00030815176432952285
A[T>A]C	1.6773119568824768e-06	0.001140051067341119	4.111193798728152e-08	0.0	0.0007170066597836922	0.0008660647028591484	0.016841796040534974	0.002021426527062431	0.016377457417547703	0.0009134867927059531	0.0	0.0	0.009797228907700628	0.00024650155436063416	0.011178769036387592	0.0016810071030931794
A[T>A]G	0.0	8.263502240879462e-06	4.688816261477768e-06	0.0	0.002402970339790045	0.00014467654982581736	0.006444216526597301	0.000355732722528046	0.0010633465106366202	0.0008455752846202813	0.0005771410127636045	0.0	0.005391074578801636	0.0003407874402910238	0.01682974873110652	0.0015362795791588723
A[T>A]T	0.0031257073511369526	0.0015442747680936009	0.0010116213466972112	1.4012984643248171e-46	0.0012711755000054837	0.0033932420319949586	0.011428378336131573	0.010646634176373482	0.00255730907083489	0.013560772687196732	0.002876374826882966	0.0006085183471441269	0.006562142167240381	6.2929037085268645e-06	0.00838012844324112	0.0012623082497157157
A[T>C]A	0.0003228916670195758	0.0010425188986118883	0.0010023989349278394	0.0006746805243892595	0.014433653524611146	0.008523008227348328	0.015508929500356317	0.0016633640741929411	0.043115679174661636	0.02174785207025707	0.005957537912763655	0.004827998345069773	0.004404858109774068	1.3950055654277094e-05	0.010666027734987437	0.0
A[T>C]C	0.0012913916521938517	0.0032670774729922415	0.0005237921141088009	0.0004334595476393588	0.02464281991124153	0.0003704315749928355	0.009675863524898886	0.0010617039166634472	0.0177820042707026	0.04325705487281084	0.0038371254107914866	0.012828656611964107	0.0010304823517799377	0.00041855629533529284	0.0032324378611519934	0.003609224042156711
A[T>C]G	0.000533127549715573	0.00016938151138674585	2.4866176318028012e-08	4.272607498023717e-07	0.0013243466135463677	0.0033489421706690337	0.004919353360310197	0.004494369029998779	0.02275352166989251	0.15991984456777572	0.004467189914476038	0.014851723425175578	0.0016471537995442985	5.2666828499070564e-05	0.0005561535984270449	0.0
A[T>C]T	0.0011212484911084174	0.0	0.0003114089668088127	2.8025969286496343e-46	0.006712559735751711	0.00028690153267234563	0.016044175904244184	0.0008580570836784318	0.02415616326034069	0.009020941064227373	0.016425371076911686	0.009616716206073761	0.002055007708258927	0.0003938539861337631	0.030425661988556386	0.0010968443879392
A[T>G]A	0.0005762935783423017	0.0	0.0	0.0	0.0023632876691408455	0.0	0.006502293632365763	0.0	0.0004656102908484172	0.000420722205308266	0.00010861165355890989	0.0003842501355393324	0.0010186925763264298	0.00024207894020946696	0.0052735633216798306	0.002381694474024698
A[T>G]C	0.0010190216358751058	0.00012944796326337383	0.0006163969024783001	0.00019225572066190467	0.004824371647555381	0.0	0.011604701215401293	0.0	0.0030424126249272375	0.0011967807287874166	0.0	0.00758120536338538	0.0008862513408530503	0.00020537235905067065	0.003045751014724374	0.005209391727112234
A[T>G]G	0.0007358197763096541	9.132821105595212e-06	0.00014304357232504118	0.00010095969482790679	0.0015052656062835013	0.0	0.005092220344522502	1.0821349860634655e-05	0.000725274725118652	0.0012646099145058542	0.0	0.00401707214768976	0.000754735991358757	0.00014048583907424472	0.009523856034502388	0.0027145533647853883
A[T>G]T	0.005732175974651454	0.00011330773213558132	0.0	3.8501547692249007e-07	0.0006834346402968094	0.0	0.059120482448160774	0.001226370595395565	0.0008937340637203306	0.00021880639469600282	6.637467095060856e-07	0.022101578768342733	2.0051565911671785e-06	0.0	4.0826453329145806e-08	0.026088044233620166
C[C>A]A	0.0018601351359393448	0.00024229893751908093	0.0004754073430376593	0.00281533807865344	0.007599842004128732	0.0014674888683657628	0.00019415058777667583	0.04876859616488218	0.0007049598760204389	0.017852148832753302	8.407790785948902e-46	0.0053977050818502905	0.00041464539244771	0.0010213347792159765	0.04449088089168072	0.0011195341765414923
C[C>A]C	0.00023863688693381846	0.0011310385772958398	0.0006205307901836932	0.0003143653419101611	0.0067830080508855415	0.02428127694875002	0.0007016398827545345	0.05836371639743447	1.4012984643248171e-46	0.043423895817250015	1.4012984643248171e-46	0.006282335193827748	0.0018021420808508992	0.00023072243493515998	0.015347524732351302	0.0003739042207598686
C[C>A]G	0.0014288934471551329	0.002009277348406613	0.0008497709081893845	0.0	0.003926046832930297	0.0057239485322497785	5.3734943503513935e-05	0.024679836072027683	0.00010750014334917068	0.02631225574295968	0.0001504752814071253	0.00028678381349891426	1.5736245859443444e-05	0.00016439229948446156	0.011952722258865834	0.0
C[C>A]T	0.005275856960179226	1.1877396303816568e-06	1.8705727507870752e-08	1.4386015720901923e-06	1.1128276014460425e-06	2.261949110859973e-06	7.583197706261327e-07	0.45004944652318957	6.978271800051062e-06	0.019255687342646866	6.124730248302513e-07	0.10847459738520229	1.5281459155858102e-07	0.0	1.510405127191916e-07	0.0
C[C>G]A	0.0	0.0	3.271282548666932e-06	0.0	0.007282603034400381	0.0	0.00011049497989006341	0.0	4.8315116146113725e-06	0.0	0.0002375492018472869	5.90025883866474e-05	0.0032010810973588377	0.005187478708103299	0.014117034524679184	0.0011437518987804651
C[C>G]C	0.0	9.223062170349294e-06	0.0	7.162547244661255e-05	0.007697456662572222	0.0	0.00017784717201720923	0.0	8.719874022062868e-05	0.0	0.0	1.4012984643248171e-46	0.003246267598660779	0.0010667963710147888	0.01524714141801411	0.00035826907987939193
C[C>G]G	0.0	4.513430167207844e-06	2.2021255961135467e-05	2.5942123102140614e-06	0.0069641357799469	7.704080613500727e-06	1.5105817010407917e-05	0.0008100383645796682	0.0	0.0008666219044243916	0.0005024990288575281	0.0	0.0028309744570833573	0.0003455715548511762	0.013660869561135769	7.500534557038918e-05
C[C>G]T	0.0001069944019036484	1.1725372678483836e-05	0.0	0.00015739653172204272	0.010981264108951904	1.3453494602799764e-07	0.00013505608803825452	5.651143874274567e-06	0.0001649161073146388	1.7362851758662144e-05	1.436216452930239e-05	0.0	0.00501236692070961	0.0043621933553367855	0.02150903772562742	7.283322338480502e-05
C[C>T]A	0.0	5.6051938572992686e-46	0.0015508064825553447	3.399652778171003e-05	0.0030437485314905644	0.006724719027988613	0.005312696390319616	0.01544062735629268	0.00018514381954446436	0.011218064953573048	0.07121577858924866	0.0	0.026794684678316118	0.010145316692069173	0.0386595718562603	0.007491837767884135
C[C>T]C	0.00027632012497633693	0.004171485453844071	0.00018416917104531195	1.4012984643248171e-46	0.005001673665333328	0.00720066917128861	0.00016952855803538115	0.024241909570991992	0.008247761859092862	0.003389193759636555	0.15796615332365035	1.0762678181208685e-05	0.016888399456416892	0.00015292417698731242	0.0017193592851981522	0.0009724181843921542
C[C>T]G	0.0013507770678188535	0.01723793924916208	0.28850836790111317	0.012388892549461161	0.1565655941154546	0.013992004633659062	0.006008012342499569	0.030484770398106775	0.0048642033300438925	0.018980497495440878	0.11197826741388325	0.003668509330600524	0.01812222898006439	0.0029576244647614657	0.0011649761273133663	0.00024020935997747563
C[C>T]T	0.0004917396232485771	0.003405461763031781	2.8025969286496343e-46	8.27844487503171e-05	0.0034709001891314985	0.0052072493243031205	0.004609899828210473	0.015690621624911215	0.005451195407658815	0.010182528849691152	0.15000305324792862	0.019815313071012496	0.017938898131251334	0.00237458914052695	0.004113094034255482	0.0032943747690296734
C[T>A]A	5.908596340304939e-05	1.0255462984787301e-05	0.0	6.57539430903853e-08	0.0015654182740036048	0.0	0.005125751346349716	7.915218884591013e-05	0.0013386187958531082	0.00013632825575768948	3.391236095922068e-05	0.0	0.0046401057543221215	0.00027009139084839263	0.005413091571500672	0.0012027714838040993
C[T>A]C	2.099894845741801e-06	0.0005937692418228835	6.692427559755743e-05	0.0	0.0038992640504147856	0.00266337641296559	0.006852551565680187	0.0007116797496564686	0.002577292469504755	0.005717147886753082	0.0008960402163211256	0.006591357057914138	0.006315204640850424	0.00022412294492824003	0.00866315699822735	0.014100249856710434
C[T>A]G	0.0006533922191010788	5.283353857521433e-06	8.12201113149058e-05	0.0	0.005035455152392387	0.0003545750310877338	0.008782741799950599	0.0008211028209188953	0.00206408608937636	0.002302035817410797	2.8025969286496343e-46	7.037969990051352e-05	0.00916006311599631	0.00029032450074737424	0.019586886279284954	0.007297748327255249
C[T>A]T	0.0008342890156200156	0.0	1.801589490924016e-08	0.0	0.003066942933946848	1.401298464324817e-45	0.0038419781252741815	0.0016686489689163864	0.0004073004034580663	0.000574689288623631	0.00378860414493829	0.004099048068746924	0.005376829253509641	0.0	0.010156256734967428	0.04616736508905887
C[T>C]A	4.9170527017849966e-05	2.8025969286496343e-46	0.00014625679696109728	5.007287029457075e-09	0.000858786586604765	0.001296264404663816	0.006308256320426153	0.0061517228372395035	0.024147845059633254	0.03720158264040947	0.0012357594225818503	2.8025969286496343e-46	0.0028438502660719676	1.0528576751767105e-05	0.003938243930086571	0.006393791432492435
C[T>C]C	0.00013914905721321703	0.0009006778345792554	0.0005623071190825613	7.740240544080734e-05	0.00799998054280877	0.0	0.0003166450926096687	0.0045422754716128114	0.015047381538897753	0.050190901197493074	0.028878290951251984	0.007532037499913713	0.0007264477200806141	1.8330669263377785e-06	0.003394818463129923	0.059568139165639876
C[T>C]G	2.8025969286496343e-46	2.618431663421461e-05	2.114402306574448e-08	2.8025969286496343e-46	0.0005619488761088975	0.004631886436561672	1.1210387714598537e-45	0.026183966395910828	0.026856310354074254	0.2132304787635803	0.004801468022226629	3.0879120487270485e-07	0.0001939706277564568	4.281467802513817e-09	3.033298909826954e-08	0.024505380261689424
C[T>C]T	0.00014146657543960827	0.0	1.1986572644673288e-05	2.8025969286496343e-46	0.0013843280263245105	9.41841597330561e-20	0.003019841661443934	0.003811459173448384	0.01618426674976945	0.04010688439011574	0.02188892657868564	1.4012984643248171e-46	1.6166653495020001e-06	0.00026400500399468283	0.003878757683757783	0.14293135851621627
C[T>G]A	0.0007257595425471663	5.2718805181939385e-05	4.8837433132575826e-05	0.00011881162958360392	0.0013429461337835847	0.0	0.009835466044023633	0.00017015244375215844	0.0004048126946145203	0.0019368349167052656	0.0	0.0	0.000758658687461633	2.579941550759912e-05	0.004993016831576824	0.001542405871441588
C[T>G]C	0.00023530262988060712	0.0008559029017305875	0.0017586930218385533	0.0005211185780358525	0.005420787838886554	0.00020391817670315505	0.004998734244145453	0.00020235215779393912	0.00033240436168853195	0.01772169517353177	0.0	0.006294825824443251	0.001891264069126919	0.0002430119267955888	0.0034839360014302656	0.02365486081689596
C[T>G]G	0.0010757972794493754	0.0012474659859435632	0.0008879297252860852	0.0002404287941971006	0.009138938406249509	0.0	0.009887273050844669	0.0006188331637531538	0.0001315981091465801	0.028842540457844734	0.0	0.004514091880992055	0.001682686246931553	5.749368210672401e-06	0.0071142363393391864	0.01855510752648115
C[T>G]T	0.008271741085172835	0.0006589981897851871	0.0	1.1149977808599942e-06	0.004564063796257756	1.887608434003596e-07	0.04105182122439146	0.004133972529183932	2.8789504271031773e-05	2.8025969286496343e-46	1.3088436467967313e-08	0.00394076059856161	1.2348189114485896e-08	0.0	0.0	0.3654535889625549
G[C>A]A	0.0007762338973407168	0.0009211838943883777	0.0018018945818766951	0.0018063981027808041	0.0032034829375334082	5.636243149638176e-05	0.0006887878783970791	0.001427140697660434	0.0003912816639058292	0.0003913963213562965	0.000905694323591888	0.0067015106324106455	0.00015370624605566264	4.1473950841464105e-05	0.07324396707117557	0.005125286511611193
G[C>A]C	0.00042120603611692784	0.0072702581761404875	0.0008025711897062138	4.203895392974451e-46	0.00813718824647367	0.0011254658515099437	0.00865692284423858	0.0009442566428333521	0.004333134694024921	0.006322883954271674	0.0034964042250066997	0.029957043193280696	0.004716300405561924	0.0005746828624978662	0.03257185854017734	7.967725105118006e-05
G[C>A]G	4.498344460444059e-05	0.0019692044937983156	0.0016887605655938388	0.0	0.0014018703950569034	0.001075905736433924	0.002418998535722494	0.00023728420492261795	0.0005016808805521578	0.002103798426105642	2.0875039626844228e-05	0.002950137869629543	0.0003066711709834635	0.0002766831526969327	0.023275736533105374	0.0006156449708214495
G[C>A]T	0.0013497508140872584	0.016187391021048825	2.2765096332477697e-07	5.205728882629046e-07	0.014613599848067338	2.345416874049988e-08	0.000642579796112841	0.019460646546986027	0.0003276900905120783	0.0015285618355960651	0.011565158516168595	0.20334501788020135	0.0006978333568973483	9.313056216342374e-06	0.004841365607677517	0.0
G[C>G]A	6.80923405525391e-05	0.0004912631731713191	0.000568215936073102	0.0005331079635652713	0.004753364558564499	1.4012984643248171e-46	0.00030323086029966363	0.00013924149752710945	0.0002753888825282047	3.5354000283405183e-05	0.0008814073458779603	0.0006858488748548552	0.003694176906719804	0.001121508690994233	0.01030340392026119	0.0025145065737888217
G[C>G]C	9.39965364523232e-05	0.0005604396865237504	0.001204663811950013	0.0005920431691265549	0.0057490001374389975	0.0009704092174982797	0.005715762113686651	0.002007388975471258	0.0035370819852687417	0.005173546029254794	0.0	0.0	0.005815369775518775	0.0007870027475291863	0.015496815787628293	2.76467006187886e-05
G[C>G]G	0.0	1.2895424515591002e-05	0.0002481629649992101	0.0	0.003475789705407806	7.837271259631961e-05	0.0008942737886172836	8.781301730778068e-05	4.297490741009824e-05	0.0005085876386146992	0.0	0.0	0.0020255573985195952	0.0006085841028834693	0.0070278206361987115	1.860445336205885e-05
G[C>G]T	0.0005051874526543543	0.000634866767359199	0.0007887234474765137	0.00026702984032466663	0.008702513834577985	0.00161721829790622	0.0003406253643333912	7.369452941929922e-06	0.0009924351703375577	1.2029314530082046e-05	0.0	0.00020382974144013134	0.003633851185441017	0.0021562616457231343	0.01743830884806812	4.212747735437006e-05
G[C>T]A	0.0004360785900466374	0.013872498786076904	2.000408141356047e-08	1.6815581571897804e-45	0.006133329045894698	0.25406704246997835	0.0002910327582867467	0.0014141055217805842	0.006659795227460563	0.0018751430369206902	1.4968009054427966e-09	0.00706340055248802	0.009243323863849896	0.003465816145762801	1.6049804685280834e-08	0.00030744607398105475
G[C>T]C	0.0187658354640007	0.12926840629218078	6.713586155342455e-05	4.7219266861020517e-07	0.04213800430297852	0.16497968286275863	4.130761982423792e-06	0.007081588143319095	0.04158500473811273	0.005833174187017782	0.000837912992697909	9.253938075789953e-27	0.04840511425167939	7.332566357973747e-05	6.785162298683644e-09	1.0680196055545821e-05
G[C>T]G	0.016018079596734687	0.6262824654579162	0.18578412053056895	0.001798987067956581	0.06972818462418218	3.309513635363359e-11	0.009020215849341184	0.044413288820078764	6.746707867932855e-07	0.006477072848667831	7.353212367968794e-07	0.020446485280201897	0.0015237793481460925	1.9062215983467467e-08	1.2215447213748122e-07	0.00245611485952395
G[C>T]T	0.016655036667361855	0.05197008363902569	1.4012984643248171e-46	0.00988755964937127	0.0649291455745697	0.16023689657449722	0.0084081591286008	0.0012374977809727738	0.01762170316069387	8.418214036964855e-09	0.0020163015391844396	0.013807009601350728	0.01989606005248845	2.143035817425698e-06	1.4012984643248171e-46	0.00016468687681481242
G[T>A]A	1.8854569452742e-05	7.006492321624085e-46	2.090160257353091e-05	2.0779042824869975e-05	0.0009833513517580883	1.948264834936708e-05	0.00626955821790034	1.6282028809655458e-05	0.003978612960781902	0.0003622630563313578	0.0	0.0	0.004216687064945291	0.00029144823047317915	0.005703492887094086	2.18721863348037e-05
G[T>A]C	0.0	0.001489590114215389	1.4012984643248171e-46	0.0	0.001530492672463879	0.0012589924212079496	0.01164385974407196	0.003004135307855904	0.011224697064608335	0.0009434347003207221	0.0005717359276227185	0.000576001705485396	0.007740663224831223	0.0005154085883987136	0.00516718292729621	0.0030442845512880013
G[T>A]G	0.0	2.817254244291689e-06	2.6683633255023118e-21	0.0	0.0028844350948929788	0.0010149452020414174	0.0081706702709198	0.000985401403158903	0.0031671321485191584	0.0011027957721125858	9.859766578301787e-06	0.0	0.0053798571017978246	0.00015374434778721026	0.007083545463021324	0.0010773314872494666
G[T>A]T	0.000580872964928858	0.0005139012340805493	0.0	0.0	0.0008017637555582269	4.430710760061629e-06	0.007373823520174483	0.002200412133242935	0.002184300753287971	0.0025079539336729795	0.004941377916838974	0.0003957747889216989	0.00542825001757592	4.352756695880089e-05	0.0047924376783526675	0.008359834505245089
G[T>C]A	0.0019782634015427904	0.008271193568270973	1.5035371916383156e-07	0.00047582712675620087	0.03432223630731031	0.001116886019985941	0.006502745908773022	0.005455845443907492	0.16981784850358964	0.0014137998080286708	0.0	0.0008787028621554782	3.790995265262609e-07	0.0	0.0	0.0
G[T>C]C	0.0022251095695537517	0.028130444511771203	0.0	0.001097525173085767	0.08938344544527724	1.9480823993944795e-07	0.01309084657480355	0.003226140331753413	0.05350558345962782	4.238741496465082e-07	1.244920021292728e-07	0.003980597111392825	5.549200523091713e-07	3.007058921866701e-08	1.5680678806972991e-06	0.005039154388941825
G[T>C]G	5.845688022532158e-09	0.0057255460240412505	8.391968009391348e-09	5.6051938572992686e-46	0.02708581776029604	4.201884308940862e-06	0.0044724795724846445	0.014798718853853643	0.1149647019803524	0.05629671923816204	1.205530828940482e-07	0.003432868037798187	6.50295231025666e-05	2.259185940545194e-08	0.0	0.0016790525674878153
G[T>C]T	0.0030425268898312654	0.0012301701703108848	0.00023431325244018807	0.0071919278347650105	0.027146420500528734	7.050943677313625e-05	0.022405836265534163	0.0010819331655511633	0.10464721769094468	0.0	0.0030303063336759805	0.01433066800236702	1.4554640983988065e-06	0.0	0.0028171765618026255	0.0047401802381500605
G[T>G]A	0.00027296740336169023	0.00010757140698842704	0.0	0.00039224051581641104	0.003460097243078053	0.0	0.003185286000370979	4.616153455572203e-06	0.00019054575168411247	2.501878293514892e-06	1.4089411160966847e-05	0.0011219548126973678	0.0011476133717224003	8.219688606914132e-06	0.0041312668327009305	0.001834561978188276
G[T>G]C	0.0007017167168669403	0.0018524699262343347	0.0	0.00017407138948328794	0.011906773643568158	0.0	0.003956800172045405	0.0	0.0013232570578111335	0.0	0.0	0.004942369065247476	0.000595066815021994	8.680953942530323e-06	0.0029895637227127735	0.009567580604925751
G[T>G]G	0.000217435386730358	0.0012181709637559379	0.0	0.0	0.009848585724830628	0.0	0.0014887301309499889	1.4281559560913593e-05	0.00027281954608042723	0.0007446533903930685	9.336927905678749e-05	0.005979360576020554	0.0017600886523723603	2.2375057096013506e-08	0.008373215817846358	0.006033974420279265
G[T>G]T	0.0005229131289183897	0.0029084709589369596	2.2073995751270558e-07	1.2796482451449265e-08	0.008390336690808908	0.0	0.008276159224260482	0.0008393800026567533	0.00030700296210852687	2.8149796412435536e-05	1.3746220162147438e-08	0.006444230931811035	9.923386423693614e-08	0.0	3.270033232638525e-07	0.09514088854193688
T[C>A]A	0.04152180068194866	0.0	8.012168837012724e-06	0.0	0.05284830412457495	0.0	0.0642807208467275	0.00022643212578259407	0.0	0.0011313075170619412	4.420833832341487e-09	1.1029958386643557e-07	2.9017298857070274e-07	0.0368264127522707	0.03510503840071984	0.0003144385293126106
T[C>A]C	0.016370985936373473	0.0006201546770171262	0.0013068922969978302	0.0004812309052795172	0.006049766950309276	0.00042929183691740034	0.001183616230264306	0.007709384697955101	9.36743337661028e-05	0.0011866492714034792	0.003427000663941726	0.05607739873230457	0.006504616735037416	0.01892619617283344	0.04296932108700276	6.610190925405158e-05
T[C>A]G	0.006783799012191593	7.51761600440659e-05	0.00025710093177622184	0.0	0.004812536388635635	0.0002754887311681387	0.0029435033909976484	0.0009655781672336161	0.0	0.0024614091496914627	0.0015012770658358932	0.0	1.4012984643248171e-46	0.006132356962189079	0.022832880448549985	0.0007565634218337891
T[C>A]T	0.6685704112052917	2.0096803776681327e-06	3.936860792919106e-09	0.0007547885670987853	1.8770101313236864e-06	5.6059622011161994e-08	0.00151281993854937	0.0214580807276775	3.6887475536317993e-06	9.165988320347651e-07	6.409418816133438e-07	0.03442438751433201	0.00048047243159959446	0.001781798397729517	2.3266870243787708e-07	0.0001695164753982681
T[C>G]A	0.0	5.433149574685103e-09	1.3345289229249602e-08	0.0	4.324060853377887e-06	0.0	0.0	0.0	2.089346828881844e-09	1.0908815184507147e-09	2.6755315118975887e-08	1.0766159212000082e-06	8.509096915076952e-07	0.1862602114677429	2.284033291743981e-06	2.921292718838231e-08
T[C>G]C	0.0	2.8787643532268704e-05	0.0001846619757998269	4.73081527161412e-06	0.007205836359935347	0.0	0.001069729434311739	1.4715103316120803e-05	0.0003085877608100418	5.191517557250336e-05	2.126669860444963e-05	0.0	0.0035536361596314237	0.06349682845175267	0.012520771659910678	0.00023225029144668952
T[C>G]G	4.950754419041914e-06	3.2454877327836584e-05	1.1203288568140125e-05	2.9737633303739132e-05	0.004113356885773101	3.974673745688051e-05	8.124355226755143e-05	3.356842680659611e-05	0.0	0.0	0.00010213058103545337	0.0	0.0015390788030344993	0.019664697255939244	0.008064847526839003	0.00022513764124596492
T[C>G]T	5.799876198580023e-05	0.0	0.0	0.0	0.006650165654718876	0.0	8.77141901582945e-06	4.987976863048971e-05	0.00023947821464389562	8.442564285360277e-05	0.0	0.00021631896444773702	0.002111399732530117	0.23888471275568007	0.0008525094338715178	0.0007930757174705149
T[C>T]A	0.0006255960619771627	0.0005487072514370084	1.2451230151398393e-26	0.003780706226825714	0.0006466246343805437	0.02222046535462141	0.004223795514553786	0.0002879957435652614	0.005883574252948165	6.365100271068513e-05	0.013742927834391594	0.00040195370092988014	0.11032520849257707	0.2772940069437027	0.0008636577264102385	0.005912785790860653
T[C>T]C	0.0122543134377338	0.011385297705419361	0.0018233174225315452	0.016702768113464116	0.01248736537527293	0.0011976450681686402	0.004292474826797843	0.003056279942393303	0.0046715984586626295	0.0011822594795376062	0.06997869666665793	0.025000185426324605	0.21671753721311687	0.02820113506168127	0.004540022742003202	0.0016402109031332657
T[C>T]G	0.014300436441344374	0.0020382857167561496	0.032506978655783315	0.8858684539794922	0.003147298801326315	5.260627631287207e-07	0.007262759068646575	0.018892522288479086	0.001042199991227477	0.003231155941953734	6.785625828342745e-07	8.548436936160935e-08	0.009904638457459569	0.001123647658931759	1.837017578054656e-08	0.0010803835753904422
T[C>T]T	0.04326487146317959	1.353871503084747e-06	1.4012984643248171e-46	0.029600024720775765	0.00346963600015755	0.0	0.0031583596510586175	0.00639370740391314	0.002077505603023155	9.766976063474431e-08	0.028698321910572134	0.01584433371558589	0.2604155778884888	0.06774204591520175	1.8169055238104194e-08	0.0001738932798616588
T[T>A]A	0.0006959796301089227	1.2335553401499056e-05	0.0008413816161919385	1.066867412191641e-08	0.0014088335447013378	0.0010151128837605939	0.010645453887991606	0.00012031227815896272	0.002582052396610379	0.00281197689473629	0.0	0.0	0.006682282802648843	7.888905450954553e-05	0.009152185581659467	0.00016306670440826564
T[T>A]C	0.0006476088441559113	9.529468588880264e-05	4.5147968921810386e-05	0.00011815258185379207	0.0014195742143783719	0.00020423858202320844	0.008511599589837715	0.00033512129448354244	0.0026530001778155565	0.0	0.0010121925370185636	0.004712829971686006	0.008115637570153923	3.753823457230965e-05	0.008422035256580074	0.003533174213953316
T[T>A]G	0.0009502729037194513	0.0	0.0	1.4012984643248171e-46	0.0018524938728660344	1.8099196313414723e-05	0.004916754423175007	1.4012984643248171e-46	0.0007739381238934584	0.0010358355590142309	1.4012984643248171e-46	0.00043158183107152583	0.0035952528302004793	2.1845682749699335e-05	0.008726621279492974	0.0014679413747217041
T[T>A]T	0.00625319704413414	1.4012984643248171e-46	0.00020188287962810136	0.0	0.002337902376893908	0.001180998858762905	0.0070470007281983275	0.0002748003516899189	0.0007601031044032425	0.0008133675466524438	0.0007775147965503493	0.004155724192969501	0.0045248533773701635	2.078682664432563e-05	0.01464265922550112	0.006780938431620598
T[T>C]A	0.002445639471989125	0.0003553253336576745	0.0001337226392934099	0.00037252875044941903	0.005527358455583453	0.010976373311132192	0.010494753575767391	0.004687492290395312	0.05415683649480343	1.4168287452775986e-05	0.0011452310743806037	0.00018512411916162818	0.0028310508081201393	6.909053263370879e-05	0.0015138964912694065	0.0017784473064239136
T[T>C]C	0.0016696967650204897	0.0023889866419722237	0.00045719771878793836	0.0006940682884305716	0.018731860257685185	0.0009184425696730613	0.023697599582374097	0.0050642870482988656	0.043193670362234114	0.0188510465901345	0.014364153845235705	0.006998079817276448	0.0015436424873769283	0.00033803063415689395	0.0023385480760680366	0.006198531039990485
T[T>C]G	0.003088523450879266	4.321204482629071e-05	2.1895664303883677e-07	0.000648375705077342	0.0024019965439103785	0.020493697840720415	0.011554835177958012	0.0036884781264234336	0.03600685391575098	0.042634138464927675	0.0010175564842938912	0.002013564234584919	1.0982195090036839e-05	1.9777520356001334e-05	1.4012984643248171e-46	0.003959212010909141
T[T>C]T	0.003799496847204864	0.0	0.0001935549036716111	0.0	0.0020178174832835793	0.0034905811480712146	0.027303195372223855	0.000852257012957125	0.039071043580770494	0.009923061984591187	0.021340347547084092	0.008602357329800725	0.0010412287432700396	9.909177606459707e-06	0.0030540940817445515	0.0033904553577315255
T[T>G]A	0.0023956321053447025	0.0	0.0	0.0	0.010705334320664405	0.0	0.025228952709585428	0.0	0.00015334214040194639	5.240366718339829e-09	0.0	0.0	0.00040362761614822775	6.634872858768404e-05	0.004977306756586586	0.00022771126734326684
T[T>G]C	0.0023363375104963778	0.00044985844870097934	0.0	0.002022632968146354	0.007445098995231092	1.4012984643248171e-46	0.028266234073089435	0.00011742195347324014	0.00026124551877728666	1.4012984643248171e-46	0.0008982401777757332	0.008373221522197128	0.0006715946635040381	0.00020714272559416714	0.0033970097288261057	0.008636286584078334
T[T>G]G	0.0012179635858046822	0.0	0.00013804163863824216	0.00034018248843494805	0.0045614950358867645	0.0007916939357528463	0.007719223247841	8.892890181946652e-05	0.0001437471240933519	0.0018243181868456305	6.11375282460358e-05	0.0007924295015982353	0.002249157943879254	0.0001397967340381001	0.009583058336284011	0.003134152153506875
T[T>G]T	0.026983759499444204	2.9786998695158217e-06	5.694771061826031e-07	1.374854775804124e-07	0.00043015480042001285	0.0003912566462531686	0.29017599138740097	0.000608973199268803	6.107332727083304e-05	1.4012984643248171e-46	5.04061665651534e-07	0.006593626343430969	1.1269267474744993e-07	0.0	1.540846511716154e-07	0.013924001396276253
