MutationType	SBS96A	SBS96B	SBS96C	SBS96D	SBS96E	SBS96F	SBS96G	SBS96H	SBS96I	SBS96J	SBS96K	SBS96L	SBS96M	SBS96N	SBS96O	SBS96P
A[C>A]A	1.23E-04	0.00E+00	1.83E-04	7.87E-15	1.36E-03	1.87E-46	2.03E-03	8.36E-05	2.48E-04	2.60E-04	1.84E-05	1.35E-04	1.07E-03	1.70E-04	5.99E-03	3.37E-04
A[C>A]C	4.76E-04	1.14E-04	2.87E-04	1.53E-04	4.84E-03	7.12E-04	1.46E-03	3.00E-04	2.56E-04	7.66E-04	9.72E-04	2.14E-03	2.08E-03	1.08E-04	1.59E-03	5.35E-05
A[C>A]G	1.03E-04	0.00E+00	6.43E-06	0.00E+00	1.56E-03	2.13E-04	1.41E-04	8.24E-05	0.00E+00	1.98E-04	2.14E-04	2.89E-04	1.04E-03	6.92E-05	5.71E-04	1.12E-04
A[C>A]T	1.17E-03	8.41E-09	1.19E-04	0.00E+00	1.18E-03	2.96E-04	5.19E-07	5.65E-03	2.17E-04	6.72E-04	7.34E-03	1.67E-02	8.57E-08	0.00E+00	1.78E-03	9.75E-05
A[C>G]A	7.88E-05	2.41E-04	2.09E-04	1.20E-04	4.60E-03	1.27E-04	2.37E-04	5.15E-05	8.49E-05	0.00E+00	5.17E-05	5.13E-05	2.92E-03	1.58E-04	3.24E-03	1.34E-04
A[C>G]C	2.36E-05	3.65E-05	1.55E-04	7.93E-05	3.67E-03	1.05E-04	1.21E-04	1.68E-04	2.02E-04	2.39E-04	0.00E+00	5.72E-04	2.05E-03	1.37E-04	1.91E-03	2.28E-04
A[C>G]G	8.66E-06	0.00E+00	1.39E-05	1.40E-46	3.87E-03	1.92E-05	1.86E-05	5.05E-05	4.13E-06	1.08E-04	7.78E-05	5.36E-05	1.58E-03	9.83E-05	2.39E-03	4.96E-05
A[C>G]T	3.45E-05	1.08E-04	2.76E-04	4.69E-05	5.65E-03	9.98E-05	4.59E-04	1.45E-04	1.55E-04	2.64E-04	0.00E+00	0.00E+00	3.41E-03	2.23E-04	3.72E-03	1.06E-04
A[C>T]A	1.89E-04	2.80E-46	7.98E-04	1.54E-04	7.03E-04	1.34E-02	5.17E-05	4.66E-03	0.00E+00	5.71E-04	2.68E-03	6.31E-04	2.05E-03	3.04E-04	2.54E-03	4.78E-04
A[C>T]C	4.55E-04	1.76E-03	2.59E-04	1.28E-04	1.51E-03	2.42E-03	1.19E-03	5.07E-03	9.52E-04	1.72E-03	3.81E-03	4.78E-03	5.97E-03	0.00E+00	8.08E-04	3.14E-04
A[C>T]G	3.08E-03	1.28E-02	6.14E-02	4.19E-03	6.66E-03	1.12E-02	6.93E-03	8.37E-03	1.74E-03	2.55E-03	3.22E-03	8.93E-03	1.54E-02	2.34E-46	1.08E-02	1.27E-03
A[C>T]T	5.75E-04	3.01E-04	6.96E-04	1.08E-03	1.54E-03	4.56E-03	1.78E-03	2.51E-03	4.98E-04	1.06E-03	7.48E-03	6.95E-03	7.98E-04	0.00E+00	1.88E-03	5.98E-04
A[T>A]A	6.04E-05	8.38E-08	6.45E-08	0.00E+00	1.25E-03	1.15E-04	6.38E-03	0.00E+00	1.46E-03	0.00E+00	2.12E-04	4.94E-05	4.21E-03	7.76E-06	1.61E-03	1.20E-04
A[T>A]C	1.68E-06	2.31E-04	3.44E-08	0.00E+00	4.40E-04	4.13E-04	1.12E-02	6.12E-04	2.71E-03	4.13E-04	0.00E+00	0.00E+00	7.43E-03	8.38E-05	2.67E-03	4.71E-04
A[T>A]G	0.00E+00	8.26E-06	4.69E-06	0.00E+00	1.60E-03	9.65E-05	4.30E-03	1.54E-04	2.53E-04	2.46E-04	2.06E-04	0.00E+00	2.84E-03	9.78E-05	1.43E-03	2.49E-04
A[T>A]T	3.03E-04	3.39E-04	3.52E-04	1.40E-46	8.72E-04	1.69E-03	6.65E-03	1.46E-03	7.89E-04	1.10E-03	1.13E-03	3.88E-04	5.20E-03	6.29E-06	1.92E-03	3.49E-04
A[T>C]A	2.17E-04	4.44E-04	4.24E-04	4.88E-04	3.62E-03	2.36E-03	5.83E-03	5.94E-04	2.29E-03	3.75E-03	1.48E-03	3.77E-03	2.22E-03	1.18E-05	2.06E-03	0.00E+00
A[T>C]C	5.15E-04	1.26E-03	1.87E-04	2.59E-04	8.20E-03	3.70E-04	2.06E-03	1.06E-03	2.74E-03	3.91E-03	1.48E-03	6.05E-03	1.03E-03	1.32E-04	1.26E-03	4.13E-04
A[T>C]G	2.87E-04	1.67E-04	2.49E-08	2.23E-07	9.65E-04	1.72E-03	6.91E-04	4.49E-03	6.10E-03	1.18E-02	3.91E-03	4.13E-03	1.26E-03	3.50E-05	5.56E-04	0.00E+00
A[T>C]T	6.44E-04	0.00E+00	1.26E-04	1.87E-46	2.54E-03	2.87E-04	1.32E-03	4.50E-04	1.04E-03	2.54E-03	2.29E-03	2.71E-03	1.10E-03	9.72E-05	2.96E-03	4.12E-04
A[T>G]A	3.64E-04	0.00E+00	0.00E+00	0.00E+00	1.68E-03	0.00E+00	5.85E-04	0.00E+00	1.16E-04	1.72E-04	1.09E-04	3.43E-04	7.29E-04	6.95E-05	2.64E-04	2.83E-04
A[T>G]C	6.03E-04	1.06E-04	8.14E-05	1.92E-04	1.94E-03	0.00E+00	1.89E-03	0.00E+00	3.73E-04	6.01E-04	0.00E+00	2.51E-03	7.94E-04	4.58E-05	5.48E-04	6.60E-04
A[T>G]G	3.09E-04	7.16E-06	6.18E-05	8.59E-05	6.84E-04	0.00E+00	8.63E-04	1.08E-05	1.38E-04	3.44E-04	0.00E+00	1.17E-03	6.07E-04	3.75E-05	7.61E-04	4.30E-04
A[T>G]T	3.26E-03	7.94E-05	0.00E+00	3.34E-07	4.83E-04	0.00E+00	9.95E-03	1.23E-03	1.74E-04	2.14E-04	3.49E-07	2.56E-03	1.43E-06	0.00E+00	3.22E-08	2.20E-03
C[C>A]A	3.76E-04	1.64E-04	2.05E-04	4.45E-04	2.89E-03	7.40E-04	1.32E-04	4.37E-03	3.11E-04	4.90E-03	6.99E-46	2.29E-03	4.15E-04	1.68E-04	4.36E-03	3.28E-04
C[C>A]C	1.84E-04	5.02E-04	2.51E-04	1.12E-04	3.59E-03	3.56E-03	3.45E-04	1.24E-02	1.40E-46	1.00E-02	1.40E-46	3.01E-03	1.55E-03	9.64E-05	1.96E-03	1.92E-04
C[C>A]G	1.82E-04	2.95E-04	3.86E-04	0.00E+00	1.97E-03	1.66E-03	5.37E-05	6.05E-03	1.08E-04	5.60E-03	1.12E-04	2.87E-04	1.50E-05	5.67E-05	1.66E-03	0.00E+00
C[C>A]T	1.91E-03	3.57E-07	9.38E-09	3.25E-07	5.14E-07	1.06E-06	3.11E-07	5.02E-02	2.20E-06	1.93E-02	2.78E-07	4.47E-02	4.72E-08	0.00E+00	1.51E-07	0.00E+00
C[C>G]A	0.00E+00	0.00E+00	3.27E-06	0.00E+00	4.85E-03	0.00E+00	7.37E-05	0.00E+00	4.83E-06	0.00E+00	5.15E-05	4.01E-05	3.06E-03	2.77E-04	3.17E-03	3.34E-04
C[C>G]C	0.00E+00	7.95E-06	0.00E+00	2.06E-05	5.02E-03	0.00E+00	1.55E-04	0.00E+00	4.27E-05	0.00E+00	0.00E+00	1.40E-46	3.24E-03	1.43E-04	3.37E-03	1.31E-04
C[C>G]G	0.00E+00	3.95E-06	1.28E-05	2.59E-06	4.65E-03	7.70E-06	1.47E-05	2.67E-04	0.00E+00	2.53E-04	1.68E-04	0.00E+00	2.83E-03	8.88E-05	3.05E-03	5.95E-05
C[C>G]T	2.92E-05	7.84E-06	0.00E+00	5.66E-05	7.29E-03	1.35E-07	6.07E-05	5.65E-06	7.28E-05	1.23E-05	9.82E-06	0.00E+00	5.01E-03	2.56E-04	4.80E-03	6.03E-05
C[C>T]A	0.00E+00	4.28E-46	4.64E-04	3.40E-05	1.53E-03	1.49E-03	3.68E-03	5.83E-03	1.85E-04	2.72E-03	9.28E-03	0.00E+00	5.91E-03	7.28E-04	4.73E-03	9.67E-04
C[C>T]C	1.92E-04	1.25E-03	1.23E-04	1.40E-46	2.12E-03	2.40E-03	1.38E-04	6.08E-03	1.37E-03	2.78E-03	1.35E-02	8.57E-06	1.39E-02	1.39E-04	1.13E-03	7.01E-04
C[C>T]G	8.73E-04	9.91E-03	5.24E-02	3.42E-03	9.73E-02	6.85E-03	2.28E-03	7.96E-03	2.35E-03	5.87E-03	1.56E-02	2.51E-03	1.36E-02	5.15E-04	1.16E-03	2.40E-04
C[C>T]T	2.20E-04	1.05E-03	2.80E-46	8.28E-05	2.24E-03	2.57E-03	9.74E-04	6.01E-03	1.60E-03	2.71E-03	9.87E-03	4.14E-03	1.20E-02	5.16E-04	1.89E-03	5.97E-04
C[T>A]A	1.62E-05	7.04E-06	0.00E+00	6.58E-08	1.56E-03	0.00E+00	3.45E-03	5.30E-05	3.50E-04	6.23E-05	2.27E-05	0.00E+00	3.17E-03	5.19E-05	1.45E-03	1.96E-04
C[T>A]C	2.10E-06	1.41E-04	4.48E-05	0.00E+00	2.56E-03	6.24E-04	4.99E-03	3.86E-04	6.26E-04	7.44E-04	4.62E-04	9.73E-04	3.30E-03	4.10E-05	2.24E-03	7.23E-04
C[T>A]G	6.18E-05	4.86E-06	4.97E-05	0.00E+00	3.36E-03	1.76E-04	5.88E-03	2.56E-04	5.93E-04	3.78E-04	1.87E-46	5.23E-05	6.00E-03	1.03E-04	3.48E-03	5.28E-04
C[T>A]T	1.20E-04	0.00E+00	1.80E-08	0.00E+00	2.08E-03	8.36E-46	2.56E-03	4.64E-04	1.59E-04	2.91E-04	7.33E-04	6.91E-04	3.10E-03	0.00E+00	1.86E-03	1.93E-03
C[T>C]A	3.13E-05	1.87E-46	7.02E-05	5.01E-09	5.95E-04	5.17E-04	3.76E-03	2.22E-03	2.39E-03	2.31E-03	8.29E-04	1.87E-46	2.45E-03	1.05E-05	9.49E-04	9.40E-04
C[T>C]C	1.01E-04	3.23E-04	2.15E-04	7.74E-05	3.14E-03	0.00E+00	3.17E-04	2.29E-03	1.66E-03	3.76E-03	4.86E-03	2.45E-03	7.26E-04	1.50E-06	1.82E-03	1.17E-03
C[T>C]G	1.87E-46	2.58E-05	1.52E-08	1.87E-46	4.48E-04	1.69E-03	7.18E-46	9.90E-03	6.24E-03	1.10E-02	4.80E-03	2.00E-07	1.94E-04	3.36E-09	1.50E-08	1.92E-03
C[T>C]T	1.07E-04	0.00E+00	1.20E-05	2.80E-46	1.38E-03	9.42E-20	1.62E-03	1.62E-03	1.66E-03	2.76E-03	4.04E-03	1.40E-46	1.52E-06	9.63E-05	2.56E-03	5.44E-03
C[T>G]A	4.87E-04	3.46E-05	4.00E-05	9.14E-05	6.13E-04	0.00E+00	1.03E-03	8.21E-05	1.01E-04	3.10E-04	0.00E+00	0.00E+00	7.59E-04	1.41E-05	8.30E-04	4.16E-04
C[T>G]C	1.57E-04	3.01E-04	3.73E-04	2.84E-04	1.67E-03	2.04E-04	7.35E-04	2.02E-04	1.69E-04	1.11E-03	0.00E+00	3.37E-03	9.81E-04	7.08E-05	9.45E-04	5.15E-04
C[T>G]G	6.03E-04	4.59E-04	3.52E-04	1.74E-04	2.56E-03	0.00E+00	1.75E-03	6.19E-04	8.96E-05	1.21E-03	0.00E+00	3.80E-03	1.68E-03	5.75E-06	1.72E-03	6.27E-04
C[T>G]T	2.40E-03	3.47E-04	0.00E+00	3.38E-07	2.15E-03	1.25E-07	8.00E-03	2.10E-03	2.85E-05	1.87E-46	7.63E-09	2.62E-03	1.23E-08	0.00E+00	0.00E+00	7.22E-03
G[C>A]A	2.69E-04	2.48E-04	5.41E-04	4.09E-04	1.25E-03	5.64E-05	6.52E-04	4.16E-04	1.42E-04	2.90E-04	4.65E-04	1.84E-03	1.54E-04	4.15E-05	1.03E-02	6.72E-04
G[C>A]C	2.22E-04	1.23E-03	2.99E-04	2.14E-46	2.45E-03	6.21E-04	4.26E-03	5.18E-04	7.29E-04	9.80E-04	9.21E-04	4.17E-03	1.99E-03	7.13E-05	3.03E-03	6.55E-05
G[C>A]G	2.32E-05	4.60E-04	3.56E-04	0.00E+00	6.83E-04	4.23E-04	1.64E-03	1.83E-04	2.00E-04	6.34E-04	2.09E-05	1.24E-03	2.04E-04	7.38E-05	3.79E-03	1.93E-04
G[C>A]T	7.95E-04	3.18E-03	1.77E-07	2.94E-07	5.20E-03	2.35E-08	5.39E-04	1.03E-02	1.98E-04	8.29E-04	1.16E-02	1.94E-02	6.98E-04	6.43E-06	3.15E-03	0.00E+00
G[C>G]A	3.05E-05	1.87E-04	1.13E-04	1.50E-04	2.51E-03	1.40E-46	1.05E-04	8.97E-05	7.43E-05	3.54E-05	2.88E-04	1.66E-04	1.87E-03	1.58E-04	1.89E-03	2.05E-04
G[C>G]C	6.31E-05	2.27E-04	1.93E-04	1.61E-04	3.23E-03	3.93E-04	3.69E-03	1.10E-03	4.87E-04	1.11E-03	0.00E+00	0.00E+00	3.81E-03	9.74E-05	2.41E-03	2.76E-05
G[C>G]G	0.00E+00	8.20E-06	8.67E-05	0.00E+00	2.24E-03	4.23E-05	5.85E-04	5.85E-05	3.35E-05	1.64E-04	0.00E+00	0.00E+00	1.56E-03	6.92E-05	1.55E-03	1.86E-05
G[C>G]T	6.56E-05	1.57E-04	1.80E-04	1.22E-04	5.35E-03	1.74E-04	3.41E-04	7.37E-06	1.59E-04	1.20E-05	0.00E+00	1.16E-04	3.63E-03	2.46E-04	3.68E-03	4.21E-05
G[C>T]A	2.29E-04	3.58E-03	1.73E-08	9.30E-46	3.50E-03	8.94E-03	2.19E-04	1.01E-03	5.92E-04	9.75E-04	1.50E-09	3.57E-03	9.24E-03	3.52E-04	1.08E-08	1.78E-04
G[C>T]C	2.19E-03	2.57E-02	6.71E-05	3.20E-07	2.84E-02	1.98E-02	4.08E-06	4.16E-03	7.73E-03	3.52E-03	8.38E-04	9.25E-27	4.84E-02	7.33E-05	6.79E-09	1.01E-05
G[C>T]G	6.31E-03	4.67E-02	5.29E-02	1.80E-03	5.04E-02	2.63E-11	5.27E-03	1.23E-02	5.01E-07	3.28E-03	7.35E-07	1.14E-02	1.52E-03	1.91E-08	1.22E-07	1.14E-03
G[C>T]T	2.42E-03	1.20E-02	1.40E-46	3.31E-03	2.31E-02	5.07E-03	3.48E-03	1.24E-03	4.75E-03	8.42E-09	2.02E-03	4.22E-03	1.99E-02	2.14E-06	1.40E-46	1.65E-04
G[T>A]A	1.21E-05	5.62E-46	2.07E-05	1.39E-05	8.34E-04	1.95E-05	4.08E-03	1.63E-05	7.45E-04	1.50E-04	0.00E+00	0.00E+00	3.27E-03	8.64E-05	1.28E-03	2.19E-05
G[T>A]C	0.00E+00	2.99E-04	1.40E-46	0.00E+00	1.18E-03	5.13E-04	7.77E-03	5.64E-04	2.06E-03	4.45E-04	4.16E-04	2.51E-04	5.16E-03	6.28E-05	1.58E-03	5.78E-04
G[T>A]G	0.00E+00	2.82E-06	2.67E-21	0.00E+00	2.33E-03	2.25E-04	5.50E-03	4.47E-04	8.62E-04	3.53E-04	9.86E-06	0.00E+00	3.76E-03	7.07E-05	1.93E-03	1.44E-04
G[T>A]T	5.80E-05	1.13E-04	0.00E+00	0.00E+00	7.86E-04	4.43E-06	4.92E-03	4.82E-04	5.05E-04	4.14E-04	8.89E-04	1.67E-04	3.78E-03	2.21E-05	1.29E-03	5.51E-04
G[T>C]A	4.63E-04	2.39E-03	1.37E-07	4.72E-04	1.64E-02	6.14E-04	2.23E-03	1.17E-03	6.47E-03	1.41E-03	0.00E+00	8.63E-04	3.51E-07	0.00E+00	0.00E+00	0.00E+00
G[T>C]C	8.28E-04	8.14E-03	0.00E+00	7.56E-04	3.24E-02	1.95E-07	4.72E-03	1.08E-03	8.31E-03	3.45E-07	8.34E-08	2.60E-03	5.55E-07	3.01E-08	1.10E-06	1.46E-03
G[T>C]G	5.85E-09	1.58E-03	8.39E-09	3.10E-46	1.26E-02	2.37E-06	1.53E-03	2.77E-03	2.53E-03	4.19E-03	6.04E-08	1.58E-03	6.50E-05	1.11E-08	0.00E+00	3.16E-04
G[T>C]T	1.33E-03	5.72E-04	2.25E-04	1.32E-03	1.09E-02	7.05E-05	4.43E-03	1.06E-03	3.74E-03	0.00E+00	2.20E-03	2.38E-03	1.46E-06	0.00E+00	9.07E-04	7.32E-04
G[T>G]A	1.61E-04	7.33E-05	0.00E+00	1.67E-04	1.22E-03	0.00E+00	2.26E-04	4.62E-06	7.72E-05	2.37E-06	1.13E-05	9.78E-04	9.26E-04	4.98E-06	8.93E-04	3.03E-04
G[T>G]C	2.42E-04	6.86E-04	0.00E+00	1.42E-04	4.37E-03	0.00E+00	1.01E-03	0.00E+00	3.98E-04	0.00E+00	0.00E+00	3.08E-03	5.89E-04	6.34E-06	6.53E-04	6.94E-04
G[T>G]G	1.21E-04	4.98E-04	0.00E+00	0.00E+00	2.98E-03	0.00E+00	4.35E-04	1.43E-05	1.40E-04	1.85E-04	9.34E-05	3.64E-03	1.76E-03	1.30E-08	1.79E-03	5.31E-04
G[T>G]T	3.52E-04	7.98E-04	2.21E-07	8.73E-09	3.14E-03	0.00E+00	1.56E-03	4.65E-04	1.30E-04	2.81E-05	1.08E-08	1.29E-03	7.84E-08	0.00E+00	1.67E-07	1.57E-03
T[C>A]A	7.05E-03	0.00E+00	8.01E-06	0.00E+00	5.28E-02	0.00E+00	1.71E-02	1.63E-04	0.00E+00	5.69E-04	4.42E-09	1.10E-07	2.90E-07	1.87E-03	6.11E-03	3.14E-04
T[C>A]C	1.15E-03	2.76E-04	4.09E-04	4.81E-04	3.42E-03	4.29E-04	8.18E-04	3.50E-03	9.37E-05	4.43E-04	1.56E-03	6.40E-03	2.33E-03	5.64E-04	2.35E-03	6.61E-05
T[C>A]G	6.55E-04	5.14E-05	8.29E-05	0.00E+00	4.81E-03	1.61E-04	1.04E-03	4.38E-04	0.00E+00	5.38E-04	6.45E-04	0.00E+00	1.40E-46	3.25E-04	3.72E-03	2.26E-04
T[C>A]T	3.34E-02	1.29E-06	3.94E-09	5.65E-04	7.42E-07	5.61E-08	7.65E-04	1.19E-02	2.24E-06	4.00E-07	3.39E-07	1.86E-02	4.79E-04	1.08E-03	1.92E-07	1.17E-04
T[C>G]A	0.00E+00	4.78E-09	6.64E-09	0.00E+00	2.95E-06	0.00E+00	0.00E+00	0.00E+00	2.09E-09	1.09E-09	1.35E-08	6.31E-07	8.51E-07	6.04E-03	3.38E-07	2.92E-08
T[C>G]C	0.00E+00	2.88E-05	5.56E-05	4.73E-06	4.64E-03	0.00E+00	7.18E-04	8.26E-06	7.51E-05	3.58E-05	2.13E-05	0.00E+00	3.27E-03	2.42E-03	2.76E-03	7.90E-05
T[C>G]G	4.29E-06	1.43E-05	8.91E-06	1.50E-05	2.77E-03	2.92E-05	6.93E-05	1.64E-05	0.00E+00	0.00E+00	4.09E-05	0.00E+00	1.34E-03	9.48E-04	1.48E-03	7.47E-05
T[C>G]T	2.16E-05	0.00E+00	0.00E+00	0.00E+00	4.50E-03	0.00E+00	7.01E-06	4.99E-05	9.07E-05	8.44E-05	0.00E+00	8.28E-05	2.11E-03	1.03E-02	8.45E-04	3.07E-04
T[C>T]A	3.37E-04	3.81E-04	1.25E-26	1.59E-03	6.47E-04	8.01E-04	3.32E-03	2.88E-04	1.40E-03	6.37E-05	7.15E-03	4.02E-04	2.38E-02	2.52E-03	6.78E-04	8.64E-04
T[C>T]C	2.45E-03	1.38E-03	5.96E-04	6.80E-03	4.61E-03	7.07E-04	1.88E-03	2.44E-03	9.84E-04	8.14E-04	2.05E-02	5.59E-03	4.94E-02	9.98E-03	1.86E-03	5.25E-04
T[C>T]G	7.19E-03	1.93E-03	1.56E-02	2.53E-02	3.15E-03	2.96E-07	3.01E-03	4.38E-03	1.04E-03	2.17E-03	5.48E-07	5.95E-08	7.56E-03	6.02E-04	1.84E-08	6.78E-04
T[C>T]T	6.16E-03	1.32E-06	1.40E-46	1.32E-02	2.88E-03	0.00E+00	3.12E-03	2.93E-03	1.38E-03	9.77E-08	1.48E-02	5.41E-03	6.52E-02	1.55E-02	1.82E-08	1.74E-04
T[T>A]A	1.21E-04	9.04E-06	1.61E-04	1.07E-08	9.91E-04	2.34E-04	6.52E-03	1.20E-04	7.59E-04	5.00E-04	0.00E+00	0.00E+00	4.51E-03	3.65E-05	2.52E-03	7.89E-05
T[T>A]C	1.10E-04	4.82E-05	3.68E-05	7.89E-05	1.17E-03	9.94E-05	5.25E-03	3.35E-04	6.57E-04	0.00E+00	4.51E-04	7.91E-04	4.06E-03	3.13E-05	1.76E-03	3.70E-04
T[T>A]G	1.15E-04	0.00E+00	0.00E+00	1.40E-46	9.99E-04	1.25E-05	2.94E-03	1.40E-46	3.40E-04	1.86E-04	1.40E-46	1.18E-04	2.31E-03	1.24E-05	1.32E-03	2.38E-04
T[T>A]T	3.18E-04	1.40E-46	9.66E-05	0.00E+00	1.30E-03	3.08E-04	3.44E-03	2.55E-04	2.63E-04	3.75E-04	3.24E-04	8.32E-04	2.88E-03	1.42E-05	1.88E-03	3.70E-04
T[T>C]A	5.37E-04	2.41E-04	1.10E-04	3.73E-04	3.13E-03	1.61E-03	2.50E-03	1.04E-03	2.53E-03	1.42E-05	1.05E-03	1.57E-04	2.08E-03	4.29E-05	7.02E-04	4.92E-04
T[T>C]C	1.12E-03	7.81E-04	1.97E-04	3.78E-04	6.99E-03	7.37E-04	4.07E-03	1.40E-03	2.02E-03	3.49E-03	2.97E-03	1.71E-03	1.54E-03	8.93E-05	8.26E-04	1.56E-03
T[T>C]G	8.09E-04	4.32E-05	2.19E-07	4.34E-04	1.95E-03	1.49E-03	2.25E-03	1.58E-03	1.88E-03	3.04E-03	6.76E-04	9.54E-04	1.10E-05	1.42E-05	1.40E-46	6.99E-04
T[T>C]T	1.38E-03	0.00E+00	1.10E-04	0.00E+00	1.06E-03	1.11E-03	3.97E-03	5.35E-04	1.65E-03	3.38E-03	2.71E-03	2.15E-03	5.85E-04	9.91E-06	8.09E-04	1.13E-03
T[T>G]A	1.60E-03	0.00E+00	0.00E+00	0.00E+00	9.30E-03	0.00E+00	4.29E-03	0.00E+00	3.65E-05	5.24E-09	0.00E+00	0.00E+00	4.04E-04	2.67E-05	7.28E-04	2.04E-04
T[T>G]C	1.56E-03	1.98E-04	0.00E+00	6.09E-04	4.35E-03	1.40E-46	4.69E-03	1.17E-04	8.78E-05	1.40E-46	5.69E-04	2.26E-03	4.82E-04	9.14E-05	9.18E-04	1.80E-03
T[T>G]G	4.16E-04	0.00E+00	6.08E-05	1.36E-04	2.33E-03	2.35E-04	1.04E-03	6.09E-05	5.99E-05	2.08E-04	5.11E-05	5.13E-04	1.36E-03	5.67E-05	1.17E-03	3.99E-04
T[T>G]T	1.68E-02	2.96E-06	5.69E-07	9.90E-08	4.28E-04	2.63E-04	4.85E-02	3.54E-04	4.55E-05	1.40E-46	1.65E-07	2.69E-03	6.18E-08	0.00E+00	6.92E-08	8.95E-03
