MutationType	SBS96A	SBS96B	SBS96C	SBS96D	SBS96E	SBS96F	SBS96G	SBS96H	SBS96I	SBS96J	SBS96K	SBS96L	SBS96M	SBS96N	SBS96O	SBS96P	SBS96Q	SBS96R	SBS96S	SBS96T	SBS96U	SBS96V	SBS96W	SBS96X
A[C>A]A	0.0012842559819005838	0.0	5.6051938572992686e-46	0.0004974693903932348	0.0003594383306335658	4.203895392974451e-46	0.00013917409814894198	0.00014354523445945234	0.00030136851905808725	0.0004852684542129282	1.4012984643248171e-46	1.5213011534608151e-27	1.4012984643248171e-46	0.00016119356587296352	7.006492321624085e-46	0.007082805749985255	8.437811629846692e-05	0.0004826754578971304	0.0004330219422996606	0.0019595084595493972	0.0051142064864791335	0.014556682673713794	0.007711778383236378	0.11041431874036789
A[C>A]C	0.0003980644338298589	1.4012984643248171e-46	0.00015790142351947422	5.89428236708045e-05	0.0027600711101968046	0.0004262495203875005	0.0013035771786235272	0.0006662173196673393	0.00016728762156077438	0.000966609237366356	0.002989324711296604	0.00012170571140684397	0.012114261742681265	0.010254138502932619	0.005085416457627901	0.02427682730340166	0.008464319072663784	2.8025969286496343e-46	5.1503104623407124e-05	0.0025346434951643545	0.021331307129003108	0.036135217919945714	0.0032119232695549727	0.057055440836120394
A[C>A]G	0.0006757507793736295	0.0	0.0	9.21882747206837e-06	0.00044868498209780225	2.8025969286496343e-46	0.0	6.263722607400797e-05	2.336882971576415e-06	0.0005441099856398068	0.0002361865947023034	0.0	0.0004690267047863017	0.000315435795346275	0.00019084230298176407	0.006165730555225224	0.0013339265249669551	5.8068783255293964e-05	0.00022164955007610842	0.003553198918234557	0.004309306075447239	0.01374640884287146	0.001210175035521388	0.0189568877140573
A[C>A]T	0.010362126045720288	2.3150852257458608e-08	1.7365191951057568e-08	0.0	0.03818392487586664	9.809089250273719e-46	0.00034030299419214317	0.0029737150169921733	0.00018423976899839545	1.72017793431678e-07	0.002853903776812672	5.7684836454185984e-05	0.003950488898492211	0.06797124622939918	0.026622913725798013	3.641143010213455e-07	0.0010356120011181247	0.0	6.981923565945181e-05	6.579846314025418e-07	0.08120538710845722	0.0013446019555715337	0.00023821819581542058	0.0027092603472709696
A[C>G]A	0.00011903371778316796	0.0013659259537234902	0.0003655300213722512	0.001749051119642786	0.00011139754205942154	0.00010382970503997058	0.0007784979068674147	8.407790785948902e-46	0.00022624345344866015	0.0	0.0011397032889362891	0.00032273140363050514	9.966154611902311e-05	0.00040578638727311044	0.0013497600331902504	0.0019241158766817533	0.0008495534770191187	0.0017245368449948727	7.571783935418352e-05	0.0001415280974470079	0.0009468637057580054	0.04825453907251358	1.4012984643248171e-46	0.00019278296967968346
A[C>G]C	2.5857459695544095e-05	8.41596513055265e-05	7.435372972395272e-05	0.00017031779240070933	0.0014044126088265329	9.005503417463991e-18	0.00029750595567747953	0.00029108363669365643	0.0019699952914379536	2.8025969286496343e-46	0.0006494950503110886	0.0026317537180148066	0.0	0.0	0.0	0.0009383931412230595	0.0013751916529145091	0.0021388606517575683	0.001632893003989011	0.004970007202143733	0.0013990693958476185	0.04065482895821333	0.00034214308252558114	0.012136436253786086
A[C>G]G	4.25838162207981e-06	0.0	0.0	5.6944811944958925e-06	8.577380212955177e-05	0.0	4.750111402245239e-05	5.340980213386359e-06	1.7373918726093508e-05	0.0001093551890562594	7.464050350733942e-05	1.4012984643248171e-46	0.0001606339700018111	1.5363466809503733e-05	1.2399824100839396e-07	5.04727003658445e-07	0.0001540108952745811	0.0005619043366721143	2.83925974201793e-05	0.00841103253288793	0.00046008815065476936	0.0350458319820973	2.2221707594383135e-05	0.0011914993575377509
A[C>G]T	0.00011747905846277717	0.0002902438442106359	1.1462561087682843e-05	0.0011412686544190365	0.0007647287216968835	1.5624706929884268e-05	0.0001363760773529066	0.0002700028009712696	0.0010798931267345323	0.0006612550932914019	0.00024095091066556051	1.245333945245465e-42	0.0	3.489561713649891e-05	8.059598039835691e-05	0.0021366894245147703	0.003261185088194907	0.0031264830497093497	0.0001080154674127698	0.02013690839521587	0.002176674462680239	0.04911601990461349	0.002124596714565996	0.0038831766694784166
A[C>T]A	0.00026544034481048586	9.72492108530787e-07	5.553827577386983e-05	4.693081772089158e-08	0.038402478086864276	0.00354191504704886	0.00035958181833848355	0.012766404204730141	5.414156476035715e-07	1.998567363159509e-06	0.20167972058916347	0.0026763873147842786	0.007192494048197773	0.0013071690686047078	7.566814224446716e-06	0.0018559115267617443	0.020411616251739418	0.0004973816731620673	0.003318771650083363	0.03150300273694029	0.0002847603639581218	0.0004102340235284885	0.054235347776175044	0.004911257514189771
A[C>T]C	0.0024502679472789167	0.004114504111930728	1.957973410071645e-08	7.062253644107841e-08	0.017698399399426988	0.024838672950863838	0.004429574452944962	0.01609288838226348	0.004986269469372928	0.0013865414104657248	0.06654118318110705	0.0038222180448428842	0.12425489462912083	0.037873345009211336	8.798480905625184e-07	1.4012984643248171e-46	0.02449408867978491	0.0	0.00011040392710128799	0.005042500793933868	0.0002575967460870743	0.00010821417672559618	0.011223217953457265	5.559843998526048e-08
A[C>T]G	0.00843831898044083	0.0027399612658090067	5.383281866684909e-07	0.1651954375440255	0.7352324768900871	0.006447267195700534	0.006630990127061076	0.023595254279948616	0.0018854965511382106	0.0011912167882655923	0.018943664251780436	0.013642058943757177	3.0089898928054026e-07	0.006358794711129887	0.015203018364582021	3.2549861972869277e-06	3.0342702757479857e-06	0.0001381554058753174	0.0015939455246552826	0.014050009474158288	0.015778997816801633	0.00010527720442041755	0.007855064057002892	0.0020450826175193258
A[C>T]T	0.0021792149158578857	5.820065439365863e-07	0.0008696967479508543	0.00020151727367192506	0.020169442895348767	0.000642833998426795	0.009184375053905569	0.004222091325527799	0.0009045514278113842	0.00013849126371496824	0.08070088252425194	0.0027486069334592403	0.05428868867456913	0.05719029555093584	0.005398461408913135	0.004485508427023888	0.033565630959085976	0.0	0.00018882945805671626	0.0019566968083381655	0.003038485122306156	2.3605375076840575e-08	0.021990209817886353	0.00167756016258096
A[T>A]A	0.0003981284549809061	1.8096068288286916e-08	1.4012984643248171e-46	6.589525431976995e-08	0.00021563680433942523	2.9055627329910294e-05	0.0004623688661126835	2.8025969286496343e-46	0.004062171682160454	0.0	0.0004043272216222249	7.400635016110328e-33	2.81534197412725e-06	0.0001914521833583649	0.00034448726116806936	0.005550900072654841	5.204992419294285e-07	6.058093276806176e-06	0.0	8.45850991026964e-08	0.0010435083840434345	0.00016464480102840184	0.05424775216379203	0.0030549784269567224
A[T>A]C	1.7497189401183277e-05	0.0001456863857512758	1.6353413911929237e-08	5.2380939763452264e-08	2.308400581796377e-07	0.0021384114283137024	1.2186429785288055e-07	0.0019830782897770406	0.011419945256784558	0.00024973393269860366	1.0106560750955395e-06	0.00023473738707906476	1.4012984643248171e-46	2.9567015345577375e-05	5.0108667437598345e-09	0.01437662393604775	0.0014749230482394183	4.412538546603173e-05	0.000462719390147015	0.001426369973901842	8.897335419533192e-08	6.053051038179546e-09	0.08780612577684224	0.005842366438711366
A[T>A]G	0.0	2.8025969286496343e-46	1.4012984643248171e-46	0.0	5.325019010342658e-05	3.43043175234925e-06	0.0	0.0002533678840102027	0.0001211348284414271	4.683707904433732e-05	0.00013222111156210303	0.00033296387828158914	0.0006685586151434109	6.421280644985927e-08	0.00028486049268394714	0.001123058364373719	4.203895392974451e-46	0.00015020608480256214	0.001096767624173367	0.0077250426053069535	9.172682039206847e-05	0.00945480726659298	0.03682402354024816	0.01787064797244966
A[T>A]T	0.0021289810072630646	0.0013067229246189528	1.1882129768991945e-08	0.0003178213839419186	0.003759650015848592	1.6812660419418535e-08	0.00327514634700492	0.013334256783127784	0.00015262659871950746	0.01194105283357203	0.001278717965959686	0.0	0.0002871370292268693	0.0	0.0016310212842654437	0.002880333922803402	0.003326189937070012	1.3496421388481394e-05	0.00021171894622966646	0.0063436676282435656	0.0018651698250323535	0.0	0.058393293805420396	0.0038714162074029446
A[T>C]A	4.203895392974451e-46	0.0002672963775829561	0.0001881958312878851	0.0018088657438056544	0.0014505660161375999	0.0007862318103434518	0.005559035902842879	0.003047802016953938	0.055722197890281676	0.019467528897803277	0.009522594884037972	0.012838971754536032	0.001236791256815195	0.0004683188162744045	0.002613466559083005	0.00839813444763422	0.03873516246676445	2.3188912018667905e-05	0.0	0.010791749879717826	0.00056582208949294	0.010232233152157733	0.025992154586128892	0.006598391477018595
A[T>C]C	0.0003974012390244752	8.407790785948902e-46	1.1210387714598537e-45	1.0182344419717993e-05	0.00043238097132416444	1.1210387714598537e-45	0.0058479841914959255	0.00024966177297756074	0.00315519544457219	0.042962903156876564	8.770978734973234e-15	0.06753902100026607	0.00014723041094839574	0.009432589161406213	0.0027827836934648078	4.203895392974451e-46	0.056678693369030954	0.00038268314620140134	0.001354656889452599	0.007260988093912601	0.006991692804376726	0.005390425141013111	1.0969623787104866e-08	0.002684700129242401
A[T>C]G	1.5030997747089714e-05	1.0503772500669584e-06	8.758642820794194e-06	1.1656278570626454e-05	0.0005018888507038355	0.001591857558423726	0.006490486567054176	9.809089250273719e-46	0.006147276301999227	0.21193003803491592	0.003165786153363976	0.0014232606993004992	2.0555517039611004e-06	0.009524559928104281	0.001995775127332422	0.003736603066636235	0.03130876911648102	0.00011687973164953291	0.0	1.8140005977329566e-07	0.005693002852785867	1.287576469621854e-06	3.232047674828209e-07	0.0037150390446186064
A[T>C]T	7.006492321624085e-46	5.6051938572992686e-46	5.6051938572992686e-46	0.0002370260611904102	0.0022664028219878674	1.4012984643248171e-46	0.010361275408649817	0.002441688807448372	0.02018572730012238	0.003068593028001487	0.001398748718202114	0.002423449690104462	0.005951424325394328	0.002345170049639478	0.004791413692480972	0.015354540162661579	0.06364023238420487	9.597160428711504e-05	0.00012901442823931575	0.012092131376266479	0.003601669417798803	0.01207252729777224	0.006620168592780829	0.04890856789425015
A[T>G]A	2.5163149257423355e-05	0.0	0.0	0.0	4.87248064018786e-05	0.0	0.005555020598694682	0.0	0.00013911966491377825	3.628083961189077e-05	0.0	0.0	0.0	4.945867985952646e-05	0.0	0.0016112066963529514	0.0045688258251175284	0.00012563357158796863	0.0018825838071279577	0.002163728472476123	0.008287264406681061	0.002358886966776197	0.003520163885423244	0.006857716044760309
A[T>G]C	6.5622807084331185e-43	1.4012984643248171e-46	1.4012984643248171e-46	0.00043232032912783326	0.0004634157444684206	1.4012984643248171e-46	0.016243660263717173	0.0	0.003793215414043516	0.0006456678864196874	0.0	0.005845448456238955	0.0	0.009355041291564703	0.0009924712403373635	0.0001614921260625124	0.005587551486678421	0.00026030717535832084	0.004865935142152012	0.0	0.0005595210008323192	0.005162665795069188	0.0021581067936494946	0.0031437610741704702
A[T>G]G	0.0001991395380173344	9.289566150982864e-07	8.710312249604613e-05	0.00012335280662654214	0.0010686411056667565	0.0	0.006299167638644576	0.0	0.0005415697829448618	0.00025110214373853524	0.0	0.0013790145534585464	0.0	0.0028844801941886543	0.0004615888465195894	0.0031063612550497055	0.005207138408150058	0.00014107697497820482	0.001880597323179245	1.1210387714598537e-45	0.0026041183838970026	0.010029545771658377	0.0007473254905562499	0.0108540378510952
A[T>G]T	0.0005943091508676446	3.248218263252056e-08	2.8025969286496343e-46	0.0	0.006152348034083844	2.8025969286496343e-46	0.0825721848756075	2.8025969286496343e-46	0.001147876275717863	3.118992317467928e-05	0.0	0.0008479198587551196	4.3601753532129803e-07	0.01873361743055284	0.006691412172811795	1.977288158983015e-07	0.0035595842014533472	3.8538889270967045e-07	0.024305136315524577	0.0	0.01089646112092595	1.3725616554438602e-07	7.902776418688973e-06	6.5664877979543235e-09
C[C>A]A	0.0026513145749049727	4.203895392974451e-46	0.0008422261636042095	4.203895392974451e-46	5.6051938572992686e-46	9.809089250273719e-46	0.00020936557339155118	0.04595459131523967	0.0012955269426370819	0.003366591631618121	7.006492321624085e-46	0.0034846026602167513	5.6051938572992686e-46	0.004534633029948054	9.809089250273719e-46	0.013731037489287345	0.0008810153387685205	0.0005009255549193626	0.0011948915238463088	0.13450789917260408	0.003758942403794663	0.011870574235045783	8.081254065928078e-08	0.04161592089870965
C[C>A]C	0.00011007729917764664	9.615798823858767e-10	2.487027950337506e-05	6.242984937898654e-08	2.1248542410035042e-07	0.00705252812871322	0.0003973944403696805	0.04903232826954991	3.4645317143144894e-05	0.01443818033673594	0.012031647822186641	0.00022530807384271156	2.2614078432070528e-07	0.018564286777317206	1.2566752616294252e-08	2.0276227274962366e-07	0.0796437076087841	5.864105845105882e-05	2.0229213987477124e-05	0.10406531761028362	0.026420626044273376	0.006723111352151534	1.8372381020981267e-07	0.029363069542180396
C[C>A]G	0.0017651582340477035	0.0006973252667449969	3.1512765730212777e-09	2.5301051209680735e-08	0.001034294132257685	0.003404959474354996	1.4012984643248171e-46	0.015732104936614633	9.888204950811997e-05	0.010252152181925567	0.0022094164257339343	5.736821762525323e-07	1.814561845054612e-05	0.0013242555778901987	3.6287474962648504e-07	1.2063831889008724e-08	0.009664580017138746	0.0	0.0	0.10650124121457338	0.00032422220829175785	0.00021139099588500797	9.770771512336296e-05	0.02016641857710084
C[C>A]T	0.002150394143259149	4.156575071689872e-07	1.5648274768409466e-06	2.0636547759522728e-07	6.761659747667181e-07	0.0001862714778553709	1.0803982320339855e-06	0.6523163110017777	4.869045710620412e-06	1.6668817444553951e-06	5.0575604533278915e-05	5.3301192238564e-06	9.846909875932397e-07	0.0007151863611852604	0.0001237353604267355	8.385458968973581e-07	8.064466584301045e-07	0.0	0.0	0.00012113618935529757	0.03373828072142757	3.3829828112175163e-07	1.34615413571737e-06	7.635923367388386e-07
C[C>G]A	0.0	0.0	4.695333899462639e-10	1.3469216355588288e-07	0.0	0.0	0.0	0.0	1.3197030966694e-06	0.0	3.353339561726898e-05	0.0	0.00021584308657338625	1.8959565204568206e-05	1.8676342961043702e-07	0.00024899971938339147	0.0	0.0064685356337577105	0.0010255591375880613	7.199521405709674e-08	0.0	0.05176094174385071	2.0377402449867076e-07	0.00026159393016769175
C[C>G]C	3.1428804504685105e-06	0.0	9.152459097094833e-06	0.0	0.0	0.0	7.110995738912607e-08	0.0	0.0001257727779375273	0.0	0.0	0.00036967454943805935	0.0	0.0	1.4012984643248171e-46	8.040904282609062e-05	4.264528286057612e-09	0.0005798320315079763	0.00035544219335861273	0.0002203119220212102	3.877453404683706e-05	0.05449783392250538	0.0004855382470751124	1.0108290666721587e-07
C[C>G]G	0.0	3.0061639160194887e-07	3.860527158394689e-07	2.73708465101663e-06	0.0001835933974223991	0.0	0.0	0.00017826131042966153	1.4012984643248171e-46	0.00020074311799476164	0.00036175422137603165	0.0	0.00023225437143992167	0.0	0.00032447258236540933	1.0978103112302668e-05	0.0001546944107914783	1.225975274721236e-06	8.790831489022822e-05	0.014213217909976806	2.0708219381049275e-05	0.03997639670207036	3.4090385693730243e-05	0.00021765441840386756
C[C>G]T	8.109688496915624e-05	7.744998583802953e-06	3.7993391532609164e-05	1.4012984643248171e-46	2.8025969286496343e-46	9.327036559625413e-06	3.192320000380278e-05	0.0	0.0002822640697559109	1.2724488078674767e-05	5.6051938572992686e-46	2.5481752525868816e-06	1.5352597984019667e-05	1.4012984643248171e-46	0.0	2.5694021132949274e-08	0.00019996268092654647	0.004838484432548284	2.8025969286496343e-46	1.758026871812035e-05	0.001248503930401057	0.07860306017100811	6.456301343860105e-06	4.683766690050106e-08
C[C>T]A	4.0186505430028773e-07	1.8216880036222623e-45	0.00011375713770576113	9.578077006153763e-05	0.0007658215818082681	7.006492321624085e-46	0.00024802826810628177	0.0035553076304495335	7.463809765795304e-08	0.0017922278169862694	0.004544309433549642	0.0003549879749698448	0.094974583081148	2.1789030995478244e-06	0.00401058322750032	0.056891551285889366	6.996536777137408e-05	0.0035633766382716205	0.005618563691450617	0.17014908120036126	8.392432384596304e-07	0.0002390901455612493	0.01396644483320415	0.03255560469776242
C[C>T]C	0.000257154992868891	7.465545991180989e-07	9.147923947239178e-08	0.0013151254105970623	8.823585371362796e-05	0.013636189858499393	0.0007189576907421724	0.012828243291005492	0.009719910880085081	0.001986957717588211	6.35213382338441e-08	0.001765993351295947	0.24462294727563857	2.0186266738164705e-07	0.0029958202969282864	0.00029587676472146994	7.239421421445513e-07	0.00016107324045151473	0.0002688349497304898	0.042292381078004836	0.001111372410028366	0.0	1.3327079386726837e-07	0.0012093181128875585
C[C>T]G	0.004323083812122215	0.0005936311490775655	0.0031368377437161143	0.733241081237793	0.00597056750647198	0.013393619128180666	0.00318602190210417	0.01322855216796282	0.0010591469082173973	0.002311693317565756	0.01336195660244357	0.008481352802141373	0.05216112955837389	0.05261608796837436	0.006653482987144366	0.0010400491582045483	0.00029835982130634877	0.0011893134117670456	0.0020555638002548457	0.02639732025563717	7.786340547558112e-07	6.861361043775104e-08	3.2287161900512728e-06	0.022773370962639206
C[C>T]T	0.0011565469787456096	8.792833909865294e-07	5.934090031424405e-05	7.006492321624085e-46	1.0918026305262175e-08	0.00354604036820092	0.0029563850199338048	0.010055518880835734	0.00084676657570526	0.005825239093974232	0.01656323114875704	0.007049681711941957	0.22912345081567764	0.019380818121135235	0.007974311766940901	0.007864634552970536	0.018056998029351234	0.0024082004412775866	0.0018345928809139877	0.011798018589615822	0.004032179022033233	0.011429409217089414	1.567841820642196e-26	0.004124751593917608
C[T>A]A	3.5742804902838544e-05	0.0	1.731560780378061e-05	0.0	0.0	0.0	4.498665057326434e-05	6.200021744007245e-06	0.00014761473285034298	2.7715341843759234e-08	0.0	5.939545983437711e-05	1.4012984643248171e-46	7.418064740249975e-09	3.7376564887381394e-05	7.865976776884054e-05	0.0	0.00035141871657131676	0.0012510724598541855	0.00014232530757141149	7.006492321624085e-46	0.0030851527412437464	0.03205041214823723	0.0030535570358807716
C[T>A]C	0.0	0.00013008332875301675	0.0	9.809089250273719e-46	2.3274326110822587e-08	0.0013601078011561186	1.4012984643248171e-46	0.00018370820907875896	0.0004471135704079643	0.005861827118860674	0.0019905342298443427	0.00011173072271049022	0.0013589027454145252	0.01472371481359005	7.006492321624085e-46	0.003892444916345994	0.007492418587207794	0.00011985924641066958	0.014449387043714523	0.002665595189496628	6.890040240250527e-05	0.014358012075535952	0.03474863856099546	0.004933234676718712
C[T>A]G	0.0004332093332777731	2.8025969286496343e-46	1.4012984643248171e-46	1.0125327389687299e-05	6.775297661079093e-05	0.00013587087159976362	0.0002683461963897571	3.3362211456733346e-05	0.0003069181926548481	0.0017293680300255686	4.203895392974451e-46	8.77011552802287e-06	1.2496802170858246e-08	0.00020616173860616983	0.00023345695808529854	0.011741287022596225	0.00026442543603479864	9.462182184023504e-05	0.0063467809930443765	0.007626268663739211	0.0019382276688702405	0.021757448660378032	0.05509854964911938	0.007788456475861949
C[T>A]T	0.0006825888165622018	0.0	1.4012984643248171e-46	1.4012984643248171e-46	0.0016937070060521365	0.0	0.0	0.00031949744370649567	0.0	5.265856153116033e-05	1.401298464324817e-45	0.0	0.004621043267707137	0.0024489131406880914	0.0013970532227631338	0.007354615779715345	0.000518650037702173	8.503285789629444e-06	0.05024759694933891	0.002866297476964519	0.005263881804421544	0.013549507881339195	0.02412630822509527	0.0038446896705848555
C[T>C]A	0.0001334771641268162	1.4012984643248171e-46	0.0	1.5987428128028114e-07	7.796550690386539e-07	4.203895392974451e-46	1.1257595348002806e-25	0.002170518774073571	0.020876328088343145	0.047629506513476375	3.530721878632903e-05	0.0	2.5641228376116485e-07	7.006492321624085e-46	0.006729725748300552	0.00591733244544832	0.011479839868843555	0.0	0.003966222354210913	0.011891974231895119	0.0005546062714401501	0.0002407682899018937	0.027288064883987318	0.004327446620450814
C[T>C]C	7.26965990907047e-05	0.0005620868527330458	6.1134781639091435e-18	0.00014525255395625436	0.0004035070691884357	0.00042974819880328143	1.2666603197430958e-07	0.0011436691507697105	0.00535706093578483	0.04866268826881424	1.6815581571897804e-45	0.016630295320874212	0.022714067716151476	0.008202281632679841	0.028299804282885078	2.315121964784339e-05	0.038882683124393226	2.2229398447315418e-05	0.05559297688305378	0.02930065765976906	7.816067260080217e-08	0.00018033265077974648	0.0010993477888405323	0.002152914507314563
C[T>C]G	4.638317041099072e-05	4.1050571439882335e-07	1.4427128860462307e-07	2.067218360934935e-08	1.3087522390264895e-07	0.0009657654698457918	0.0013771806787417518	0.00773946105058485	0.0008535543568456205	0.31539506316184995	2.1816542982833196e-06	0.00025289344307992677	6.498666863308245e-07	1.7685864577288158e-07	1.1632455648680207e-05	7.07436797142691e-08	0.013473118415964902	0.0	0.02202311307191849	0.007144241943520058	2.522314503039524e-07	2.8025969286496343e-46	0.00026032268219857715	5.511015039871836e-08
C[T>C]T	4.645093931881633e-08	0.0	1.4012984643248171e-46	6.766528848345388e-08	0.00010536250192672014	7.754184849773083e-09	2.9197169351391494e-05	4.471519201725987e-25	0.004111932097929127	0.042746751427313254	0.003698091666592518	0.0	0.00998986264701216	1.594589207343233e-08	0.02905169129371643	0.004977000412822008	0.04151132618282531	0.00027378201893668574	0.14799896851181985	0.0030996148725449756	0.0034941713045554936	1.8022873291556606e-07	0.003710470068824634	0.009708409559880237
C[T>G]A	6.47244043648243e-05	2.7646836315398103e-06	4.857560634263791e-05	2.677752672752831e-05	4.203895392974451e-46	0.0	0.011754263844341039	2.058645914075896e-05	0.00014011424209456891	0.0011111581614954957	0.0	0.0006211499516211916	5.7349183180122054e-09	0.0	0.0008353523910045624	0.0016118512006869424	0.0040824429350323045	1.007282962675049e-05	0.0008799779010587372	0.003096562185022833	0.0037231898051686583	0.0028969783335924147	0.0023641387058887632	0.005625362127826605
C[T>G]C	0.0	0.00026142941478610735	0.0002343404004932381	0.0014859706512652337	0.0010893965309605846	1.4012984643248171e-46	0.006191975434194319	1.4012984643248171e-46	0.0005031571576182614	0.01439434513449669	2.8025969286496343e-46	0.005158086807932704	1.4012984643248171e-46	0.006072532502003014	0.002187059960147053	0.002876934364996231	0.0207291535564309	0.00017567168761161155	0.025287350453436375	1.464565571041021e-08	0.011556921154260635	0.007638923823833466	0.0007396555979312325	0.002413586154580116
C[T>G]G	0.00014405144029296934	0.0008981128529171656	0.00025113067982367453	0.0005828843975905329	0.00044612488709390165	0.0	0.014633225044235587	0.0004139824886806309	0.0001542856451123953	0.022903379018609372	0.0	0.008274252712726592	3.031411779375048e-08	0.0012800786360458005	2.3221907667902998e-07	1.4012984643248171e-46	0.030368349588798083	0.0	0.019736816734075548	0.0038211118429899217	0.01694051048527854	0.017341309817718552	3.811809250464648e-08	0.003928170412748955
C[T>G]T	0.007893788807734836	6.416916233931147e-07	6.356719739031292e-07	2.8025969286496343e-46	2.1244468371151015e-07	5.627659912761373e-05	0.05737102478742599	0.0019408198289966095	0.00018188729258099555	4.203895392974451e-46	7.720310009062814e-08	0.004528167125636173	9.526781354907144e-08	1.708810569311936e-06	9.340925416267965e-07	0.0	3.677017517134118e-07	0.0	0.4141150116920471	8.660961725581728e-09	0.0016357904468634389	0.0	3.0628399372290005e-08	0.0
G[C>A]A	0.000814674500725232	0.0005649638682371005	0.0009783277215319685	2.8025969286496343e-46	0.0002841808181564431	0.0015340439709703446	9.476543267936677e-05	0.0015596792778524104	0.0002552421952913164	0.0	9.710031906436425e-32	0.0026702042792749125	3.423390353418654e-07	0.0096430747769773	7.064436999826284e-08	0.0001542092063743894	0.00027254064239690123	0.0	0.0026264940155670048	0.0017377614276483655	0.0011966282618232071	0.009542949692556136	4.203895392974451e-46	0.17902411315590144
G[C>A]C	4.57384665394358e-08	0.0014307510853541316	4.203895392974451e-46	8.354295459866989e-08	8.282678720661351e-09	0.008734117355197668	0.0029723352519795297	0.0	0.0036198516405704594	0.001176004615263082	4.203895392974451e-46	0.007924172561615705	0.005942342570051551	0.05313102528452873	0.0024743016491214575	0.017895340360701083	0.002437966759316623	0.00013428054910349373	0.00012004878954030573	0.02407388431020081	0.010623377794399858	0.018647433468375142	0.016745434234644564	0.03618817962706089
G[C>A]G	1.4012984643248171e-46	0.0019115553165043632	0.0	0.0010568869847006114	0.00034877844817629013	0.0023039272863890404	0.0	0.00014020387316122652	0.00012763297272613272	0.0005502589046955109	0.0004844456329010427	0.0004838448156078812	2.8025969286496343e-46	0.0030712959880474953	1.0589013044182139e-08	0.005506305363822151	0.0032566335878300378	0.0001959196486239989	0.0004270810866728425	0.012459152226801962	0.0008854295674154856	0.002195357015300914	0.0023073330523969205	0.04577242609811947
G[C>A]T	0.0022860680571056948	1.3723234615525826e-05	9.493427882034666e-07	4.203895392974451e-46	0.00011002747480688413	0.0014118884269805677	0.0009566903602477377	0.011032099265128182	1.0717280474636936e-06	1.9625729947847502e-07	1.9115628902000027e-08	0.02232941692901136	2.3004816966931686e-07	0.43206160664558413	2.0350501159782652e-07	1.1400436790154345e-07	4.2820037720048277e-07	0.0	0.0	5.389089267282543e-07	1.5710531215518131e-06	2.9243133212730756e-07	5.114348823553882e-07	8.646620045738018e-07
G[C>G]A	7.362795149674639e-05	0.00013718654809053988	0.00017128775652963668	0.0010978187241626803	0.0006801363910199143	1.534412003820762e-05	0.00018500493024475873	0.0002125601429725066	0.0004947483339492464	1.1059512326028198e-05	2.7573802071856336e-06	0.000819495227187872	0.0008860940848535393	7.584112463518978e-05	0.006122118467465043	0.0016429664043243974	3.222986467947079e-45	0.0013198146669310517	0.0026397567824460568	0.0	0.00011174779501743615	0.030329945124685766	0.00022394339030142873	0.001560993352904916
G[C>G]C	8.077149395830929e-05	1.401298464324817e-45	0.0005905046709813178	0.00043098426540382205	0.0015096569492015987	0.001165201174444519	0.00015097574796527625	0.0007351029198616743	0.0029957995371660217	0.000544331909622997	0.00039452378987334666	0.0016909924743231386	0.0	0.0	0.00010015696752816439	0.003404890230061852	0.010989504307508469	0.0007617170731137434	1.4012984643248171e-46	0.018548428267240524	0.0041463847868726585	0.02618661317974329	0.022896139416843653	0.006466630455358313
G[C>G]G	0.0	8.914789759728592e-07	0.0	0.00011036540545319439	0.0002741882301052101	7.257134711835533e-06	1.0942178460027207e-05	0.0	4.091453540695511e-05	0.00010657567819603032	0.0001107770687667653	0.0	0.0	5.043139594818058e-09	6.574842700501904e-06	0.00038507941644638777	0.0009306276915594935	0.0005764059576904401	2.6259598598699085e-06	0.005153505515772849	0.000586145365377888	0.01836001584306359	0.004498940729536116	0.0015671883055944137
G[C>G]T	0.0004895742516964674	0.0009450490018934943	0.00018847644678317011	2.8799450956285e-05	0.0007284790626727045	0.000698405689036008	6.1549071688205e-05	0.0	0.0015932415626593865	1.4012984643248171e-46	0.0027123386971652508	0.0005945443339442136	0.0	0.00021336266904654623	8.407790785948902e-46	0.000586752500385046	0.001507222349755466	0.0015705037809069108	0.0	4.203895392974451e-46	0.0006995479401666671	0.05865307450294495	0.0009397841757163405	0.0007823862135410309
G[C>T]A	0.00011303422324999701	3.462183001925329e-07	2.330597965283232e-07	1.1321493786908832e-07	0.0008583924733102322	0.12585939423665876	0.0008737049797673535	0.0032167538852945717	0.002481955039377226	0.0014839511186835353	0.38354366421699526	8.473295565636362e-07	2.999932803504988e-07	0.004183922977040311	5.657981958506753e-07	1.1526534166250713e-06	0.0011130654270061768	0.002918295433755702	0.00013560934849010664	1.8067059462723022e-06	4.077149815780607e-12	8.310529460686667e-06	1.1100855807910648e-06	9.294795276559853e-07
G[C>T]C	0.014692401180764137	0.011411049284232177	1.8649340059795349e-06	1.5785193738793692e-07	1.908833752395367e-07	0.543755492568016	0.007076833942392113	1.4022941471125704e-06	0.004931697944641655	0.001522344068575876	3.138318561468623e-07	0.06533337047821916	0.0002828809897607698	0.0007791287845253514	2.33639605511371e-06	0.002208543753556569	0.0005522805890535665	0.0	0.0008454325036552745	2.9809459327623246e-07	0.0019416214083566529	5.585660574070062e-08	1.2125312593980198e-06	2.5869224600683085e-06
G[C>T]G	0.0062069233748729856	0.9575328886508941	0.0036131065901478187	0.045668434012964096	0.016752934103169536	0.009509458181400986	0.02462390043290626	0.0020519330376565395	1.616138233551112e-06	0.0028881048982839276	0.003826125408765884	0.008091202363266348	7.044864048566524e-07	0.006547991974405502	2.6564544214125246e-06	8.43096611333749e-06	2.8755999210261505e-06	1.0774462566587318e-08	0.0030614710277010694	0.0004862410994292077	0.003622155971424945	1.8216880036222623e-45	0.0021312690052769537	0.006143860646670873
G[C>T]T	0.0177405091898871	1.0959030980473016e-07	0.0036666066388988837	9.809089250273719e-46	0.010423684074956441	0.18606129586696624	0.005671394691165688	0.0029048968645724927	5.520283608007048e-09	9.781722383195302e-08	0.09866795808052302	0.15191126568242908	1.0753087025250352e-06	0.00702914757462878	0.1047792935316906	7.299989380271654e-06	0.014534602924245377	1.710906130369949e-05	0.0	1.4049316656894462e-05	0.012993899174034595	1.1469564498156614e-08	6.173805786602315e-08	7.006492321624085e-46
G[T>A]A	1.9887434609699996e-05	9.192876859742682e-07	3.373700078554975e-05	4.628521743654801e-08	0.0	1.4012984643248171e-46	0.0001536508156277705	0.0	0.0019719084855751136	0.00015160855223257387	0.0	0.0003713622514624149	3.052303370054687e-08	2.7878953915205783e-06	5.174157635678966e-09	0.0013570660787323163	4.119715304113924e-05	0.00019056069540965837	0.0	0.00044327015007823435	0.0007855361676774919	0.001961414581820975	0.03666108585894108	0.0019070497950920639
G[T>A]C	0.0	8.93156560792363e-05	0.0	3.999354989403514e-07	3.4248304814354927e-08	0.004947367706336081	0.0	0.003108453759341501	0.005274236528202891	0.001318791819799614	7.538985738067516e-43	0.0004743625468108803	0.00038334066048264506	0.0024132285424840914	0.0016966724768280983	0.011714941012647273	9.90674313072759e-07	0.00023304006988738034	0.001558832818409428	0.001071389975209769	2.973133675018835e-13	0.0005936553555969226	0.059566869586706164	0.00177212692797184
G[T>A]G	0.0	0.0	0.0	4.565332066874817e-06	1.0694623213680643e-07	0.00028675404901150613	0.0	0.00028039889832172095	0.0008141490281559527	0.0010942302891635337	0.0009294640971347689	0.0	3.081297812741468e-05	0.0	0.0	0.0017496667349341521	0.0003969905370805549	8.856557292347134e-05	0.0006206378119486544	0.0027079812755459896	2.8025969286496343e-46	0.006425608947381534	0.04576195627450943	0.0028322985634986254
G[T>A]T	0.0006022319663316012	0.0001437982547940919	0.0	0.0	0.0004488330101594329	0.00041764879897527863	0.00012203917576698586	0.0013413106673397124	1.4012984643248171e-46	0.0012964955356437712	4.279959568975755e-08	5.856602801941335e-05	0.006093436778064643	0.0005908308271500573	0.0018880166113376617	0.003290109101362759	0.0015962715430418938	5.484414577949792e-06	0.007996203564107417	0.003726161034150266	0.0020660476176999508	0.0010456807060336359	0.03596819862723351	0.001919068314055039
G[T>C]A	0.003117664926685393	6.468499418588181e-06	7.087007702466508e-07	2.5840199668891727e-08	4.592978900319622e-07	0.006720543022015591	0.0030837225608948415	0.009188745031133294	0.2857686147093773	3.406086546959841e-05	2.0056243599242407e-06	0.007995764361437096	8.485133538016498e-08	2.2559861513116174e-06	2.2611521330873074e-07	0.0	2.682730709580028e-07	0.0	0.0	2.2692933413281934e-06	7.510988950798491e-08	1.4012984643248171e-46	2.0966175166003964e-07	2.0068898720637662e-07
G[T>C]C	0.000642519532203778	1.727867441125852e-07	5.27783019066419e-08	9.970715657801888e-09	3.9977322989770415e-07	2.2742020334476364e-06	0.0024479330255680054	0.005108880479929212	0.02413430443934885	4.314348961997893e-06	6.201801795668871e-07	0.3621119990944862	5.209996373878312e-07	8.050362509948172e-08	4.6272608227289786e-07	2.6344956047807957e-07	2.508557591340832e-06	1.4012984643248171e-46	0.0006669768452354675	4.2976851730713863e-07	0.0005722622221483675	2.9195672368587112e-08	1.211590819139019e-06	1.9802818478353857e-07
G[T>C]G	7.663669777002724e-07	5.30107187707074e-05	4.8586122147753484e-08	7.461787987494973e-09	2.7846105865592106e-09	0.006614115134289023	0.003293376579131291	0.01303879488259554	0.18560028374195098	0.08005193807184696	8.885555047299931e-08	0.00926165493781356	3.947293805595109e-07	0.004686592282866231	2.404592237326142e-07	3.8653684697465e-09	0.00012284713143628778	1.707623574986883e-07	0.0020765888359164817	9.809089250273719e-46	0.0007922260330559538	0.0	4.492733793881598e-08	1.2227073398207908e-08
G[T>C]T	0.0013550322823519423	1.4012984643248171e-46	0.002704953653960729	2.8025969286496343e-46	0.008259611576795578	2.8025969286496343e-46	0.030851332657039165	5.678310990333557e-05	0.1628085657954216	1.4012984643248171e-46	1.2611686178923354e-45	0.01588530331828224	0.0010207103757693403	0.006324158268398605	0.015832923841662704	0.003225618358464999	0.00391629946170724	0.0	0.004478407697331477	0.004520998682710342	0.014438191094359353	0.0014642588570836779	5.6051938572992686e-46	0.0020336355759013715
G[T>G]A	3.9398236400992146e-39	0.0	1.5729820392351713e-05	0.0	0.0	0.0	0.00384674274828285	5.738161053159274e-06	0.0	0.0	3.075172799071879e-07	0.004229278885759413	4.476820322452113e-07	3.1644096452509986e-06	4.203895392974451e-46	0.0013307114131748676	0.0002846758347004652	2.9846092365914957e-05	0.0014161842143948888	0.00010060772715618782	3.086229876316793e-05	0.00962140099145472	0.004121669474989176	0.0027072372133943646
G[T>G]C	0.00016308814956431661	1.4012984643248171e-46	2.464259694079374e-08	0.0	7.333846951951273e-08	0.0	0.005107951501850038	0.0	0.0	0.0	0.0	0.028152121044695378	1.4012984643248171e-46	0.004673013843421359	0.0003935420665925449	0.0017513041029530996	1.031998635880882e-06	2.0202059706875275e-05	0.009558501141145825	3.000729066116037e-07	4.2072406358784065e-07	0.006315959849075625	1.634290867968957e-07	0.003330426510265738
G[T>G]G	4.097902106536821e-09	4.203895392974451e-46	3.756847632985228e-09	1.959997497635868e-09	0.0	0.0	0.0017446730984374882	0.0	0.0	0.00016508448582186475	0.0	0.01306770583614707	3.950618321368893e-09	0.007157517434097827	4.6890374505892396e-05	0.002501047239638865	0.0027953190670814364	4.68975827061513e-08	0.006594823440536857	0.0002988836110617399	0.0025658496454980194	0.021387523598968984	2.762969673414384e-06	0.004929030227754083
G[T>G]T	2.5916374362111583e-06	7.266155484160208e-05	9.705146197802605e-09	7.14034045543599e-06	5.6051938572992686e-46	2.680153784240247e-07	0.01125783808529377	0.00020724393216369207	4.6961068704831633e-07	4.047180129873595e-06	2.8025969286496343e-46	0.021976515371352433	5.28835428781349e-09	0.014158112043514848	6.487297980584117e-07	4.659250862459885e-07	1.0776051567518151e-06	0.0	0.10436546057462692	2.8819384283451656e-07	7.775191797065872e-07	5.44189396123329e-07	3.2583310087375137e-06	1.68148426382686e-07
T[C>A]A	0.018225267677735246	0.0	6.18633691829018e-08	0.0	1.1965327502139188e-07	0.0	0.04011731137771903	2.8025969286496343e-46	1.4012984643248171e-46	0.0	4.203895392974451e-46	1.6887923266040162e-06	1.9018390065639324e-05	3.6045241757795813e-06	3.270797627408228e-07	0.00022640483686870995	2.5223372357846708e-45	0.026756861548483356	6.9014056244043335e-06	0.0008298178392692534	0.4313228130340576	1.5703869177949825e-06	7.968635529209678e-08	0.04065625827371448
T[C>A]C	0.01369815828220453	0.00016275815432891249	0.001220290781930089	0.0024315140559338032	0.010474362596869468	4.203895392974451e-46	3.628879858297296e-06	0.0032887873239815235	3.796847886405885e-06	0.0006586904521100223	0.0006524419412016868	7.006492321624085e-46	1.6815581571897804e-45	0.04859431544318795	0.027488559694029392	0.028854281827807426	0.002585442643612623	0.023081066086888313	4.303302048356272e-05	0.01714299377053976	0.05043171476572752	0.022975937597220764	0.0017110629181843252	0.04738596770912409
T[C>A]G	0.004597759572789073	0.00011752580212487374	0.0	0.0	0.00032098109513754023	0.0001906328951008618	0.0019000568892806769	0.00039113834500312803	0.0	3.6631638067774475e-05	0.0002687769949293054	0.0	0.00033871579798869786	1.4012984643248171e-46	0.0	0.00699054666038137	0.0029087335436869923	0.004184495692607015	0.0004881686792941764	0.017463758261874317	0.036663008481264116	0.0033428591403847465	1.8314550986886503e-10	0.03228476662188769
T[C>A]T	0.7923075020313263	1.5130515720329643e-07	0.00015645051824009215	1.2611686178923354e-45	7.850557807387304e-07	1.549627086250589e-06	0.015073744176947911	0.0005877914457180112	4.791649102742212e-06	9.176323029436577e-07	7.047287538640076e-07	1.5953016941239184e-06	8.148783214423361e-07	0.000250829258311569	0.0010279570038136399	0.0001681973598778086	0.0002253315245724252	1.988233103134007e-06	2.021119321398146e-05	2.9773849021808017e-07	0.022075479723793024	3.29472265292452e-07	2.212000219969923e-06	6.443436120662227e-07
T[C>G]A	0.0	0.0	0.0	3.3869284266074828e-09	2.9500071363486315e-08	0.0	0.0	0.0	0.0	0.0	9.055560781234818e-08	8.331762728630565e-08	5.148482173922275e-09	1.0997492267961207e-07	5.5443749147343626e-09	1.4454331591196024e-06	6.143059039231957e-09	0.2591383934020996	7.985167655988335e-08	3.7659695379943513e-07	9.885103929824055e-37	2.1800140285677116e-05	1.9892979139513045e-07	1.8192966951602329e-06
T[C>G]C	0.0	5.041180338595677e-06	0.0	0.00023965219079400413	4.141333629377186e-05	1.4012984643248171e-46	2.78502451692475e-05	0.0	0.0003783961248700507	4.203895392974451e-46	0.0	8.791269938228652e-05	0.0	0.0	3.045699268113822e-05	0.0010396393248811365	1.4012984643248171e-46	0.08726661652326584	8.843788164085709e-05	0.0011027310043573379	0.0007144782692193985	0.04638830684125424	0.0038584933266974986	2.9185094172134994e-05
T[C>G]G	4.909539441655397e-09	3.524153416947229e-05	1.233059547303128e-05	4.061199779243907e-05	2.9980597901158035e-05	5.6051938572992686e-46	0.0	0.0	0.0	0.0	7.488414412364364e-05	2.440290518279653e-06	5.2534622955136e-05	0.0	2.9221581644378603e-05	5.7356199249625206e-05	0.0	0.02676112838089466	0.0002397927426500246	0.004339702698504766	0.00014619309367844835	0.022848690492696732	0.001369924853406701	0.0020656503281543336
T[C>G]T	7.935492612887174e-05	0.0	0.0	0.0	0.0	0.0	2.2162361710797994e-05	2.555505970435239e-41	0.00018915699365606997	0.0	0.0	1.4012984643248171e-46	0.0	0.0001213985769595638	6.341876996884821e-07	3.247058202759945e-07	0.00040541879093325406	0.33269509077072146	0.00024854727316778733	3.9641293958250556e-22	8.529506995340746e-05	0.01907047648375624	3.735231577053355e-05	4.498284056353441e-08
T[C>T]A	0.0007917929871723572	0.00021089725158702778	0.0018693943507969379	3.494521204601142e-05	0.00016885194219184996	0.00019949417159068617	4.906606271219971e-05	0.006434292912399542	0.002773299349792069	0.00012833646073628913	0.015322348850281742	0.000316723103867389	0.00476051849908572	4.896794507658342e-07	0.02970975562930107	0.3852417789032273	3.0243682317632193e-06	0.1387389956093273	0.002957882697427294	0.0013298271956841746	0.003819528072176581	2.8025969286496343e-46	0.009733505060965797	0.0023275556434853685
T[C>T]C	0.005467261280864477	0.0062587752183162594	0.011851940304040909	0.0013397997733164857	0.00603834766487239	0.00510373773850172	2.3048340153781415e-06	0.005980952084064484	0.002320851986053495	0.00045110168866813183	5.21743277204223e-07	0.013197017660925781	0.06524307260117723	0.0046544985845685	0.3605372026562691	0.08710475363768637	0.001121179247274995	0.018271551540487964	0.0014178600278683007	0.02631961009465158	0.01751795766176656	0.0005701559835870285	0.0035257726442068813	0.0018284572288393974
T[C>T]G	0.009299217537175272	0.00485783922870271	0.9337075114250183	0.03749984657970344	0.025781740207184788	3.4629284022567535e-07	0.013958930308369722	0.011597551348637462	0.0009498218684825588	0.0032449666658236295	2.670404788359069e-06	0.029300763349587554	1.0967745504332973e-32	3.9351521354605106e-07	5.149269043158711e-07	0.0028405148685749283	4.108953135073534e-07	6.804882260667e-05	0.0004930126874000962	5.785514645140213e-07	0.011285946434372817	5.6051938572992686e-46	4.903249565709143e-20	2.448121051656926e-07
T[C>T]T	0.03943734420463443	0.0	0.031377403904730275	0.0	0.023379331082105638	5.6051938572992686e-46	0.008018489597342403	0.001658529997957138	0.0013549786207988745	1.321832598932815e-08	8.407790785948902e-46	0.001348315122874462	0.029943215350135687	0.00034020039367419483	0.2440770983695984	0.1574481636285782	4.476575909961866e-08	0.04329901113151209	4.203895392974451e-46	0.0003358965125926261	0.0027929889810963003	5.0514235994114644e-08	0.000763087346686575	1.606424717692789e-08
T[T>A]A	0.00026501703226813336	4.705669596205553e-08	0.0	0.0004718881830577004	0.000983003613873734	0.00015209364682959857	0.001675738737685606	0.00016368418000638484	0.0006770921987481415	0.00038928490205449864	0.0010348457499731011	2.6208791717863277e-05	0.0	5.6051938572992686e-46	1.4012984643248171e-46	0.0025557900167541446	0.0017216601098425598	5.305923806986357e-08	4.203895392974451e-46	0.0038714558822292135	0.0037711180935730225	1.8041964722215197e-08	0.049892371892929076	0.008176435564018902
T[T>A]C	0.00013403589255176485	3.4226219118382124e-16	0.00011627705227294713	3.02534710499458e-05	0.0017998453695327044	3.118277381872758e-05	0.000956578238401562	5.272173439152539e-05	0.0006029753247275948	5.7378114433959126e-05	0.0001805234351195395	1.9241662812419236e-05	0.0002280404428120164	0.004430082568433136	0.004359092928643804	0.004249260760843754	8.34042855331063e-05	0.00011585304312546895	0.0027714290074072776	0.0008395291864871979	0.005528613534988835	0.0038071185527883246	0.04428761303424835	0.00360236687454627
T[T>A]G	0.0009275710297515615	0.0	1.4012984643248171e-46	0.0	1.9221119585211e-05	1.4012984643248171e-46	0.0007543795185483759	1.5495521438424476e-06	0.00018397591347820707	0.00025610336515455854	5.74615642108256e-06	4.203895392974451e-46	1.954070043552747e-08	0.00013361461606109515	0.00011023947736248374	0.005560641854085802	0.00025587710191530275	8.43908201204613e-06	0.0013135371336829849	0.005708668458191823	0.0007923430086862026	0.0030718759175428546	0.023325331788510085	0.005661100137840336
T[T>A]T	0.005064421391580254	1.4012984643248171e-46	2.8025969286496343e-46	0.00020403617236297578	0.0025202116547006883	1.4012984643248171e-46	0.003998182201758027	1.4012984643248171e-46	0.00015900543658062816	7.161411340348423e-05	0.001972265017366226	1.398674100983044e-08	4.9811907707919545e-05	0.002111751347547397	0.0021952984987741787	0.0066456861793994905	0.002056653430190636	5.6051938572992686e-46	0.0056454658973962065	0.005113993328996003	0.00864940602768911	0.0053021449558457836	0.0295658671297133	0.012008879962377251
T[T>C]A	0.0027576198495808057	1.4012984643248171e-46	4.203895392974451e-46	1.4012984643248171e-46	0.002371968701507551	0.0001867928139172137	0.0034467705350834875	0.0029467887562077523	0.06930834352970124	7.88582292443607e-07	0.01211328455246985	8.610378135927021e-05	0.0003451868764386745	1.4012984643248171e-46	0.0008988453163453868	0.00594348759939507	0.031454774319701076	9.588956309016793e-05	0.0007193427562015131	0.01301178504538143	0.0002725697518570769	0.0010738986007027052	0.008533128904218756	0.0008633190248403366
T[T>C]C	3.194245218764991e-05	0.0004600935124926764	3.1562770175241894e-09	0.00019781655023223265	6.30695019765426e-08	0.004686261853203201	0.01705460802443213	0.006866961624473334	0.023037673945472646	0.007904757654614514	0.0008572593181270349	0.049793153814971444	0.004554393798433409	0.0034716809866949918	0.0062428829725832986	0.006343571720651653	0.11429022550582886	0.00027512944625982525	0.0015000845087342896	0.0013954048044979605	6.130630208645016e-06	0.0005300634773448109	6.897559413232557e-06	0.002645967413944561
T[T>C]G	0.002997717018297408	1.863105154598088e-08	3.175827609993576e-05	1.4012984643248171e-46	0.0007899851538240909	0.004279424641208607	0.008463136038739095	0.004257218477766856	0.027199087711051107	0.05204025264829397	0.025112826749682425	4.203895392974451e-46	1.3083198879826341e-08	0.0001330381757043142	1.612382163784787e-07	4.203895392974451e-46	0.06953727705404163	2.9649616408278233e-06	0.0007464752571969768	1.5820583598724626e-08	9.705867398679401e-09	0.0	4.193432431520705e-07	1.1210387714598537e-45
T[T>C]T	0.0025909239513566716	8.704140071813527e-07	1.9926462755393004e-07	1.5276450603170374e-23	0.0004015086678919033	0.0002844022331373708	0.020595731149660422	0.001779331429861486	0.022621316488221056	0.00443145234972917	0.003812633725542014	0.0005364254030837401	0.008105984258708076	0.0035343509364224703	0.007281498983502388	0.008315034672588695	0.1197872145101428	0.0	0.000742109096609056	2.808570798151777e-08	0.008340557804331183	3.4014654534075814e-05	0.005253715739428344	2.8025969286496343e-46
T[T>G]A	0.00020637302659451962	0.0	0.0	0.0	0.0	0.0	0.026966997236013413	0.0	0.00014520515985765313	9.596871741734958e-10	0.0	0.0	1.6085753173911144e-09	0.0	0.0	0.002034473934986636	9.507349110648988e-07	7.37142181606032e-05	1.1712631648208572e-05	0.0010106869332958013	0.03806723523885012	0.0034682329169527294	0.0011728871528859485	0.0027265830469090702
T[T>G]C	0.0	0.00010123441461783781	0.000936975202079017	5.565298621945658e-09	1.3506252116712858e-07	2.8025969286496343e-46	0.039085681550204754	0.0	0.0002170118736103177	0.0	2.8025969286496343e-46	0.0035748825524933637	0.0008115694626098958	0.009529199451208115	0.013406684086658061	0.0027352719615464593	0.005633499845862389	0.00012045870535679626	0.0074665640946477655	1.4012984643248171e-46	0.0007379141308547332	0.0052381485747446275	7.433258647893126e-05	0.0017483914023159741
T[T>G]G	0.0004912879943731241	0.0	0.0001547952531836927	0.000226990639930591	0.0003130478464299813	9.715756750665605e-05	0.010185978095978498	0.00017114489746745677	9.406997814949136e-05	0.001133371767355129	0.0010770308959763496	1.4012984643248171e-46	2.4364201817661523e-05	0.000241346366237849	0.0015962388832122087	0.003113267017761246	0.0019455519039183855	6.844099661975633e-05	0.002478632581187412	0.0008325787202920765	0.004113083292031661	0.01880747526884079	0.002488071459811182	0.008404202107340098
T[T>G]T	0.00012717133101887158	0.0	4.5057722573016436e-07	0.0	1.0312269864698464e-07	1.1210387714598537e-45	0.41732182502746584	0.0003785264345424366	2.382207389352189e-45	0.0	2.01685480760716e-08	7.511989451813861e-07	2.2220757894153566e-06	0.0007067257278094985	0.0002632612243250065	3.234972595578256e-07	0.014332354152267612	0.0	0.0030306036305091768	8.28607539915538e-08	0.00043027818264445016	7.622927340023012e-07	8.700421297191951e-07	6.086705177210661e-07
