MutationType	SBS96A	SBS96B	SBS96C	SBS96D	SBS96E	SBS96F	SBS96G	SBS96H	SBS96I	SBS96J	SBS96K	SBS96L	SBS96M	SBS96N	SBS96O	SBS96P	SBS96Q	SBS96R	SBS96S	SBS96T	SBS96U	SBS96V	SBS96W	SBS96X
A[C>A]A	2.41E-04	0.00E+00	3.10E-46	2.85E-04	1.92E-04	2.14E-46	1.39E-04	7.96E-05	2.05E-04	1.54E-04	1.40E-46	1.52E-27	1.40E-46	1.06E-04	4.31E-46	6.75E-03	5.94E-05	1.25E-04	2.05E-04	1.20E-03	1.73E-03	6.58E-03	2.29E-03	1.55E-02
A[C>A]C	2.13E-04	1.40E-46	1.09E-04	5.89E-05	1.96E-03	2.87E-04	4.31E-04	6.66E-04	1.39E-04	5.09E-04	2.55E-03	1.22E-04	1.53E-03	2.56E-03	2.06E-03	2.08E-02	2.26E-03	1.87E-46	5.15E-05	1.06E-03	4.63E-03	4.60E-03	1.51E-03	1.20E-02
A[C>A]G	1.30E-04	0.00E+00	0.00E+00	9.22E-06	3.66E-04	2.80E-46	0.00E+00	4.18E-05	2.34E-06	1.83E-04	2.36E-04	0.00E+00	2.65E-04	1.65E-04	1.91E-04	4.96E-03	8.89E-04	2.71E-05	1.06E-04	2.64E-03	8.80E-04	2.51E-03	5.31E-04	4.74E-03
A[C>A]T	2.67E-03	2.32E-08	1.39E-08	0.00E+00	2.55E-02	4.20E-46	3.40E-04	1.37E-03	1.79E-04	1.48E-07	2.85E-03	5.75E-05	2.57E-03	2.78E-02	2.66E-02	1.88E-07	8.51E-04	0.00E+00	4.66E-05	2.08E-07	4.79E-02	1.28E-03	2.37E-04	2.71E-03
A[C>G]A	6.43E-05	3.30E-04	1.22E-04	5.97E-04	8.37E-05	9.04E-05	1.79E-04	8.41E-46	1.19E-04	0.00E+00	5.08E-04	2.21E-04	8.69E-05	2.57E-04	6.32E-04	1.33E-03	5.38E-04	3.99E-04	4.78E-05	1.42E-04	8.90E-04	2.79E-03	1.40E-46	1.93E-04
A[C>G]C	1.46E-05	5.62E-05	5.21E-05	1.12E-04	4.31E-04	9.01E-18	1.20E-04	2.91E-04	2.25E-04	1.87E-46	2.65E-04	4.75E-04	0.00E+00	0.00E+00	0.00E+00	6.37E-04	9.44E-04	3.29E-04	2.77E-04	3.14E-03	9.70E-04	2.97E-03	2.56E-04	3.76E-03
A[C>G]G	4.25E-06	0.00E+00	0.00E+00	5.53E-06	8.58E-05	0.00E+00	2.06E-05	4.47E-06	1.73E-05	9.86E-05	7.28E-05	1.40E-46	8.28E-05	1.54E-05	1.01E-07	3.49E-07	1.04E-04	1.78E-04	2.84E-05	6.84E-03	3.58E-04	4.34E-03	2.22E-05	1.03E-03
A[C>G]T	5.69E-05	9.67E-05	1.15E-05	3.34E-04	3.40E-04	1.56E-05	1.01E-04	2.70E-04	2.24E-04	4.80E-04	8.94E-05	1.24E-42	0.00E+00	2.50E-05	8.06E-05	2.14E-03	2.96E-03	3.52E-04	7.23E-05	7.73E-03	1.07E-03	2.11E-03	1.15E-03	2.04E-03
A[C>T]A	1.95E-04	6.30E-07	3.04E-05	4.09E-08	3.56E-02	3.52E-03	2.61E-04	7.78E-03	4.94E-07	1.32E-06	4.55E-02	1.80E-03	4.38E-03	1.31E-03	6.10E-06	7.74E-04	2.04E-02	2.87E-04	9.25E-04	1.86E-02	2.00E-04	4.09E-04	5.41E-02	4.32E-03
A[C>T]C	7.01E-04	1.32E-03	1.96E-08	7.06E-08	1.02E-02	7.16E-03	1.14E-03	4.18E-03	1.22E-03	1.07E-03	2.49E-02	2.60E-03	1.08E-02	1.04E-02	8.08E-07	1.40E-46	2.44E-02	0.00E+00	8.85E-05	5.04E-03	2.58E-04	1.08E-04	8.76E-03	4.29E-08
A[C>T]G	3.94E-03	2.74E-03	5.38E-07	6.93E-02	9.63E-02	4.67E-03	4.77E-03	1.21E-02	1.74E-03	1.19E-03	9.43E-03	9.17E-03	2.02E-07	4.26E-03	1.52E-02	3.21E-06	1.88E-06	1.38E-04	9.02E-04	9.52E-03	1.57E-02	1.05E-04	5.27E-03	2.04E-03
A[C>T]T	1.30E-03	4.45E-07	4.20E-04	2.02E-04	1.25E-02	6.43E-04	1.61E-03	3.06E-03	3.83E-04	8.96E-05	2.78E-02	2.02E-03	9.73E-03	1.37E-02	3.66E-03	4.49E-03	3.07E-02	0.00E+00	1.38E-04	1.96E-03	3.03E-03	2.36E-08	2.20E-02	1.68E-03
A[T>A]A	1.06E-04	1.81E-08	1.40E-46	4.81E-08	1.30E-04	2.90E-05	1.59E-04	1.87E-46	1.29E-03	0.00E+00	1.86E-04	7.40E-33	2.67E-06	1.47E-04	2.65E-04	5.52E-03	2.25E-07	5.94E-06	0.00E+00	8.46E-08	6.47E-04	1.43E-04	7.48E-03	3.05E-03
A[T>A]C	1.75E-05	9.64E-05	1.64E-08	4.17E-08	1.80E-07	6.25E-04	1.22E-07	4.77E-04	2.57E-03	1.95E-04	8.88E-07	2.34E-04	1.40E-46	2.96E-05	5.01E-09	1.44E-02	9.97E-04	4.41E-05	2.92E-04	9.47E-04	5.98E-08	6.05E-09	1.49E-02	4.21E-03
A[T>A]G	0.00E+00	2.80E-46	1.40E-46	0.00E+00	5.33E-05	3.43E-06	0.00E+00	1.42E-04	1.01E-04	4.68E-05	8.97E-05	1.47E-04	1.60E-04	6.08E-08	2.85E-04	7.32E-04	2.99E-46	8.99E-05	2.46E-04	6.49E-03	7.73E-05	2.37E-03	5.65E-03	4.73E-03
A[T>A]T	3.83E-04	3.64E-04	1.19E-08	2.13E-04	1.63E-03	1.68E-08	6.09E-04	1.12E-03	1.53E-04	1.91E-03	6.65E-04	0.00E+00	1.98E-04	0.00E+00	1.45E-03	2.88E-03	1.85E-03	1.31E-05	1.42E-04	3.07E-03	1.04E-03	0.00E+00	4.80E-03	3.55E-03
A[T>C]A	2.99E-46	2.26E-04	1.25E-04	7.41E-04	1.45E-03	6.60E-04	1.15E-03	2.04E-03	3.89E-03	3.71E-03	2.71E-03	3.62E-03	1.24E-03	4.68E-04	2.34E-03	6.01E-03	1.06E-02	2.32E-05	0.00E+00	8.98E-03	5.65E-04	4.05E-03	1.17E-02	3.73E-03
A[T>C]C	1.71E-04	4.28E-46	2.80E-46	9.76E-06	2.80E-04	3.50E-46	1.52E-03	1.81E-04	1.89E-03	3.52E-03	8.77E-15	8.10E-03	1.47E-04	2.25E-03	2.78E-03	2.99E-46	1.31E-02	2.04E-04	6.05E-04	4.52E-03	5.84E-03	2.54E-03	1.10E-08	2.68E-03
A[T>C]G	1.50E-05	1.05E-06	8.62E-06	1.14E-05	5.02E-04	1.09E-03	1.27E-03	4.20E-46	1.87E-03	1.20E-02	2.29E-03	6.55E-04	1.42E-06	2.08E-03	2.00E-03	2.73E-03	1.40E-02	6.48E-05	0.00E+00	1.81E-07	5.64E-03	7.30E-07	3.23E-07	3.72E-03
A[T>C]T	3.13E-46	3.74E-46	3.10E-46	2.37E-04	1.56E-03	1.40E-46	2.01E-03	1.14E-03	3.94E-03	1.96E-03	1.09E-03	1.50E-03	1.87E-03	1.13E-03	3.90E-03	1.04E-02	1.29E-02	6.93E-05	9.29E-05	1.21E-02	3.22E-03	4.39E-03	4.44E-03	1.36E-02
A[T>G]A	1.81E-05	0.00E+00	0.00E+00	0.00E+00	4.87E-05	0.00E+00	7.79E-04	0.00E+00	9.65E-05	3.11E-05	0.00E+00	0.00E+00	0.00E+00	3.30E-05	0.00E+00	1.61E-03	2.24E-03	5.96E-05	3.35E-04	1.64E-03	2.38E-03	7.96E-04	1.13E-03	1.97E-03
A[T>G]C	6.56E-43	1.40E-46	1.40E-46	1.69E-04	3.01E-04	1.40E-46	8.84E-04	0.00E+00	5.94E-04	3.94E-04	0.00E+00	2.33E-03	0.00E+00	9.49E-04	7.06E-04	1.61E-04	2.54E-03	5.74E-05	4.30E-04	0.00E+00	5.60E-04	1.19E-03	1.37E-03	1.36E-03
A[T>G]G	9.80E-05	9.29E-07	6.87E-05	8.06E-05	6.68E-04	0.00E+00	7.40E-04	0.00E+00	2.73E-04	2.16E-04	0.00E+00	5.90E-04	0.00E+00	7.74E-04	4.62E-04	3.11E-03	2.04E-03	5.36E-05	4.17E-04	5.83E-46	1.11E-03	1.50E-03	4.74E-04	2.13E-03
A[T>G]T	4.08E-04	3.25E-08	1.87E-46	0.00E+00	4.28E-03	1.87E-46	4.39E-03	2.80E-46	2.50E-04	3.12E-05	0.00E+00	5.38E-04	4.36E-07	4.86E-03	5.31E-03	1.28E-07	3.56E-03	2.21E-07	9.91E-04	0.00E+00	6.94E-03	1.37E-07	7.38E-06	6.57E-09
C[C>A]A	5.31E-04	2.14E-46	4.45E-04	2.99E-46	2.29E-46	3.65E-46	2.06E-04	5.06E-03	5.93E-04	2.33E-03	3.13E-46	1.28E-03	2.29E-46	3.41E-03	4.20E-46	1.37E-02	6.07E-04	2.05E-04	4.63E-04	3.17E-02	2.02E-03	4.70E-03	5.61E-08	1.55E-02
C[C>A]C	1.10E-04	9.62E-10	2.33E-05	3.65E-08	1.79E-07	5.19E-03	2.37E-04	1.15E-02	2.38E-05	1.10E-02	5.76E-03	1.53E-04	1.39E-07	8.69E-03	1.26E-08	1.15E-07	5.26E-02	5.86E-05	2.02E-05	4.36E-02	2.64E-02	4.58E-03	8.27E-08	2.94E-02
C[C>A]G	1.99E-04	4.39E-04	3.15E-09	2.53E-08	1.03E-03	1.78E-03	1.40E-46	4.73E-03	9.87E-05	5.93E-03	1.32E-03	5.14E-07	1.19E-05	1.32E-03	3.11E-07	1.21E-08	9.66E-03	0.00E+00	0.00E+00	2.12E-02	3.20E-04	2.11E-04	9.77E-05	1.72E-02
C[C>A]T	1.33E-03	1.32E-07	3.12E-07	9.91E-08	3.16E-07	1.80E-04	4.64E-07	4.03E-02	1.06E-06	9.58E-07	3.76E-05	3.59E-06	2.94E-07	4.79E-04	1.20E-04	4.47E-07	2.49E-07	0.00E+00	0.00E+00	1.21E-04	3.37E-02	1.79E-07	3.95E-07	2.74E-07
C[C>G]A	0.00E+00	0.00E+00	4.70E-10	1.35E-07	0.00E+00	0.00E+00	0.00E+00	0.00E+00	1.32E-06	0.00E+00	3.35E-05	0.00E+00	6.56E-05	1.90E-05	1.87E-07	2.48E-04	0.00E+00	7.97E-04	3.22E-04	7.20E-08	0.00E+00	2.82E-03	1.70E-07	2.61E-04
C[C>G]C	3.14E-06	0.00E+00	6.11E-06	0.00E+00	0.00E+00	0.00E+00	7.11E-08	0.00E+00	5.52E-05	0.00E+00	0.00E+00	1.22E-04	0.00E+00	0.00E+00	1.40E-46	7.93E-05	4.26E-09	2.11E-04	1.41E-04	2.20E-04	3.88E-05	3.41E-03	2.53E-04	4.21E-08
C[C>G]G	0.00E+00	3.00E-07	3.86E-07	2.74E-06	1.84E-04	0.00E+00	0.00E+00	1.11E-04	1.40E-46	1.55E-04	1.58E-04	0.00E+00	1.41E-04	0.00E+00	3.24E-04	1.09E-05	1.32E-04	7.96E-07	7.32E-05	7.90E-03	2.07E-05	5.14E-03	3.27E-05	2.18E-04
C[C>G]T	4.17E-05	5.17E-06	1.82E-05	1.40E-46	2.80E-46	8.84E-06	3.19E-05	0.00E+00	1.02E-04	1.08E-05	5.61E-46	2.55E-06	8.81E-06	1.40E-46	0.00E+00	2.57E-08	1.74E-04	5.99E-04	1.87E-46	1.73E-05	4.28E-04	4.61E-03	6.46E-06	3.95E-08
C[C>T]A	4.02E-07	1.52E-45	9.15E-05	9.58E-05	6.68E-04	2.34E-46	1.67E-04	2.02E-03	7.46E-08	1.67E-03	2.67E-03	3.55E-04	1.78E-02	2.08E-06	2.34E-03	3.38E-02	6.55E-05	1.82E-03	1.15E-03	4.13E-02	8.34E-07	2.39E-04	6.83E-03	1.48E-02
C[C>T]C	2.22E-04	4.84E-07	9.15E-08	8.77E-04	8.80E-05	3.85E-03	5.05E-04	3.57E-03	1.29E-03	1.45E-03	6.35E-08	9.09E-04	1.98E-02	2.02E-07	2.27E-03	1.97E-04	4.96E-07	1.61E-04	2.21E-04	1.92E-02	7.75E-04	0.00E+00	1.33E-07	1.21E-03
C[C>T]G	2.21E-03	5.92E-04	2.21E-03	7.33E-02	5.95E-03	1.24E-02	2.47E-03	7.82E-03	1.06E-03	1.56E-03	1.33E-02	4.59E-03	2.85E-02	3.02E-02	5.19E-03	5.63E-04	2.98E-04	7.12E-04	1.41E-03	2.23E-02	5.29E-07	6.86E-08	1.60E-06	1.90E-02
C[C>T]T	4.65E-04	7.38E-07	5.93E-05	2.34E-46	1.09E-08	1.25E-03	9.25E-04	4.35E-03	7.06E-04	1.80E-03	7.23E-03	2.56E-03	1.28E-02	5.35E-03	5.42E-03	3.84E-03	4.14E-03	7.12E-04	5.37E-04	8.60E-03	2.26E-03	2.86E-03	1.57E-26	3.06E-03
C[T>A]A	2.20E-05	0.00E+00	1.63E-05	0.00E+00	0.00E+00	0.00E+00	3.62E-05	6.20E-06	1.48E-04	2.77E-08	0.00E+00	2.91E-05	1.40E-46	7.42E-09	2.93E-05	7.71E-05	0.00E+00	8.36E-05	1.87E-04	9.42E-05	5.62E-46	1.28E-03	4.07E-03	2.72E-03
C[T>A]C	0.00E+00	7.45E-05	0.00E+00	5.55E-46	2.33E-08	7.50E-04	1.40E-46	1.24E-04	2.23E-04	1.40E-03	9.51E-04	1.12E-04	7.04E-04	1.52E-03	2.34E-46	2.85E-03	5.00E-03	4.77E-05	5.15E-04	1.78E-03	6.89E-05	1.98E-03	5.96E-03	3.38E-03
C[T>A]G	1.21E-04	1.87E-46	1.40E-46	1.01E-05	5.02E-05	1.36E-04	1.22E-04	3.31E-05	3.07E-04	5.04E-04	2.14E-46	8.77E-06	8.35E-09	1.42E-04	2.33E-04	8.03E-03	2.04E-04	6.69E-05	2.56E-04	2.80E-03	9.87E-04	3.97E-03	8.47E-03	5.22E-03
C[T>A]T	2.02E-04	0.00E+00	1.40E-46	1.40E-46	1.13E-03	0.00E+00	0.00E+00	2.08E-04	0.00E+00	5.27E-05	1.12E-45	0.00E+00	1.07E-03	1.17E-03	1.40E-03	4.95E-03	4.08E-04	8.50E-06	8.95E-04	1.22E-03	2.41E-03	2.64E-03	3.62E-03	2.62E-03
C[T>C]A	8.36E-05	1.40E-46	0.00E+00	1.17E-07	5.36E-07	2.14E-46	1.13E-25	1.27E-03	2.43E-03	3.12E-03	3.53E-05	0.00E+00	1.82E-07	4.31E-46	6.73E-03	5.92E-03	3.91E-03	0.00E+00	7.69E-04	4.58E-03	4.05E-04	2.39E-04	6.38E-03	3.68E-03
C[T>C]C	6.40E-05	3.73E-04	6.11E-18	1.45E-04	2.29E-04	4.27E-04	1.27E-07	4.83E-04	2.13E-03	6.73E-03	1.10E-45	2.77E-03	7.48E-03	2.44E-03	2.83E-02	2.32E-05	1.64E-02	2.22E-05	4.30E-03	1.31E-02	7.44E-08	1.53E-04	1.10E-03	1.74E-03
C[T>C]G	4.37E-05	2.62E-07	7.87E-08	2.07E-08	7.78E-08	4.92E-04	7.22E-04	5.03E-03	8.41E-04	1.08E-02	8.20E-07	2.42E-04	1.75E-07	1.19E-07	1.04E-05	3.98E-08	9.95E-03	0.00E+00	1.71E-03	5.39E-03	1.68E-07	2.80E-46	2.59E-04	5.26E-08
C[T>C]T	4.65E-08	0.00E+00	1.40E-46	6.59E-08	1.05E-04	7.75E-09	2.92E-05	4.47E-25	2.16E-03	7.44E-03	3.24E-03	0.00E+00	3.91E-03	1.59E-08	2.91E-02	4.98E-03	1.77E-02	1.58E-04	6.09E-03	3.10E-03	1.50E-03	1.61E-07	1.85E-03	2.98E-03
C[T>G]A	6.47E-05	2.76E-06	3.87E-05	2.45E-05	2.99E-46	0.00E+00	9.21E-04	1.49E-05	1.02E-04	3.37E-04	0.00E+00	3.32E-04	5.73E-09	0.00E+00	8.35E-04	1.61E-03	1.98E-03	6.71E-06	2.26E-04	2.19E-03	1.69E-03	7.63E-04	7.45E-04	1.73E-03
C[T>G]C	0.00E+00	1.58E-04	1.99E-04	5.70E-04	7.80E-04	1.40E-46	7.54E-04	1.40E-46	3.14E-04	3.36E-03	1.87E-46	1.10E-03	1.40E-46	7.94E-04	1.61E-03	1.90E-03	1.26E-02	8.04E-05	8.50E-04	1.46E-08	1.05E-02	1.99E-03	5.02E-04	2.41E-03
C[T>G]G	7.24E-05	3.14E-04	2.51E-04	3.63E-04	4.46E-04	0.00E+00	1.09E-03	2.90E-04	1.54E-04	5.32E-03	0.00E+00	2.01E-03	3.03E-08	4.78E-04	2.32E-07	1.40E-46	1.82E-02	0.00E+00	8.73E-04	3.82E-03	1.63E-02	4.13E-03	3.42E-08	3.93E-03
C[T>G]T	1.53E-03	2.89E-07	2.11E-07	1.87E-46	2.12E-07	4.99E-05	4.23E-03	1.10E-03	1.49E-04	2.14E-46	7.72E-08	1.90E-03	5.44E-08	8.13E-07	4.05E-07	0.00E+00	2.81E-07	0.00E+00	5.93E-03	8.66E-09	1.64E-03	0.00E+00	3.06E-08	0.00E+00
G[C>A]A	2.58E-04	2.81E-04	3.88E-04	1.87E-46	2.84E-04	7.36E-04	9.43E-05	5.00E-04	1.40E-04	0.00E+00	9.71E-32	5.89E-04	3.42E-07	1.13E-03	4.74E-08	1.54E-04	2.73E-04	0.00E+00	7.46E-04	1.01E-03	1.03E-03	7.29E-03	2.14E-46	1.98E-02
G[C>A]C	4.57E-08	6.13E-04	2.99E-46	8.35E-08	8.28E-09	2.78E-03	7.57E-04	0.00E+00	1.00E-03	7.94E-04	2.14E-46	2.20E-03	2.26E-03	4.44E-03	2.31E-03	1.62E-02	2.02E-03	7.45E-05	8.04E-05	1.66E-02	5.53E-03	4.33E-03	5.49E-03	9.26E-03
G[C>A]G	1.40E-46	4.94E-04	0.00E+00	4.30E-04	2.65E-04	8.45E-04	0.00E+00	1.40E-04	8.49E-05	3.85E-04	3.46E-04	3.44E-04	1.87E-46	8.46E-04	1.06E-08	2.93E-03	2.26E-03	1.19E-04	1.50E-04	7.52E-03	8.85E-04	1.88E-03	1.40E-03	7.28E-03
G[C>A]T	1.11E-03	9.75E-06	2.27E-07	2.14E-46	1.10E-04	1.41E-03	9.56E-04	4.20E-03	5.36E-07	7.26E-08	1.91E-08	1.11E-02	2.19E-07	3.13E-02	1.05E-07	8.99E-08	1.79E-07	0.00E+00	0.00E+00	3.07E-07	1.31E-06	1.49E-07	1.79E-07	2.94E-07
G[C>G]A	4.16E-05	7.01E-05	1.01E-04	3.82E-04	2.63E-04	1.53E-05	9.53E-05	1.02E-04	1.55E-04	1.11E-05	2.76E-06	3.16E-04	5.67E-04	7.58E-05	1.71E-03	1.49E-03	1.76E-45	3.08E-04	4.15E-04	0.00E+00	8.93E-05	1.76E-03	1.83E-04	1.16E-03
G[C>G]C	6.75E-05	2.95E-46	1.33E-04	2.36E-04	5.07E-04	4.13E-04	9.04E-05	7.35E-04	7.38E-04	4.48E-04	3.58E-04	5.72E-04	0.00E+00	0.00E+00	1.00E-04	3.40E-03	7.33E-03	1.70E-04	1.40E-46	6.17E-03	4.01E-03	2.48E-03	4.67E-03	4.52E-03
G[C>G]G	0.00E+00	8.91E-07	0.00E+00	6.93E-05	1.28E-04	7.26E-06	9.11E-06	0.00E+00	4.08E-05	7.52E-05	6.21E-05	0.00E+00	0.00E+00	5.04E-09	6.57E-06	3.66E-04	8.24E-04	1.07E-04	2.63E-06	4.04E-03	5.52E-04	2.26E-03	1.37E-03	1.18E-03
G[C>G]T	5.91E-05	1.51E-04	1.12E-04	2.88E-05	2.27E-04	4.31E-04	6.15E-05	0.00E+00	2.27E-04	1.40E-46	7.21E-04	3.64E-04	0.00E+00	1.54E-04	5.61E-46	3.30E-04	9.58E-04	3.83E-04	0.00E+00	2.14E-46	4.24E-04	3.43E-03	4.96E-04	7.82E-04
G[C>T]A	1.07E-04	2.55E-07	1.82E-07	7.78E-08	8.58E-04	3.92E-02	6.19E-04	3.11E-03	1.31E-03	1.12E-03	8.92E-02	8.47E-07	3.00E-07	4.10E-03	4.89E-07	5.35E-07	7.52E-04	8.82E-04	1.35E-04	1.60E-06	4.08E-12	8.09E-06	4.44E-07	6.08E-07
G[C>T]C	4.03E-03	9.67E-03	8.85E-07	9.75E-08	1.13E-07	5.45E-02	4.01E-03	9.31E-07	4.93E-03	1.32E-03	3.14E-07	3.57E-02	2.82E-04	7.79E-04	1.38E-06	2.21E-03	5.50E-04	0.00E+00	4.65E-04	1.96E-07	1.94E-03	5.59E-08	5.26E-07	2.30E-06
G[C>T]G	5.97E-03	1.50E-02	1.96E-03	2.94E-02	8.93E-03	5.07E-03	1.11E-02	1.46E-03	8.82E-07	2.02E-03	3.83E-03	5.80E-03	4.31E-07	4.43E-03	1.46E-06	7.77E-06	1.36E-06	1.08E-08	1.98E-03	4.86E-04	2.68E-03	9.12E-46	2.13E-03	6.14E-03
G[C>T]T	3.04E-03	6.04E-08	2.23E-03	2.14E-46	1.04E-02	2.68E-02	2.78E-03	2.04E-03	5.52E-09	9.78E-08	2.67E-02	3.19E-02	4.65E-07	4.25E-03	9.54E-02	5.66E-06	1.45E-02	1.70E-05	0.00E+00	1.40E-05	1.17E-02	1.15E-08	6.17E-08	4.79E-46
G[T>A]A	1.99E-05	9.19E-07	2.18E-05	3.41E-08	0.00E+00	1.40E-46	5.04E-05	0.00E+00	7.12E-04	1.51E-04	0.00E+00	2.01E-04	2.40E-08	2.79E-06	5.17E-09	1.22E-03	4.12E-05	8.34E-05	0.00E+00	2.81E-04	6.14E-04	9.04E-04	4.59E-03	1.36E-03
G[T>A]C	0.00E+00	8.79E-05	0.00E+00	3.97E-07	3.42E-08	9.26E-04	0.00E+00	5.91E-04	2.10E-03	6.09E-04	7.53E-43	4.55E-04	2.75E-04	9.27E-04	1.70E-03	1.15E-02	9.75E-07	1.17E-04	3.61E-04	8.21E-04	2.97E-13	5.94E-04	1.06E-02	1.77E-03
G[T>A]G	0.00E+00	0.00E+00	0.00E+00	4.33E-06	8.73E-08	1.44E-04	0.00E+00	2.80E-04	7.09E-04	4.62E-04	2.76E-04	0.00E+00	2.71E-05	0.00E+00	0.00E+00	1.75E-03	3.94E-04	5.15E-05	2.04E-04	1.16E-03	2.80E-46	1.85E-03	5.90E-03	2.22E-03
G[T>A]T	9.09E-05	7.47E-05	0.00E+00	0.00E+00	3.02E-04	2.40E-04	8.75E-05	4.18E-04	1.40E-46	5.59E-04	4.28E-08	5.86E-05	1.05E-03	3.59E-04	1.89E-03	2.24E-03	1.22E-03	5.48E-06	4.07E-04	1.67E-03	1.36E-03	8.11E-04	4.62E-03	1.11E-03
G[T>C]A	6.40E-04	1.91E-06	3.95E-07	2.58E-08	2.28E-07	3.13E-03	1.72E-03	2.16E-03	9.35E-03	3.14E-05	7.83E-07	7.99E-03	5.45E-08	1.90E-06	1.86E-07	0.00E+00	1.65E-07	0.00E+00	0.00E+00	2.23E-06	5.16E-08	1.40E-46	9.26E-08	2.01E-07
G[T>C]C	6.29E-04	1.04E-07	4.89E-08	6.67E-09	1.80E-07	1.33E-06	2.45E-03	1.76E-03	9.84E-03	8.90E-07	3.45E-07	3.13E-02	2.26E-07	5.83E-08	2.54E-07	1.60E-07	9.44E-07	1.40E-46	4.74E-04	1.75E-07	5.72E-04	1.98E-08	4.67E-07	1.31E-07
G[T>C]G	5.75E-07	5.27E-05	4.86E-08	7.46E-09	2.78E-09	3.13E-03	8.31E-04	1.74E-03	7.90E-03	5.22E-03	7.03E-08	7.63E-03	1.37E-07	2.45E-03	1.37E-07	3.87E-09	1.22E-04	1.48E-07	5.18E-04	3.65E-46	7.92E-04	0.00E+00	3.61E-08	1.22E-08
G[T>C]T	8.79E-04	1.40E-46	1.00E-03	1.87E-46	5.57E-03	1.87E-46	1.53E-03	5.68E-05	6.15E-03	1.40E-46	8.47E-46	7.39E-03	1.02E-03	3.25E-03	7.85E-03	3.23E-03	3.91E-03	0.00E+00	6.98E-04	3.09E-03	8.63E-03	9.13E-04	2.29E-46	1.50E-03
G[T>G]A	3.94E-39	0.00E+00	1.52E-05	0.00E+00	0.00E+00	0.00E+00	1.42E-04	5.74E-06	0.00E+00	0.00E+00	3.08E-07	5.45E-04	4.48E-07	3.16E-06	2.99E-46	1.33E-03	2.85E-04	1.88E-05	2.37E-04	1.01E-04	3.07E-05	7.94E-04	1.13E-03	1.03E-03
G[T>G]C	1.14E-04	1.40E-46	2.46E-08	0.00E+00	7.33E-08	0.00E+00	5.74E-04	0.00E+00	0.00E+00	0.00E+00	0.00E+00	2.30E-03	1.40E-46	7.85E-04	3.93E-04	1.75E-03	1.03E-06	1.33E-05	5.57E-04	3.00E-07	4.21E-07	1.11E-03	1.09E-07	1.75E-03
G[T>G]G	4.10E-09	2.99E-46	3.76E-09	1.96E-09	0.00E+00	0.00E+00	3.00E-04	0.00E+00	0.00E+00	1.22E-04	0.00E+00	1.46E-03	3.95E-09	8.02E-04	4.69E-05	2.11E-03	1.43E-03	3.16E-08	6.34E-04	2.99E-04	2.57E-03	2.49E-03	1.92E-06	2.74E-03
G[T>G]T	2.55E-06	4.76E-05	9.71E-09	7.13E-06	2.29E-46	2.68E-07	5.55E-04	1.20E-04	4.64E-07	3.89E-06	1.87E-46	2.38E-03	5.29E-09	2.24E-03	5.07E-07	4.66E-07	7.43E-07	0.00E+00	2.07E-03	1.81E-07	6.98E-07	2.90E-07	1.16E-06	1.24E-07
T[C>A]A	7.83E-03	0.00E+00	5.70E-08	0.00E+00	1.01E-07	0.00E+00	1.86E-02	2.80E-46	1.40E-46	0.00E+00	4.20E-46	1.69E-06	1.85E-05	3.27E-06	2.20E-07	2.25E-04	2.37E-45	8.40E-03	6.89E-06	6.09E-04	1.18E-01	1.13E-06	5.43E-08	1.67E-02
T[C>A]C	2.54E-03	1.30E-04	8.20E-04	6.84E-04	7.07E-03	2.14E-46	3.63E-06	1.46E-03	3.80E-06	4.63E-04	6.52E-04	2.34E-46	8.04E-46	1.22E-02	2.01E-02	1.32E-02	1.80E-03	2.33E-03	3.96E-05	1.04E-02	2.90E-02	5.93E-03	1.13E-03	9.47E-03
T[C>A]G	9.35E-04	1.04E-04	0.00E+00	0.00E+00	2.52E-04	1.91E-04	9.75E-04	3.91E-04	0.00E+00	3.66E-05	1.77E-04	0.00E+00	1.93E-04	1.40E-46	0.00E+00	3.17E-03	1.47E-03	8.93E-04	2.03E-04	6.93E-03	1.05E-02	2.16E-03	1.83E-10	7.19E-03
T[C>A]T	1.70E-02	8.87E-08	1.55E-04	4.41E-46	5.47E-07	1.55E-06	1.19E-02	3.17E-04	2.40E-06	8.84E-07	6.37E-07	7.08E-07	4.10E-07	2.46E-04	8.73E-04	1.17E-04	1.93E-04	1.02E-06	1.96E-05	1.94E-07	1.83E-02	2.34E-07	9.97E-07	2.62E-07
T[C>G]A	0.00E+00	0.00E+00	0.00E+00	3.39E-09	1.51E-08	0.00E+00	0.00E+00	0.00E+00	0.00E+00	0.00E+00	9.06E-08	5.71E-08	5.15E-09	7.33E-08	5.54E-09	5.04E-07	6.14E-09	1.99E-02	5.57E-08	3.62E-07	9.89E-37	1.07E-05	1.59E-07	5.01E-07
T[C>G]C	0.00E+00	5.04E-06	0.00E+00	6.47E-05	4.14E-05	1.40E-46	1.61E-05	0.00E+00	1.72E-04	2.14E-46	0.00E+00	7.83E-05	0.00E+00	0.00E+00	3.05E-05	4.81E-04	1.40E-46	8.07E-03	4.55E-05	1.10E-03	7.14E-04	3.83E-03	1.11E-03	2.92E-05
T[C>G]G	4.91E-09	2.15E-05	1.11E-05	1.92E-05	3.00E-05	5.61E-46	0.00E+00	0.00E+00	0.00E+00	0.00E+00	5.10E-05	2.44E-06	3.13E-05	0.00E+00	2.92E-05	5.74E-05	0.00E+00	2.32E-03	1.05E-04	4.25E-03	8.15E-05	3.01E-03	3.48E-04	1.29E-03
T[C>G]T	2.75E-05	0.00E+00	0.00E+00	0.00E+00	0.00E+00	0.00E+00	1.88E-05	2.56E-41	1.15E-04	0.00E+00	0.00E+00	1.40E-46	0.00E+00	9.11E-05	5.75E-07	2.18E-07	2.13E-04	2.96E-02	1.08E-04	3.96E-22	5.78E-05	8.01E-03	2.68E-05	4.50E-08
T[C>T]A	4.65E-04	2.11E-04	1.29E-03	3.47E-05	1.65E-04	1.65E-04	4.63E-05	2.72E-03	1.63E-03	1.28E-04	6.84E-03	3.14E-04	4.76E-03	2.62E-07	1.71E-02	8.47E-02	2.18E-06	4.23E-02	1.12E-03	1.33E-03	2.58E-03	2.80E-46	6.67E-03	2.33E-03
T[C>T]C	2.51E-03	1.61E-03	6.15E-03	9.42E-04	5.87E-03	2.90E-03	2.30E-06	3.41E-03	8.91E-04	3.01E-04	5.22E-07	7.07E-03	2.40E-02	3.28E-03	7.99E-02	2.25E-02	7.83E-04	9.34E-03	7.08E-04	2.55E-02	1.16E-02	5.66E-04	2.15E-03	1.83E-03
T[C>T]G	7.03E-03	4.12E-03	1.97E-02	1.87E-02	1.75E-02	3.46E-07	5.17E-03	5.08E-03	6.36E-04	1.69E-03	2.00E-06	2.10E-02	1.10E-32	2.38E-07	2.63E-07	1.48E-03	2.77E-07	6.72E-05	4.65E-04	2.99E-07	1.11E-02	2.29E-46	4.90E-20	1.82E-07
T[C>T]T	5.58E-03	0.00E+00	1.19E-02	0.00E+00	1.56E-02	2.29E-46	5.97E-03	1.42E-03	7.52E-04	1.32E-08	2.29E-46	1.35E-03	1.84E-02	3.39E-04	5.88E-02	4.36E-02	2.49E-08	1.85E-02	2.99E-46	3.36E-04	2.79E-03	3.94E-08	7.63E-04	1.61E-08
T[T>A]A	1.16E-04	4.71E-08	0.00E+00	2.44E-04	3.57E-04	1.46E-04	2.65E-04	1.64E-04	5.11E-04	3.00E-04	2.29E-04	1.88E-05	0.00E+00	5.61E-46	1.40E-46	2.27E-03	1.57E-03	3.27E-08	2.14E-46	1.58E-03	2.24E-03	9.57E-09	6.22E-03	4.33E-03
T[T>A]C	5.52E-05	3.42E-16	6.47E-05	1.96E-05	1.23E-03	2.32E-05	2.42E-04	5.27E-05	5.40E-04	5.74E-05	1.81E-04	1.92E-05	1.38E-04	1.53E-03	2.49E-03	2.21E-03	8.20E-05	6.19E-05	4.08E-04	8.40E-04	2.35E-03	1.24E-03	5.82E-03	2.87E-03
T[T>A]G	1.02E-04	0.00E+00	1.40E-46	0.00E+00	1.92E-05	1.40E-46	1.61E-04	1.55E-06	1.83E-04	1.08E-04	4.27E-06	2.14E-46	1.57E-08	7.29E-05	1.10E-04	4.04E-03	2.56E-04	8.44E-06	2.16E-04	3.31E-03	3.68E-04	1.45E-03	4.32E-03	3.42E-03
T[T>A]T	6.02E-04	1.40E-46	1.87E-46	7.86E-05	1.72E-03	1.40E-46	7.31E-04	1.40E-46	1.59E-04	7.16E-05	1.06E-03	1.40E-08	3.32E-05	1.06E-03	2.13E-03	6.65E-03	1.53E-03	5.61E-46	4.23E-04	2.55E-03	4.15E-03	1.96E-03	6.07E-03	4.03E-03
T[T>C]A	5.02E-04	1.40E-46	2.99E-46	1.40E-46	1.84E-03	1.87E-04	1.21E-03	1.12E-03	2.03E-03	7.89E-07	2.73E-03	8.61E-05	2.82E-04	1.40E-46	8.99E-04	5.94E-03	8.99E-03	6.52E-05	3.63E-04	5.00E-03	2.72E-04	7.68E-04	3.30E-03	8.63E-04
T[T>C]C	3.19E-05	3.36E-04	3.16E-09	1.98E-04	5.30E-08	1.45E-03	4.27E-03	1.86E-03	7.32E-03	4.12E-03	8.56E-04	5.68E-03	3.49E-03	1.88E-03	5.80E-03	6.33E-03	2.58E-02	1.22E-04	7.07E-04	1.40E-03	6.13E-06	3.84E-04	6.84E-06	2.06E-03
T[T>C]G	5.21E-04	1.86E-08	2.92E-05	1.40E-46	7.90E-04	2.10E-03	2.48E-03	2.90E-03	4.06E-03	4.91E-03	5.34E-03	2.14E-46	9.04E-09	1.33E-04	1.53E-07	2.14E-46	1.74E-02	2.96E-06	3.99E-04	1.58E-08	9.71E-09	0.00E+00	3.68E-07	1.12E-45
T[T>C]T	9.47E-04	8.52E-07	1.99E-07	1.53E-23	2.99E-04	2.24E-04	4.99E-03	7.51E-04	6.83E-03	2.48E-03	1.74E-03	5.35E-04	4.05E-03	1.93E-03	5.37E-03	8.32E-03	2.82E-02	0.00E+00	5.43E-04	2.81E-08	5.39E-03	3.39E-05	3.76E-03	1.87E-46
T[T>G]A	2.06E-04	0.00E+00	0.00E+00	0.00E+00	0.00E+00	0.00E+00	2.93E-03	0.00E+00	6.82E-05	9.60E-10	0.00E+00	0.00E+00	1.61E-09	0.00E+00	0.00E+00	1.88E-03	9.48E-07	4.02E-05	1.06E-05	9.39E-04	1.33E-02	9.77E-04	5.07E-04	1.41E-03
T[T>G]C	0.00E+00	1.01E-04	5.19E-04	5.57E-09	1.35E-07	2.80E-46	2.67E-03	0.00E+00	1.63E-04	0.00E+00	2.80E-46	9.83E-04	8.11E-04	1.91E-03	4.85E-03	2.74E-03	5.63E-03	7.93E-05	7.94E-04	1.40E-46	5.12E-04	1.48E-03	7.43E-05	1.26E-03
T[T>G]G	1.27E-04	0.00E+00	1.16E-04	1.32E-04	2.72E-04	9.72E-05	8.39E-04	1.29E-04	4.87E-05	2.95E-04	3.81E-04	1.40E-46	2.44E-05	1.83E-04	6.63E-04	1.65E-03	1.25E-03	6.28E-05	3.08E-04	5.11E-04	1.81E-03	1.75E-03	6.19E-04	2.36E-03
T[T>G]T	1.06E-04	0.00E+00	4.40E-07	0.00E+00	8.08E-08	6.86E-46	1.89E-02	2.50E-04	2.38E-45	0.00E+00	2.02E-08	6.13E-07	5.65E-07	6.78E-04	2.62E-04	2.11E-07	1.43E-02	0.00E+00	1.84E-03	8.29E-08	3.77E-04	3.19E-07	3.77E-07	2.95E-07
