MutationType	SBS96A	SBS96B	SBS96C	SBS96D	SBS96E	SBS96F	SBS96G	SBS96H	SBS96I	SBS96J	SBS96K	SBS96L	SBS96M	SBS96N	SBS96O	SBS96P	SBS96Q	SBS96R	SBS96S	SBS96T
A[C>A]A	0.018386557026178706	0.00111188596674765	0.011173562539988779	7.955582418759378e-05	8.658156002638862e-05	0.00932665002583235	0.0007105403221430607	8.117532888718415e-05	0.03363364292317783	0.0013169030517019564	8.787943806964904e-05	0.06445064220279165	0.0205181556363641	9.08787680828027e-05	8.62479804936811e-05	0.0006891967012052191	0.01368893311228021	8.326722670517483e-05	7.987264179973864e-05	9.669140636106021e-05
A[C>A]C	5.8289042317483106e-05	0.0004801917721806603	6.848472148511253e-05	6.471911782501838e-05	7.5331643483878e-05	6.742276059412688e-05	0.020608865549365873	7.624580539413727e-05	0.0008381858770007966	8.861128808348439e-05	6.476803582700086e-05	8.67832095536869e-05	7.360613453784026e-05	0.3250737347960239	7.949538342018058e-05	0.000366730099359458	0.012675814423900044	8.577964727010112e-05	7.75740902099642e-05	8.465633691230323e-05
A[C>A]G	8.547774504563677e-05	0.003676506759802578	0.00781818955365452	9.687729470897466e-05	8.875570779309783e-05	9.606729508959688e-05	9.591598536644597e-05	9.03247157111764e-05	0.0016309762948367279	0.0013247534072434064	9.876200274447911e-05	0.049621217152889585	0.00010100837389472871	0.0013128342598520248	0.0001027732745569665	0.00283455997123383	0.0016148178976436612	9.418677909707185e-05	0.00010122722742380574	9.884912142297254e-05
A[C>A]T	8.363278047340827e-05	0.00386092923436081	9.08326474018395e-05	9.122714363911655e-05	9.328632077085786e-05	9.659036768425722e-05	9.864878447842784e-05	0.010092426290566437	0.06038038682381739	0.0013250530093500857	9.302455800934695e-05	0.00010267122779623605	0.00010089622810482979	0.0013209218472184149	0.0001011336178635247	0.0015566498354019132	0.0011439185247581918	9.89847001619637e-05	9.912460154737346e-05	0.00010320244618924334
A[C>G]A	0.005650815726767178	0.0037240222198306585	8.958798134699464e-05	9.062020108103752e-05	9.372194181196391e-05	0.01831940729971393	0.001357629874109989	8.908840572985355e-05	0.009544158081553178	0.0013224893275037175	9.235109828296118e-05	0.00010364051486249082	9.81263514404418e-05	0.0004719951219158247	0.00010181242760154419	0.0014068757620407269	0.0016135970829054714	0.00010093414603034035	0.03315141507227963	0.00010042594076367095
A[C>G]C	8.532737282962444e-05	0.0028135015949374066	8.842242204991635e-05	9.453703096369281e-05	9.251121737179347e-05	8.765304082771763e-05	9.413772331754445e-05	7.988644798615497e-05	0.03464849933661753	0.0013172224566915247	9.082583710551262e-05	0.00010096379483002239	9.73336682363879e-05	0.03926720901508816	0.00010089177303598262	0.002823086687918597	0.0016107865165395196	9.255760232917964e-05	9.419118978257757e-05	9.65834224189166e-05
A[C>G]G	0.011215279600759232	0.011114442369580502	8.717878408788237e-05	8.006868447409942e-05	0.025089338317047804	9.750720928423107e-05	0.00017809679193305782	0.010085267357499105	0.001631544234987814	0.00033011222767527216	0.025827686960474237	0.00010011010672315024	9.53608876443468e-05	9.89064708846854e-05	9.715458727441729e-05	0.0014078172942390665	0.0011408295191358774	0.0210277790465625	0.019962686606595524	0.00010025377268902957
A[C>G]T	6.742893399405147e-05	0.00171207522325858	6.680827329432759e-05	0.00837696243324899	8.594485134381103e-05	9.587945460225456e-05	0.020619829784982356	6.770632278403354e-05	0.04012635505860089	9.585593943484128e-05	0.037813967275639015	0.06440900739744393	0.032773452581204766	0.014765972924942616	8.569382880523335e-05	0.0015965364156727447	0.0014181926104356534	8.408050121033739e-05	8.831621735225781e-05	9.434454550500959e-05
A[C>T]A	6.595417817152338e-05	6.793792897497042e-05	0.028786517400061218	4.815222603298253e-05	0.02515041837723402	7.052124970599038e-05	0.0003226087326765992	5.371629745525297e-05	6.944952657430558e-05	7.013234499027021e-05	4.9113281863810696e-05	8.238523223553784e-05	8.980186903499998e-05	8.588572400185513e-05	8.614622311142739e-05	7.402318656204442e-05	8.339430241903756e-05	7.6780393487752e-05	0.4047069047795958	8.788756204012316e-05
A[C>T]C	7.744220801555456e-05	0.03393272379689734	8.206739948946051e-05	7.815309036232065e-05	8.974027005024255e-05	8.854332263581454e-05	0.0013597190911241342	8.892702135199215e-05	0.0016226586947595933	0.00027460808560135773	0.034836325658034184	9.704558906378224e-05	9.568903042236342e-05	0.032309942134452284	9.758412052178756e-05	0.0016033990395953879	0.012964508485310944	0.01766211119866057	9.244174798368476e-05	0.00010022917558671907
A[C>T]G	5.7733885962818474e-05	7.038261530851741e-05	0.8909428775310516	4.691430551702069e-05	4.690817002597214e-05	6.884642152726883e-05	6.584185045994672e-05	7.208895303847384e-05	6.733774290026417e-05	5.623475766363129e-05	5.7925840223305156e-05	5.903784526708478e-05	6.802944628816476e-05	4.604457335801726e-05	8.671611758472863e-05	7.479216817500856e-05	5.818202415355245e-05	7.340165376774621e-05	5.493814151549259e-05	8.845267693686764e-05
A[C>T]T	6.138603171166324e-05	0.0002257628892181174	8.511267260473687e-05	7.96287647972349e-05	6.842143338872119e-05	9.040016302606091e-05	0.0008346031539986143	7.511189119213668e-05	0.0011077315124566668	0.00815833585402288	8.417243698204402e-05	0.12650446473417104	0.01990248603992768	0.009358292313118	7.663684809813275e-05	0.024181816285272363	8.587039628764615e-05	7.913939043646678e-05	0.030315363955378417	8.924137291614898e-05
A[T>A]A	7.900224572381376e-05	0.003857392082863953	7.914032867120113e-05	8.739837030589115e-05	9.044778707902878e-05	8.761386670812499e-05	0.000125825303257443	8.620585904282053e-05	0.0016194306845136452	0.0013227553346951027	9.272705210605636e-05	9.63041435170453e-05	9.871434231172316e-05	0.0001002747711027041	0.03482425909023732	0.0004604094305250328	0.01423391579373856	0.020547979675757232	0.00010027787429862655	0.028749068254546727
A[T>A]C	6.952061276024323e-05	0.0013772470199910458	6.886208400812555e-05	9.166125746560284e-05	8.519673319824505e-05	7.266590309882304e-05	0.0008379559858440189	0.014400114726049651	6.655574534306652e-05	0.0013179255374780041	8.32799411000451e-05	9.298095064877999e-05	8.86671641637804e-05	0.025997389548138017	9.68726206338033e-05	0.0011828306624920514	0.24983479672882822	8.16451822174713e-05	8.250455912275356e-05	8.758816475165076e-05
A[T>A]G	5.0352185337487756e-05	8.028755855775671e-05	5.849704775755527e-05	7.465547673177753e-05	0.018359969099709873	7.40657708007575e-05	7.178349978858023e-05	7.674099542782642e-05	0.03309324921485342	7.466561919500236e-05	8.603952956036665e-05	0.06528962967167899	8.683523992658593e-05	0.03610519735152593	7.480013605345447e-05	0.03468671863884083	0.057419377212681866	6.996763204369927e-05	0.01443404446254135	9.578125609550625e-05
A[T>A]T	7.635661515905667e-05	0.0034167219942901283	8.387669840885792e-05	9.03993521205848e-05	0.014515599778314936	9.91340093605686e-05	0.0013576746692706364	9.845896493061445e-05	0.03464982626028359	9.768077361513861e-05	9.769488897291013e-05	0.017036871036543742	9.813824217417278e-05	0.001320974950067466	9.785919464775362e-05	0.001541128098324407	0.0016144755885761698	8.996868928079493e-05	9.454771352466196e-05	0.00010249376355204731
A[T>C]A	0.01252871450930198	0.00034199736037408	6.122194838837913e-05	8.05352437964757e-05	7.671703806408914e-05	8.342282126250211e-05	8.80817406141432e-05	7.513056152674835e-05	0.07126930960366736	0.008832760532095562	0.03614469365929836	9.085257988772355e-05	0.04967044498262112	0.045780742839269806	8.261381335614715e-05	0.001110654499643715	9.685136792541016e-05	9.227061527781189e-05	0.017466213671104923	0.03314127841076697
A[T>C]C	8.23999014698984e-05	0.0036630537317250854	8.820533330435864e-05	0.0072689069223997645	9.575203876011074e-05	0.00010027931712102145	0.0013610010901174974	9.246977242582943e-05	0.001632653702108655	0.0001018039220070932	9.470699442317709e-05	0.00010127857531188056	0.01127134248308721	0.0013205532712163403	0.025828485446982085	0.0028351187218504494	0.0009197767918522004	9.818500366236549e-05	0.00010167878572246991	0.00010216941009275616
A[T>C]G	5.165674322030092e-05	0.00036583207697731267	7.755730912322179e-05	7.70080518833538e-05	7.463165811714135e-05	7.305225190066267e-05	0.001342848630838489	0.04537060094553454	0.01843960451587918	0.001305248686549021	7.226018211667907e-05	8.519072835042608e-05	8.742268801142927e-05	0.13377868337774998	9.110842729569413e-05	7.88476938396343e-05	0.06620001441624482	9.127039811573923e-05	8.375047764275223e-05	9.050783482962288e-05
A[T>C]T	3.7059784858684e-05	8.220648760470795e-05	7.013864160398953e-05	7.190553865257243e-05	0.011087611060321478	0.06579383666685316	0.028123805498034928	6.395472681930414e-05	0.0013591507842647843	0.08765244103778969	6.371537226641521e-05	8.083177599473856e-05	0.05640987476563168	0.014906725339960758	8.503405915689654e-05	0.040776743365495347	0.033696128169543725	7.252939917634649e-05	8.196038324967959e-05	7.997035154403421e-05
A[T>G]A	7.76636204989245e-05	0.0025783772667637094	8.292491365864407e-05	8.373165078410239e-05	9.237417289114092e-05	9.654303867137059e-05	0.0013604512532765511	9.801166379475035e-05	0.0016306047364196274	0.008164194437267725	9.266420347557869e-05	9.524633242108393e-05	0.05054075850057416	0.001313096331068664	9.393796099175234e-05	0.00283130731259007	0.00023730829470878235	9.929963998729363e-05	9.930490996339359e-05	9.376786674692994e-05
A[T>G]C	8.690392805306146e-05	0.003867419177549891	9.618474214221351e-05	9.786034352146089e-05	9.811747513595037e-05	0.00010131569433724508	0.001364141362864757	9.863177692750468e-05	0.0016340810580004472	0.0013265380810480564	0.000100007116998313	0.00010463354410603643	0.00010326222181902266	0.0013221082612290048	0.00010318057538825088	0.002836663513153326	0.0016157493220816832	0.00010187801890424453	0.00010251329804304987	0.0001043632706569042
A[T>G]G	8.690392805306146e-05	0.003867419177549891	9.618474214221351e-05	9.786034352146089e-05	9.811747513595037e-05	0.00010131569433724508	0.001364141362864757	9.863177692750468e-05	0.0016340810580004472	0.0013265380810480564	0.000100007116998313	0.00010463354410603643	0.00010326222181902266	0.0013221082612290048	0.00010318057538825088	0.002836663513153326	0.0016157493220816832	0.00010187801890424453	0.00010251329804304987	0.0001043632706569042
A[T>G]T	7.735732219202874e-05	0.00321084657261963	9.455230683670379e-05	9.608319378457963e-05	8.6637411106949e-05	9.359087871416705e-05	0.0013620277837617322	8.91899812131669e-05	0.0016310767648974433	0.01604471762475441	9.689331636764109e-05	0.0001028878403303679	0.024864147751941346	9.966500583686866e-05	0.00010145696505787782	0.0028365244063024873	0.001612274810031522	9.111682779803232e-05	9.982389892684295e-05	0.00010163108818233013
C[C>A]A	7.161882931541185e-05	0.05786099488395848	7.114666977940942e-05	7.748461343908275e-05	8.661306565045379e-05	0.025360290810385776	0.034370500689692565	7.87375130471446e-05	0.025236695000057808	8.939294493757189e-05	0.01116182337373175	9.478370411670766e-05	0.028210685114754597	0.0012996126792131691	8.884957633199519e-05	0.0008550351747544482	0.0013644440105053945	9.622114012017847e-05	0.017477731232065707	8.619197433290537e-05
C[C>A]C	7.063677175551674e-05	0.0026177580883086195	7.57222655664691e-05	8.373510273429474e-05	8.01697387942113e-05	0.016774203933180586	0.0013526677645813833	8.874146096786717e-05	0.0016249644657364115	9.790793556021526e-05	8.87990612682188e-05	9.963866395992226e-05	9.60679171839729e-05	9.298483855673112e-05	0.047692938617547045	0.0028227693579538026	0.0010775997416203609	8.152481950460811e-05	0.09929049259408203	0.0331426111071778
C[C>A]G	7.419527773322443e-05	0.023079762415727602	8.478952731820755e-05	9.414993983227759e-05	8.974935408332386e-05	9.051155175257008e-05	0.0011461603939096677	0.009208295381540665	0.0016273746048682369	0.00010145627311430871	8.896844265109394e-05	0.028145451388991206	9.155639963864814e-05	0.00010366653223172761	0.025826956188029725	0.0017599292030354263	0.030489903660782147	9.302622092945966e-05	9.945388956111856e-05	9.710516023915261e-05
C[C>A]T	7.826665707284519e-05	0.009492831795068924	6.966982398353139e-05	9.375291483593173e-05	8.353186385647859e-05	9.061316959559917e-05	9.600804987712764e-05	9.006082618725486e-05	0.0013177532906411215	0.001322130010521505	0.012483271649762174	0.00010020235058618709	0.012954688644094858	9.714652187540196e-05	0.0787823152004421	0.0021153418121684807	8.551020619051997e-05	0.03311227642770973	9.794837460503913e-05	9.60507313720882e-05
C[C>G]A	6.774080894729195e-05	0.0009487152652582154	8.29905202408554e-05	7.701508479840413e-05	8.893751160030661e-05	9.307725558755919e-05	0.016436322382651268	9.163441500277258e-05	0.001376806305052014	0.022471977917302866	9.67317697359249e-05	9.9863440846093e-05	0.00010102556625497527	0.0013203819544287398	0.04294479564705398	0.0028346430481178686	0.00012065332994097844	0.09924980690120719	9.35600957745919e-05	9.768238887772896e-05
C[C>G]C	5.956249324610141e-05	0.0013207779989897971	5.056830671540391e-05	7.081425658270746e-05	8.437171766217944e-05	9.499437510385178e-05	8.508033861289732e-05	7.366889713011915e-05	0.0013629412966110976	0.01000093733164249	8.10355348221492e-05	9.202842593367678e-05	0.023898269954224817	0.0013025467003899393	0.01735331090494583	0.050720134564471664	8.768892475927715e-05	0.18074161540680506	0.014448229436675319	9.736911815707571e-05
C[C>G]G	7.990336288798972e-05	0.024560467158880783	8.550008301426715e-05	9.404873053426854e-05	8.129070604496746e-05	9.235190227627755e-05	0.0013568737573223188	9.528453447273932e-05	0.001625701810553437	0.021759627928986447	9.226349357049912e-05	0.0001004131801892072	9.614130030968226e-05	0.00033639722169027665	9.621074204915203e-05	0.002472048060008092	0.016483183887468656	8.770229511584904e-05	9.804422879824414e-05	9.475275292061269e-05
C[C>G]T	7.897239719909522e-05	0.00976045679053641	7.803480584698264e-05	9.63006605161354e-05	9.050222797668539e-05	8.731807465665043e-05	0.015402380336308853	9.597839089110493e-05	0.001628665500174975	0.0013154249494618853	9.093507178477011e-05	8.96653720701579e-05	9.770819888217374e-05	0.001312534928729292	8.622138175269356e-05	0.03583829644234129	0.0015976918636283698	8.899011918401811e-05	9.163057402474805e-05	9.937500653904863e-05
C[C>T]A	5.974083395585694e-05	0.02560122789518573	5.9087837926351425e-05	6.533040377689758e-05	7.046407108646235e-05	7.793411878083134e-05	7.502557282350608e-05	7.611875131779931e-05	0.0011069176616729237	0.01989167562567218	0.06598164458519022	8.44434531245497e-05	7.947958383738296e-05	0.03933805297890558	0.03237080847393372	0.0005875047953850298	0.08875363697225111	0.03326357287551218	8.42612746055238e-05	9.38882352784276e-05
C[C>T]C	6.510389699174724e-05	0.00025916034064721316	8.194799811462871e-05	0.012543997844204569	7.823412960306086e-05	7.337059627019472e-05	0.05094656620142359	7.587608609895823e-05	8.258736479569429e-05	8.28304356218723e-05	7.712496344538521e-05	8.417038188781589e-05	0.11006488227621958	0.049656269871047695	0.024363992544044775	0.0011119207432784607	0.001589018895629124	9.677402267698199e-05	0.03787749158855149	8.787538599790423e-05
C[C>T]G	3.820268691708817e-05	5.530953386458926e-05	5.277587781904458e-05	0.8380986034870148	7.48652504171332e-05	6.350727856840876e-05	8.180155073205242e-05	5.324575276937083e-05	7.698920510250673e-05	6.477033434748591e-05	5.691401600955714e-05	6.195999679619036e-05	5.323413445312841e-05	5.1965000823273044e-05	8.719230281712953e-05	5.950595971834921e-05	4.928725943553758e-05	7.997006650839467e-05	8.0702922969067e-05	7.598275803388788e-05
C[C>T]T	4.5552753950851174e-05	0.00817609139965043	7.092966886617092e-05	6.960643445950155e-05	0.047726945833943546	0.018510086566675455	0.16069361639747512	6.83332970041306e-05	8.460620967215008e-05	0.014974930916497441	0.03622462519588225	0.032288642515413815	8.079251412027589e-05	0.001309465095982887	8.09480723546585e-05	8.451732719549909e-05	6.301548515352806e-05	7.044935583184752e-05	8.047246301430277e-05	9.256754710804672e-05
C[T>A]A	8.611668745288626e-05	0.05340906487413477	9.310895839007572e-05	8.767433464549628e-05	9.645527970860712e-05	9.08307828467514e-05	0.0013535869988118066	8.777529267263162e-05	0.04776928202700219	0.013852371762914118	9.377729875268415e-05	0.00010045508824987336	0.00010246514575555921	0.0013185379226342774	9.291394317187951e-05	0.0011737243443349144	0.001614847955352161	0.00010115765035152435	0.00010188447486143559	0.00010002240123867523
C[T>A]C	6.851326342598441e-05	0.0013868290006939787	7.407420869185444e-05	9.570758265908808e-05	9.479524815105833e-05	0.04769237598484324	0.0013501833080226788	8.548920632165392e-05	0.001618831003361265	0.0013141455194272567	9.7697923774831e-05	9.733015976962634e-05	0.02053134123561904	9.485678674536757e-05	9.497073879174422e-05	0.0028316089810687117	0.012720082914893283	0.033123364687344295	9.63310019869823e-05	9.941671887645498e-05
C[T>A]G	5.357130818205991e-05	0.0023853020269598347	7.390734062937555e-05	6.71740268217036e-05	7.531582523938596e-05	9.396561436005867e-05	9.247634225175715e-05	0.006784412834622344	0.0012328389482718193	8.386334028179788e-05	7.344974037550855e-05	8.149042914737948e-05	8.054556437855353e-05	0.09610827172800782	0.012748783951246878	0.0008119931015244219	0.001597032620338723	0.0894378906406473	8.658638544147834e-05	0.03310450831928051
C[T>A]T	7.638932820555055e-05	0.0019186892051948235	0.015339531784593418	9.09135167603381e-05	8.614953294454608e-05	9.843002844718285e-05	0.00010552431558608077	0.009235798584995791	0.0013243749082903378	8.810468316369224e-05	8.69154988322407e-05	0.055182076518394754	0.012962182326009496	0.0010863873685593717	9.080209201783873e-05	0.025469288261956536	9.509842566330917e-05	9.060933007276617e-05	8.708246932656038e-05	0.012849920149164973
C[T>C]A	8.233448770624818e-05	0.0026292189526429866	8.496355003444478e-05	8.444139925813942e-05	8.735563897062093e-05	9.306623687734827e-05	0.023517818855543736	7.971998766151956e-05	0.02053288711758796	0.0013127578674584583	0.09915800135713652	9.916626731865108e-05	9.931821186910383e-05	0.0013157063665858004	0.000100792837474728	0.0015295225493900944	0.040700653239946406	9.329761342087295e-05	9.951841057045385e-05	0.00010050021519418806
C[T>C]C	6.884345827913307e-05	0.001962592604468227	8.38727402879158e-05	7.666513886306348e-05	8.28758467832813e-05	9.024947103171143e-05	0.0013569169743277599	8.407482018810697e-05	0.03941567258734722	0.016025811311101278	8.51209429129085e-05	9.025853605635348e-05	9.618156109354458e-05	0.008127380940277363	9.785262154764496e-05	0.0013819663494359703	0.00010067704351968132	0.03940800271266198	0.023085733504558448	9.659534189268015e-05
C[T>C]G	0.026632496252204874	0.0013241643393826052	7.737116429780144e-05	6.591320006918978e-05	7.008752193797818e-05	0.009325728802286904	8.32570194688742e-05	6.676640041405335e-05	0.0008419955175668292	8.526448846168933e-05	7.906960345280823e-05	9.403488220414147e-05	0.04147372190782335	9.775649887160398e-05	9.056650378624909e-05	0.000685971832137966	0.07851477239091764	0.061229189971254525	7.395283060762647e-05	0.02581865731299331
C[T>C]T	0.00923105807323168	0.001441475925821578	8.124230589601211e-05	8.350388488906902e-05	9.388892976858187e-05	0.010180149616644485	0.016120427980786188	9.012071386678144e-05	0.0016288751321553718	0.022736207408524934	9.31821959966328e-05	9.725639538373798e-05	9.410199781996198e-05	0.001046398353355471	0.017365245998371394	0.029669036467385012	0.0003974335893872194	9.078790608327836e-05	8.771924913162366e-05	0.025457255634319154
C[T>G]A	8.093641862956246e-05	0.003861603133918834	9.063413090188987e-05	9.163311842712574e-05	9.342302000732161e-05	0.020524372245563426	0.001356744404620258	9.647850529290736e-05	0.027363897029863436	0.00010110714865732006	9.51237147091888e-05	0.00010012165512307547	0.0001025527402816806	0.0013197128151659853	0.00010209074825979769	0.001555324872606434	0.0016151420342794154	9.829802802414633e-05	9.703760078991764e-05	0.0001024418685119599
C[T>G]C	7.261539683014461e-05	0.0029211616172688084	7.782816542398763e-05	9.277930657844991e-05	8.215757488869713e-05	9.628418301872443e-05	9.083906506930361e-05	0.00678828479412914	0.03464905453511165	0.001324307543836767	9.177332613035105e-05	0.011306939592395792	0.0001012872402498033	9.65228959103115e-05	9.94553935015574e-05	0.0028320690027612725	0.0007068781269481406	0.0992060758289881	9.815308367251418e-05	0.012851581123686628
C[T>G]G	5.827831191140831e-05	0.00949435045258724	7.980927916833025e-05	0.010006639312996413	0.06869401039910486	0.03785802355632768	0.0007545848954350731	9.243827153113671e-05	0.001409966085338965	8.593054371885955e-05	8.38433661556337e-05	9.159309520327952e-05	9.198541774821934e-05	0.0013041821530350717	9.18010322493501e-05	0.010055592041317141	0.020532763345181594	8.558118643122725e-05	8.15414629641964e-05	9.503930050414056e-05
C[T>G]T	6.11048764710631e-05	0.039437429534154946	5.8532109748732354e-05	0.008370274953085755	0.02264179524354404	8.560531241528225e-05	0.0013415638752121595	7.175015646652128e-05	0.001617134282423649	7.846503731343546e-05	7.936740657896735e-05	0.03225957904796815	9.469862779951655e-05	0.0005392395344642864	0.09041681787093694	0.033106011746713196	0.0014039722156667267	7.528404685217538e-05	8.938904757087585e-05	0.028741615868057124
G[C>A]A	7.840706512070028e-05	0.00016935934363573323	4.8785035900777984e-05	5.501172359458906e-05	7.847871388548811e-05	7.580003439215943e-05	6.147177096664791e-05	6.055332469259156e-05	7.681626295834576e-05	6.987431970628677e-05	6.057359656281846e-05	8.764882545619912e-05	7.840708967705723e-05	0.0012890669078387874	0.4262511571061623	0.00013556605990743263	6.091098549063645e-05	7.091803418006748e-05	7.680508360863314e-05	8.920619075070135e-05
G[C>A]C	8.650861491332762e-05	0.010737193209206453	8.618414249212946e-05	9.349263054900803e-05	8.991572613012977e-05	0.016785635068663395	0.021909412465174683	9.053842259163503e-05	0.0008618384483270348	0.0013233500023488887	9.527673246338964e-05	0.00010149700465262867	9.777744562597946e-05	0.0013198757675127125	9.983117270166986e-05	0.0019242675036366564	0.020912709325057222	9.23835308640264e-05	9.95776485069655e-05	0.00010190753528149799
G[C>A]G	7.868437477895896e-05	0.05074951094356948	8.699706668267027e-05	8.351686337846332e-05	8.720280820853076e-05	0.018631127830484217	0.0013605122221633792	0.012553903291393453	0.0016144419004376688	0.0013136654990375974	7.831924144738878e-05	0.03607909339334583	9.604565129848198e-05	9.344280806544703e-05	9.923917386913672e-05	0.0013933808702859096	0.0007014921517111361	8.667863553455391e-05	8.965320193965454e-05	9.633201771066524e-05
G[C>A]T	6.373747660573317e-05	0.0025698754096083578	8.015929261091514e-05	6.429561541700934e-05	6.751030286977766e-05	0.02843207857949892	8.060296795520117e-05	6.603493383181558e-05	0.0178226612846629	8.965053020801861e-05	6.581663323004249e-05	0.13981102256730082	8.594603841629577e-05	7.683707823389341e-05	8.840391237754374e-05	0.042308748210052725	8.502445082001487e-05	7.435478805746243e-05	7.604502761751064e-05	0.04843563593949511
G[C>G]A	8.493496151800173e-05	0.002592737413215218	9.641486176406033e-05	9.134684078162535e-05	9.75568407739047e-05	0.0001001782831735909	0.00035179057376808485	9.685893528512678e-05	0.0016313246836944018	0.0013220975695730885	0.018591216642016663	0.0001010624739137711	0.00010258359034196474	0.0013210714001615997	0.0001027753110975027	0.0028364282661641482	0.0016159724415047093	0.000102169145247899	0.020529989499482326	9.933881337929052e-05
G[C>G]C	7.919166854435389e-05	0.052154182818412664	8.308759752253536e-05	0.01001299338095123	9.192809666274116e-05	0.02583162142182118	8.572429096602719e-05	8.521806912540342e-05	0.001407860933613847	0.001322840318607632	8.891035035958339e-05	0.01703402963321423	9.596968011464924e-05	0.0013200484681874514	0.00010132988172699698	0.001536767829384189	0.0016120878935907967	9.43257113249274e-05	9.54501963860821e-05	0.00010071233336930163
G[C>G]G	8.118957666738424e-05	0.003863054564135382	0.013496489235694752	9.578273020451888e-05	9.515804122202098e-05	0.00010024185321526602	0.001360208597179735	9.310599634773097e-05	0.0010167691332753747	0.0008864954634191236	0.024898167258652393	0.00010282387083861976	0.00010055991151602939	0.0013164381383830915	0.00010154700139537453	0.010060983522271272	0.0016125510439451319	9.979600290535017e-05	0.0001000723146717064	0.00010242198550258763
G[C>G]T	7.924861874357703e-05	0.001843791407009121	8.927903654694091e-05	8.73416218382772e-05	8.727904642000795e-05	8.869070188666228e-05	0.0001824310304073151	9.231912263203412e-05	0.0016213908947975142	8.647247868793783e-05	8.593095059268307e-05	0.01747548121638829	9.39963912969688e-05	0.0013129794100677828	0.00010079138664877973	0.02375936609096243	0.0683889365180221	9.273310861317441e-05	0.00010081302316393703	9.470818258705549e-05
G[C>T]A	3.331018175800615e-05	0.0013255351703321595	4.479248219996235e-05	6.087552615312575e-05	6.450928060530714e-05	7.279491012468498e-05	6.495104480563896e-05	6.59859459119616e-05	7.454655894587603e-05	0.00012882710192343438	5.210465883465076e-05	9.001352264021989e-05	7.841062979423441e-05	6.622479612481414e-05	6.961557855902356e-05	0.4441159090260044	7.934448831292684e-05	6.942279767372384e-05	7.361027608112635e-05	7.600354329042602e-05
G[C>T]C	5.826483670716698e-05	0.1679610727202089	0.011179666063139849	0.015520017747530802	0.03780634775416729	0.04540357268851949	9.982104811570025e-05	8.937929815147072e-05	0.0013141365292540287	8.521948762734155e-05	8.555292188248132e-05	9.675678084022365e-05	8.480299838993232e-05	0.000863180918545936	8.75783904120908e-05	0.011204716816610016	9.865088868536987e-05	7.687219707293025e-05	8.171515864887624e-05	9.400513044965919e-05
G[C>T]G	0.9034372091293335	7.429779602716736e-05	3.6508210564667465e-05	5.677737254359272e-05	6.368531568448076e-05	8.32626632359279e-05	7.682456271140836e-05	4.092802407242857e-05	0.0016038197696616407	6.567961945620482e-05	7.265474307587283e-05	7.688458775589879e-05	8.53483184982906e-05	6.852290420056306e-05	5.954181085598975e-05	9.210305215674452e-05	6.0847174668765544e-05	8.245190279012604e-05	2.916660538119231e-05	8.073999970292789e-05
G[C>T]T	5.99452924234356e-05	0.00042310190983698706	6.827116415024648e-05	7.410850557789672e-05	7.919749004940968e-05	0.029718543929993756	0.07745655992657703	8.288330136565491e-05	0.021682329313625813	0.024398610251955687	8.53099743835628e-05	0.015171289566387714	0.047638877792633136	7.798064096959933e-05	7.595794340886641e-05	0.0013839413935784251	8.958989492384717e-05	7.99941893092182e-05	9.081017778953538e-05	7.914658635854721e-05
G[T>A]A	8.30191647708034e-05	0.0026325817212637047	9.655524700065143e-05	8.707014534365953e-05	9.741818794282154e-05	0.009302627643774031	0.05048096474201884	9.695558401290327e-05	0.0016315063490765168	0.0013192435428209138	9.679611466708593e-05	0.00010359561347286216	0.00010080407373607159	0.0013200958252127747	0.00010183555496041663	0.0028330535307759417	0.001615738856344251	9.974289350793697e-05	9.666504483902827e-05	9.167903613729322e-05
G[T>A]C	8.64619631045116e-05	0.0026523235050262884	9.605141240172088e-05	9.63343984039966e-05	9.761637047631667e-05	0.00010027120370068588	0.001358641254773829	9.78267882601358e-05	0.0016334254592948127	0.00132595816248795	9.935122507158667e-05	9.942540345946327e-05	9.83012174401665e-05	0.001317117982034688	0.013206573919887887	0.0028363800869556145	0.0016136529753566719	0.00010188702945015393	9.847219625953585e-05	0.00010386727371951565
G[T>A]G	8.222058461342386e-05	0.002623562593362294	9.307049767812715e-05	9.213175289914943e-05	0.06543855388517841	9.495128979324363e-05	0.001362253792467527	9.585762527422048e-05	0.0011203687950910534	0.010070042459847172	9.244966058759019e-05	0.00010100288563990034	0.00010063870504382067	0.00033874231376103127	9.855134485405869e-05	0.0019432439636148046	0.0016129555267980322	9.80392360361293e-05	9.729015364428051e-05	0.00010113884272868744
G[T>A]T	8.413455888671706e-05	0.003864716766111087	8.1378440518165e-05	9.247206144209485e-05	8.924423236749135e-05	9.800671105040238e-05	0.0013606398548290598	8.17225295463686e-05	0.0016201179321797099	9.271282942791004e-05	8.499053074046969e-05	0.05788291261269478	9.066434795386158e-05	0.0013175605767173693	9.936341957654804e-05	0.00019261140623711982	0.04457157952565467	9.565594446030446e-05	8.334613557963167e-05	9.802638815017417e-05
G[T>C]A	6.690440658871922e-05	0.016256133763090475	0.006781881629967757	7.698581504484991e-05	8.520099090674194e-05	9.213864323101006e-05	0.001355520941069699	0.006787042250471132	0.014199323416687549	0.0011057683150283992	8.699015906152574e-05	0.00010293435043422506	9.799040271900595e-05	0.0013059650354989571	9.886369880405255e-05	0.0023412277440002073	0.000400933573837392	0.09932756835005421	8.339951255038613e-05	0.02546043850998103
G[T>C]C	6.888050302222837e-05	0.0008750687251449562	6.380231422724592e-05	8.381523221032695e-05	8.169827406163676e-05	0.020328415812764435	9.97347837255802e-05	7.840571634005755e-05	0.000857964156602975	8.318571562995202e-05	8.489313258905896e-05	0.07821946858239244	0.012955517557566054	0.001309947230402031	8.700341240910347e-05	0.010797478330641753	0.0007036387556581758	9.275198681280017e-05	7.965096283442108e-05	0.033144922336941815
G[T>C]G	7.912436567494296e-05	0.0002662080420122948	8.366120709979441e-05	8.577964545111171e-05	8.614198404757189e-05	9.462139059905894e-05	0.0004996977870632691	8.837141649564728e-05	0.0013198328801081517	0.026089499299996533	9.21005106647499e-05	9.937818431353662e-05	0.00010017956810770556	0.0013121505802700995	9.359868927276694e-05	0.013839953847673314	0.022443191970523912	9.412203726242297e-05	0.036465960126224675	0.02531528593863186
G[T>C]T	7.759351792628877e-05	0.0013842494081472978	7.796057053506401e-05	7.904808826424415e-05	7.742931820757804e-05	9.796444501262159e-05	9.687871934147552e-05	6.671205206032482e-05	0.0008526945839548716	9.892191155813634e-05	8.09319470590708e-05	0.04137828180755605	9.35286094318144e-05	0.0013122567666869144	8.690728136571125e-05	0.001397444797476055	0.0016096374805783854	9.420936257811263e-05	0.019955882706926786	0.15790914418757893
G[T>G]A	9.591876005288213e-05	0.0036634597963711713	8.685945870183787e-05	0.007272734430443961	9.740532477735542e-05	0.00010137998397112824	0.001362527250603307	8.880830446287292e-05	0.00010080433130497113	0.0013256756516057066	9.267093155358452e-05	0.0001037327696394641	0.00010268636178807355	0.0013166299653676107	9.627067811379675e-05	0.0028330481756711377	0.0016116078666527755	0.00010174726630793885	9.53131331698387e-05	0.09927376774285221
G[T>G]C	7.889524294455442e-05	0.01029608174067107	9.218445338774473e-05	9.308917287853546e-05	9.553715281072073e-05	0.009496430371655151	0.03496491172700189	9.733679689816199e-05	0.0016301586627378128	0.0013232865880127066	9.660593059379607e-05	9.798675564525184e-05	0.00010199695825576782	0.0013118696264427855	9.924383048200979e-05	0.0016807748514111153	0.0016148084141605068	9.056706076080446e-05	9.85446800768841e-05	9.976864093914628e-05
G[T>G]G	6.63666418631692e-05	0.002586378162777692	8.497481221638736e-05	0.00632578223485325	8.965784290921874e-05	0.009336973864265019	0.03424775962994318	7.78716430431814e-05	0.026960034289368197	8.614760936116461e-05	7.95865969848819e-05	0.01130834951545694	9.593338472768664e-05	0.0013040066735811706	9.394198532390874e-05	0.0006941515806829557	0.0007038249583274592	0.050342710746190275	8.76740064995829e-05	9.417641304025892e-05
G[T>G]T	8.683815776180381e-05	0.011333504386857384	9.324092025053687e-05	9.07118352188263e-05	9.537652804283425e-05	9.799374893191271e-05	0.0013615169576951303	9.62713260378223e-05	0.0016288718295982107	0.0003287669071141863	9.296223724959418e-05	0.00010083434062835295	0.00010126797278644517	0.015991220517025794	0.00010154597766813822	0.0016021305396861862	0.0016116995859192685	9.949890591087751e-05	0.02052576052446966	9.922732278937474e-05
T[C>A]A	5.2968380737627994e-05	9.082358446903527e-05	5.4437868964798854e-05	6.390228836608002e-05	7.682200753151846e-05	8.403440297115594e-05	8.717429591342807e-05	6.229782197380019e-05	0.0012960529212428407	8.105339547910262e-05	7.854156392568256e-05	8.502248037984827e-05	0.020513935881237445	8.469854128634324e-05	8.559957132092677e-05	0.011086829332187919	0.0015978424389700764	8.080438321940164e-05	0.01995480037876405	0.3030665653481265
T[C>A]C	5.1915625749643365e-05	8.567188087909017e-05	7.147185189069206e-05	0.008533207714367563	5.595262366853149e-05	8.445219432360319e-05	0.0013428803201122718	5.222431250331283e-05	0.2590121921122773	0.0008932988304877654	5.6292834773330466e-05	7.449504032592813e-05	0.014769273336423795	8.253553169197403e-05	0.0166112573374221	0.00044785245936713737	8.556063658033963e-05	7.018539326963946e-05	8.213982491724891e-05	8.408457524637925e-05
T[C>A]G	7.227904327464785e-05	0.0029407733818516135	8.323052434207056e-05	9.281899692723528e-05	0.009230079444137118	8.830860897433013e-05	9.516234567854553e-05	7.426472066356382e-05	8.761917420869736e-05	0.0013171819511626382	8.521829749952303e-05	0.00010111009905813261	0.048666207804490116	9.673382082837634e-05	9.657729824539275e-05	0.0024783060995105187	0.013241347587609198	0.04416107389865829	8.743474838297516e-05	9.78104981186334e-05
T[C>A]T	8.226698173530167e-05	0.01996033224531857	8.261183775175596e-05	8.807920130493585e-05	8.989854613901116e-05	8.963348300312645e-05	8.526039673597551e-05	8.204525458403166e-05	0.0013178908087866149	9.4705491210334e-05	0.00861065083439989	9.9231783678988e-05	9.063766628969461e-05	0.013961516175913857	0.0486451428518194	0.011894429810126894	0.0016049678528361256	8.661117353767623e-05	0.07334445474225504	8.599740904173814e-05
T[C>G]A	5.5721208889281114e-05	0.0005650987624903792	6.111789761078512e-05	5.224402162866682e-05	7.186215605088364e-05	7.258061091306445e-05	0.2915443638979923	7.267930239152065e-05	0.0004689467212301679	7.407048526602012e-05	8.063090936047957e-05	8.70333140483126e-05	9.029520733747632e-05	8.224257553592906e-05	9.025929612107574e-05	0.00174903443439689	0.01144051030587434	0.020737415783696634	8.28430365800159e-05	7.426076651597668e-05
T[C>G]C	5.3539488294518375e-05	0.0013111326758007634	7.05553913235235e-05	6.948131963326886e-05	0.04083295372070097	8.028723204915878e-05	0.0007158440675993916	6.7401143405732e-05	8.752865742756022e-05	0.012912686647905503	7.622457342222333e-05	8.743733815208543e-05	0.20680328533271677	7.8757982555544e-05	7.702627640355786e-05	0.015154970839284942	8.275287254946306e-05	8.134321765282949e-05	8.304681286972482e-05	7.372274736212603e-05
T[C>G]G	7.603893154168872e-05	0.018737465687445366	8.088809609034797e-05	0.025606668655746033	0.014503297950614068	9.305275962105952e-05	8.264299608526927e-05	9.454009559703991e-05	0.0016222699248828576	0.06338695570375422	9.097342626773752e-05	9.410472193849273e-05	9.375804365845397e-05	0.0002797084056510357	0.013200302407494747	0.0028210246453454603	9.36171374632977e-05	9.042697711265646e-05	9.483212998020462e-05	9.648070663388353e-05
T[C>G]T	5.050752810085157e-05	0.0007862781503035876	6.645799680304876e-05	0.025387746383921696	7.960619134337322e-05	0.4417065618079505	7.858171229599976e-05	6.0916333586646944e-05	7.055461165493826e-05	0.00014149686894597834	0.008587917811570377	7.640732710569864e-05	7.191621748745547e-05	8.765646562096663e-05	8.117094876070041e-05	5.2787009191490594e-05	9.011023394123185e-05	6.912814027515424e-05	0.02307188381355445	5.820034746193414e-05
T[C>T]A	4.062334563226244e-05	7.608971864101478e-05	6.160903409409002e-05	3.2907625584688295e-05	0.5669584101946384	6.23124870344327e-05	7.596421979716439e-05	7.606252329424023e-05	8.187434127648885e-05	7.447360495405064e-05	0.03320802179487146	8.622257500974228e-05	7.947629201225937e-05	7.330473363253986e-05	6.0419043427373255e-05	8.301601606035547e-05	6.815008254079657e-05	5.916369270124733e-05	6.498235920844308e-05	8.084663841145812e-05
T[C>T]C	5.2844583581190816e-05	9.120418508246075e-05	5.837169737787917e-05	5.214977385321617e-05	3.797896707737891e-05	6.267578120286999e-05	6.009523012835416e-05	7.539960606663953e-05	5.825438248905357e-05	0.5001764893531799	6.185874806305947e-05	7.921323476693942e-05	8.52627807034878e-05	6.83739908708958e-05	7.399599673476586e-05	7.118185039871605e-05	5.9409455190007066e-05	7.253306048369268e-05	8.490309483022429e-05	6.336696948423537e-05
T[C>T]G	6.112103147302151e-05	5.877455336076309e-05	2.243463084781183e-05	5.022826225413724e-05	4.626993157195447e-05	6.476491635112324e-05	5.906489775497903e-05	0.8215553998947144	6.913675645137118e-05	5.5080919946703946e-05	5.380532438721275e-05	7.907789004093501e-05	7.635110578121384e-05	7.19468906027032e-05	6.9854174175088e-05	7.284841158252675e-05	4.25413283819509e-05	8.259484711743425e-05	7.949379469209816e-05	7.477298740923288e-05
T[C>T]T	3.270806644605348e-05	7.962156360008521e-05	7.097493476706517e-05	5.4295300196827155e-05	6.60359195080673e-05	6.77204011353183e-05	7.285385490831686e-05	0.030202812511270806	7.152911797883021e-05	7.128658405690658e-05	0.5138435969994163	8.264449425041676e-05	8.365510366274976e-05	8.794827153906226e-05	8.448089338344288e-05	0.0004217176305246539	6.981703913879755e-05	7.299916567831133e-05	0.04961805264464374	9.10782182472758e-05
T[T>A]A	7.941628736602979e-05	0.06035434976147371	8.574466855861828e-05	9.532719923299737e-05	9.055743867065757e-05	0.012739922900072998	8.872913331288146e-05	8.953331798693398e-05	0.0016305043143802322	0.001323034082452068	8.961933631326246e-05	0.00010117669226019643	9.885056933853776e-05	0.0013195778483350296	0.00010109032882610336	0.002320127732309629	0.0016113986945128999	9.662932861829177e-05	0.00010019182300311514	9.845169115578756e-05
T[T>A]C	8.535221932106651e-05	0.010819178773090243	9.12144489120692e-05	9.30472720938269e-05	8.924575740820728e-05	9.553904164931737e-05	0.019402464561426313	9.567578308633529e-05	0.0012455210562620778	0.0013235473248641937	9.477561761741526e-05	0.00010073583471239544	9.954483539331704e-05	0.0013180029207433108	9.524785273242741e-05	0.0028280886013817507	0.0016092378638859373	9.434227322344669e-05	9.944748308043927e-05	9.789952237042599e-05
T[T>A]G	8.454720667714355e-05	0.003862363938242197	9.006772634165828e-05	0.010016631906182738	9.697358982521109e-05	9.991318875108845e-05	0.001359309852705337	9.031148874782957e-05	0.0014167547138640656	0.0013220419168646913	0.025840119740314547	0.00010220996409771033	0.014782678394840331	0.00010732340306276455	0.00010124511973117479	0.0019050775837968104	0.0016122511784487869	0.000100861705141142	9.761035544215701e-05	0.00010060252534458414
T[T>A]T	8.208364754409558e-05	0.0026253483849359325	8.923931236495263e-05	9.361702541355044e-05	9.155887782981153e-05	0.020522513604373672	0.001347037221012215	9.229587449226529e-05	0.0012468042252294254	0.00010060672357212753	9.339441894553601e-05	8.989581401692703e-05	9.261625109502347e-05	0.0013093483966258646	0.024386578609846766	0.002833718081092229	0.0016104179911053506	0.011114067825837992	8.663713742862456e-05	0.0001004346486297436
T[T>C]A	8.043922516094426e-05	0.0026257890691340434	9.199497908412013e-05	9.28598536120262e-05	9.144445793936029e-05	9.682061863713898e-05	0.00136083160614362	9.534306227578781e-05	0.01844898819399532	0.0013249575735244435	9.11687846382847e-05	0.00010083007655339315	9.761160581547301e-05	0.025835463287512538	0.00010192160843871533	0.0028347624123853167	0.001611287725972943	9.414111445948947e-05	9.917106362991034e-05	9.800852385524194e-05
T[T>C]C	7.948380134052968e-05	0.0025933166005415844	9.050827502505854e-05	8.69187180796871e-05	0.025158335404921673	9.647599144955166e-05	0.008380684958319761	0.010094055132867652	0.027339388133987085	0.00010416055010864511	9.084683879336807e-05	0.017030146567412884	9.256302182620857e-05	0.0013159660644305403	8.733014547033236e-05	0.0015322363000450424	0.0011337173771607922	8.717583878024016e-05	9.561167025822215e-05	9.639399650041014e-05
T[T>C]G	7.351525291028338e-05	0.002662690027500503	9.173163925879635e-05	9.626469400245697e-05	8.554109426768264e-05	9.319193468400044e-05	0.021914510936039733	8.244783859936433e-05	0.0016324293792422395	0.0013214562197390479	9.805660301935859e-05	0.015188117013167357	0.024861685281211975	0.00010051990539068356	9.870979338302276e-05	0.0019264595837739761	0.0016106719645904376	9.033998380800768e-05	9.870108187897131e-05	0.00010173958653467708
T[T>C]T	6.658953297460357e-05	0.12963589747887455	7.147708211157067e-05	7.760060750758233e-05	7.961028290992544e-05	9.008617817016785e-05	0.0013568972564826254	9.278289217036217e-05	0.001627324111177586	0.016992273075447883	8.925629081204533e-05	8.999930005728629e-05	9.58401789830532e-05	8.342530706499929e-05	9.378758295497391e-05	9.041185476235113e-05	0.0016099356806080322	8.695630227215645e-05	0.017483744090714026	9.379716684634331e-05
T[T>G]A	8.536866316148917e-05	0.0038662823440972715	8.776455169936525e-05	9.681038864073344e-05	9.611067725927569e-05	0.00010158640216104687	0.00010215717702521943	8.875045684533233e-05	0.0016320235117746051	0.001325964122224832	9.934097397490405e-05	0.00010354363766964524	0.00010182395344600081	0.0013208159034547862	0.00010223618155578152	0.00283675207538181	0.0016136681450007017	9.99332027276978e-05	0.00010211886183242314	0.0331263484498777
T[T>G]C	8.05838926623892e-05	0.0026247001478623133	8.35110571642872e-05	9.30062640691176e-05	8.863854309311136e-05	0.02583772243524436	0.001351907447224221	9.363938006572426e-05	0.0016285903890093322	0.026093765564291972	9.846220491454006e-05	0.0001021028139803093	0.00010242846910841763	0.015988083417687447	0.00010018148605013266	0.0015962528526870302	9.47443266340997e-05	0.00010051144199678675	9.979293026844971e-05	0.00010010901460191234
T[T>G]G	8.690392805306146e-05	0.003867419177549891	9.618474214221351e-05	9.786034352146089e-05	9.811747513595037e-05	0.00010131569433724508	0.001364141362864757	9.863177692750468e-05	0.0016340810580004472	0.0013265380810480564	0.000100007116998313	0.00010463354410603643	0.00010326222181902266	0.0013221082612290048	0.00010318057538825088	0.002836663513153326	0.0016157493220816832	0.00010187801890424453	0.00010251329804304987	0.0001043632706569042
T[T>G]T	0.006695052774364063	0.0013767634642135817	0.007702791459450964	8.077679947007254e-05	8.868437616911251e-05	8.330261716764653e-05	0.001356971675704699	8.040880557018682e-05	0.0014734996802872047	0.0013117736447384233	7.788454927322163e-05	8.797939162832335e-05	0.08627719303549383	9.452619779040105e-05	9.947828584699892e-05	0.0013887781115045073	0.00140290797680791	0.039409769990379574	9.617799150873907e-05	0.03312042028846918
