MutationType	SBS96A	SBS96B	SBS96C	SBS96D	SBS96E	SBS96F	SBS96G	SBS96H	SBS96I	SBS96J	SBS96K	SBS96L	SBS96M	SBS96N	SBS96O	SBS96P	SBS96Q	SBS96R	SBS96S	SBS96T
A[C>A]A	1.83E-02	9.88E-04	1.11E-02	9.88E-06	7.35E-06	9.24E-03	6.30E-04	6.34E-06	2.33E-02	1.23E-03	5.12E-06	4.29E-02	2.04E-02	1.01E-05	9.92E-06	6.02E-04	1.26E-02	1.00E-05	9.36E-06	2.48E-06
A[C>A]C	6.63E-06	3.96E-04	1.17E-05	1.15E-05	8.63E-06	1.10E-05	2.05E-02	7.49E-06	7.62E-04	4.17E-06	1.09E-05	5.45E-06	5.69E-06	7.63E-02	9.86E-06	2.95E-04	1.26E-02	5.18E-06	7.56E-06	7.21E-06
A[C>A]G	9.45E-06	1.83E-03	7.72E-03	1.13E-06	9.42E-06	5.54E-06	6.20E-06	8.27E-06	1.53E-03	1.23E-03	2.08E-06	4.95E-02	2.54E-06	1.22E-03	1.49E-06	1.83E-03	1.51E-03	6.80E-06	1.56E-06	5.40E-06
A[C>A]T	9.61E-06	1.92E-03	4.68E-06	5.20E-06	3.28E-06	5.30E-06	3.57E-06	1.00E-02	3.93E-02	1.23E-03	4.57E-06	2.12E-06	2.70E-06	1.22E-03	2.54E-06	1.43E-03	1.04E-03	3.01E-06	2.62E-06	2.14E-06
A[C>G]A	5.56E-03	1.86E-03	5.00E-06	5.12E-06	2.84E-06	1.82E-02	1.26E-03	5.73E-06	8.63E-03	1.23E-03	5.09E-06	1.93E-06	5.27E-06	3.73E-04	1.85E-06	1.30E-03	1.51E-03	1.17E-06	3.31E-02	4.93E-06
A[C>G]C	9.42E-06	1.67E-03	5.30E-06	1.85E-06	3.49E-06	7.91E-06	8.30E-06	1.16E-05	3.29E-02	1.23E-03	3.94E-06	2.77E-06	2.36E-06	2.63E-02	1.99E-06	1.83E-03	1.51E-03	5.13E-06	4.84E-06	3.77E-06
A[C>G]G	1.11E-02	8.62E-03	5.93E-06	6.63E-06	2.50E-02	1.97E-06	9.04E-05	1.00E-02	1.53E-03	2.35E-04	2.57E-02	2.49E-06	3.88E-06	8.20E-06	3.56E-06	1.30E-03	1.04E-03	2.09E-02	1.99E-02	2.84E-06
A[C>G]T	1.04E-05	1.25E-03	1.15E-05	8.30E-03	7.35E-06	2.10E-06	2.05E-02	1.14E-05	3.89E-02	8.72E-06	3.77E-02	6.43E-02	2.24E-02	1.47E-02	8.62E-06	1.29E-03	1.32E-03	9.17E-06	8.87E-06	4.91E-06
A[C>T]A	1.19E-05	1.93E-05	2.87E-02	1.09E-05	2.51E-02	1.17E-05	2.56E-04	1.27E-05	1.17E-05	1.42E-05	1.22E-05	5.89E-06	4.52E-06	6.59E-06	5.92E-06	1.16E-05	1.10E-05	9.98E-06	1.01E-01	5.69E-06
A[C>T]C	9.76E-06	3.31E-02	5.92E-06	6.21E-06	3.90E-06	8.04E-06	1.26E-03	6.39E-06	1.53E-03	1.89E-04	3.47E-02	3.16E-06	3.08E-06	2.16E-02	1.64E-06	1.29E-03	1.13E-02	1.76E-02	4.77E-06	2.54E-06
A[C>T]G	1.35E-05	1.21E-05	3.76E-02	1.41E-05	1.46E-05	9.78E-06	1.18E-05	1.15E-05	1.35E-05	1.33E-05	1.22E-05	1.26E-05	1.29E-05	1.26E-05	7.24E-06	1.13E-05	1.30E-05	1.24E-05	1.32E-05	8.27E-06
A[C>T]T	1.04E-05	1.41E-04	4.89E-06	6.58E-06	6.16E-06	2.70E-06	7.50E-04	9.50E-06	1.02E-03	8.07E-03	5.56E-06	5.49E-02	1.98E-02	9.25E-03	6.30E-06	2.25E-02	5.86E-06	6.47E-06	3.02E-02	5.63E-06
A[T>A]A	1.02E-05	1.92E-03	7.48E-06	6.78E-06	6.03E-06	7.28E-06	2.82E-05	7.20E-06	1.53E-03	1.23E-03	4.61E-06	4.71E-06	2.91E-06	2.88E-06	3.47E-02	3.64E-04	1.25E-02	2.05E-02	1.76E-06	2.86E-02
A[T>A]C	9.67E-06	1.29E-03	1.20E-05	2.82E-06	5.07E-06	1.07E-05	7.49E-04	1.43E-02	1.50E-05	1.23E-03	6.69E-06	5.93E-06	5.33E-06	1.81E-02	2.49E-06	1.10E-03	1.08E-01	8.29E-06	9.28E-06	7.80E-06
A[T>A]G	1.28E-05	9.70E-06	9.31E-06	1.20E-05	1.83E-02	1.07E-05	1.01E-05	8.41E-06	3.30E-02	9.34E-06	3.05E-06	4.35E-02	5.22E-06	3.60E-02	9.64E-06	3.29E-02	3.76E-02	1.01E-05	1.44E-02	2.11E-06
A[T>A]T	1.28E-05	1.73E-03	8.38E-06	5.32E-06	1.44E-02	1.49E-06	1.26E-03	4.70E-07	3.29E-02	2.10E-06	2.65E-06	1.69E-02	5.08E-06	1.22E-03	2.51E-06	1.43E-03	1.51E-03	7.35E-06	5.38E-06	2.26E-06
A[T>C]A	1.25E-02	2.32E-04	1.24E-05	8.13E-06	9.84E-06	6.05E-06	7.29E-06	7.46E-06	4.69E-02	8.75E-03	3.61E-02	5.66E-06	4.96E-02	3.04E-02	6.98E-06	1.02E-03	1.29E-05	5.63E-06	1.74E-02	3.30E-02
A[T>C]C	9.46E-06	1.82E-03	5.30E-06	7.17E-03	2.24E-06	1.15E-06	1.26E-03	5.17E-06	1.53E-03	3.63E-06	5.57E-06	3.22E-06	1.12E-02	1.22E-03	2.57E-02	1.83E-03	8.24E-04	4.50E-06	1.12E-06	2.60E-06
A[T>C]G	1.43E-05	2.80E-04	7.64E-06	9.81E-06	8.52E-06	1.01E-05	1.26E-03	3.04E-02	1.67E-02	1.23E-03	1.01E-05	1.02E-05	7.27E-06	7.15E-02	4.80E-06	1.02E-05	6.55E-02	4.34E-06	1.02E-05	7.60E-06
A[T>C]T	1.08E-05	8.57E-06	1.20E-05	1.02E-05	1.10E-02	6.57E-02	2.80E-02	1.07E-05	1.28E-03	6.05E-02	1.30E-05	6.24E-06	5.63E-02	1.48E-02	9.15E-06	3.90E-02	3.36E-02	1.03E-05	5.45E-06	9.07E-06
A[T>G]A	1.02E-05	1.65E-03	8.88E-06	9.42E-06	4.60E-06	3.26E-06	1.26E-03	5.86E-07	1.53E-03	8.07E-03	5.72E-06	6.01E-06	3.39E-02	1.22E-03	6.77E-06	1.83E-03	1.47E-04	3.54E-06	2.24E-06	8.88E-06
A[T>G]C	9.60E-06	1.92E-03	1.09E-06	9.99E-07	9.52E-07	1.53E-06	1.26E-03	5.17E-07	1.53E-03	1.23E-03	1.77E-06	1.91E-06	1.77E-06	1.22E-03	1.37E-06	1.83E-03	1.51E-03	1.62E-06	9.57E-07	2.13E-06
A[T>G]G	9.60E-06	1.92E-03	1.09E-06	9.99E-07	9.52E-07	1.53E-06	1.26E-03	5.17E-07	1.53E-03	1.23E-03	1.77E-06	1.91E-06	1.77E-06	1.22E-03	1.37E-06	1.83E-03	1.51E-03	1.62E-06	9.57E-07	2.13E-06
A[T>G]T	1.26E-05	1.68E-03	1.05E-06	1.74E-06	9.50E-06	8.30E-06	1.26E-03	9.70E-06	1.53E-03	1.46E-02	1.98E-06	2.00E-06	2.48E-02	1.23E-06	1.37E-06	1.83E-03	1.51E-03	9.45E-06	2.49E-06	2.50E-06
C[C>A]A	7.18E-06	4.93E-02	9.97E-06	9.35E-06	5.89E-06	2.53E-02	3.29E-02	9.74E-06	2.51E-02	3.78E-06	1.11E-02	4.55E-06	2.81E-02	1.22E-03	8.97E-06	5.26E-04	1.28E-03	4.10E-06	1.74E-02	9.78E-06
C[C>A]C	1.23E-05	1.68E-03	1.26E-05	9.59E-06	9.47E-06	1.67E-02	1.26E-03	7.17E-06	1.53E-03	1.15E-06	5.80E-06	2.14E-06	3.47E-06	4.30E-06	4.76E-02	1.83E-03	9.97E-04	1.28E-05	9.92E-02	3.30E-02
C[C>A]G	1.06E-05	2.03E-02	6.55E-06	2.91E-06	4.14E-06	5.81E-06	1.05E-03	9.12E-03	1.53E-03	3.71E-06	4.98E-06	2.80E-02	7.52E-06	5.99E-06	2.57E-02	1.31E-03	2.88E-02	5.04E-06	1.89E-06	3.70E-06
C[C>A]T	9.25E-06	8.07E-03	1.02E-05	2.08E-06	7.08E-06	5.91E-06	1.16E-05	3.00E-06	1.22E-03	1.23E-03	1.24E-02	2.21E-06	1.29E-02	7.43E-06	4.51E-02	1.41E-03	7.19E-06	3.30E-02	1.79E-06	2.30E-06
C[C>G]A	1.21E-05	7.96E-04	7.52E-06	1.08E-05	9.65E-06	6.34E-06	1.50E-02	3.73E-06	1.27E-03	1.40E-02	2.74E-06	3.49E-06	1.96E-06	1.22E-03	4.28E-02	1.83E-03	2.44E-05	9.92E-02	6.63E-06	4.01E-06
C[C>G]C	1.36E-05	1.23E-03	1.29E-05	1.13E-05	9.25E-06	1.76E-06	7.55E-06	1.07E-05	1.28E-03	9.92E-03	9.77E-06	6.05E-06	2.38E-02	1.22E-03	1.73E-02	4.94E-02	6.98E-06	1.05E-01	1.44E-02	3.03E-06
C[C>G]G	9.97E-06	1.61E-02	9.19E-06	2.32E-06	1.03E-05	2.51E-06	1.26E-03	1.76E-06	1.53E-03	1.44E-02	3.18E-06	2.83E-06	3.26E-06	2.41E-04	2.77E-06	1.59E-03	1.48E-02	1.05E-05	1.99E-06	3.98E-06
C[C>G]T	1.03E-05	8.38E-03	9.67E-06	1.20E-06	4.08E-06	7.89E-06	1.53E-02	1.44E-06	1.53E-03	1.23E-03	5.16E-06	9.05E-06	3.13E-06	1.22E-03	1.10E-05	3.28E-02	1.52E-03	7.97E-06	6.83E-06	3.67E-06
C[C>T]A	1.24E-05	2.42E-02	1.08E-05	8.82E-06	1.11E-05	8.08E-06	9.96E-06	1.15E-05	1.02E-03	1.98E-02	4.91E-02	8.79E-06	8.36E-06	3.93E-02	3.23E-02	5.19E-04	7.83E-02	3.32E-02	7.19E-06	2.89E-06
C[C>T]C	1.29E-05	1.75E-04	8.40E-06	1.25E-02	9.37E-06	1.25E-05	4.95E-02	9.55E-06	1.07E-05	1.23E-05	1.09E-05	1.19E-05	6.14E-02	4.96E-02	2.43E-02	1.02E-03	1.52E-03	1.97E-06	3.78E-02	9.39E-06
C[C>T]G	1.16E-05	1.35E-05	1.42E-05	3.69E-02	1.23E-05	9.27E-06	7.36E-06	1.44E-05	1.43E-05	1.01E-05	1.35E-05	1.16E-05	1.34E-05	1.41E-05	4.13E-06	1.18E-05	1.33E-05	8.76E-06	8.34E-06	1.05E-05
C[C>T]T	1.27E-05	8.11E-03	1.17E-05	1.08E-05	4.77E-02	1.84E-02	8.24E-02	1.28E-05	9.68E-06	1.49E-02	3.62E-02	3.22E-02	9.94E-06	1.22E-03	6.87E-06	9.30E-06	1.35E-05	1.06E-05	7.04E-06	2.75E-06
C[T>A]A	7.17E-06	4.92E-02	2.94E-06	9.89E-06	1.37E-06	8.96E-06	1.26E-03	9.71E-06	4.77E-02	1.25E-02	4.35E-06	4.32E-06	1.97E-06	1.22E-03	9.27E-06	1.08E-03	1.51E-03	1.75E-06	1.17E-06	5.51E-06
C[T>A]C	1.18E-05	1.28E-03	1.02E-05	1.67E-06	1.22E-06	4.76E-02	1.26E-03	8.38E-06	1.53E-03	1.23E-03	8.69E-07	4.25E-06	2.04E-02	4.71E-06	6.34E-06	1.83E-03	1.26E-02	3.30E-02	3.43E-06	2.10E-06
C[T>A]G	1.53E-05	1.55E-03	9.60E-06	1.23E-05	1.11E-05	1.42E-06	3.80E-06	6.70E-03	1.15E-03	9.99E-06	8.91E-06	9.35E-06	1.02E-05	6.40E-02	1.27E-02	7.21E-04	1.52E-03	5.15E-02	7.47E-06	3.30E-02
C[T>A]T	9.98E-06	1.31E-03	1.53E-02	3.01E-06	6.68E-06	1.89E-06	8.88E-06	9.15E-03	1.22E-03	4.51E-06	7.22E-06	3.76E-02	1.29E-02	9.95E-04	4.48E-06	2.24E-02	3.77E-06	4.48E-06	7.74E-06	1.28E-02
C[T>C]A	8.65E-06	1.69E-03	4.92E-06	9.95E-06	6.57E-06	7.15E-06	2.21E-02	1.00E-05	2.04E-02	1.23E-03	9.91E-02	4.35E-06	3.28E-06	1.22E-03	1.79E-06	1.44E-03	3.96E-02	6.29E-06	1.65E-06	3.97E-06
C[T>C]C	1.27E-05	1.36E-03	8.08E-06	1.10E-05	9.16E-06	6.97E-06	1.26E-03	8.44E-06	3.77E-02	1.46E-02	8.41E-06	8.81E-06	2.41E-06	8.03E-03	2.01E-06	1.30E-03	5.98E-06	3.93E-02	2.30E-02	2.91E-06
C[T>C]G	2.66E-02	1.25E-03	7.38E-06	1.13E-05	1.22E-05	9.24E-03	7.57E-06	9.49E-06	7.62E-04	1.33E-05	7.18E-06	3.88E-06	4.14E-02	2.85E-06	4.49E-06	6.02E-04	4.30E-02	4.27E-02	1.01E-05	2.57E-02
C[T>C]T	9.16E-03	1.28E-03	5.08E-06	5.66E-06	4.07E-06	1.01E-02	1.50E-02	3.54E-06	1.53E-03	2.26E-02	6.23E-06	2.79E-06	5.79E-06	9.68E-04	1.73E-02	2.79E-02	3.03E-04	5.83E-06	6.78E-06	2.54E-02
C[T>G]A	1.01E-05	1.92E-03	4.97E-06	5.19E-06	5.22E-06	2.04E-02	1.26E-03	2.03E-06	2.56E-02	3.70E-06	3.69E-06	3.68E-06	1.90E-06	1.22E-03	1.18E-06	1.43E-03	1.51E-03	4.25E-06	5.26E-06	2.43E-06
C[T>G]C	1.24E-05	1.53E-03	9.98E-06	2.56E-06	9.69E-06	5.27E-06	9.91E-06	6.70E-03	3.29E-02	1.23E-03	4.78E-06	1.12E-02	1.21E-06	2.98E-06	2.33E-06	1.83E-03	6.07E-04	9.91E-02	2.96E-06	1.28E-02
C[T>G]G	1.13E-05	8.07E-03	1.01E-05	9.92E-03	4.75E-02	3.78E-02	6.73E-04	3.81E-06	1.31E-03	6.98E-06	5.77E-06	6.90E-06	4.56E-06	1.22E-03	6.90E-06	8.49E-03	2.04E-02	8.85E-06	1.06E-05	3.85E-06
C[T>G]T	1.18E-05	3.93E-02	1.14E-05	8.30E-03	2.26E-02	5.99E-06	1.26E-03	1.08E-05	1.53E-03	1.36E-05	7.85E-06	3.22E-02	3.47E-06	4.55E-04	6.68E-02	3.30E-02	1.33E-03	1.11E-05	6.28E-06	2.86E-02
G[C>A]A	9.71E-06	1.06E-04	1.20E-05	1.11E-05	9.28E-06	7.70E-06	1.12E-05	1.30E-05	9.30E-06	1.09E-05	1.23E-05	9.33E-06	1.20E-05	1.23E-03	7.59E-02	5.94E-05	1.04E-05	1.01E-05	1.02E-05	4.63E-06
G[C>A]C	4.99E-06	8.00E-03	5.54E-06	2.80E-06	5.68E-06	1.67E-02	2.04E-02	4.69E-06	7.60E-04	1.23E-03	3.07E-06	2.79E-06	3.71E-06	1.22E-03	2.11E-06	1.44E-03	1.97E-02	6.76E-06	1.58E-06	2.30E-06
G[C>A]G	9.70E-06	4.82E-02	7.98E-06	7.58E-06	6.24E-06	1.85E-02	1.26E-03	1.25E-02	1.53E-03	1.23E-03	1.20E-05	2.60E-02	3.91E-06	4.84E-06	2.26E-06	1.30E-03	6.08E-04	9.75E-06	6.83E-06	3.90E-06
G[C>A]T	1.27E-05	1.66E-03	9.90E-06	1.27E-05	1.19E-05	2.83E-02	9.93E-06	1.33E-05	1.67E-02	5.20E-06	1.39E-05	7.74E-02	8.25E-06	1.56E-05	8.83E-06	4.08E-02	9.92E-06	1.18E-05	1.21E-05	4.84E-02
G[C>G]A	9.53E-06	1.65E-03	1.17E-06	4.36E-06	1.13E-06	2.30E-06	2.50E-04	1.48E-06	1.53E-03	1.23E-03	1.85E-02	4.86E-06	1.82E-06	1.22E-03	1.53E-06	1.83E-03	1.51E-03	1.49E-06	2.04E-02	5.68E-06
G[C>G]C	9.82E-06	4.93E-02	8.14E-06	9.92E-03	4.04E-06	2.57E-02	1.02E-05	9.03E-06	1.31E-03	1.23E-03	9.60E-06	1.69E-02	4.99E-06	1.22E-03	1.98E-06	1.44E-03	1.51E-03	5.34E-06	4.06E-06	3.16E-06
G[C>G]G	1.04E-05	1.92E-03	1.34E-02	1.72E-06	2.37E-06	1.86E-06	1.26E-03	3.12E-06	9.13E-04	7.93E-04	2.48E-02	2.54E-06	2.69E-06	1.22E-03	1.95E-06	8.49E-03	1.51E-03	2.56E-06	1.85E-06	2.28E-06
G[C>G]T	9.75E-06	1.28E-03	4.71E-06	5.33E-06	5.79E-06	8.13E-06	9.08E-05	3.03E-06	1.53E-03	8.58E-06	1.04E-05	1.74E-02	7.15E-06	1.22E-03	1.64E-06	2.07E-02	5.51E-02	4.53E-06	8.26E-07	4.94E-06
G[C>T]A	1.02E-05	1.25E-03	1.30E-05	1.25E-05	1.09E-05	1.27E-05	8.82E-06	9.26E-06	1.20E-05	5.70E-05	1.23E-05	5.00E-06	8.01E-06	1.31E-05	1.36E-05	1.09E-01	1.03E-05	1.13E-05	9.40E-06	1.07E-05
G[C>T]C	1.06E-05	1.01E-01	1.11E-02	1.55E-02	3.77E-02	3.09E-02	1.59E-05	4.03E-06	1.22E-03	9.66E-06	6.07E-06	2.83E-06	6.42E-06	7.80E-04	8.48E-06	1.10E-02	2.02E-06	1.17E-05	9.25E-06	4.57E-06
G[C>T]G	3.91E-02	1.09E-05	1.28E-05	1.10E-05	1.28E-05	9.72E-06	1.11E-05	1.20E-05	1.51E-03	1.18E-05	1.18E-05	1.02E-05	7.46E-06	1.23E-05	1.20E-05	2.46E-06	1.38E-05	9.46E-06	1.21E-05	9.66E-06
G[C>T]T	1.04E-05	2.73E-04	9.77E-06	7.26E-06	5.95E-06	2.15E-02	6.51E-02	4.28E-06	2.03E-02	2.43E-02	3.69E-06	1.51E-02	3.45E-02	9.69E-06	1.13E-05	1.30E-03	5.17E-06	8.81E-06	4.95E-06	8.71E-06
G[T>A]A	9.51E-06	1.69E-03	1.04E-06	9.65E-06	1.49E-06	9.21E-03	4.95E-02	1.39E-06	1.53E-03	1.23E-03	2.23E-06	1.96E-06	1.95E-06	1.22E-03	1.56E-06	1.83E-03	1.51E-03	1.76E-06	4.77E-06	1.03E-05
G[T>A]C	9.56E-06	1.68E-03	1.15E-06	1.64E-06	1.33E-06	1.73E-06	1.26E-03	9.08E-07	1.53E-03	1.23E-03	1.57E-06	5.22E-06	4.58E-06	1.22E-03	1.31E-02	1.83E-03	1.51E-03	1.63E-06	3.50E-06	1.94E-06
G[T>A]G	1.04E-05	1.68E-03	1.80E-06	4.09E-06	3.12E-02	3.27E-06	1.26E-03	1.88E-06	1.02E-03	8.70E-03	4.22E-06	4.06E-06	2.19E-06	2.40E-04	2.44E-06	1.23E-03	1.51E-03	4.19E-06	3.25E-06	2.63E-06
G[T>A]T	9.63E-06	1.92E-03	8.70E-06	4.64E-06	5.89E-06	1.83E-06	1.26E-03	9.78E-06	1.53E-03	5.01E-06	1.11E-05	3.90E-02	6.55E-06	1.22E-03	2.52E-06	9.36E-05	3.49E-02	3.96E-06	9.27E-06	3.65E-06
G[T>C]A	1.15E-05	1.51E-02	6.70E-03	1.02E-05	8.79E-06	5.27E-06	1.26E-03	6.70E-03	1.25E-02	1.01E-03	9.95E-06	2.24E-06	3.25E-06	1.22E-03	3.39E-06	1.52E-03	3.03E-04	9.92E-02	9.79E-06	2.54E-02
G[T>C]C	1.11E-05	7.66E-04	1.09E-05	6.29E-06	8.38E-06	2.02E-02	9.93E-06	6.95E-06	7.60E-04	5.00E-06	5.92E-06	3.62E-02	1.29E-02	1.22E-03	5.41E-06	9.36E-03	6.08E-04	3.53E-06	9.81E-06	3.30E-02
G[T>C]G	9.58E-06	1.50E-04	7.91E-06	4.51E-06	8.58E-06	4.37E-06	4.12E-04	4.34E-06	1.22E-03	2.47E-02	4.55E-06	4.89E-06	2.25E-06	1.22E-03	3.85E-06	1.09E-02	2.23E-02	5.14E-06	2.68E-02	2.52E-02
G[T>C]T	9.81E-06	1.28E-03	1.21E-05	8.56E-06	9.48E-06	1.06E-06	1.41E-06	1.29E-05	7.61E-04	6.79E-06	1.05E-05	2.82E-02	4.05E-06	1.22E-03	7.09E-06	1.30E-03	1.51E-03	4.11E-06	1.99E-02	1.00E-01
G[T>G]A	1.02E-06	1.82E-03	9.53E-06	7.17E-03	1.49E-06	1.50E-06	1.26E-03	8.91E-06	4.88E-06	1.23E-03	7.92E-06	2.43E-06	1.56E-06	1.22E-03	7.35E-06	1.83E-03	1.51E-03	1.80E-06	7.72E-06	9.92E-02
G[T>G]C	9.84E-06	8.33E-03	5.31E-06	3.60E-06	2.96E-06	9.40E-03	3.35E-02	9.37E-07	1.53E-03	1.23E-03	3.64E-06	6.32E-06	2.16E-06	1.22E-03	3.10E-06	1.30E-03	1.51E-03	7.06E-06	2.43E-06	3.85E-06
G[T>G]G	1.21E-05	1.65E-03	8.31E-06	6.24E-03	4.52E-06	9.24E-03	3.29E-02	9.19E-06	2.56E-02	9.85E-06	8.59E-06	1.12E-02	3.82E-06	1.22E-03	5.18E-06	6.01E-04	6.08E-04	3.96E-02	7.48E-06	5.31E-06
G[T>G]T	9.60E-06	8.62E-03	3.54E-06	4.05E-06	2.51E-06	2.15E-06	1.26E-03	1.51E-06	1.53E-03	2.35E-04	5.79E-06	4.81E-06	2.30E-06	1.46E-02	1.69E-06	1.29E-03	1.51E-03	3.12E-06	2.04E-02	5.66E-06
T[C>A]A	1.42E-05	8.49E-06	1.35E-05	1.09E-05	9.05E-06	7.02E-06	3.48E-06	1.23E-05	1.23E-03	6.67E-06	7.82E-06	8.51E-06	2.04E-02	7.92E-06	4.38E-06	1.10E-02	1.52E-03	9.49E-06	1.99E-02	1.01E-01
T[C>A]C	1.14E-05	1.08E-05	1.17E-05	8.47E-03	1.39E-05	9.34E-06	1.26E-03	1.21E-05	7.67E-02	8.22E-04	1.44E-05	1.28E-05	1.47E-02	8.55E-06	1.65E-02	3.72E-04	8.40E-06	1.11E-05	8.48E-06	8.50E-06
T[C>A]G	1.20E-05	1.67E-03	8.80E-06	2.92E-06	9.14E-03	8.17E-06	6.81E-06	1.29E-05	1.03E-05	1.23E-03	8.77E-06	2.36E-06	3.24E-02	3.99E-06	3.68E-06	1.63E-03	1.16E-02	4.41E-02	9.97E-06	2.93E-06
T[C>A]T	8.42E-06	1.64E-02	8.77E-06	5.07E-06	4.77E-06	3.97E-06	8.47E-06	1.06E-05	1.22E-03	2.98E-06	8.53E-03	2.22E-06	5.54E-06	1.26E-02	4.86E-02	1.10E-02	1.52E-03	7.99E-06	7.32E-02	1.02E-05
T[C>G]A	1.10E-05	4.86E-04	1.18E-05	1.12E-05	1.02E-05	1.12E-05	8.35E-02	9.71E-06	3.75E-04	1.05E-05	9.25E-06	8.08E-06	2.88E-06	8.35E-06	5.44E-06	1.43E-03	1.14E-02	2.07E-02	7.53E-06	1.18E-05
T[C>G]C	1.15E-05	1.24E-03	1.14E-05	1.14E-05	4.08E-02	8.69E-06	6.33E-04	1.19E-05	1.01E-05	1.28E-02	7.44E-06	8.31E-06	6.37E-02	8.12E-06	1.24E-05	1.51E-02	7.30E-06	9.05E-06	6.52E-06	1.19E-05
T[C>G]G	1.09E-05	1.74E-02	6.91E-06	2.55E-02	1.44E-02	4.39E-06	1.02E-05	3.29E-06	1.53E-03	4.22E-02	3.60E-06	5.47E-06	4.44E-06	1.92E-04	1.31E-02	1.83E-03	3.74E-06	6.27E-06	3.83E-06	4.52E-06
T[C>G]T	1.31E-05	7.23E-04	1.29E-05	2.53E-02	9.92E-06	1.08E-01	8.92E-06	1.17E-05	1.21E-05	6.80E-05	8.54E-03	9.05E-06	1.11E-05	4.70E-06	7.20E-06	1.59E-05	1.04E-05	1.13E-05	2.30E-02	1.48E-05
T[C>T]A	1.38E-05	8.15E-06	1.32E-05	1.35E-05	8.70E-02	1.12E-05	9.52E-06	7.90E-06	9.24E-06	1.15E-05	3.32E-02	8.61E-06	5.32E-06	8.31E-06	1.23E-05	1.71E-05	1.26E-05	1.35E-05	1.19E-05	7.46E-06
T[C>T]C	1.27E-05	1.39E-05	1.06E-05	1.21E-05	1.13E-05	1.27E-05	1.28E-05	7.34E-06	1.43E-05	8.16E-02	1.09E-05	8.43E-06	6.98E-06	6.64E-06	9.17E-06	8.81E-06	1.32E-05	8.62E-06	3.38E-06	1.10E-05
T[C>T]G	1.28E-05	1.40E-05	9.16E-06	1.47E-05	1.25E-05	1.24E-05	1.23E-05	4.81E-02	1.24E-05	1.13E-05	1.42E-05	8.10E-06	8.36E-06	9.13E-06	1.18E-05	1.10E-05	1.43E-05	5.51E-06	8.68E-06	1.18E-05
T[C>T]T	1.10E-05	8.13E-06	1.00E-05	1.37E-05	1.12E-05	1.22E-05	9.24E-06	3.01E-02	1.05E-05	1.03E-05	1.02E-01	7.02E-06	5.90E-06	3.92E-06	8.73E-06	3.31E-04	1.29E-05	1.17E-05	4.95E-02	2.84E-06
T[T>A]A	9.68E-06	4.90E-02	8.10E-06	1.98E-06	5.28E-06	1.26E-02	9.55E-06	8.44E-06	1.53E-03	1.23E-03	9.62E-06	2.37E-06	2.69E-06	1.22E-03	2.44E-06	1.56E-03	1.51E-03	4.07E-06	1.89E-06	4.51E-06
T[T>A]C	7.59E-06	8.09E-03	3.34E-06	3.29E-06	5.26E-06	3.97E-06	1.30E-02	1.60E-06	1.15E-03	1.23E-03	3.64E-06	2.67E-06	2.64E-06	1.22E-03	6.30E-06	1.83E-03	1.51E-03	4.83E-06	2.09E-06	4.70E-06
T[T>A]G	9.76E-06	1.92E-03	5.00E-06	9.92E-03	1.16E-06	2.30E-06	1.26E-03	5.74E-06	1.31E-03	1.23E-03	2.57E-02	2.61E-06	1.47E-02	6.31E-06	1.55E-06	1.44E-03	1.51E-03	1.44E-06	3.90E-06	3.00E-06
T[T>A]T	9.87E-06	1.69E-03	5.03E-06	2.95E-06	5.49E-06	2.04E-02	1.26E-03	3.11E-06	1.14E-03	3.46E-06	3.78E-06	1.01E-05	9.36E-06	1.22E-03	2.43E-02	1.83E-03	1.51E-03	1.10E-02	8.61E-06	2.36E-06
T[T>C]A	9.83E-06	1.68E-03	3.88E-06	3.92E-06	4.05E-06	4.25E-06	1.26E-03	2.86E-06	1.67E-02	1.23E-03	5.22E-06	2.86E-06	4.38E-06	2.57E-02	1.31E-06	1.83E-03	1.51E-03	5.29E-06	2.78E-06	5.71E-06
T[T>C]C	9.75E-06	1.65E-03	3.11E-06	6.55E-06	2.51E-02	3.89E-06	8.29E-03	1.00E-02	2.56E-02	8.35E-06	5.99E-06	1.69E-02	5.27E-06	1.22E-03	7.14E-06	1.44E-03	1.04E-03	7.37E-06	4.07E-06	5.10E-06
T[T>C]G	1.24E-05	1.67E-03	3.14E-06	1.82E-06	9.42E-06	8.23E-06	2.04E-02	9.92E-06	1.53E-03	1.23E-03	1.50E-06	1.51E-02	2.48E-02	1.32E-06	2.43E-06	1.44E-03	1.51E-03	9.39E-06	2.51E-06	2.37E-06
T[T>C]T	1.18E-05	6.97E-02	1.27E-05	1.02E-05	1.00E-05	5.64E-06	1.26E-03	2.69E-06	1.53E-03	1.66E-02	6.05E-06	1.03E-05	1.86E-06	1.14E-05	5.12E-06	4.38E-06	1.51E-03	1.01E-05	1.74E-02	5.24E-06
T[T>G]A	9.49E-06	1.92E-03	8.52E-06	1.36E-06	2.13E-06	1.45E-06	2.01E-06	9.85E-06	1.53E-03	1.23E-03	1.92E-06	1.89E-06	2.02E-06	1.22E-03	1.92E-06	1.83E-03	1.51E-03	2.27E-06	1.02E-06	3.30E-02
T[T>G]C	9.90E-06	1.68E-03	7.36E-06	3.53E-06	8.59E-06	2.57E-02	1.26E-03	4.35E-06	1.53E-03	2.47E-02	2.68E-06	2.65E-06	1.83E-06	1.46E-02	2.98E-06	1.29E-03	4.56E-06	1.76E-06	2.09E-06	4.85E-06
T[T>G]G	9.60E-06	1.92E-03	1.09E-06	9.99E-07	9.52E-07	1.53E-06	1.26E-03	5.17E-07	1.53E-03	1.23E-03	1.77E-06	1.91E-06	1.77E-06	1.22E-03	1.37E-06	1.83E-03	1.51E-03	1.62E-06	9.57E-07	2.13E-06
T[T>G]T	6.65E-03	1.29E-03	7.63E-03	1.06E-05	5.62E-06	9.20E-06	1.26E-03	9.53E-06	1.38E-03	1.23E-03	1.16E-05	9.36E-06	5.80E-02	2.10E-06	1.47E-06	1.30E-03	1.31E-03	3.93E-02	3.15E-06	3.30E-02
