MutationType	SBS96A	SBS96B	SBS96C	SBS96D	SBS96E	SBS96F	SBS96G	SBS96H
A[C>A]A	0.0231921787007021	0.002630134581566588	0.1296046752490038	0.05065174406459657	0.05660035830171476	0.02215436716519356	0.0737115109195006	0.03765338873116803
A[C>A]C	0.005524682513410219	0.004041349043760754	0.0060755122179025935	0.003993088763365613	0.004469272152053516	0.004596979908832248	0.006766646043991488	0.00456350990496023
A[C>A]G	0.0038248247954462823	0.001163571921295507	0.004480568444950355	0.0033577488609205534	0.0036152744416841193	0.001970341297428016	0.004554123581784499	0.003381971528423984
A[C>A]T	0.011108840713677222	0.007468210450551559	0.025138912818204948	0.016124782224432702	0.01866662959130456	0.013410668138620444	0.01892467764837111	0.009955786616640235
A[C>G]A	0.005160992040574043	0.0033813885579620532	0.0006040765193642598	0.0037727315922964715	0.0027625008174968655	0.003951273996206873	0.003876750006017016	0.004636178253287021
A[C>G]C	0.005529956479324541	0.0022753584382339863	0.0004163192508329289	0.0017113105980424079	0.002819814973493791	0.003716447431249352	0.0017976653469329161	0.0019532315442155885
A[C>G]G	0.010942764873095997	0.0018435138149429035	0.0006622357084537417	0.00255785143330542	0.0048200941849335125	0.0031683385386581733	0.005556585463832917	0.003774755297209937
A[C>G]T	0.012504616074936217	0.0056869700971262874	0.0017412979357975002	0.002632949463441181	0.007012499818372171	0.004467744275304038	0.01051610157572663	0.0026748017591062523
A[C>T]A	0.029049214674840233	0.06021120131366764	0.00479590544692636	0.047964931122858295	0.025717094225401683	0.05714906887611585	0.016518395628154832	0.04530628067205571
A[C>T]C	0.007059890258277862	0.020226025092663847	0.002264188802932306	0.02325640979249041	0.006767974487818257	0.02496145210808893	0.0068176413109165435	0.01873379108701978
A[C>T]G	0.021957601724391256	0.02546680610847902	0.0033435808239109096	0.012930694425286146	0.017621874558200627	0.017695757365674913	0.014100839884492558	0.017936460252354763
A[C>T]T	0.011925352432146017	0.027172209658739364	0.0011805451601016625	0.011218415252033181	0.007017710079281464	0.016481127208479406	0.005679107652765639	0.014972568899833737
A[T>A]A	0.004500091469123214	0.001799325618696355	0.001935887719349353	0.003500160644861796	0.003170093479224698	0.0029915233676801314	0.003993042983651187	0.004220483509569711
A[T>A]C	0.0025693985682262175	0.00193916586742807	6.164370842859007e-05	0.001316601830389861	0.00100600512940233	0.002229629633330444	0.0005460764895099884	0.0014582630852670992
A[T>A]G	0.0017364101064947666	0.0015228781360427904	0.001111241272000025	0.0016797908009818195	0.001084816181172377	0.002196816434006889	0.001956887168080614	0.0009574077380825127
A[T>A]T	0.01248526595792433	0.01547305602219621	0.001086311150774031	0.006048990246739627	0.006959474790910509	0.00826524582622078	0.007612814365338316	0.01030246803241711
A[T>C]A	0.04836265640007848	0.026718684303757918	0.0024370527012345746	0.010158496548372618	0.021545615766889507	0.02009473815678022	0.028824351205400434	0.01746798769649352
A[T>C]C	0.010674177501388011	0.010418459284036218	8.634462111983873e-05	0.0021532588896140746	0.005373557047576701	0.0048881589094206795	0.003738672304152719	0.005360284318402836
A[T>C]G	0.02684947557410665	0.031152650116074536	0.0008024711342092001	0.007432924528527993	0.014866441418393984	0.015983698086599028	0.01275185884167616	0.016640107402045808
A[T>C]T	0.015464200072923663	0.01037829140791168	0.0018672134880376567	0.007752580150875139	0.008956782509300067	0.011107503699932145	0.010352194666939282	0.008785485577211644
A[T>G]A	0.0009494373204127133	0.00033624514022822106	0.0018171023390061282	0.0032080205028217268	0.00192236229594916	0.0015965420984013375	0.0018474488593924437	0.0025498299061447994
A[T>G]C	0.0013721033397985523	0.0006232913345578618	0.0006797897066410459	0.0005733806293177433	0.001214890199601344	0.0007863693382028372	0.00092596506713085	0.00026624516835361845
A[T>G]G	0.0045128743752333575	0.0016577588617533196	0.0003550354626134723	0.0007058053436099736	0.0017855239440137897	0.0013865495595984673	0.0035331236422805412	0.0007574105296819698
A[T>G]T	0.0048916216811890805	0.0027304036883460075	0.0003811249082052525	0.0032166581379874035	0.0029807907690424496	0.003423140056531669	0.003296562860517506	0.003713236502974942
C[C>A]A	0.022617091656462588	0.01575889699702472	0.03586198636278326	0.031095840186778585	0.03422396407139144	0.02209872325744633	0.030990316042786382	0.030687847263542976
C[C>A]C	0.010046526665434744	0.026492440595634388	0.001225407021200916	0.004732746256303048	0.005251328642012475	0.010716441230999229	0.005281855952035686	0.01068762155991065
C[C>A]G	0.00541393172536208	0.005623476838533266	0.002011905173927402	0.0036923819626154797	0.003872918688124993	0.0055861531628950585	0.0045727773125254015	0.004827168515750912
C[C>A]T	0.020330870810212245	0.08296534760001686	0.0026601310155282883	0.01872159138168899	0.01642042483548167	0.028446367060861382	0.012714465548479364	0.04238581240517926
C[C>G]A	0.0063787193379614285	0.002070738090798039	0.000464351074636751	0.0015938116131605593	0.003199362450764223	0.0032814689559450155	0.004715661820495564	0.0014407643240835516
C[C>G]C	0.0012093853691448736	0.0008188437657341878	0.0007317567519717751	0.0032861107254222102	0.0012808418986564767	0.003203582483042266	0.0011064693556813916	0.0016672164611920108
C[C>G]G	0.004131793904254586	0.0005604775124141011	0.00021428279305453208	0.0012049731055609096	0.0024861889166521564	0.0011969988734153304	0.0018794645682228127	0.0016947497549754894
C[C>G]T	0.005820098464646355	0.002111311560688195	0.0007365533315795917	0.0013554308701424589	0.00262169915051292	0.002279195901612226	0.005333300458476681	0.001115170162537044
C[C>T]A	0.014495331597566026	0.012426558214090697	0.008320193473663468	0.04328087487571082	0.019350905668196965	0.03524031757332695	0.0122085001585011	0.036542901383733194
C[C>T]C	0.006743110315812417	0.012572355619414452	0.003994671575625066	0.01916597947109049	0.008364902176080017	0.02250323018361804	0.006248721624865305	0.01161271565748759
C[C>T]G	0.012419840142758643	0.015184520056846812	0.0014394129380815451	0.011926132069373839	0.010262105702325075	0.011225354870690155	0.004190121820025108	0.014889985243090592
C[C>T]T	0.011766873215267775	0.013343784190543117	0.0023355175514767723	0.016962524151220026	0.008397956851027375	0.020723517317821887	0.009146936599862574	0.01466759164797637
C[T>A]A	0.006306583578869995	0.002179704562418434	0.0007090805524533866	0.001892835032254521	0.0033317150319056694	0.00344479286906106	0.004727772457210397	0.0016606128642225062
C[T>A]C	0.003557685657920051	0.0030758012306148666	0.0007420943535616695	0.0015537400572894857	0.0015710025484720128	0.003289180011839864	0.0022732884999910096	0.000828100963919745
C[T>A]G	0.005855370349633959	0.0022565153594326743	0.0007102887429781989	0.0010969847039002552	0.0028593314107066767	0.0020888835393700687	0.004340957746816576	0.0013434869128241256
C[T>A]T	0.0056339470979614335	0.001853069500769984	0.0007392826875061498	0.002112577612824539	0.003920923824073979	0.0035802889574709238	0.0050620992826640055	0.0023482806176835245
C[T>C]A	0.01767969838747112	0.018474073366231414	0.0009855414082274017	0.006302106241130067	0.009952300554264756	0.01115856203755779	0.006797507081219583	0.012632876184401287
C[T>C]C	0.009140679903232406	0.01281605024978461	0.000524194250692172	0.0026803711027155942	0.00406032895665451	0.00613411136243497	0.0035448975807502747	0.0052839041496351765
C[T>C]G	0.01392831901207543	0.03415472690793733	0.0017893144249406963	0.005491158182120044	0.011120725838600468	0.013743235635730686	0.005470671310226946	0.01314685312684144
C[T>C]T	0.016584666051403598	0.012970026745099483	0.0017399384797874068	0.004547702448369373	0.008613056016056362	0.007308204848891072	0.008425521347412729	0.006775718557720236
C[T>G]A	0.0019146929456403969	0.0007181218740978889	0.000639694407877935	0.0012336061477754043	0.0018981914588493674	0.0012560521314629793	0.000762114681886736	0.0012478993346793112
C[T>G]C	0.0026438371109565816	0.0038202682638277413	0.0	0.0014321029687238192	0.001026080219230839	0.0026491532537943367	0.0007444192335015939	0.0017561064531703093
C[T>G]G	0.0050203452225784624	0.004527790260726077	0.0006629586046987584	0.002130588399259095	0.002957330296975811	0.003896007617556706	0.0018958862714569963	0.002287860167586726
C[T>G]T	0.004201487741575164	0.005611631832244598	0.0004029315073146127	0.002467368446035155	0.0029405181162454287	0.004399111563734734	0.001571941434184878	0.0030602953529051983
G[C>A]A	0.024979289322430757	0.0020043357391394735	0.3775975166722873	0.10761057402263566	0.14102499947339353	0.03134043760702026	0.18216762081533225	0.07192239180975475
G[C>A]C	0.006359447037445623	0.004397441333097575	0.016466098036156885	0.005971560003187156	0.010489211608546656	0.005398065228137945	0.011807986123433336	0.0028370072516381477
G[C>A]G	0.004169987758779336	0.0013889222556717356	0.010230868462038826	0.004723765509016188	0.005970330998546276	0.002811465515021559	0.005372056083382511	0.00442707912484977
G[C>A]T	0.018548695115142715	0.012095472498502575	0.09728436055117008	0.051044902670068684	0.04920362252415743	0.027072404624381215	0.050554264085252765	0.04387663663464616
G[C>G]A	0.005085594945721	0.0017725584484454132	0.001635826872066295	0.0032403002849736005	0.0039498756746665226	0.004041706376096763	0.005372047581751733	0.0018187153051680196
G[C>G]C	0.003597002874420154	0.0019992038118200736	0.0010203158932370426	0.0019159481968151037	0.0025555397968521146	0.002060957294951191	0.0027091183583939004	0.002266411126077574
G[C>G]G	0.002681177950536551	0.0003288001907099025	0.00010728346476853462	0.0004034812536870617	0.001827724719805516	0.0005623442858010075	0.001463347910836734	0.000712782149669108
G[C>G]T	0.00922841288513352	0.0033329178238191365	0.0016093555223794863	0.0030536484446230436	0.004582215709428914	0.005198462186929596	0.004516371023429276	0.001815966455507095
G[C>T]A	0.012924225187053452	0.06579794685076853	0.0022428353754515512	0.01991745485026612	0.008719418504168951	0.0375742455289679	0.009078693346880044	0.02559119053868165
G[C>T]C	0.006576015208809854	0.048346242210598384	0.0004184528659191703	0.012668966967314404	0.005094327442445189	0.02108414262773943	0.003626720083021053	0.022550841691579532
G[C>T]G	0.01833739409722109	0.03136325496815777	0.0047275567179669	0.012398323953550483	0.01693914807499545	0.0168928796698951	0.009505592879532943	0.021888383113563
G[C>T]T	0.010691174216464629	0.0476551594522774	0.0006032554125582136	0.010407373830404137	0.004770143517173727	0.023846794627642526	0.004382082235625927	0.01539456252269546
G[T>A]A	0.0023000237059950103	0.0011866293731016405	0.00028144129942023427	0.0005957289768160686	0.0006688659925472458	0.0010735391062528985	0.0023034159444418833	0.0001960709885405096
G[T>A]C	0.0013848812200540298	0.001428762419381871	0.0009196996806337258	0.0011085444009247979	0.0011370568243043303	0.0016524429282349835	0.001892196643926386	0.0002989197946508998
G[T>A]G	0.0034052137135088803	0.001933433469436286	0.00032724686377112716	0.0009512529004184463	0.0011442934326727603	0.0021006860982061407	0.0033102801591819255	0.000642636324526172
G[T>A]T	0.005024339519954185	0.0026320361385288047	0.0008981871690567296	0.0020342415612458536	0.002808962578262449	0.0024255235751431273	0.0038820213937166615	0.0027028722211739882
G[T>C]A	0.009145060249550486	0.014001653569130778	0.0001001410277558071	0.0027623099979945907	0.0037952400332832356	0.0070241904654460546	0.005008331781405232	0.0063210907052601364
G[T>C]C	0.0037183792774653497	0.006804207468316187	0.0002343591814674447	0.001991267746649314	0.0019980483608080697	0.0033096009738144035	0.00258712176409193	0.004206184886086426
G[T>C]G	0.007463183426259732	0.016326425442811272	0.0006615290342707735	0.003549169918914053	0.0044612185890660905	0.006587805429513564	0.0030606019327427563	0.007555582076769242
G[T>C]T	0.010391231251208093	0.007129129718665516	0.0002006855949633232	0.0021457594331535444	0.005412141038109798	0.004248976249307523	0.005313827768278998	0.004541570742619501
G[T>G]A	0.000687700595437709	0.0002626261306411317	0.0011723037974863933	0.00044145343761994393	0.0007759240229682116	0.00044344937838455454	0.0002344203218981108	0.0011336249963371677
G[T>G]C	0.000870635983367304	0.000278122886212976	0.0015490671944951278	0.0022125100183683598	0.002229873425524055	0.001971283341775061	0.0014702504739231288	0.00031470077902525566
G[T>G]G	0.004952193146894729	0.0010540283236904068	0.0003505511301029844	0.0010066148066893558	0.002520744574578804	0.0020387750073229197	0.002795329564502664	0.0011218974602070903
G[T>G]T	0.0029089877895472284	0.0014791710834818265	0.00010174299360057951	0.001958189623799199	0.0014977024146194497	0.0019327656455224947	0.0016347016050122277	0.002497652374663666
T[C>A]A	0.03899080342051569	0.0044118853586187475	0.05579778362498816	0.05207805592526269	0.052055321426040815	0.035034829575212895	0.039945950034533106	0.04510108991833128
T[C>A]C	0.019993986437082913	0.005324090661826748	0.012190276799665264	0.021376644747590264	0.02181971931771404	0.014670331966423523	0.02120330368220798	0.02145654901372831
T[C>A]G	0.00603242688658211	0.0013303449505050887	0.005449145601750107	0.003810844809665087	0.005999162865083176	0.00275258333938095	0.006576656237066522	0.003919178947730985
T[C>A]T	0.060709890063429944	0.01828797149128713	0.1045815887767671	0.10194696324708266	0.10071083574627873	0.07101025395533486	0.07238835145359218	0.08730088878592462
T[C>G]A	0.009657533842393779	0.002930895383300088	0.0006440849840690637	0.003916894222685418	0.004432627755442431	0.006216009104980072	0.005717487982126604	0.002842102788011529
T[C>G]C	0.0023697150409161443	0.0011812351679422292	0.0011299238381002547	0.0032899097599885857	0.0021398982794790288	0.0030376089065732347	0.002766088091048873	0.0025896446820162654
T[C>G]G	0.0030811767110354112	0.0005758154663015498	0.00012075367805985612	0.001119948504367326	0.0017701736863209485	0.001525319959549508	0.0007453627256994201	0.0017680559690743693
T[C>G]T	0.012654961288603104	0.003642868822896915	0.0034824171527101325	0.005459301054007699	0.008861529880190056	0.007736593893943472	0.01144853247936533	0.0033574671571425228
T[C>T]A	0.015776530738924363	0.013708435935456623	0.006017120854366363	0.03083518075746029	0.015863188724395107	0.035882697257734845	0.01522933850798908	0.01826684368569375
T[C>T]C	0.010102574506005978	0.010804389501466425	0.003764898261551199	0.017436609639132048	0.008664675710581512	0.02088879260209705	0.006847433010493653	0.01200823187127054
T[C>T]G	0.013490807142676255	0.008398794961610287	0.002949712200924017	0.010721722622481047	0.010982168659999871	0.009292825673030114	0.009569693290128549	0.011986908758320716
T[C>T]T	0.015942871077231312	0.01273233392735526	0.00020146766509548207	0.01972201115412306	0.008634837154041508	0.023124707658482912	0.007584044143593524	0.017587610264897503
T[T>A]A	0.013207660954601859	0.005139392168859813	0.002411344209005297	0.006103193703569687	0.008206947709449484	0.006688636186280962	0.008115766568412622	0.006552651758306015
T[T>A]C	0.006738023630195922	0.0027565168760414374	0.0007009070445524683	0.0015999190824131572	0.002735296846904217	0.00324542025287066	0.005635323625534142	0.001250267345328859
T[T>A]G	0.0043269222856788855	0.001986578806121405	0.0007797733372564821	0.002137268556287736	0.0019250515674346636	0.0032759631939256956	0.0040616989042163215	0.0017277014121668908
T[T>A]T	0.01836312115626399	0.00575745031361718	0.0033753434353957805	0.00684842682193162	0.011408811280142407	0.009795527332232188	0.013646121197110297	0.0050377270198383155
T[T>C]A	0.026288328785598582	0.01846254592796685	0.005502485451101766	0.012627623999200713	0.018028005291341274	0.016035481451767787	0.01990654862808088	0.01278414154689635
T[T>C]C	0.009274714101581552	0.011392044909043445	6.6712849999461e-05	0.0032543692279174037	0.0038891820050118825	0.005738327071836703	0.00351566143595718	0.006368475421643626
T[T>C]G	0.009743543800255015	0.017157179835730486	0.0014511116887722115	0.0036752442607980995	0.00699416681408341	0.00772558953620789	0.00411482882395608	0.008621574334563831
T[T>C]T	0.016124860613174554	0.013888386449640683	0.0005501290761366035	0.008589803963009904	0.009722704313141617	0.012449540066891538	0.009418436860025586	0.011511585728834714
T[T>G]A	0.0035396095212958207	0.000561171474550257	0.001087864578583194	0.002025456423926299	0.0027686985265121234	0.002058379946277115	0.002795577794587525	0.0018607678704072293
T[T>G]C	0.0014788331071340464	0.0007426216557171856	0.0007508928864055557	0.001187122251836615	0.0017810016435500103	0.0014138954303101704	0.0016324832245525923	0.0006173385096393416
T[T>G]G	0.002708568596964149	0.0015223365894864473	0.00014846331858298412	0.0016167373122582475	0.0014572796000634782	0.0023510699757169837	0.0015188844614786791	0.0022396644054491427
T[T>G]T	0.007982775901533937	0.0036027517033083976	0.003534592799568121	0.006628541285235705	0.006830531379379556	0.007234255714295123	0.009363315252412947	0.003995288653122797
