MutationType	SBS96A	SBS96B	SBS96C	SBS96D	SBS96E	SBS96F	SBS96G	SBS96H
A[C>A]A	2.18E-03	1.31E-03	1.25E-02	4.11E-03	5.81E-03	2.90E-03	7.26E-03	3.03E-03
A[C>A]C	7.02E-04	7.86E-04	4.31E-04	7.58E-04	6.65E-04	1.06E-03	7.32E-04	2.53E-04
A[C>A]G	3.30E-04	1.91E-04	4.69E-04	3.39E-04	6.00E-04	4.88E-04	4.25E-04	3.85E-04
A[C>A]T	8.75E-04	1.03E-03	1.01E-03	1.78E-03	1.57E-03	1.08E-03	1.44E-03	6.25E-04
A[C>G]A	4.50E-04	3.18E-04	3.11E-04	3.62E-04	5.21E-04	4.67E-04	3.99E-04	3.63E-04
A[C>G]C	5.96E-04	4.41E-04	2.21E-04	5.55E-04	4.91E-04	6.42E-04	3.57E-04	5.78E-04
A[C>G]G	7.74E-04	4.44E-04	4.07E-04	5.03E-04	7.84E-04	6.51E-04	7.53E-04	7.46E-04
A[C>G]T	1.01E-03	8.77E-04	9.67E-04	1.05E-03	9.74E-04	9.20E-04	1.12E-03	8.89E-04
A[C>T]A	2.96E-03	2.14E-03	2.46E-03	2.81E-03	2.76E-03	3.17E-03	1.80E-03	2.18E-03
A[C>T]C	1.58E-03	1.18E-03	1.16E-03	1.92E-03	1.47E-03	1.93E-03	1.26E-03	1.88E-03
A[C>T]G	1.18E-03	9.71E-04	1.25E-03	1.50E-03	2.51E-03	8.56E-04	1.54E-03	1.91E-03
A[C>T]T	5.98E-04	6.46E-04	6.27E-04	1.52E-03	1.03E-03	1.72E-03	6.47E-04	6.93E-04
A[T>A]A	3.12E-04	2.38E-04	3.01E-04	2.25E-04	4.97E-04	3.65E-04	4.04E-04	2.40E-04
A[T>A]C	3.06E-04	2.62E-04	4.11E-05	2.14E-04	1.80E-04	3.40E-04	1.45E-04	1.80E-04
A[T>A]G	2.56E-04	3.17E-04	1.58E-04	2.59E-04	1.61E-04	4.64E-04	1.89E-04	1.50E-04
A[T>A]T	8.39E-04	1.08E-03	6.65E-04	1.17E-03	9.33E-04	1.30E-03	9.42E-04	4.69E-04
A[T>C]A	3.67E-03	2.45E-03	1.49E-03	3.19E-03	3.34E-03	3.16E-03	3.95E-03	3.78E-03
A[T>C]C	8.16E-04	8.54E-04	8.63E-05	7.53E-04	1.39E-03	1.10E-03	1.01E-03	1.12E-03
A[T>C]G	1.57E-03	1.98E-03	5.41E-04	1.99E-03	3.19E-03	2.45E-03	2.62E-03	2.30E-03
A[T>C]T	5.97E-04	5.00E-04	1.00E-03	9.23E-04	8.09E-04	6.26E-04	9.71E-04	8.10E-04
A[T>G]A	3.06E-04	1.50E-04	6.89E-04	3.58E-04	7.58E-04	6.90E-04	6.83E-04	4.70E-04
A[T>G]C	1.24E-04	1.07E-04	3.21E-04	2.79E-04	2.82E-04	1.75E-04	2.88E-04	1.14E-04
A[T>G]G	5.23E-04	2.98E-04	2.26E-04	3.62E-04	4.42E-04	3.77E-04	5.19E-04	3.38E-04
A[T>G]T	1.43E-04	1.38E-04	2.07E-04	1.78E-04	4.00E-04	1.91E-04	3.32E-04	2.00E-04
C[C>A]A	1.22E-03	1.44E-03	2.21E-03	1.48E-03	1.88E-03	3.02E-03	2.29E-03	1.11E-03
C[C>A]C	8.71E-04	1.09E-03	7.85E-04	1.55E-03	1.16E-03	2.01E-03	9.16E-04	7.17E-04
C[C>A]G	4.30E-04	2.86E-04	5.48E-04	3.97E-04	4.50E-04	3.86E-04	2.82E-04	2.39E-04
C[C>A]T	3.81E-03	4.77E-03	1.43E-03	6.84E-03	2.91E-03	6.59E-03	2.52E-03	3.72E-03
C[C>G]A	6.34E-04	4.69E-04	2.39E-04	6.75E-04	6.49E-04	7.29E-04	6.87E-04	5.65E-04
C[C>G]C	2.30E-04	2.58E-04	3.59E-04	4.24E-04	3.37E-04	4.88E-04	3.77E-04	2.50E-04
C[C>G]G	2.17E-04	1.41E-04	1.27E-04	1.57E-04	4.02E-04	2.60E-04	2.72E-04	3.75E-04
C[C>G]T	6.39E-04	3.96E-04	4.11E-04	6.38E-04	5.35E-04	6.24E-04	5.98E-04	3.26E-04
C[C>T]A	3.22E-03	2.50E-03	2.53E-03	3.59E-03	2.56E-03	4.14E-03	2.78E-03	3.45E-03
C[C>T]C	7.59E-04	1.45E-03	1.87E-03	1.98E-03	1.55E-03	2.57E-03	1.88E-03	8.14E-04
C[C>T]G	9.79E-04	1.17E-03	7.70E-04	1.61E-03	1.70E-03	1.48E-03	8.27E-04	6.48E-04
C[C>T]T	5.31E-04	1.00E-03	1.19E-03	1.39E-03	6.56E-04	1.71E-03	8.69E-04	6.73E-04
C[T>A]A	6.13E-04	4.77E-04	3.37E-04	6.82E-04	5.44E-04	7.28E-04	5.74E-04	5.35E-04
C[T>A]C	4.36E-04	4.55E-04	3.83E-04	5.92E-04	3.27E-04	6.38E-04	2.92E-04	2.57E-04
C[T>A]G	5.53E-04	3.49E-04	3.99E-04	4.95E-04	4.09E-04	5.04E-04	4.77E-04	3.97E-04
C[T>A]T	5.25E-04	3.26E-04	3.36E-04	6.41E-04	6.09E-04	4.91E-04	7.05E-04	5.95E-04
C[T>C]A	1.02E-03	8.97E-04	5.17E-04	1.21E-03	1.74E-03	1.39E-03	1.15E-03	1.12E-03
C[T>C]C	7.54E-04	5.34E-04	3.50E-04	6.70E-04	9.67E-04	7.95E-04	7.67E-04	7.04E-04
C[T>C]G	1.31E-03	1.61E-03	8.58E-04	2.08E-03	2.08E-03	2.19E-03	1.45E-03	1.35E-03
C[T>C]T	9.10E-04	1.00E-03	9.99E-04	1.15E-03	1.41E-03	1.03E-03	1.29E-03	1.21E-03
C[T>G]A	1.58E-04	8.01E-05	2.74E-04	1.77E-04	1.92E-04	1.07E-04	2.11E-04	1.77E-04
C[T>G]C	1.28E-04	9.87E-05	0.00E+00	2.90E-04	2.51E-04	2.70E-04	2.05E-04	1.73E-04
C[T>G]G	4.43E-04	3.05E-04	3.43E-04	5.08E-04	2.67E-04	4.82E-04	3.47E-04	3.47E-04
C[T>G]T	2.08E-04	1.96E-04	2.08E-04	4.31E-04	5.40E-04	3.05E-04	2.97E-04	2.98E-04
G[C>A]A	6.99E-03	1.05E-03	3.15E-02	1.02E-02	1.84E-02	4.38E-03	1.85E-02	9.60E-03
G[C>A]C	8.75E-04	8.01E-04	7.80E-04	1.44E-03	1.16E-03	1.17E-03	8.24E-04	6.27E-04
G[C>A]G	3.38E-04	1.52E-04	8.14E-04	2.68E-04	3.35E-04	2.63E-04	4.48E-04	2.12E-04
G[C>A]T	2.74E-03	2.11E-03	6.21E-03	4.43E-03	5.02E-03	2.06E-03	5.17E-03	4.03E-03
G[C>G]A	4.62E-04	3.80E-04	6.55E-04	8.27E-04	4.01E-04	5.15E-04	3.30E-04	3.74E-04
G[C>G]C	3.13E-04	1.44E-04	4.94E-04	3.35E-04	2.72E-04	2.68E-04	3.20E-04	1.86E-04
G[C>G]G	1.23E-04	9.25E-05	6.16E-05	1.42E-04	3.51E-04	1.84E-04	2.64E-04	2.88E-04
G[C>G]T	6.81E-04	5.15E-04	8.36E-04	1.19E-03	7.18E-04	8.74E-04	7.63E-04	6.89E-04
G[C>T]A	3.21E-03	1.87E-03	1.29E-03	3.66E-03	2.41E-03	4.64E-03	1.60E-03	2.29E-03
G[C>T]C	1.83E-03	2.05E-03	4.18E-04	3.95E-03	1.49E-03	3.72E-03	9.21E-04	2.52E-03
G[C>T]G	1.74E-03	2.20E-03	1.67E-03	2.84E-03	2.44E-03	2.21E-03	1.17E-03	1.38E-03
G[C>T]T	1.95E-03	1.32E-03	5.16E-04	2.53E-03	1.35E-03	3.71E-03	1.28E-03	1.45E-03
G[T>A]A	4.30E-04	2.33E-04	1.59E-04	3.07E-04	2.30E-04	3.72E-04	3.23E-04	8.96E-05
G[T>A]C	3.67E-04	2.68E-04	4.07E-04	4.58E-04	3.15E-04	4.17E-04	2.43E-04	1.24E-04
G[T>A]G	4.59E-04	3.16E-04	1.81E-04	3.88E-04	3.70E-04	3.94E-04	4.20E-04	2.05E-04
G[T>A]T	3.42E-04	3.21E-04	4.94E-04	2.41E-04	4.81E-04	4.52E-04	3.89E-04	2.35E-04
G[T>C]A	6.01E-04	6.22E-04	1.00E-04	7.55E-04	1.15E-03	1.05E-03	1.09E-03	6.57E-04
G[T>C]C	3.41E-04	3.71E-04	1.80E-04	4.87E-04	4.54E-04	5.43E-04	4.59E-04	2.63E-04
G[T>C]G	5.56E-04	8.47E-04	4.43E-04	1.00E-03	1.01E-03	1.04E-03	6.68E-04	5.52E-04
G[T>C]T	6.74E-04	5.75E-04	1.35E-04	6.89E-04	1.10E-03	7.66E-04	1.08E-03	1.00E-03
G[T>G]A	1.44E-04	7.90E-05	2.09E-04	1.63E-04	2.40E-04	1.18E-04	8.38E-05	1.27E-04
G[T>G]C	2.25E-04	1.05E-04	6.78E-04	5.52E-04	5.96E-04	4.96E-04	6.51E-04	1.46E-04
G[T>G]G	4.08E-04	2.14E-04	1.92E-04	4.60E-04	4.52E-04	4.10E-04	4.36E-04	4.96E-04
G[T>G]T	1.07E-04	9.19E-05	6.03E-05	1.35E-04	3.06E-04	7.40E-05	2.60E-04	1.46E-04
T[C>A]A	2.91E-03	1.61E-03	3.32E-03	3.13E-03	3.99E-03	4.82E-03	2.70E-03	1.74E-03
T[C>A]C	6.91E-04	8.62E-04	2.72E-03	1.67E-03	2.06E-03	1.72E-03	8.64E-04	9.47E-04
T[C>A]G	2.79E-04	2.19E-04	3.26E-04	3.91E-04	3.51E-04	3.81E-04	2.55E-04	3.94E-04
T[C>A]T	6.18E-03	3.77E-03	5.81E-03	6.29E-03	5.87E-03	9.45E-03	6.44E-03	2.61E-03
T[C>G]A	6.31E-04	5.97E-04	3.44E-04	9.92E-04	9.18E-04	9.38E-04	7.96E-04	7.15E-04
T[C>G]C	2.72E-04	2.88E-04	5.20E-04	4.69E-04	5.03E-04	4.16E-04	3.33E-04	3.50E-04
T[C>G]G	2.73E-04	1.74E-04	7.85E-05	2.95E-04	3.38E-04	2.25E-04	1.83E-04	2.07E-04
T[C>G]T	9.59E-04	6.80E-04	1.59E-03	1.83E-03	1.08E-03	1.00E-03	9.12E-04	9.87E-04
T[C>T]A	1.33E-03	2.77E-03	2.43E-03	3.32E-03	1.04E-03	4.80E-03	1.87E-03	1.36E-03
T[C>T]C	6.67E-04	1.73E-03	1.18E-03	1.80E-03	4.85E-04	2.51E-03	1.00E-03	6.34E-04
T[C>T]G	6.82E-04	8.38E-04	1.53E-03	4.24E-04	5.29E-04	1.52E-03	8.71E-04	4.96E-04
T[C>T]T	9.70E-04	1.07E-03	1.53E-04	1.89E-03	1.45E-03	2.45E-03	1.12E-03	8.11E-04
T[T>A]A	7.19E-04	4.86E-04	8.73E-04	6.04E-04	8.45E-04	5.78E-04	6.68E-04	7.79E-04
T[T>A]C	8.11E-04	5.33E-04	3.84E-04	7.16E-04	6.10E-04	8.25E-04	6.95E-04	3.71E-04
T[T>A]G	6.50E-04	4.67E-04	2.58E-04	5.46E-04	3.18E-04	6.52E-04	4.68E-04	2.32E-04
T[T>A]T	1.42E-03	9.13E-04	1.77E-03	2.02E-03	1.22E-03	1.23E-03	1.40E-03	1.43E-03
T[T>C]A	1.38E-03	1.24E-03	2.90E-03	1.88E-03	1.33E-03	1.60E-03	1.92E-03	1.42E-03
T[T>C]C	7.78E-04	7.41E-04	6.67E-05	9.84E-04	1.18E-03	9.46E-04	8.47E-04	7.28E-04
T[T>C]G	3.99E-04	6.95E-04	5.63E-04	9.69E-04	1.17E-03	1.18E-03	6.20E-04	7.10E-04
T[T>C]T	7.13E-04	4.66E-04	3.27E-04	1.12E-03	1.77E-03	1.13E-03	1.42E-03	1.11E-03
T[T>G]A	1.57E-04	1.24E-04	4.23E-04	3.22E-04	2.67E-04	1.87E-04	2.30E-04	2.03E-04
T[T>G]C	2.07E-04	1.39E-04	3.16E-04	3.51E-04	2.05E-04	1.79E-04	2.43E-04	1.31E-04
T[T>G]G	2.27E-04	1.42E-04	7.66E-05	1.87E-04	2.17E-04	1.94E-04	2.10E-04	9.77E-05
T[T>G]T	7.06E-04	5.41E-04	1.62E-03	1.26E-03	1.22E-03	7.86E-04	9.52E-04	4.48E-04
