MutationType	SBS96A	SBS96B	SBS96C	SBS96D	SBS96E	SBS96F	SBS96G	SBS96H	SBS96I	SBS96J	SBS96K	SBS96L	SBS96M	SBS96N
A[C>A]A	0.0009170601755613461	0.002181380905676633	0.0	1.4012984643248171e-46	1.5498874753050452e-12	0.0001404574821208371	0.0057087215653155	0.0005487238398927729	0.007858188059276471	0.0011150729027576745	4.033755394630134e-05	0.03159844126785174	0.0009386250923853368	0.0014003920892719179
A[C>A]C	0.00037635614498867655	0.002880141802597791	9.036319679580628e-05	0.0003309864390757866	0.0007686494616791606	0.0030254819896072148	0.0059117302531376485	0.0004716079911304405	0.008136698859743774	0.0037775668170070276	0.012179259955883027	0.03222302608191967	0.0006330674688797445	1.924113603308797e-05
A[C>A]G	4.274277998774778e-05	0.0012310798454564064	0.0	0.0	0.00012347369047347457	0.00035685264156199993	0.001402998249977827	1.9324069095105756e-05	0.0016630146885290742	0.000811662279011216	0.0002470565988915041	0.012257488537579775	0.00032269096197019566	0.00043485480346134865
A[C>A]T	0.00016710977022924567	0.01793961962684989	6.8650273021830796e-09	0.0	7.293062458302302e-05	0.03516131425276399	0.001620401255786419	1.4012984643248171e-46	0.028504445480257344	0.00019975057803094386	0.017645371897378935	0.006033087426857264	0.0	9.51221415709802e-05
A[C>G]A	0.0012329788878560066	0.00017240199667867273	0.0007723748130956665	0.0007256424622028134	0.0004035920486785471	0.00012054984545102343	0.000648300364264287	4.505080214585177e-05	0.0005997288713842863	0.0	0.0004781079362146556	0.019917131774127482	0.002005751256365329	0.00037936430308036504
A[C>G]C	0.0009837697958573698	5.8714752231026066e-05	4.8421721294289456e-05	0.0002720902108194423	0.0004209771795213868	0.00015941005403874442	0.0010286257767802454	0.0015230218356009572	0.0014007377030793577	0.00042790427105501296	0.0	0.019667594879865646	0.0019852242316119374	0.0018781388062052429
A[C>G]G	4.667251873797795e-05	1.8594716675579547e-05	0.0	1.9761403109441743e-07	9.654293353378307e-05	8.993667815957452e-05	3.925845626326918e-05	7.2854760219343e-06	0.0006713324524753262	0.00034815288381651044	8.131102695188019e-05	0.015609689522534609	0.0007413201703457162	0.0001281430450035259
A[C>G]T	0.0015750564751215279	0.00017004845576593653	3.891124033543747e-05	9.394334665557835e-05	0.0006490164174465463	0.0002192184329032898	0.000804009865532862	0.0006125089988927357	0.0005543788603972644	0.0014225223334506155	0.0	0.025775752030313015	0.00262662204913795	0.000197499858768424
A[C>T]A	0.0036419958574697374	0.0	0.0	4.203895392974451e-46	0.1008988507091999	0.02099056919105351	0.004111146827926859	0.0002925561973825097	0.004981545568443835	0.0034226615680381656	0.0212814187631011	0.013590270187705755	0.0022230201400816442	0.005076463124714792
A[C>T]C	0.0006996180833084509	0.0010841733630513773	0.009253878542222083	0.0006768942999769934	0.03937198780477047	0.026045085117220878	0.006207293597981334	0.002969935876899399	0.01166373057058081	0.009858713623520999	0.07888678610324859	0.003153391533123795	0.0	0.0004103805269608074
A[C>T]G	0.37175076007843016	0.019479744881459687	0.01654762277030386	0.01526699885725975	0.03350048996508122	0.01977983501565177	0.012357123522087931	0.011331324803177268	0.05284129209874209	0.001254009827658109	0.052720512449741366	0.009141143329907208	0.0001896329107694328	0.004159100842662156
A[C>T]T	0.0019870772492140533	0.0008624657057225704	0.00025365371839143337	0.002172803063876927	0.03266934584826231	0.023599869990721344	0.011428835429251194	0.0004203247692203149	0.013657133933156729	0.005021170806139707	0.05337149798870087	0.004843772226013243	0.0001759557650075294	0.0009653228684328496
A[T>A]A	0.0	0.000538935637450777	6.371741619659588e-06	0.0	0.0006159149008453824	0.0	0.0008363001983525464	0.008386254636570811	0.0001251457550097257	0.0	0.0009771243669092656	0.010570245515555143	7.616601942572743e-05	0.0003144975897157565
A[T>A]C	1.4012984643248171e-46	2.8022816422890173e-05	0.0010202686884440483	0.0	0.002224455145187676	0.001500904414569959	0.0012640588916838168	0.01761299939826131	0.0024932118365541102	0.0006484121608082205	0.0	0.01385508691892028	0.00035150182811776175	0.0016539054835448042
A[T>A]G	7.775000631227158e-06	0.0	0.0	1.283923029404832e-06	0.0002248702570796013	0.00022592911263927818	0.00208425628952682	0.0014249072526581585	0.0018031869531114353	0.001229621423408389	0.000465323896787595	0.01674451641738415	0.0005611479602521286	0.0013712757849134506
A[T>A]T	0.0006028100367984734	0.0033041367772966624	0.0013687227154150605	0.0	0.00488621648401022	0.005809706915169954	0.0026622699844246257	0.002850072633009404	0.001969681493937969	0.015005638636648656	0.0021794932494231035	0.009595548547804356	1.3965630205348135e-05	0.001415876965620555
A[T>C]A	0.0012800072552636265	0.0005653798696584999	0.0008539362257579356	0.001274066441692412	0.006139420936233364	0.001525153045076877	0.00939528445887845	0.04447519294917583	0.005584451020718376	0.01934993239119649	0.005705366120673716	0.014836322609335184	5.34151477040723e-05	0.0
A[T>C]C	0.0006299251122982241	0.00109856897033751	0.004916801815852523	0.0016051053884439171	0.0	0.0027541293296962977	0.01005733166821301	0.020066438242793083	0.012575378156179795	0.03725811205804348	0.0017245547845959664	0.00736406771466136	0.00034905755528598094	0.004879375104792416
A[T>C]G	0.0005207314820381726	0.00027642874047160146	0.0009763629929402384	0.0004589940654113889	0.0035768427495440846	0.0018693789141252636	0.005252964468672872	0.025198597647977293	0.004445298361133609	0.13934209421277047	0.0048467222497606596	0.00229526346714124	6.787678585835621e-05	0.00014154819073155522
A[T>C]T	0.00034792996448231863	0.0011748608201742172	0.0	2.8025969286496343e-46	0.0	0.0033241233439184727	0.01604492599144578	0.022852269746363164	0.006427334330510348	0.010197473224252462	0.012270880118012428	0.021967973094433546	0.0006137709075119347	0.0009793551493203268
A[T>G]A	1.8539434677222743e-06	0.0005470974383570137	0.0	0.0	2.1779266535304487e-05	0.0	0.006581341940909624	0.00058037195885845	0.0005224715365329758	0.00035565997877711196	1.0700133134378121e-05	0.004635634855367244	0.00023649971262784675	0.0023208888655062766
A[T>G]C	0.0005415198393166065	0.0010745131876319647	0.0002093058341415599	2.8025969286496343e-46	0.0	0.0013993279440910555	0.011700326268328353	0.0032663528341799974	0.0037963430397212504	0.0008222952761570923	0.0005839478224515914	0.004173803306184709	0.00020664001208388073	0.0058548029512166975
A[T>G]G	0.00026837296973099	0.0008012918726308272	1.968624201253988e-05	0.00010942634216917213	0.0	0.0010473017784534023	0.00558275543153286	0.0008538964204490185	0.0015923872822895646	0.0008742871075810398	0.00013601130340248346	0.007706062449142337	0.00015957271280058193	0.0030665814294479786
A[T>G]T	0.0	0.00801129962465299	0.0003653171588844373	4.435441383066063e-08	0.0	0.00722521276329644	0.053391859218646684	0.0006261757826621306	0.0074807887302085875	1.4012984643248171e-46	0.001952180678847526	2.1024879046649402e-07	4.3175547034479674e-06	0.027581367269158365
C[C>A]A	0.0008652211690787226	0.0019503909192280845	0.00012283438263693824	0.003274472604971379	0.006906682113185525	0.03432327974587679	0.00488370137756601	0.00023002478119451552	0.009987380093662068	0.019181991694495082	0.0	0.02809344823472202	0.0009576913696946576	0.001243483804864809
C[C>A]C	0.0009075956302694976	0.0004096958495210856	0.0003205162039094489	0.0006576411869606141	0.0314505422487855	0.036681095883250234	0.0012672744311679521	1.649603364057839e-05	0.005031686660367995	0.039944648556411264	0.0	0.017537294328212737	0.00023448236315744	0.0005561923608183861
C[C>A]G	0.001483626062690746	0.001758768071886152	0.0020008988823974503	0.0	0.01005131445126608	0.014126863258984912	0.00032095264177769425	0.0	0.002007921412587166	0.022444574814289808	0.00019425622303970158	0.010758519638329744	0.00014727559901075437	0.0
C[C>A]T	1.844825874286471e-08	0.007989033550256864	0.0007815021704553615	8.538244173905696e-07	0.03187733458397588	0.39511258602142335	1.0482341387785255e-06	0.0010052546789722783	0.04593139942337032	0.034100021268068305	2.0050205407073918e-07	1.4012984643248171e-46	0.0	0.0
C[C>G]A	3.4048840461764485e-06	0.0	0.0	0.0	0.0	0.0	0.0	0.0	1.4012984643248171e-46	0.0	0.0002827943273587152	0.02010093294084072	0.004836078174412251	0.0009448286087717861
C[C>G]C	0.0	0.0	1.8557339353719725e-05	0.0001069427773472853	0.0	0.0	9.809089250273719e-46	3.287625986558851e-05	5.066615267423913e-05	2.6122156668861864e-07	0.0	0.021404761634767056	0.0010552533669397235	0.000319479861354921
C[C>G]G	5.7422807230977924e-05	7.21542562587274e-08	2.1805104915983974e-05	7.281555349436531e-06	0.0002603248576633632	0.00042462505989533384	2.181580384785775e-06	0.0	5.89145092817489e-06	0.000825550957233645	0.00013666577215190045	0.01897806888446212	0.00041301117817056366	7.236018573166802e-05
C[C>G]T	2.6177438485319724e-06	7.350471278186888e-05	1.0794132072078355e-05	0.00020251723180990665	1.5251821423589718e-06	6.404523446690291e-06	0.00014126653404673563	7.185012400441337e-05	5.1823578905896285e-05	2.8193679463583975e-05	1.885569727164693e-05	0.030573754012584685	0.004181143851019442	2.5644278503023087e-05
C[C>T]A	0.0011268635003943927	2.8025969286496343e-46	2.0768545800819994e-05	0.0007558107463410124	0.013045539148151875	0.009769281232729554	0.007839592938398709	5.989382625557482e-05	0.009923684922978283	0.01561636421829462	0.04993483107537031	0.030213329754769803	0.011052933079190553	0.007566098077222705
C[C>T]C	3.614570348448032e-08	0.0002560859022196382	0.0029727813569365934	0.0007445801573339849	0.015370137244462973	0.015354563322034664	0.0004928047715338834	0.00582112071570009	0.00371727737801848	0.019479107949882744	0.11651213318109513	0.002551554899511377	0.0010062517278129235	0.0015855808102060109
C[C>T]G	0.30123742541969706	0.000997983105489827	0.006131630950563697	0.015386871588452778	0.0051307670246874435	0.025954768706196774	0.00516907365527004	0.0026200846321216887	0.11898504749406129	0.03029536847441818	0.11623388281059306	0.0020255782641470433	0.0026915153755453503	0.0015190260659437627
C[C>T]T	0.0	0.000692320941016078	0.0024182319728424774	0.0009101625066250563	0.01083193845115602	0.013803962210658938	0.0045395985711365935	0.002495582029223442	0.005193261918611825	0.024405830726027488	0.11526841297745705	0.009290070133283734	0.003238874045200646	0.0037056831730296834
C[T>A]A	0.0	4.6009135803615206e-05	4.276609433873091e-06	0.0	1.4121358253760263e-05	0.00012990902077945066	0.0006687871005851776	0.0014274191693402828	0.00012697005877271295	0.0003156178159770207	6.05497082688089e-05	0.009663488995283843	0.0002918699225119781	0.0010196429126267503
C[T>A]C	4.203895392974451e-46	8.674424316268415e-06	0.0008706305517989677	0.0	0.0033093654084950684	0.0016837059753015637	4.203895392974451e-46	0.0032045259606093167	0.0019418656593188643	0.005459129298105836	0.002316313044866547	0.015132641047239303	0.00026190931457676926	0.013627890590578317
C[T>A]G	4.814037965843454e-05	0.0006482529744971544	9.441139263799414e-06	0.0	0.000610849479562603	0.00026524624627199955	0.0007413570623612031	0.0023392951436107976	0.000525750796077773	0.002755252842325717	0.0	0.027563115023076533	0.0003197886297130026	0.007030409621074795
C[T>A]T	7.853294336947142e-23	0.0009239425009582192	0.0	0.0	0.0002034789096796885	0.0025337397295515985	1.4012984643248171e-46	0.00022748334449715913	0.0008741337576338992	0.000925151897536125	0.003836979693733156	0.015126486588269473	8.947873720899224e-06	0.044275949150323866
C[T>C]A	0.00012994971766602247	0.0002665247249751701	0.00015554317797068508	1.4012984643248171e-46	0.0025131358866929076	0.002693567756796256	0.0013230859491159207	0.022003062721341848	0.0006104348336521071	0.03564421758055687	0.00024997814907692375	0.005008490919135511	1.8361365800956263e-05	0.005990462424233556
C[T>C]C	0.0005492517124366713	8.066821028480007e-05	0.001231331849703566	9.795241639949381e-05	1.4012984643248171e-46	0.003152221511118114	0.0024321734277009456	0.014167150110006332	0.006940154243784491	0.050426024571061136	0.017137076146900652	0.0017189434729516506	1.856281041909824e-05	0.05918097048997879
C[T>C]G	1.3050494018784775e-08	5.752184550829042e-05	0.000298935024329694	1.7645167815771857e-08	0.00899530883270927	0.012021453482168909	0.00015421081128863534	0.027551300401831468	0.0007012795850148024	0.1906142294406891	9.54745293824999e-05	1.6397562774272954e-08	1.6866310570406994e-10	0.025861312821507453
C[T>C]T	1.0258060854985442e-24	0.0001994965088670142	0.0	0.0	0.00019153537577949465	0.0027816731482744215	0.002415528835274472	0.013713437900878488	0.0014621225185692311	0.04072691332548857	0.009816813631914556	0.001490367285341776	0.0002797741025005962	0.13791187033057212
C[T>G]A	4.1681522816361394e-05	0.0007889931555837392	5.42071029485669e-05	0.00014701037434861064	0.0	9.030458168126642e-05	0.009507190622389316	0.00045249765116750496	0.00017218275170307606	0.0016498466196935625	5.034209138443657e-09	0.0043815467972308396	3.25684154788064e-05	0.0015919181008939632
C[T>G]C	0.00203650965122506	0.00019087341497652232	0.000935564259574341	0.0006783850374631583	8.407790785948902e-46	0.0006616243073949591	0.0046860694885253905	0.0007970028440468013	0.0032499761146027595	0.014260562509298325	0.000313332342193462	0.00652758963406086	0.0002930634145741351	0.024018888548016547
C[T>G]G	0.001107760523518664	0.0007262095343321571	0.0019381577294552699	0.0005161759668325771	0.0	0.0009148114710114897	0.010400076769292355	0.0003929880408231057	0.0027039963354842903	0.024114436469972134	0.0	0.01122643258422613	1.8217139586340637e-05	0.019487205520272256
C[T>G]T	2.8025969286496343e-46	0.00984422474866733	0.0018801338885168662	1.3016511331898072e-06	2.1513176250209654e-05	0.002823332186312655	0.03523309677839279	5.2484955403997445e-08	0.0027770377508176125	2.8025969286496343e-46	8.014493992902772e-08	0.0	0.0	0.3564165890216827
G[C>A]A	0.001818058215781093	0.000978499517420417	0.0012216152565096426	0.002080242590454873	0.00011821911029983312	0.002799298340687528	0.008387250713713	0.00024290290311910324	0.01326210585635863	0.0005324934763848432	0.0006439494216465391	0.03885508836247027	0.000144958688179031	0.0056030132807791235
G[C>A]C	0.001145528020879283	0.0009874169598333537	0.008150934963487089	1.4012984643248171e-46	0.0008321378176333383	0.006959042162634432	0.005818131635896862	0.00466180823277682	0.014042159495875239	0.0062494594370946285	0.008639324642717838	0.025439627282321454	0.0006502705917228013	9.701389662950533e-05
G[C>A]G	0.0020722255692817272	8.864679221005644e-05	0.0020084223477169873	0.0	0.0011879033496370538	0.00047834214637987316	0.003565035389328841	0.0005554914998356253	0.005067643319489434	0.0014358447155245813	0.00037250593759381446	0.012091084670100827	0.00038147297309478747	0.0007550446716777515
G[C>A]T	0.00037062550699715755	0.004638655437156558	0.01655056942254305	1.0675254884517926e-07	0.0	0.08722232729196548	0.004942609109883733	0.0004342219079262577	0.07026180196553469	0.0010502585456322322	0.017113785100682222	0.004979005860967334	6.3716273647429485e-06	1.1141060056729657e-06
G[C>G]A	0.0006269720965065062	4.091704468009993e-05	0.0004638722661184147	0.0007183126246673055	0.0	0.00033701226639095696	0.0004849225115322042	0.00023414801544276997	0.0010102945030666887	2.8025969286496343e-46	0.0011377685179468245	0.01347735645249486	0.0013309635571204126	0.002521015063393861
G[C>G]C	0.001436832913896069	7.95809904957423e-05	0.00026902708050329237	0.0005073802778497339	0.001670156413456425	0.001499034045264125	0.0006468421815952752	0.004038747027516365	0.0005516765249922173	0.0037784074142109604	0.0	0.021743938140571118	0.0007644725526915863	1.2583660209636857e-43
G[C>G]G	0.00030443148425547407	3.092934002779657e-06	0.0	0.0	0.00010144046500499826	4.6815164387226106e-05	1.6962281370069833e-05	5.8475670812185854e-05	0.0	0.0003620012841395237	0.0	0.010406305640935897	0.0005774855439085513	8.341076318174601e-06
G[C>G]T	0.0007210364696220495	0.0004919846876873634	0.0006047837214282481	0.0004039773855765816	0.0011326117222779431	8.600018627475947e-05	2.8021607431583106e-05	0.000978916246094741	0.0003480543877230957	1.4012984643248171e-46	0.0	0.024185364320874213	0.0020533595466986298	7.039619522402063e-05
G[C>T]A	0.0008236516839971841	0.0004932286217808723	0.013892631605267524	1.011095694840805e-28	0.2188322827219963	0.0071234954986721276	0.000681233563227579	0.009020213061012328	0.01856698422926455	0.0016361536646286368	0.007923747692257167	0.0022875633919611006	0.0033124316250905395	0.0006384390726452693
G[C>T]C	6.077472605170442e-08	0.0202127143740654	0.13684634720884786	4.0574825277417403e-08	0.18062466382980347	0.003929079882800579	7.967936284103417e-08	0.04287140816450119	0.058927502206924484	0.003266080841638086	0.0011864294576227508	2.332290272022419e-09	1.7502457399132255e-05	3.595571906771511e-05
G[C>T]G	0.23226487690699288	0.017555859577139586	0.6134761571884155	0.00029236457162369335	0.007687630735772899	0.0437338708295679	0.011534795158343058	8.199776146966541e-09	0.016913724601295144	0.0062124121281954105	5.818802616630592e-07	5.730481120735931e-08	0.0	0.0006669967386187645
G[C>T]T	0.0	0.013557743439742555	0.060566382855176924	0.01576852354634184	0.14634400457143784	0.007121577781293809	0.01035938995937613	0.024013908021152018	0.057334440480917695	6.929596025884166e-08	0.005908699413100749	9.556920304021332e-08	0.0	0.00010939103922282811
G[T>A]A	2.5490976335884598e-05	1.2699492208412266e-05	1.101880755527418e-08	2.4013112124521286e-06	1.2582795898197219e-05	0.0	0.0005224636067396205	0.004423317406326533	0.000609604008786846	0.0007596503259264864	0.0	0.008096110355108977	0.00030093037603364794	1.8518258002586663e-05
G[T>A]C	0.0	0.0	0.0010797974129673094	0.0	0.0026784816989675166	0.0022835185372969136	0.0	0.012231899052858352	0.0013241466047475114	0.0008242704090662301	0.0006888343996251933	0.010569887142628432	0.0005031754466472193	0.0031021165079437195
G[T>A]G	0.0	0.0	0.0	0.0	0.0012492543741245755	0.0004980095895007252	0.00019779060967266559	0.0035050387727096678	1.0466969797562342e-07	0.0013443871983326971	8.287670105744382e-10	0.013233180437237025	0.0001758313736679895	0.0010985375090967863
G[T>A]T	0.0	0.0005399082525400445	0.00040906771428126374	0.0	0.0005508855261723511	0.0012180744524812326	0.0007573277223855257	0.002080235959147103	0.000446978589752689	0.0042937859776429835	0.0031713628908619285	0.008404405228793621	6.481774785243033e-05	0.00820449935272336
G[T>C]A	6.394029753664654e-07	0.003741391375660896	0.0075086598839334325	8.52885891333699e-07	0.004215956985240155	0.005792576075867828	0.006606107654442894	0.16043407022953032	0.021957758837379514	0.0006787307029298972	7.718966088532397e-09	1.612598232725304e-09	0.0	0.0
G[T>C]C	0.0	0.0019305793439571063	0.03357831723988056	0.0034583215068551	2.2208043446880767e-06	0.004322080570273101	0.014614317649274256	0.05743638432468288	0.04963746322318911	0.0005203847365010006	7.890295528056868e-09	8.344097068402335e-07	0.0	0.006410448136739433
G[T>C]G	8.648219293472259e-13	0.0005943049211055041	0.006671570753678679	1.4012984643248171e-46	0.0022232777088362354	0.01402512756176293	0.005299220746383071	0.11058639585971833	0.01716572742443532	0.04976303651928902	6.333458486551536e-08	0.0	3.6941612968632854e-08	0.0019670100032271876
G[T>C]T	0.00012935823469888418	0.0028659116011112928	0.0008291169127915054	0.00911343446932733	0.00020483690313994886	0.007027775747701526	0.022207630425691606	0.09956291615962982	0.01776358517818153	1.4012984643248171e-46	0.004723042203113437	0.0012974259412182221	0.0	0.005940158618614078
G[T>G]A	0.0	0.0001473168798838742	0.0002214818203356117	0.0007217100366688101	0.0	2.435009701002855e-05	0.002639772882685065	0.00025433353002881633	0.00066861285304185	2.935906231869012e-05	2.341812796657905e-05	0.006041090004146099	1.0287852725809899e-05	0.0020105562754906712
G[T>G]C	0.0	0.0005975643609417603	0.003022750676609576	0.0004005727215371735	0.0	0.00037978019608999605	0.00463262724224478	0.0017064231680706144	0.005151564406696707	0.0	8.629417861811816e-05	0.00469892374239862	2.057406246080973e-06	0.010233661718666553
G[T>G]G	0.0	0.00022225749087994017	0.0019533851416781546	5.915980701161061e-05	2.8025969286496343e-46	0.0006964657161006472	0.002484778029611334	0.000656340368223629	0.0033603249699808656	0.0005103410898300353	0.00020062857282994174	0.011417199764400721	5.1183962491485605e-06	0.006875042244791985
G[T>G]T	1.1079508634992408e-07	0.0005506707122549415	0.0040391572698297296	1.9209976294121133e-07	2.8025969286496343e-46	0.0023847716161981224	0.00814166285404454	0.00047938420029822735	0.00466519259398126	2.6950279448101354e-07	1.801068219009494e-07	1.092390458978798e-07	0.0	0.09493601173162461
T[C>A]A	4.103094761376269e-05	0.036341261491179465	0.0	0.0	1.7976301023736596e-05	0.0004816274857148528	0.08765296749770642	0.0	0.005041961371898651	0.0005759429710451514	1.4012984643248171e-46	0.019210267812013626	0.03533252812922001	0.00021817395463585854
T[C>A]C	0.0018625953700393439	0.017941620107740162	0.0006370466755470261	0.00030461389978881926	0.00014878296060487627	0.02275399873033166	0.005257563665509224	0.0	0.0219984776340425	0.000573247583815828	0.009406173104071058	0.032910680025815965	0.0181078246794641	0.0002930206363089383
T[C>A]G	0.0003722092689713463	0.006886301143094897	1.102554342651274e-05	0.0	0.00044247433834243566	0.0005665304837748408	0.007030264497734607	0.0	0.00360313281416893	0.0024733275175094606	0.00010537415510043502	0.01178248655050993	0.005808914871886372	0.000606526273622876
T[C>A]T	2.8025969286496343e-46	0.6725743561983109	6.30971892121579e-05	1.0646373375777785e-06	3.622834033077939e-08	0.004687256420891117	0.002053994968719053	5.756140669745946e-05	0.030433529822386163	7.510366046403761e-07	2.7723734547180357e-06	2.436542594352886e-07	0.0013602541187477612	1.2192968642921188e-05
T[C>G]A	1.954264901016245e-08	0.0	2.0857328308920842e-08	2.8025969286496343e-46	0.0	5.346444709175557e-09	1.5590576651902666e-08	3.383250941624283e-08	6.008697178927491e-07	3.647793889172135e-09	1.3738969961707426e-08	3.7987258792782085e-06	0.17023124992847444	6.287991141107341e-08
T[C>G]C	0.00026472043100511655	0.0	2.1719938376918436e-05	1.8222332073491999e-06	1.9409450396778992e-05	1.0789831139845774e-05	1.6216753829212392e-05	0.0003842067686491646	6.0716932057403025e-05	1.1788770002482905e-20	4.203895392974451e-46	0.018998878821730614	0.05846205577254295	0.00015124488054425457
T[C>G]G	1.3394027610047487e-05	4.788355818163837e-06	3.120154742646264e-05	3.675077778098057e-05	1.1162399459863082e-05	4.194415214442415e-06	1.4012984643248171e-46	2.3520585273217877e-06	0.0002653241623193026	6.729364940838423e-06	0.0001529627739728312	0.010570252873003482	0.018203851021826267	0.00019754117965931073
T[C>G]T	0.0	6.561741502082441e-05	0.0	0.0	0.0	0.00011476356303319335	1.4012984643248171e-46	0.00015430400353579898	4.656314849853516e-05	1.4012984643248171e-46	1.4012984643248171e-46	0.007585993853746231	0.21748029738664626	0.0008889789489330724
T[C>T]A	8.136595397445489e-10	0.00020355416991222342	0.0021721716038882732	0.00856248801574111	0.019131846260279417	0.0004595055244863033	0.017987790479674005	0.008032610802911223	0.028141616214998066	0.0	0.029367467015981676	0.0	0.2671690762042999	0.005862711661029607
T[C>T]C	0.0014875965018291027	0.0074688567547127604	0.014845957973739133	0.03964985515922308	0.0037246674299240114	0.003631327114999294	0.03213966973125935	0.00835830783471465	0.04135203158948571	0.0003035553265362978	0.10921047516167164	0.004979589022696018	0.052385886758565904	0.003504933451768011
T[C>T]G	0.05517953362582375	0.009915940892885926	0.005228313731595336	0.8032671213150024	0.0023248796262933524	0.008747393366816241	0.0044301218287159825	0.000579535315031416	0.0011899921589815677	0.013502754049790155	1.9288211206003325e-07	0.0	0.00042553419234900856	0.00027117157480631703
T[C>T]T	0.0	0.03233749875798821	0.00040094180731102823	0.06325526460022957	0.0002584027359262109	0.004136643931269645	0.04257844385658131	0.0048790314933285115	0.05724679660052061	2.8025969286496343e-46	0.06550633311271667	3.736820630706461e-09	0.09741119334939867	0.0004854087925195927
T[T>A]A	0.000751052042687661	0.0006477563866610581	1.785750355338678e-05	0.0	0.0016588426020462065	0.00015929130313452333	0.0026807610567630034	0.003191608400084078	0.0003661379450932145	0.002296773425769061	0.0	0.013040859997272492	0.0001424370606400771	0.0001433017029739858
T[T>A]C	7.727563715889118e-05	0.001088119242922403	0.0001271920555154793	1.8645812815520912e-05	0.00042369990260340276	0.0008297475345898419	0.0015430852596182375	0.0032986326375976207	0.0017323529173154384	0.0	0.003457761416211724	0.012066160421818494	0.00022260751138674094	0.00379636874422431
T[T>A]G	0.0	0.001115086767822504	0.0	0.0	1.1783799345721491e-05	7.769188141537597e-06	0.0013279471822897904	0.0009713027873658575	0.0006104115873313276	0.0012312559469137342	0.0001711934368358925	0.01039831517264247	6.178337007440859e-05	0.0014106509916018695
T[T>A]T	0.00022402060640160925	0.006851925700902939	0.0	0.0	0.001260201944387518	0.0006334408186376095	0.003215159161482006	0.0007456530831404962	0.0031485888321185485	0.0009848255984252318	0.002324597304686904	0.01290214406326413	8.37688785395585e-06	0.0068194861989468334
T[T>C]A	7.006492321624085e-46	0.0032022615894675257	6.459077121689921e-05	2.3138256892707433e-07	0.011055343225598336	0.003344245604239404	0.006719503551721573	0.05083026364445686	0.001143803249578923	9.265630729576695e-16	0.000507086064439477	0.0040098073310218755	9.611369623598875e-05	0.0018378492793999612
T[T>C]C	0.00046961029786416473	0.001818356104195118	0.002833753521554172	0.00098550723050721	0.0009208759103785269	0.00602636719122529	0.024452339112758636	0.04182637259364128	0.010339218634180724	0.019608519878238438	0.007479520747438073	0.0047565047279931605	0.0003545879662851803	0.007153476239182055
T[T>C]G	1.940362076279877e-33	0.003383096569450572	6.175005109980703e-05	0.00048378477373631765	0.01840308429673314	0.0011723400536652663	0.011707006301730872	0.03371302504092455	0.0010727209962624329	0.03879117649048567	0.0014133501503856393	0.0	6.121104964620371e-05	0.0038067292422056197
T[T>C]T	0.00013588229994638824	0.0032513096957700327	0.0	0.0	0.002423245518002659	0.005711568798869848	0.02670822646468878	0.03667723461985588	0.0024658978276420386	0.00899252062663436	0.016580305621027948	0.0031716667690801616	1.9121634068142157e-05	0.003379290096927434
T[T>G]A	0.0	0.0025826616212725638	0.0	0.0	0.0	0.0	0.026052023053450314	0.0001336191491077443	0.0005399252753704786	7.647460156690044e-07	0.0	0.00492772962898016	7.258189633532197e-05	0.0004427420686909045
T[T>G]C	0.0	0.002298351190984249	0.0011723534727934748	0.002894307605311042	0.0	0.0016450736438855529	0.026845555379986764	0.0004203998905722983	0.00310394992120564	0.0	0.002103762311162427	0.004137942532543093	0.00016012215310183818	0.0097536931745708
T[T>G]G	0.00016144015680765733	0.0012419639358995482	0.0	0.0005341336280253017	0.0006320329659502022	0.00012010193531750702	0.00826970236375928	0.00019181621173629536	0.0010051468108940754	0.0014544475794536992	0.00015919229190330952	0.01040003439411521	0.0002274517566547729	0.0031526243430562316
T[T>G]T	5.308029926709423e-08	0.027040196792199822	6.374159753974595e-06	3.509129761783197e-07	1.1877690982586853e-05	0.00308884653613859	0.2784214911183863	2.0521867597267374e-05	0.0017337774788260597	1.4012984643248171e-46	3.818492813252305e-05	3.841568414486574e-08	0.0	0.015833471461974113
