MutationType	SBS96A	SBS96B	SBS96C	SBS96D	SBS96E	SBS96F	SBS96G	SBS96H	SBS96I	SBS96J	SBS96K	SBS96L	SBS96M	SBS96N
A[C>A]A	1.65E-04	1.16E-04	0.00E+00	1.40E-46	1.55E-12	8.72E-05	5.63E-03	1.81E-04	7.75E-03	1.68E-04	4.03E-05	4.40E-03	1.22E-04	3.46E-04
A[C>A]C	1.09E-04	3.16E-04	9.04E-05	1.35E-04	2.06E-04	8.41E-04	3.72E-03	2.06E-04	4.30E-03	5.89E-04	6.19E-04	1.68E-03	1.17E-04	1.92E-05
A[C>A]G	2.55E-05	8.27E-05	0.00E+00	0.00E+00	6.34E-05	1.02E-04	1.40E-03	1.93E-05	1.42E-03	1.39E-04	1.17E-04	5.53E-04	6.07E-05	1.68E-04
A[C>A]T	6.86E-05	1.63E-03	6.87E-09	0.00E+00	7.27E-05	9.23E-03	1.62E-03	1.40E-46	1.20E-02	1.33E-04	6.33E-03	1.50E-03	0.00E+00	6.37E-05
A[C>G]A	1.99E-04	8.99E-05	1.58E-04	1.11E-04	1.11E-04	6.95E-05	1.48E-04	2.71E-05	2.93E-04	0.00E+00	1.53E-04	1.37E-03	1.47E-04	1.79E-04
A[C>G]C	9.30E-05	3.34E-05	4.18E-05	1.08E-04	1.43E-04	9.19E-05	5.19E-04	1.47E-04	9.67E-04	1.71E-04	0.00E+00	6.95E-04	9.02E-05	2.14E-04
A[C>G]G	2.33E-05	9.21E-06	0.00E+00	1.98E-07	4.29E-05	3.20E-05	2.04E-05	7.29E-06	6.56E-04	9.61E-05	3.52E-05	1.33E-03	1.24E-04	6.71E-05
A[C>G]T	1.26E-04	4.58E-05	2.53E-05	6.18E-05	4.74E-05	2.19E-04	4.66E-04	1.22E-04	4.64E-04	3.01E-04	0.00E+00	1.56E-03	1.56E-04	1.41E-04
A[C>T]A	8.40E-04	0.00E+00	0.00E+00	2.99E-46	4.22E-03	3.96E-03	2.42E-03	2.93E-04	2.00E-03	1.70E-03	3.99E-03	1.14E-03	3.84E-04	5.05E-04
A[C>T]C	2.74E-04	3.94E-04	1.41E-03	3.89E-04	2.36E-03	3.01E-03	1.20E-03	8.29E-04	4.53E-03	2.66E-03	3.33E-03	1.06E-03	0.00E+00	3.26E-04
A[C>T]G	2.45E-02	3.47E-03	9.17E-03	4.97E-03	8.34E-03	8.52E-03	1.16E-02	1.97E-03	1.71E-02	8.83E-04	1.48E-02	2.79E-03	1.27E-04	1.17E-03
A[C>T]T	4.32E-04	5.77E-04	1.84E-04	7.20E-04	2.16E-03	4.06E-03	1.45E-03	2.62E-04	6.18E-03	1.51E-03	3.11E-03	1.33E-03	9.14E-05	4.45E-04
A[T>A]A	0.00E+00	4.66E-05	6.37E-06	0.00E+00	1.43E-04	0.00E+00	6.30E-04	3.93E-04	8.44E-05	0.00E+00	4.09E-04	7.60E-04	2.89E-05	1.12E-04
A[T>A]C	1.40E-46	2.49E-05	1.93E-04	0.00E+00	6.01E-04	9.02E-04	1.26E-03	7.61E-04	1.56E-03	3.75E-04	0.00E+00	3.30E-04	6.71E-05	3.48E-04
A[T>A]G	5.67E-06	0.00E+00	0.00E+00	1.28E-06	8.42E-05	1.45E-04	1.91E-03	2.02E-04	1.64E-03	2.02E-04	1.33E-04	7.17E-04	9.85E-05	2.76E-04
A[T>A]T	1.59E-04	2.89E-04	2.69E-04	0.00E+00	7.79E-04	1.35E-03	1.47E-03	9.20E-04	1.44E-03	8.77E-04	3.91E-04	8.69E-04	1.40E-05	3.14E-04
A[T>C]A	2.93E-04	4.10E-04	3.90E-04	6.33E-04	1.24E-03	6.76E-04	1.13E-03	1.67E-03	1.90E-03	2.37E-03	8.49E-04	6.49E-04	2.99E-05	0.00E+00
A[T>C]C	2.45E-04	6.48E-04	1.18E-03	4.14E-04	0.00E+00	1.26E-03	1.81E-03	1.77E-03	4.77E-03	4.06E-03	1.05E-03	7.19E-04	8.85E-05	4.87E-04
A[T>C]G	4.85E-04	1.84E-04	4.46E-04	3.07E-04	1.03E-03	9.20E-04	9.26E-04	7.53E-03	2.23E-03	1.33E-02	2.09E-03	1.53E-03	3.44E-05	1.42E-04
A[T>C]T	1.98E-04	7.83E-04	0.00E+00	2.80E-46	0.00E+00	8.66E-04	2.60E-03	1.01E-03	4.00E-03	1.24E-03	1.18E-03	1.84E-03	8.59E-05	2.76E-04
A[T>G]A	1.85E-06	3.64E-04	0.00E+00	0.00E+00	2.18E-05	0.00E+00	7.42E-04	1.11E-04	5.05E-04	1.03E-04	1.07E-05	3.87E-04	5.02E-05	2.78E-04
A[T>G]C	1.11E-04	7.16E-04	1.22E-04	1.87E-46	0.00E+00	5.69E-04	1.89E-03	3.95E-04	1.07E-03	3.16E-04	3.98E-04	5.13E-04	4.01E-05	6.39E-04
A[T>G]G	1.04E-04	3.21E-04	1.58E-05	1.04E-04	0.00E+00	3.42E-04	6.76E-04	1.27E-04	7.71E-04	1.83E-04	9.71E-05	3.23E-04	3.60E-05	4.05E-04
A[T>G]T	0.00E+00	3.25E-03	1.54E-04	4.44E-08	0.00E+00	2.56E-03	9.09E-03	1.40E-04	2.88E-03	1.40E-46	1.21E-03	1.57E-07	4.32E-06	2.54E-03
C[C>A]A	3.52E-04	4.40E-04	1.22E-04	3.57E-04	3.20E-03	5.20E-03	4.71E-03	1.36E-04	6.51E-03	4.02E-03	0.00E+00	3.12E-03	1.56E-04	2.61E-04
C[C>A]C	2.06E-04	1.71E-04	1.41E-04	3.92E-04	5.70E-03	1.02E-02	4.78E-04	1.65E-05	2.29E-03	8.60E-03	0.00E+00	9.06E-04	8.03E-05	2.41E-04
C[C>A]G	3.90E-04	1.62E-04	4.70E-04	0.00E+00	2.87E-03	6.10E-03	3.21E-04	0.00E+00	1.81E-03	4.27E-03	1.42E-04	8.75E-04	5.62E-05	0.00E+00
C[C>A]T	1.27E-08	1.66E-03	7.81E-04	3.67E-07	1.93E-02	3.80E-02	8.59E-07	9.97E-04	3.06E-02	2.27E-02	1.40E-07	1.40E-46	0.00E+00	0.00E+00
C[C>G]A	3.40E-06	0.00E+00	0.00E+00	0.00E+00	0.00E+00	0.00E+00	0.00E+00	0.00E+00	1.40E-46	0.00E+00	2.56E-05	1.79E-03	2.44E-04	2.28E-04
C[C>G]C	0.00E+00	0.00E+00	1.24E-05	2.00E-05	0.00E+00	0.00E+00	6.94E-46	1.43E-05	3.52E-05	2.61E-07	0.00E+00	1.90E-03	8.05E-05	1.09E-04
C[C>G]G	1.78E-05	7.22E-08	2.18E-05	6.56E-06	1.17E-04	2.25E-04	2.18E-06	0.00E+00	5.89E-06	2.34E-04	6.61E-05	1.44E-03	6.02E-05	5.86E-05
C[C>G]T	2.62E-06	3.08E-05	6.58E-06	6.66E-05	1.53E-06	6.40E-06	5.76E-05	3.38E-05	4.78E-05	1.36E-05	1.12E-05	2.66E-03	3.90E-04	2.56E-05
C[C>T]A	3.01E-04	1.87E-46	2.08E-05	2.87E-04	3.80E-03	5.65E-03	5.35E-03	5.99E-05	6.22E-03	3.69E-03	5.56E-03	2.67E-03	1.10E-03	1.02E-03
C[C>T]C	1.91E-08	1.36E-04	1.07E-03	4.33E-04	5.29E-03	6.23E-03	3.73E-04	1.30E-03	2.47E-03	4.77E-03	9.14E-03	1.91E-03	2.75E-04	6.23E-04
C[C>T]G	3.96E-02	9.98E-04	6.13E-03	3.73E-03	5.13E-03	6.50E-03	1.56E-03	1.69E-03	9.34E-02	5.07E-03	1.73E-02	1.54E-03	4.93E-04	9.67E-04
C[C>T]T	0.00E+00	3.61E-04	1.02E-03	5.77E-04	3.31E-03	4.20E-03	8.87E-04	9.50E-04	2.41E-03	3.00E-03	7.38E-03	2.19E-03	2.62E-04	9.15E-04
C[T>A]A	0.00E+00	1.12E-05	3.29E-06	0.00E+00	1.15E-05	7.89E-05	6.36E-04	1.12E-04	8.97E-05	1.16E-04	3.26E-05	5.34E-04	5.25E-05	1.76E-04
C[T>A]C	4.20E-46	8.67E-06	1.98E-04	0.00E+00	4.47E-04	4.91E-04	4.20E-46	3.42E-04	9.25E-04	8.89E-04	6.26E-04	1.08E-03	5.28E-05	5.66E-04
C[T>A]G	2.80E-05	6.24E-05	9.44E-06	0.00E+00	1.81E-04	2.55E-04	6.97E-04	3.25E-04	4.34E-04	3.70E-04	0.00E+00	1.16E-03	8.52E-05	3.57E-04
C[T>A]T	7.85E-23	1.08E-04	0.00E+00	0.00E+00	1.14E-04	3.46E-04	1.40E-46	1.15E-04	3.98E-04	2.63E-04	3.59E-04	9.45E-04	5.98E-06	1.30E-03
C[T>C]A	7.23E-05	8.63E-05	1.27E-04	1.40E-46	8.57E-04	1.73E-03	1.03E-03	2.40E-03	6.01E-04	2.56E-03	1.57E-04	4.09E-04	1.42E-05	6.21E-04
C[T>C]C	1.88E-04	5.43E-05	4.13E-04	5.25E-05	1.40E-46	1.23E-03	1.63E-03	2.27E-03	1.82E-03	4.09E-03	2.34E-03	8.08E-04	1.56E-05	1.81E-03
C[T>C]G	9.77E-09	5.32E-05	1.57E-04	1.76E-08	3.18E-03	6.30E-03	1.54E-04	8.78E-03	7.01E-04	1.15E-02	6.31E-05	1.45E-08	1.69E-10	2.69E-03
C[T>C]T	1.03E-24	8.90E-05	0.00E+00	0.00E+00	1.43E-04	1.93E-03	1.91E-03	2.98E-03	1.46E-03	3.44E-03	1.94E-03	7.06E-04	8.05E-05	4.99E-03
C[T>G]A	2.67E-05	5.29E-04	2.57E-05	9.81E-05	0.00E+00	6.63E-05	1.10E-03	1.14E-04	1.08E-04	2.09E-04	5.03E-09	5.28E-04	1.20E-05	3.71E-04
C[T>G]C	3.40E-04	1.27E-04	3.09E-04	3.57E-04	5.61E-46	3.14E-04	7.25E-04	4.57E-04	1.02E-03	1.54E-03	2.29E-04	4.36E-04	7.08E-05	6.45E-04
C[T>G]G	2.50E-04	5.09E-04	5.03E-04	5.16E-04	0.00E+00	4.47E-04	1.75E-03	2.88E-04	1.28E-03	1.94E-03	0.00E+00	7.95E-04	1.82E-05	1.15E-03
C[T>G]T	2.80E-46	1.85E-03	7.93E-04	3.45E-07	2.14E-05	1.04E-03	6.59E-03	5.25E-08	1.30E-03	1.87E-46	4.01E-08	0.00E+00	0.00E+00	5.56E-03
G[C>A]A	3.87E-04	2.91E-04	2.58E-04	4.12E-04	6.13E-05	4.40E-04	8.17E-03	1.19E-04	1.01E-02	3.02E-04	3.48E-04	6.04E-03	1.01E-04	6.20E-04
G[C>A]C	3.89E-04	3.51E-04	1.15E-03	1.40E-46	3.96E-04	2.62E-03	2.54E-03	5.27E-04	3.77E-03	1.14E-03	1.99E-03	1.34E-03	1.44E-04	4.37E-05
G[C>A]G	3.44E-04	4.64E-05	3.20E-04	0.00E+00	3.37E-04	2.38E-04	3.30E-03	1.53E-04	3.41E-03	5.44E-04	1.36E-04	2.02E-03	7.34E-05	2.21E-04
G[C>A]T	2.47E-04	1.82E-03	3.09E-03	7.46E-08	0.00E+00	2.13E-02	2.54E-03	2.37E-04	2.42E-02	7.01E-04	1.16E-02	2.02E-03	6.37E-06	1.10E-06
G[C>G]A	1.02E-04	3.22E-05	1.60E-04	1.19E-04	0.00E+00	1.23E-04	2.40E-04	7.37E-05	2.66E-04	2.80E-46	2.52E-04	1.22E-03	1.23E-04	2.14E-04
G[C>G]C	1.20E-04	4.03E-05	9.79E-05	6.92E-05	4.59E-04	1.01E-03	4.68E-04	2.52E-04	3.66E-04	7.99E-04	0.00E+00	1.44E-03	7.72E-05	1.26E-43
G[C>G]G	3.74E-05	2.19E-06	0.00E+00	0.00E+00	3.63E-05	4.68E-05	7.65E-06	3.36E-05	0.00E+00	1.39E-04	0.00E+00	8.78E-04	6.87E-05	8.34E-06
G[C>G]T	1.45E-04	8.14E-05	1.81E-04	1.29E-04	2.12E-04	6.83E-05	2.80E-05	1.02E-04	2.05E-04	1.40E-46	0.00E+00	1.97E-03	2.06E-04	5.45E-05
G[C>T]A	5.48E-04	3.36E-04	3.41E-03	1.01E-28	1.31E-02	3.68E-03	2.94E-04	2.56E-03	5.97E-03	1.02E-03	4.98E-03	1.28E-03	4.17E-04	5.12E-04
G[C>T]C	4.71E-08	1.88E-03	2.18E-02	3.40E-08	1.05E-02	3.23E-03	4.55E-08	8.10E-03	3.21E-02	2.80E-03	1.19E-03	2.33E-09	1.71E-05	3.60E-05
G[C>T]G	4.13E-02	6.20E-03	4.71E-02	2.92E-04	4.43E-03	1.24E-02	7.70E-03	8.20E-09	9.91E-03	2.15E-03	4.98E-07	5.73E-08	0.00E+00	4.76E-04
G[C>T]T	0.00E+00	3.60E-03	1.10E-02	3.58E-03	9.29E-03	2.98E-03	3.17E-03	5.79E-03	2.09E-02	6.21E-08	3.15E-03	9.56E-08	0.00E+00	1.03E-04
G[T>A]A	1.32E-05	7.05E-06	1.10E-08	2.40E-06	9.09E-06	0.00E+00	4.57E-04	2.35E-04	5.54E-04	2.06E-04	0.00E+00	2.04E-04	6.68E-05	1.85E-05
G[T>A]C	0.00E+00	0.00E+00	2.28E-04	0.00E+00	4.90E-04	8.40E-04	0.00E+00	5.57E-04	6.63E-04	3.05E-04	2.79E-04	7.96E-04	7.26E-05	2.45E-04
G[T>A]G	0.00E+00	0.00E+00	0.00E+00	0.00E+00	2.67E-04	3.43E-04	1.98E-04	2.74E-04	1.05E-07	3.00E-04	8.29E-10	8.15E-04	6.07E-05	1.35E-04
G[T>A]T	0.00E+00	4.31E-05	8.59E-05	0.00E+00	2.77E-04	3.58E-04	7.57E-04	3.02E-04	1.60E-04	5.59E-04	3.54E-04	3.69E-04	2.48E-05	5.58E-04
G[T>C]A	3.29E-07	7.25E-04	2.26E-03	4.80E-07	1.36E-03	2.35E-03	1.73E-03	4.80E-03	1.16E-02	4.52E-04	7.72E-09	1.61E-09	0.00E+00	0.00E+00
G[T>C]C	0.00E+00	8.67E-04	7.43E-03	1.26E-03	2.22E-06	1.27E-03	3.48E-03	9.44E-03	2.45E-02	3.15E-04	5.58E-09	6.05E-07	0.00E+00	8.80E-04
G[T>C]G	8.65E-13	3.99E-04	1.99E-03	1.40E-46	1.21E-03	1.98E-03	1.12E-03	1.50E-03	8.42E-03	3.43E-03	6.33E-08	0.00E+00	2.92E-08	4.28E-04
G[T>C]T	1.21E-04	1.48E-03	5.48E-04	7.14E-04	2.05E-04	2.09E-03	3.87E-03	3.37E-03	5.62E-03	1.40E-46	1.72E-03	7.02E-04	0.00E+00	7.09E-04
G[T>G]A	0.00E+00	9.14E-05	7.48E-05	1.96E-04	0.00E+00	1.69E-05	3.31E-04	5.25E-05	2.61E-04	2.94E-05	2.34E-05	3.13E-04	1.02E-05	1.64E-04
G[T>G]C	0.00E+00	2.73E-04	7.31E-04	2.41E-04	0.00E+00	2.04E-04	9.83E-04	3.95E-04	1.83E-03	0.00E+00	8.63E-05	3.02E-04	2.01E-06	5.86E-04
G[T>G]G	0.00E+00	1.16E-04	4.51E-04	5.92E-05	2.80E-46	2.89E-04	4.87E-04	1.95E-04	1.07E-03	1.98E-04	1.34E-04	5.82E-04	5.12E-06	5.23E-04
G[T>G]T	7.51E-08	3.71E-04	8.06E-04	5.60E-08	1.87E-46	7.36E-04	1.47E-03	1.53E-04	1.57E-03	1.38E-07	1.41E-07	5.68E-08	0.00E+00	9.59E-04
T[C>A]A	1.85E-05	6.07E-03	0.00E+00	0.00E+00	1.80E-05	3.74E-04	1.33E-02	0.00E+00	5.04E-03	2.28E-04	1.40E-46	3.27E-03	1.80E-03	2.18E-04
T[C>A]C	2.61E-04	1.39E-03	3.54E-04	2.07E-04	1.49E-04	5.06E-03	5.26E-03	0.00E+00	6.72E-03	2.64E-04	3.32E-03	1.79E-03	7.88E-04	2.01E-04
T[C>A]G	1.07E-04	3.53E-04	9.61E-06	0.00E+00	1.59E-04	4.06E-04	2.79E-03	0.00E+00	3.60E-03	5.78E-04	1.05E-04	1.98E-03	3.88E-04	2.11E-04
T[C>A]T	1.87E-46	3.37E-02	6.15E-05	4.40E-07	3.62E-08	4.68E-03	6.81E-04	5.27E-05	2.03E-02	3.13E-07	1.75E-06	1.50E-07	9.14E-04	9.34E-06
T[C>G]A	6.07E-09	0.00E+00	1.69E-08	1.87E-46	0.00E+00	5.35E-09	1.56E-08	3.38E-08	3.70E-07	3.65E-09	5.46E-09	7.52E-07	6.65E-03	6.29E-08
T[C>G]C	6.63E-05	0.00E+00	2.17E-05	1.82E-06	1.58E-05	1.08E-05	7.53E-06	5.66E-05	4.64E-05	1.18E-20	4.20E-46	2.20E-03	3.01E-03	8.35E-05
T[C>G]G	6.66E-06	4.07E-06	1.24E-05	1.54E-05	1.12E-05	2.95E-06	1.40E-46	1.58E-06	2.65E-04	4.90E-06	4.02E-05	8.02E-04	9.78E-04	7.69E-05
T[C>G]T	0.00E+00	2.19E-05	0.00E+00	0.00E+00	0.00E+00	4.04E-05	1.40E-46	7.10E-05	4.66E-05	1.40E-46	1.40E-46	2.05E-03	1.02E-02	2.46E-04
T[C>T]A	8.14E-10	1.26E-04	6.59E-04	1.45E-03	1.45E-03	4.60E-04	1.78E-02	1.05E-03	2.54E-02	0.00E+00	5.86E-03	0.00E+00	2.64E-03	8.34E-04
T[C>T]C	3.98E-04	1.87E-03	2.66E-03	5.79E-03	1.69E-03	1.91E-03	3.17E-02	1.95E-03	2.33E-02	3.04E-04	1.23E-02	1.91E-03	8.75E-03	6.21E-04
T[C>T]G	1.51E-02	9.91E-03	4.13E-03	1.87E-02	1.55E-03	3.29E-03	2.24E-03	5.77E-04	1.19E-03	2.32E-03	1.93E-07	0.00E+00	2.83E-04	2.22E-04
T[C>T]T	0.00E+00	5.75E-03	2.92E-04	1.13E-02	2.58E-04	2.32E-03	4.18E-02	1.49E-03	3.86E-02	1.87E-46	1.18E-02	3.74E-09	1.40E-02	3.50E-04
T[T>A]A	1.64E-04	1.49E-04	1.79E-05	0.00E+00	2.87E-04	1.28E-04	1.82E-03	3.17E-04	3.66E-04	4.28E-04	0.00E+00	1.10E-03	5.20E-05	8.20E-05
T[T>A]C	2.35E-05	1.47E-04	7.14E-05	1.86E-05	1.36E-04	3.36E-04	1.04E-03	1.55E-04	5.80E-04	0.00E+00	4.81E-04	6.72E-04	5.90E-05	2.99E-04
T[T>A]G	0.00E+00	1.06E-04	0.00E+00	0.00E+00	8.30E-06	6.81E-06	1.03E-03	2.45E-04	5.35E-04	2.26E-04	6.05E-05	2.61E-04	2.13E-05	1.50E-04
T[T>A]T	7.16E-05	3.76E-04	0.00E+00	0.00E+00	1.94E-04	2.13E-04	2.02E-03	1.57E-04	1.79E-03	4.40E-04	4.02E-04	1.20E-03	5.60E-06	3.20E-04
T[T>C]A	2.34E-46	4.73E-04	6.46E-05	2.31E-07	7.18E-04	1.05E-03	1.07E-03	1.10E-03	7.18E-04	9.27E-16	4.32E-04	7.42E-04	5.39E-05	4.29E-04
T[T>C]C	1.56E-04	1.21E-03	6.23E-04	6.08E-04	5.52E-04	1.24E-03	3.52E-03	1.42E-03	3.43E-03	2.83E-03	1.71E-03	8.34E-04	9.06E-05	8.56E-04
T[T>C]G	1.94E-33	7.99E-04	6.18E-05	2.69E-04	8.97E-04	5.37E-04	2.12E-03	3.27E-03	7.48E-04	4.68E-03	7.82E-04	0.00E+00	3.18E-05	4.85E-04
T[T>C]T	1.08E-04	1.72E-03	0.00E+00	0.00E+00	7.22E-04	1.00E-03	4.49E-03	2.05E-03	1.18E-03	2.04E-03	1.60E-03	6.20E-04	1.42E-05	9.05E-04
T[T>G]A	0.00E+00	1.72E-03	0.00E+00	0.00E+00	0.00E+00	0.00E+00	3.78E-03	3.43E-05	5.40E-04	7.63E-07	0.00E+00	3.13E-04	2.40E-05	3.14E-04
T[T>G]C	0.00E+00	1.53E-03	2.91E-04	6.05E-04	0.00E+00	6.88E-04	4.55E-03	1.00E-04	1.05E-03	0.00E+00	7.89E-04	5.02E-04	5.64E-05	1.21E-03
T[T>G]G	7.26E-05	4.07E-04	0.00E+00	1.77E-04	1.63E-04	9.37E-05	8.38E-04	6.87E-05	5.30E-04	2.95E-04	7.14E-05	4.17E-04	5.98E-05	3.70E-04
T[T>G]T	5.31E-08	1.80E-02	5.96E-06	2.09E-07	1.18E-05	1.24E-03	4.66E-02	1.51E-05	9.08E-04	1.40E-46	3.33E-05	2.27E-08	0.00E+00	8.38E-03
