MutationType	SBS96A	SBS96B	SBS96C	SBS96D	SBS96E	SBS96F	SBS96G	SBS96H	SBS96I	SBS96J
A[C>A]A	0.0013288278423715383	0.000961491180351004	8.762311190366746e-05	0.000673983755405061	0.0	0.00022592538298340514	0.0004003911046311259	0.030323215201497077	0.0007030675420537591	0.0010333978396374732
A[C>A]C	0.0024029605789110064	0.0004245594329404412	0.0066821682616136965	0.0020393535029143094	2.585661131888628e-05	0.0052198878838680685	0.0005969790829112754	0.0295147892087698	0.00023794317385181785	0.0009631236316636205
A[C>A]G	0.0007053657347569243	5.062156292297004e-05	0.000105857610469684	0.0005455416510812938	0.0	0.000664218864403665	9.30755395529559e-06	0.010459115821868181	0.0003669607380288653	0.0003537529657471339
A[C>A]T	0.009240367915481329	0.00037704065471189097	0.004770290874876082	8.41690175271026e-05	0.0	0.06082056164741516	7.86966600571759e-05	0.009348578052595258	0.00020074428684893064	0.0
A[C>G]A	0.0004219651011226233	0.0011493097816128283	0.0007803202897775918	9.336672592326067e-05	0.0008745093131437897	9.821345629461576e-05	4.139204575039912e-05	0.014145772811025381	0.000373737699481147	0.0019367989618331194
A[C>G]C	0.00017025655761244708	0.0007070689083775505	0.00018138100858777761	0.0007716143038123846	0.00030963540266384373	1.474634736950975e-05	0.0012550283689051866	0.014830073993653058	0.0011667368788039311	0.0018883517012000083
A[C>G]G	2.4906811256641957e-05	4.0424923463433514e-05	4.4331244862405586e-05	0.00029042684909654783	7.039187767077237e-06	3.8012207733117974e-05	2.376623924646992e-05	0.011349705513566732	6.604450362317494e-05	0.0007144741888623684
A[C>G]T	0.00019527396361809223	0.0010817240166943521	2.4160031534847805e-05	0.0015392707078717648	7.721925740042935e-05	1.4461206774285529e-06	0.0005636685527861118	0.018466310389339925	0.00029473764589056374	0.0025461575482040645
A[C>T]A	0.0	0.003054456366226077	0.04167544028023258	0.055804502591490744	0.00033734694588929417	0.013098997762426734	4.341297608334571e-05	0.010483336029574275	0.0028553362964885308	0.00295964190736413
A[C>T]C	0.0025296738269389605	0.0015316202188841999	0.05078367269597948	0.027459650486707687	0.009044275898486377	0.025161859672516586	0.0027654901990899817	0.009730753302574158	0.002034469274803996	0.00012518067087512462
A[C>T]G	0.010135991452261805	0.2969788104295731	0.07386958226561546	0.0021519699424970896	0.018534931307658552	0.053299147821962836	0.006152888637734577	0.016518528293818235	0.0030784609261900187	0.0008169261403963901
A[C>T]T	0.003679199982434511	0.0019226547330617905	0.03887084252201021	0.02027802411466837	0.00010223925346508622	0.025507346726953983	0.0005490803741849959	0.00937858591787517	0.0031383761117467655	0.0002466353471390903
A[T>A]A	0.00024730161967454476	1.7557003593537958e-05	0.0012982170621398837	0.00013891416383557953	0.00020719496096717195	5.1890796021325515e-05	0.006283839792013168	0.007916925428435206	0.00014217754278433858	0.0001652136616806743
A[T>A]C	0.0	0.0	0.00022158094798214735	0.0026133454637601973	0.0020322149153798818	0.0	0.012822742108255625	0.011840897891670466	0.00041949810984078797	0.0004765498757478781
A[T>A]G	5.1328812332940284e-06	1.677089167121661e-05	0.00028363656074361645	0.0008038059488171712	0.0	3.3659121254459026e-05	0.001237569411750883	0.014325810410082341	0.0007101277500623837	0.0007069878367474303
A[T>A]T	0.0022100958158262074	0.0006753234600182622	0.0018476883531548082	0.009242596942931414	0.0008775920185144059	0.003260022192262113	0.005186573253013194	0.00960044413805008	0.002051064185798168	6.335241887427401e-05
A[T>C]A	0.0018616028246469796	0.0016870416526217013	0.007596964808180928	0.008361769374459982	0.0022543761238921433	0.0008209411287680268	0.04118008203804493	0.01191028393805027	0.0010545921104494482	9.636536633479409e-05
A[T>C]C	0.0036268543917685747	0.001201881148153916	0.0016124965157359838	0.009818940795958042	0.00624840185046196	0.003145230480004102	0.029613066278398038	0.008032277086749673	0.006856860953848809	0.00031084294998890983
A[T>C]G	0.0020643964060582222	0.0027787996077677235	0.0008395269047468901	0.042832426354289056	0.0	0.0006608176277950406	0.05048427991569042	0.012258062046021223	0.0026882070465944707	0.00033873806169140155
A[T>C]T	0.0044218196766451	0.0005053103915997781	0.007167662295978516	0.002347344532608986	0.0	0.0030495866667479277	0.02234668508172035	0.02151001784950495	0.0027037257328629493	0.0006122995750047266
A[T>G]A	0.002141308726277202	3.3744609936547932e-06	1.3227402814663946e-05	4.3374457163736224e-05	0.0	2.6366100792074575e-05	0.0006475563364801929	0.004352902434766293	0.0024582473910413683	0.0002197795944084646
A[T>G]C	0.004271150752902031	0.0005334806672181002	0.0004169629770331085	0.0	0.0006479153842519735	0.002182717260438949	0.0037819520104676483	0.003445306373760104	0.0060403909650631245	0.00017461374372942373
A[T>G]G	0.0019910520408302546	0.00030923383601475505	0.0001234433613717556	2.120716526405886e-05	2.0711020806629676e-05	0.0014713464479427785	0.0010593754530418664	0.006648502545431256	0.003253746032714844	0.0001366682276056963
A[T>G]T	0.021658800914883612	0.0	0.0008479301014176599	0.0	0.0005122890652273782	0.011171879945322871	0.000777558091795072	0.001834533520955972	0.028384751429365453	0.0
C[C>A]A	0.0022911445237696173	0.0007297899486729875	0.00024181227199733258	0.023198257945477963	0.0003678981709526852	0.016851924546062946	0.00027827587764477356	0.026909054443240165	0.0023900654283352195	0.0011859817139338702
C[C>A]C	0.0006511316809337586	0.0004167670169408666	0.0002124815830029547	0.04957316815853119	0.0024363053729757667	0.015103369858115912	0.0006392240919922187	0.016215757466852665	0.0016049801371991635	0.000423341293935664
C[C>A]G	0.0012152823735959827	0.001736358751077205	1.0872005805140362e-05	0.022395005635917186	0.0016322780633345247	0.003207079222192988	0.00011862919200211763	0.00996034606359899	0.0	0.00021997812982590403
C[C>A]T	0.004515930810885038	3.987500336879134e-08	4.235412719637566e-05	0.11019752994179725	2.5962786352806687e-06	0.26522602289915087	1.128397115066342e-06	1.5302130673688907e-08	1.930101133140738e-07	2.7551602777009522e-09
C[C>G]A	0.0	1.0192398011765747e-05	0.00016244026191998274	0.0	2.0033745773417876e-10	1.846881496021524e-05	2.0810843125218525e-06	0.014142759703099727	0.0003462589632079016	0.004416329902596772
C[C>G]C	1.6758240599301642e-05	3.6225083022145554e-06	2.291472046636045e-05	1.7095267478062225e-06	6.209908278833609e-05	0.0	3.083528700055646e-05	0.014976434130221605	0.000270584692407283	0.0011084731784649193
C[C>G]G	6.528385608817189e-06	6.55341673791554e-05	7.377374786301515e-05	0.0008218215545639396	2.6353305656812155e-06	4.154510202170059e-06	0.0	0.013318520598113536	6.435266204789514e-05	0.0005284118044073694
C[C>G]T	0.00010364935551478993	1.6338737168553052e-05	5.559531236940529e-05	1.4880581238685408e-05	2.0749499162775466e-05	1.0240465962851886e-05	9.575353069521953e-05	0.02131112143397331	0.000104570896360201	0.0039525229251012204
C[C>T]A	0.0004230203980114311	0.0008828301171888598	0.024964706669561566	0.020451095513999464	3.420658176764846e-05	0.002721122931689024	0.00020763356587849557	0.03474548924714327	0.007094754208810628	0.01252342015504837
C[C>T]C	0.0007978191948495805	0.000517253324505873	0.057475437060929835	0.023474659025669097	0.001966602436732501	0.00874458628532011	0.00563967201160267	0.015817575622349977	0.003979080962017179	0.001433815446216613
C[C>T]G	0.0012988806383978906	0.27073986232280733	0.10018661981448532	0.019000333920121192	0.0020894847810268404	0.02666029701940716	0.0035395061830059043	0.011118604452349246	0.008191492230980656	0.003677043109200895
C[C>T]T	0.0019814898842014372	0.0002135565533535555	0.05504330457188189	0.01932520102709532	0.0006166406947689	0.014160328218713403	0.005008910270407796	0.0226507886312902	0.007847580639645458	0.0032752233790233733
C[T>A]A	2.2165392010720097e-05	0.0	2.6719074230641127e-05	0.00020074913118151017	4.052022277392098e-05	1.837831223383546e-05	0.001172730268444866	0.0074995509814471005	0.0004782041592989117	0.00029638876363744513
C[T>A]C	1.4012984643248171e-46	1.4012984643248171e-46	0.0018722177715972065	0.003243878926150501	0.0013582985906396062	0.0025316295912489297	0.0032893428578972816	0.012357214093208313	0.008804098796099424	0.00029110229734214955
C[T>A]G	0.0003326927529997192	5.043905111961067e-05	7.051776046864688e-05	0.001520917727611959	6.116144431871362e-05	0.00033009282196871936	0.0021658417070284488	0.021010798029601575	0.004384340113028884	0.0004204112934530713
C[T>A]T	0.00041259528770751783	0.0	0.000665059857419692	0.001197944034356624	0.0	0.004061285662464798	0.00031323170878749806	0.014280808344483375	0.02721472643315792	7.253598369061365e-05
C[T>C]A	0.00012405700244926264	0.00037391050718724725	1.2546771336019446e-05	0.014209622610360384	0.0	2.4986546122818252e-06	0.024140006117522716	0.006849190033972263	0.004778961976990103	6.807502686569932e-05
C[T>C]C	0.00028693393905996343	0.0018616167828440667	0.004803888229071162	0.015537058655172586	0.0006574359344085678	0.004494729591533542	0.0233470905572176	0.010481415363028646	0.04423537026741542	0.00010243083215755178
C[T>C]G	0.0002214728665421717	0.00013677012149386768	0.0	0.0757897287607193	0.0	4.2676061275415124e-05	0.055556150153279305	0.004809392736206064	0.029114803299307823	2.3899008994021644e-09
C[T>C]T	0.0004359611193649471	1.7397445481037722e-05	0.0020531954360194504	0.014588777348399163	0.0	0.001057131143170409	0.018999058287590742	0.014365756855113432	0.09187927171587944	0.00034228749354952014
C[T>G]A	0.0032564940862357616	0.00015367869855253957	0.0	0.00040155702736228706	1.9946592510677873e-05	0.0	0.0007920197502244263	0.004049277701415122	0.0024928951570473146	2.1599432930230478e-05
C[T>G]C	0.0014218223048374056	0.0023473993758670987	0.00042255711250618335	0.0035779417492449285	0.0011668039544019849	0.0007468261963367695	0.003959201253019273	0.006517682643607259	0.020699011581018566	0.0003392532518773805
C[T>G]G	0.0036965905223041774	0.002567277697380632	0.00010353262186981737	0.006148412451148033	0.0005867790205229539	5.958916590316221e-05	0.005921386787667871	0.009996813163161278	0.02035732246004045	7.796785939717666e-06
C[T>G]T	0.016393514350056648	8.608413009737123e-05	0.0004664714719673668	0.00027137213058949785	0.0034336573211476208	0.006330758073781339	0.0013078870119603181	0.016533935813939048	0.23532006460009142	9.073444218188342e-10
G[C>A]A	0.001030237355735153	0.0024343053926713766	0.0013288936694152652	0.0006322075569187291	0.0011496610910398885	0.002833118572016247	0.00015852425567572937	0.03857617601752281	0.003712590888608247	0.0003243518400267931
G[C>A]C	0.0017554327030666172	0.0013606925087515265	0.004271938255988062	0.0019756296824198216	0.008894943399354815	0.010474442364647984	0.005318603455089032	0.023567020520567895	0.0005018827388994396	0.0006155058581498452
G[C>A]G	8.972881551017053e-05	0.0024061317555606363	0.0005641963551170192	0.0012744407868012786	0.0015733326494228096	0.0006861091664177365	0.0005031923792557791	0.012405064981430769	0.000431721243148786	0.000437097064423142
G[C>A]T	0.002194241838878952	0.0015680675394833087	0.0	0.0	0.022288667596876623	0.1255613833665848	0.0019269766344223171	0.01093845646828413	0.00027656321180984377	4.859391901845811e-05
G[C>G]A	0.00021887030161451548	0.0006103471852838994	0.0009014396200655028	0.0	0.0007481073327653576	0.00043538250683923253	0.00017891789793793577	0.009697992354631424	0.0018066287506371737	0.0013699227303732187
G[C>G]C	0.00020438807987375185	0.0010006492084357888	0.00013536380138248205	0.003888961300253868	0.0007202641898402362	0.0	0.0032504608621820807	0.015744670946151017	4.829569370485842e-05	0.0008538203255739063
G[C>G]G	7.4656946708273605e-06	0.0002009987052588258	3.294790440122597e-06	0.00038670065041515047	7.545432436018018e-06	1.2724871339742093e-06	4.4967562165432184e-05	0.007268105354160071	0.0	0.0005628860904835165
G[C>G]T	0.0003202071835403331	0.000684195982557867	0.00010041840141639113	0.0006333914818242193	0.0009944700403138995	0.00022655888315057383	0.0006848233169876039	0.01684491103515029	0.00013313902309164405	0.0020195500110276043
G[C>T]A	0.0	0.00010799328738366411	0.05872194692492485	0.10383175984025002	0.030905196256935597	0.011315466312225908	0.004782876616809517	0.002086604582984819	4.203895392974451e-46	0.004158258810639382
G[C>T]C	0.012755827233195304	0.0	0.020881544961594046	0.09268549755215645	0.1708667978644371	9.131791500749386e-09	0.04214698188006878	0.0	1.4012984643248171e-46	0.0008057604834903031
G[C>T]G	0.02256142683327198	0.2666413903236389	5.960746491950886e-08	0.02354762339964509	0.44213080406188965	0.03779821265488863	0.0	4.035496385768056e-05	0.0036212538225299795	0.0
G[C>T]T	0.012036274699494243	0.0	0.04494326692074537	0.06822057664394379	0.08849972262978553	0.009875588037539273	0.024191148579120636	0.0002956827753223479	0.004693021450657397	0.0003078671086768736
G[T>A]A	8.390831862925551e-06	5.764044409382052e-05	4.598039231495931e-06	0.00022239592944970355	6.501982538793527e-05	0.0	0.0035789314191788436	0.006416010903194547	1.4012984643248171e-46	0.0003082525989157148
G[T>A]C	0.0	0.0	0.0012044579081702978	0.0025779688730835915	0.0023389474023133515	0.00023015280239633285	0.009020292339846492	0.007834996795281768	0.0013247804017737508	0.0005564591847360134
G[T>A]G	0.0	0.0	5.9940575738437474e-05	0.0017980753909796476	2.2393024346456512e-05	0.0	0.0026885394938290117	0.009625875111669301	0.0005293470632750541	0.00025781434696909856
G[T>A]T	0.000298861697956454	0.0	0.0010156728560104967	0.00220862798159942	0.0005255456693703308	0.001157621781749185	0.002395384106785059	0.007757779210805893	0.005591847095638513	8.629763942735735e-05
G[T>C]A	0.0022789696372907285	6.763288737943185e-07	0.0010160160267503216	0.004464781912975013	0.02106120567768812	0.00043806722993622316	0.1274642117321491	0.0	0.0011255859949629965	6.640321004169891e-09
G[T>C]C	0.0048349419348852505	0.0	0.004099619761109352	1.3945030514150857e-05	0.04525058194994926	0.0008646097878227011	0.05983620993793011	0.0003668419815532786	0.010139408195391298	0.0
G[T>C]G	0.0010456673306180164	0.0	0.00016598735410298105	0.020279149524867535	0.013544410467147827	0.004416312323883176	0.10434808880090714	0.0	0.003976007777964696	1.4794134806095371e-09
G[T>C]T	0.007950134167913347	0.0004075524884683547	0.00990571454167366	0.0	0.0073706885566934945	0.006165634305216372	0.08090415671467781	0.0016450885217636825	0.008543236833065748	3.211028888472356e-06
G[T>G]A	0.0007067144453742457	0.0	0.00039757550694048406	0.0	0.00027410527145548257	3.327089825688745e-05	0.0003990519413491711	0.0046904627466574315	0.002217980765271932	1.2215835219198112e-05
G[T>G]C	0.001749728072900325	0.0	0.00039949144702404736	0.0	0.004554241453297437	0.00033950218930840493	0.001913627830799669	0.003910559322685003	0.008538894017692655	0.0
G[T>G]G	0.0007234306540340185	0.0	0.00012804523576050996	1.1782624771875633e-05	0.002925666142255068	0.0007796985242748633	0.001224237319547683	0.00894955419935286	0.005571082027745433	1.537982898298651e-05
G[T>G]T	0.0027030488243326546	1.6815581571897804e-45	0.00011736688662722372	1.0329667787800644e-09	0.005469959927722812	0.003167056999518536	0.001095275703103482	0.004138692583748949	0.06509164459620535	0.0
T[C>A]A	0.049303976073861125	0.00014242296674638055	0.0	0.0013838647573720664	0.0	0.0	0.0	0.021981078758835794	0.001218801358481869	0.03057549223303795
T[C>A]C	0.009577812533825636	0.0026029044878669084	0.0032949545886367558	0.00014473298797383903	0.00023137649113778025	0.03817189149558544	6.130807450972497e-05	0.030143288150429725	0.00036589393857866526	0.01634596362709999
T[C>A]G	0.005453346809372306	0.0003684656105178874	0.00010650184849509969	0.0019594884710386396	1.2203952064737677e-05	1.4012984643248171e-46	2.8025969286496343e-46	0.012123078759759664	0.000676660165481735	0.005203212471678853
T[C>A]T	0.3826389968395233	2.904745888265836e-12	1.5698943371944553e-07	7.089388276426689e-09	2.466995496774871e-08	0.1261244535446167	8.662715771379226e-08	1.6110717471207182e-08	4.430277622304857e-05	0.005349459638819098
T[C>G]A	0.0	1.4182561347553246e-08	4.668565434240435e-08	0.0	2.1116529023146313e-07	6.36640089091145e-08	3.398444885505114e-08	1.6781883999783532e-06	2.132573442281682e-08	0.14468366652727127
T[C>G]C	1.7813621525419875e-06	0.00022981336496741278	1.8100761553796475e-05	2.3120676451071633e-05	3.49252310115844e-05	0.0	0.00030094843386905266	0.012048168899491429	5.2270625019446015e-05	0.05110982954502106
T[C>G]G	6.988811844621523e-06	2.7722658273887646e-05	4.147521916593177e-05	3.843861541099614e-05	4.270861954864813e-05	9.572542330715805e-06	6.523650426970562e-07	0.007252207631245256	0.00013770474361081143	0.015976296551525593
T[C>G]T	1.8850445599127852e-05	0.0	0.0	0.0	0.0	0.0002088397384795826	9.428794963284304e-05	0.0022827011970207424	0.0009642051421678843	0.18777004778385162
T[C>T]A	0.001919065066613257	0.000828993073082529	0.025196020770817996	0.006685266364365816	0.006759320246055722	0.0021115059964358805	0.007253192784264684	4.197085800115019e-05	0.00521794140804559	0.24929964542388916
T[C>T]C	0.011516952980309724	0.002811060124076903	0.07294833958148957	0.00010553370229899883	0.02363207209855318	0.007686168188229203	0.007369394181296229	0.015130053460597991	0.014352920977398754	0.06455888226628304
T[C>T]G	0.16469604521989822	0.11438925787806511	0.15269326120615007	0.005427020601928234	0.0192638847976923	5.6051938572992686e-46	0.0002004958209947727	1.4012984643248171e-46	0.13870516640890856	0.046631387528032066
T[C>T]T	0.026751787262037398	1.4012984643248171e-46	0.0660996999591589	0.0	0.009605720662511886	0.010916575405281037	0.005128460703417659	0.0017342632403597237	0.02166365282610059	0.11658022627234459
T[T>A]A	0.0006146161758806556	0.0005631750595057383	1.4012984643248171e-46	0.0019391530426219107	0.00013858488600817508	0.0	0.002843518857844174	0.01088519236072898	0.00017856559934443795	0.00020010177831863984
T[T>A]C	0.0006572895392309875	6.193487174641633e-05	0.002463994105346501	2.3452075765817426e-05	0.0005154713842784985	0.0017032906005624681	0.0024127119686454535	0.0097994782961905	0.0024076095782220364	0.0003227342247555498
T[T>A]G	0.0007197953877039253	1.2485216484492411e-05	0.0001667404649197124	0.0003605519261327572	0.0	0.00014727273328389855	0.0009894387738313525	0.008640309004113078	0.000987677159719169	0.00010443797182233539
T[T>A]T	0.004229358863085508	0.0002787863690173253	0.0018578387331217527	0.0008484494523145258	0.0	0.00253898233640939	0.000664231066184584	0.01215847246348858	0.004583668662235141	6.184052217577119e-05
T[T>C]A	0.00306881966535002	9.690304990783716e-05	0.0045822261366993185	0.006775866309180856	0.0014592915133107454	0.0009340558342727286	0.03903811797499657	0.0031530808424577116	0.0013234940241090953	0.00012990360346520902
T[T>C]C	0.007354228338226676	0.0005124024977703811	0.005616197246126831	0.006743307039141655	0.0049837914295494555	0.004184363479726017	0.04105759114027023	0.005718941730447113	0.010666621057316661	0.00020640854090743234
T[T>C]G	0.005208245012909174	0.00019902535953129075	0.006601192450034432	0.0210765540599823	2.1345507941106236e-05	0.001109065918223706	0.036444516479969026	0.000170036475174129	0.00574290543445386	6.945368927517848e-05
T[T>C]T	0.010096906777471304	0.0002719603362493217	0.010424450269056251	0.0038353461306542156	0.0	0.003128245554398745	0.032605693116784094	0.004574757383670658	0.006342367129400372	0.0
T[T>G]A	0.00973728164099157	0.0	0.0	4.22362754761707e-06	0.0	0.0	0.00016307664827763801	0.005472386442124844	0.0010564735566731542	7.103141282627234e-06
T[T>G]C	0.008509026421234012	0.0	0.0048066958726849405	0.0	0.0014791903347941115	0.0010435771661292392	0.000401914400208625	0.004144508007448167	0.0129578304477036	0.00011676137983158696
T[T>G]G	0.003049790393561125	0.00016339715948561208	0.000600350197055377	0.0008748226391617209	0.0	2.272329775223625e-05	0.000310409283338231	0.008696486288681627	0.0035685496171936394	0.00036158120155960205
T[T>G]T	0.10415477082133293	2.342461208968416e-05	0.002980885555143686	0.0	0.000967773661056981	0.0007518650476654898	0.0001775221258867532	0.002903867270026178	0.045976784738624946	0.0
