MutationType	SBS96A	SBS96B	SBS96C	SBS96D	SBS96E	SBS96F	SBS96G	SBS96H	SBS96I	SBS96J
A[C>A]A	1.12E-04	7.71E-05	5.27E-05	8.42E-05	0.00E+00	6.60E-05	8.27E-05	9.19E-04	2.21E-04	1.28E-04
A[C>A]C	1.59E-04	1.18E-04	1.08E-03	9.79E-05	2.59E-05	5.72E-04	2.32E-04	1.11E-03	1.12E-04	8.78E-05
A[C>A]G	6.59E-05	2.83E-05	7.22E-05	2.93E-05	0.00E+00	1.11E-04	7.35E-06	3.99E-04	1.45E-04	7.48E-05
A[C>A]T	1.17E-03	7.30E-05	1.32E-03	6.08E-05	0.00E+00	3.45E-03	6.41E-05	6.73E-04	1.20E-04	0.00E+00
A[C>G]A	5.38E-05	7.76E-05	8.08E-05	3.91E-05	1.05E-04	6.49E-05	1.97E-05	5.29E-04	1.19E-04	1.22E-04
A[C>G]C	2.91E-05	6.58E-05	9.32E-05	1.15E-04	4.35E-05	1.17E-05	1.10E-04	4.69E-04	1.53E-04	8.71E-05
A[C>G]G	7.00E-06	1.39E-05	2.56E-05	3.46E-05	5.62E-06	1.73E-05	1.11E-05	5.12E-04	4.72E-05	1.20E-04
A[C>G]T	3.17E-05	5.51E-05	1.51E-05	1.12E-04	2.24E-05	1.45E-06	8.97E-05	6.20E-04	1.41E-04	1.24E-04
A[C>T]A	0.00E+00	6.70E-04	6.84E-03	7.77E-04	1.61E-04	3.36E-03	4.34E-05	1.47E-03	4.48E-04	1.96E-04
A[C>T]C	3.73E-04	3.75E-04	7.03E-03	7.18E-04	5.91E-04	3.63E-03	8.15E-04	2.23E-03	3.91E-04	7.77E-05
A[C>T]G	1.82E-03	1.09E-03	1.39E-02	1.62E-03	3.50E-03	5.08E-03	1.46E-03	3.14E-03	1.01E-03	2.98E-04
A[C>T]T	1.83E-04	2.46E-04	5.26E-03	3.19E-04	6.82E-05	2.53E-03	3.85E-04	1.31E-03	4.62E-04	8.47E-05
A[T>A]A	2.58E-05	1.19E-05	3.06E-04	6.27E-05	4.29E-05	4.26E-05	1.51E-04	3.11E-04	7.04E-05	4.18E-05
A[T>A]C	0.00E+00	0.00E+00	1.49E-04	1.14E-04	9.43E-05	0.00E+00	2.64E-04	4.77E-04	1.75E-04	7.62E-05
A[T>A]G	3.82E-06	8.12E-06	8.75E-05	6.07E-05	0.00E+00	2.44E-05	8.77E-05	5.04E-04	1.91E-04	8.38E-05
A[T>A]T	1.81E-04	8.87E-05	4.02E-04	1.16E-04	1.75E-04	2.66E-04	2.35E-04	3.12E-04	4.39E-04	2.70E-05
A[T>C]A	3.41E-04	1.88E-04	6.05E-04	3.60E-04	3.55E-04	5.58E-04	6.14E-04	7.97E-04	6.67E-04	3.46E-05
A[T>C]C	2.67E-04	1.59E-04	9.24E-04	2.13E-04	5.26E-04	5.55E-04	5.61E-04	4.78E-04	8.02E-04	8.41E-05
A[T>C]G	1.56E-04	2.99E-04	3.86E-04	5.57E-04	0.00E+00	2.88E-04	8.39E-04	7.06E-04	6.11E-04	1.10E-04
A[T>C]T	3.36E-04	1.21E-04	1.41E-03	1.39E-04	0.00E+00	6.50E-04	3.70E-04	7.41E-04	5.62E-04	6.97E-05
A[T>G]A	1.45E-04	2.75E-06	1.32E-05	1.88E-05	0.00E+00	1.78E-05	6.79E-05	2.49E-04	4.47E-04	4.82E-05
A[T>G]C	2.92E-04	6.00E-05	1.03E-04	0.00E+00	1.82E-04	1.57E-04	8.49E-05	1.86E-04	9.70E-04	3.78E-05
A[T>G]G	1.29E-04	4.36E-05	1.23E-04	2.12E-05	1.31E-05	1.37E-04	1.09E-04	2.83E-04	5.87E-04	2.81E-05
A[T>G]T	1.52E-03	0.00E+00	2.95E-04	0.00E+00	1.11E-04	8.23E-04	1.74E-04	1.22E-03	4.77E-03	0.00E+00
C[C>A]A	2.92E-04	1.74E-04	1.61E-04	2.75E-04	1.20E-04	1.38E-03	1.10E-04	1.02E-03	3.00E-04	1.48E-04
C[C>A]C	2.12E-04	1.43E-04	1.42E-04	5.97E-04	4.68E-04	1.06E-03	4.05E-04	8.20E-04	1.94E-04	1.17E-04
C[C>A]G	1.34E-04	2.55E-04	1.09E-05	1.95E-04	2.60E-04	5.05E-04	1.19E-04	6.37E-04	0.00E+00	6.08E-05
C[C>A]T	2.77E-03	1.59E-08	4.21E-05	9.85E-04	1.05E-06	1.70E-02	5.16E-07	7.00E-09	1.84E-07	1.99E-09
C[C>G]A	0.00E+00	7.24E-06	3.12E-05	0.00E+00	2.00E-10	1.25E-05	2.08E-06	4.55E-04	1.23E-04	1.43E-04
C[C>G]C	6.87E-06	3.62E-06	1.53E-05	1.71E-06	2.34E-05	0.00E+00	1.52E-05	4.89E-04	7.75E-05	6.84E-05
C[C>G]G	2.98E-06	2.05E-05	3.15E-05	4.24E-05	2.64E-06	3.89E-06	0.00E+00	4.41E-04	6.18E-05	5.62E-05
C[C>G]T	1.56E-05	1.18E-05	3.50E-05	5.13E-06	1.64E-05	8.18E-06	2.78E-05	5.86E-04	6.99E-05	2.67E-04
C[C>T]A	1.18E-04	2.85E-04	3.78E-03	3.52E-04	3.42E-05	1.82E-03	1.46E-04	1.39E-03	7.79E-04	3.56E-04
C[C>T]C	2.27E-04	2.00E-04	9.01E-03	5.86E-04	3.92E-04	4.71E-03	9.18E-04	2.87E-03	4.74E-04	2.74E-04
C[C>T]G	8.09E-04	2.18E-03	1.59E-02	1.83E-03	1.42E-03	8.96E-03	1.96E-03	3.52E-03	1.90E-03	4.30E-04
C[C>T]T	3.56E-04	1.79E-04	7.97E-03	4.75E-04	3.29E-04	4.60E-03	9.65E-04	2.25E-03	6.14E-04	2.62E-04
C[T>A]A	8.59E-06	0.00E+00	1.56E-05	3.43E-05	1.97E-05	1.23E-05	6.45E-05	2.79E-04	1.27E-04	4.45E-05
C[T>A]C	1.40E-46	1.40E-46	3.45E-04	7.28E-05	1.27E-04	1.19E-04	2.26E-04	3.23E-04	1.51E-03	5.04E-05
C[T>A]G	3.72E-05	3.22E-05	6.46E-05	7.99E-05	3.12E-05	6.97E-05	1.54E-04	6.42E-04	7.64E-04	7.66E-05
C[T>A]T	1.25E-04	0.00E+00	2.00E-04	8.28E-05	0.00E+00	3.04E-04	8.44E-05	1.28E-03	4.58E-03	2.75E-05
C[T>C]A	2.54E-05	9.59E-05	8.87E-06	2.48E-04	0.00E+00	2.50E-06	4.86E-04	3.63E-04	8.61E-04	2.58E-05
C[T>C]C	1.19E-04	2.22E-04	8.51E-04	2.51E-04	2.67E-04	6.59E-04	6.18E-04	2.12E-03	7.37E-03	3.28E-05
C[T>C]G	8.83E-05	1.08E-04	0.00E+00	9.09E-04	0.00E+00	4.27E-05	1.15E-03	1.61E-03	4.87E-03	2.39E-09
C[T>C]T	2.33E-04	1.16E-05	4.18E-04	2.80E-04	0.00E+00	5.67E-04	1.15E-03	4.81E-03	1.56E-02	7.55E-05
C[T>G]A	2.32E-04	3.90E-05	0.00E+00	3.78E-05	1.66E-05	0.00E+00	5.04E-05	1.60E-04	4.28E-04	9.15E-06
C[T>G]C	1.75E-04	1.98E-04	3.54E-04	2.18E-04	2.21E-04	2.06E-04	4.74E-04	7.02E-04	3.37E-03	5.02E-05
C[T>G]G	2.16E-04	2.75E-04	6.91E-05	4.11E-04	1.80E-04	4.11E-05	5.11E-04	6.10E-04	3.28E-03	7.80E-06
C[T>G]T	1.82E-03	8.61E-05	4.66E-04	1.25E-04	3.86E-04	2.65E-03	8.75E-04	1.09E-02	3.89E-02	9.07E-10
G[C>A]A	7.21E-05	1.39E-04	5.95E-04	1.04E-04	1.33E-04	4.63E-04	7.06E-05	1.44E-03	4.00E-04	1.29E-04
G[C>A]C	2.10E-04	2.03E-04	9.08E-04	2.18E-04	4.26E-04	6.04E-04	3.85E-04	9.03E-04	1.89E-04	1.14E-04
G[C>A]G	3.63E-05	1.03E-04	2.78E-04	9.49E-05	1.47E-04	1.66E-04	1.02E-04	4.44E-04	1.66E-04	7.44E-05
G[C>A]T	1.32E-03	3.58E-04	0.00E+00	0.00E+00	7.21E-04	8.09E-03	2.41E-04	5.13E-04	1.61E-04	4.74E-05
G[C>G]A	3.86E-05	4.98E-05	1.16E-04	0.00E+00	1.07E-04	1.06E-04	5.74E-05	3.45E-04	2.51E-04	1.00E-04
G[C>G]C	2.97E-05	1.18E-04	9.09E-05	1.27E-04	1.78E-04	0.00E+00	1.17E-04	6.35E-04	3.52E-05	5.47E-05
G[C>G]G	3.48E-06	4.58E-05	3.29E-06	5.14E-05	6.27E-06	1.27E-06	2.28E-05	3.29E-04	0.00E+00	3.65E-05
G[C>G]T	3.80E-05	9.78E-05	6.24E-05	8.88E-05	1.53E-04	9.03E-05	6.49E-05	6.08E-04	6.93E-05	1.71E-04
G[C>T]A	0.00E+00	8.24E-05	1.10E-02	1.16E-03	1.63E-03	4.59E-03	8.18E-04	1.39E-03	2.14E-46	3.02E-04
G[C>T]C	7.49E-04	0.00E+00	7.81E-03	1.57E-03	4.56E-03	9.13E-09	1.06E-03	0.00E+00	1.40E-46	1.67E-04
G[C>T]G	2.73E-03	3.10E-03	4.90E-08	3.10E-03	6.36E-03	7.29E-03	0.00E+00	4.04E-05	9.29E-04	0.00E+00
G[C>T]T	1.61E-03	0.00E+00	5.84E-03	1.08E-03	1.91E-03	2.88E-03	9.25E-04	1.97E-04	3.13E-03	1.30E-04
G[T>A]A	4.34E-06	2.55E-05	4.60E-06	3.50E-05	2.44E-05	0.00E+00	1.13E-04	2.05E-04	1.40E-46	6.06E-05
G[T>A]C	0.00E+00	0.00E+00	2.57E-04	1.33E-04	1.99E-04	1.04E-04	2.20E-04	2.34E-04	2.96E-04	3.55E-05
G[T>A]G	0.00E+00	0.00E+00	3.41E-05	9.92E-05	9.76E-06	0.00E+00	1.34E-04	3.56E-04	1.38E-04	6.93E-05
G[T>A]T	6.15E-05	0.00E+00	2.47E-04	5.22E-05	5.73E-05	1.46E-04	7.09E-05	2.32E-04	9.73E-04	2.29E-05
G[T>C]A	3.79E-04	4.78E-07	8.89E-04	4.43E-04	6.98E-04	2.06E-04	1.59E-03	0.00E+00	8.09E-04	6.64E-09
G[T>C]C	1.02E-03	0.00E+00	2.76E-03	9.32E-06	1.76E-03	4.44E-04	7.09E-04	2.46E-04	1.41E-03	0.00E+00
G[T>C]G	1.65E-04	0.00E+00	1.65E-04	3.84E-04	7.06E-04	5.76E-04	1.33E-03	0.00E+00	5.79E-04	1.48E-09
G[T>C]T	9.73E-04	2.06E-04	2.16E-03	0.00E+00	6.73E-04	5.89E-04	9.49E-04	3.00E-04	1.09E-03	3.21E-06
G[T>G]A	1.31E-04	0.00E+00	2.66E-04	0.00E+00	4.90E-05	1.50E-05	5.52E-05	2.18E-04	2.04E-04	9.08E-06
G[T>G]C	7.70E-05	0.00E+00	2.75E-04	0.00E+00	2.44E-04	1.83E-04	1.83E-04	2.96E-04	1.20E-03	0.00E+00
G[T>G]G	3.80E-05	0.00E+00	8.99E-05	1.18E-05	1.60E-04	2.04E-04	9.77E-05	3.03E-04	9.41E-04	1.54E-05
G[T>G]T	4.25E-04	1.68E-45	1.17E-04	1.03E-09	2.97E-04	9.88E-04	6.52E-04	2.76E-03	1.09E-02	0.00E+00
T[C>A]A	3.10E-03	4.26E-05	0.00E+00	1.07E-04	0.00E+00	0.00E+00	0.00E+00	1.00E-03	3.83E-04	6.37E-04
T[C>A]C	8.91E-04	1.18E-04	1.15E-03	9.65E-05	1.59E-04	2.46E-03	4.94E-05	1.51E-03	2.11E-04	4.80E-04
T[C>A]G	3.45E-04	7.92E-05	7.40E-05	1.09E-04	1.22E-05	1.40E-46	2.80E-46	3.82E-04	1.84E-04	2.30E-04
T[C>A]T	2.43E-02	2.90E-12	6.92E-08	7.09E-09	1.71E-08	9.89E-03	4.22E-08	9.96E-09	4.43E-05	4.82E-04
T[C>G]A	0.00E+00	6.64E-09	3.16E-08	0.00E+00	1.14E-07	5.53E-08	3.22E-08	2.78E-07	1.42E-08	6.77E-04
T[C>G]C	1.78E-06	4.24E-05	1.23E-05	1.29E-05	2.84E-05	0.00E+00	4.71E-05	7.62E-04	4.02E-05	8.90E-04
T[C>G]G	3.10E-06	1.23E-05	2.05E-05	1.21E-05	1.15E-05	9.57E-06	6.52E-07	4.10E-04	5.83E-05	4.22E-04
T[C>G]T	1.10E-05	0.00E+00	0.00E+00	0.00E+00	0.00E+00	6.37E-05	6.17E-05	7.21E-04	2.79E-04	1.53E-03
T[C>T]A	5.25E-04	2.79E-04	2.78E-03	8.19E-04	3.51E-04	1.41E-03	3.86E-04	4.20E-05	1.00E-03	1.68E-03
T[C>T]C	2.89E-03	3.04E-04	3.60E-03	1.06E-04	7.06E-04	4.79E-03	1.10E-03	3.21E-03	6.29E-03	4.20E-04
T[C>T]G	3.73E-02	5.39E-03	7.81E-02	2.26E-03	5.30E-03	2.29E-46	2.00E-04	1.40E-46	9.23E-02	6.62E-03
T[C>T]T	5.37E-03	1.40E-46	6.19E-03	0.00E+00	1.66E-03	3.35E-03	8.85E-04	9.72E-04	1.25E-02	1.10E-03
T[T>A]A	4.60E-05	8.23E-05	1.40E-46	1.33E-04	4.94E-05	0.00E+00	1.15E-04	4.03E-04	6.71E-05	7.24E-05
T[T>A]C	5.93E-05	2.89E-05	4.49E-04	2.01E-05	1.35E-04	1.62E-04	9.88E-05	2.78E-04	4.42E-04	6.27E-05
T[T>A]G	5.46E-05	1.12E-05	7.24E-05	5.19E-05	0.00E+00	6.43E-05	1.09E-04	2.91E-04	1.82E-04	1.71E-05
T[T>A]T	3.40E-04	5.41E-05	4.22E-04	7.77E-05	0.00E+00	2.94E-04	9.67E-05	4.40E-04	8.09E-04	2.40E-05
T[T>C]A	1.86E-04	5.57E-05	6.69E-04	2.06E-04	1.76E-04	3.43E-04	3.19E-04	3.25E-04	3.49E-04	5.19E-05
T[T>C]C	2.21E-04	1.27E-04	5.59E-04	1.83E-04	3.76E-04	4.51E-04	6.12E-04	3.30E-04	1.14E-03	6.08E-05
T[T>C]G	2.97E-04	1.09E-04	9.30E-04	2.33E-04	2.13E-05	5.35E-04	5.39E-04	1.70E-04	1.00E-03	3.13E-05
T[T>C]T	6.56E-04	1.12E-04	1.80E-03	1.89E-04	0.00E+00	1.12E-03	3.61E-04	5.03E-04	1.11E-03	0.00E+00
T[T>G]A	6.02E-04	0.00E+00	0.00E+00	4.22E-06	0.00E+00	0.00E+00	3.66E-05	1.74E-04	2.30E-04	5.09E-06
T[T>G]C	5.80E-04	0.00E+00	1.90E-03	0.00E+00	2.95E-04	3.28E-04	1.04E-04	5.16E-04	1.06E-03	4.86E-05
T[T>G]G	1.49E-04	5.05E-05	9.11E-05	5.46E-05	0.00E+00	1.72E-05	9.50E-05	2.63E-04	6.09E-04	6.19E-05
T[T>G]T	6.18E-03	1.68E-05	1.71E-03	0.00E+00	2.59E-04	5.67E-04	1.20E-04	1.94E-03	7.85E-03	0.00E+00
