MutationsType	SBS96A	SBS96B	SBS96C	SBS96D	SBS96E	SBS96F	SBS96G	SBS96H
A[C>A]A	6.60E-04	3.61E-03	1.01E-03	4.32E-03	5.21E-03	3.64E-03	8.09E-03	3.90E-03
A[C>A]C	3.63E-04	1.46E-03	3.50E-04	2.14E-04	8.56E-04	4.01E-04	6.24E-04	5.52E-04
A[C>A]G	1.06E-04	6.59E-04	1.28E-04	6.53E-05	1.89E-04	1.94E-04	5.17E-04	8.30E-04
A[C>A]T	4.33E-04	1.09E-03	2.12E-04	7.00E-04	5.51E-04	5.08E-04	1.00E-03	2.71E-04
A[C>G]A	3.98E-04	6.68E-04	2.11E-04	1.26E-04	6.59E-04	6.06E-05	7.61E-04	8.73E-04
A[C>G]C	2.37E-04	9.06E-04	2.37E-04	1.19E-04	4.64E-04	8.10E-05	3.06E-04	3.61E-04
A[C>G]G	1.46E-04	1.29E-03	3.43E-04	2.70E-04	4.05E-04	4.67E-04	1.14E-03	2.02E-03
A[C>G]T	6.48E-04	1.42E-03	3.08E-04	3.60E-04	3.58E-04	6.17E-04	1.78E-03	2.06E-03
A[C>T]A	3.08E-03	4.50E-03	1.16E-03	2.15E-03	2.29E-03	4.27E-03	3.87E-03	5.76E-03
A[C>T]C	6.84E-04	1.11E-03	2.87E-04	2.33E-03	2.22E-03	2.24E-03	1.50E-03	1.57E-03
A[C>T]G	2.09E-03	2.60E-03	6.69E-04	1.98E-03	1.37E-03	1.12E-03	1.26E-03	2.27E-03
A[C>T]T	1.13E-03	1.48E-03	3.81E-04	1.63E-03	1.21E-03	6.18E-04	1.46E-03	2.18E-03
A[T>A]A	1.82E-04	9.58E-04	2.67E-04	1.59E-04	3.66E-04	1.39E-04	5.65E-04	4.04E-04
A[T>A]C	1.78E-04	6.30E-04	1.63E-04	1.26E-04	1.96E-04	9.97E-05	3.08E-04	1.56E-04
A[T>A]G	1.44E-04	5.61E-04	1.44E-04	1.74E-04	4.79E-04	8.59E-05	1.66E-04	2.73E-04
A[T>A]T	6.16E-04	1.14E-03	2.66E-04	1.71E-03	1.81E-04	3.70E-04	8.20E-04	5.87E-04
A[T>C]A	3.05E-03	2.25E-03	1.12E-03	2.25E-03	1.72E-03	9.69E-04	3.59E-03	4.87E-03
A[T>C]C	6.00E-04	6.62E-04	3.59E-04	9.48E-04	9.20E-06	2.48E-04	1.63E-04	3.92E-04
A[T>C]G	1.68E-03	2.33E-03	1.01E-03	3.16E-03	3.88E-05	4.16E-04	1.01E-03	2.05E-03
A[T>C]T	1.06E-03	8.90E-04	4.10E-04	4.81E-04	1.16E-03	4.94E-04	1.43E-03	1.68E-03
A[T>G]A	3.98E-05	3.48E-04	9.91E-05	8.21E-05	7.95E-05	0.00E+00	4.14E-04	1.79E-04
A[T>G]C	9.20E-05	1.61E-04	5.03E-05	4.40E-05	0.00E+00	8.56E-05	1.42E-04	2.31E-04
A[T>G]G	1.93E-04	4.09E-04	1.64E-04	1.10E-04	1.25E-04	2.29E-04	3.45E-04	6.74E-04
A[T>G]T	2.84E-04	4.20E-04	9.17E-05	1.71E-04	4.16E-04	7.82E-05	6.07E-04	6.77E-04
C[C>A]A	5.40E-04	1.24E-03	4.83E-04	5.22E-04	3.43E-03	9.20E-04	2.40E-03	5.72E-04
C[C>A]C	1.43E-03	2.07E-03	5.33E-04	3.01E-03	3.78E-04	8.22E-04	7.01E-04	2.72E-03
C[C>A]G	3.24E-04	8.75E-04	2.05E-04	1.34E-04	6.92E-04	2.06E-04	5.34E-04	3.67E-04
C[C>A]T	6.34E-03	6.57E-03	2.39E-03	7.57E-03	1.74E-03	2.06E-03	1.19E-03	1.10E-02
C[C>G]A	3.19E-05	9.78E-04	3.78E-04	9.73E-05	5.10E-04	1.96E-04	7.97E-04	1.20E-03
C[C>G]C	4.33E-05	2.81E-04	7.76E-05	4.75E-04	3.29E-04	3.01E-04	3.87E-04	2.74E-04
C[C>G]G	7.87E-05	4.66E-04	1.11E-04	2.55E-05	4.94E-05	1.55E-04	4.47E-04	6.82E-04
C[C>G]T	1.07E-04	8.24E-04	2.92E-04	1.17E-04	4.44E-04	2.52E-04	6.06E-04	1.10E-03
C[C>T]A	1.33E-03	1.01E-03	5.10E-04	4.41E-03	2.80E-03	3.72E-03	3.49E-03	4.68E-04
C[C>T]C	8.70E-04	8.26E-04	3.25E-04	2.12E-03	1.38E-03	2.34E-03	1.68E-03	8.15E-04
C[C>T]G	1.63E-03	1.81E-03	5.24E-04	1.73E-03	4.36E-04	7.96E-04	9.75E-04	1.89E-03
C[C>T]T	7.89E-04	8.29E-04	4.68E-04	1.63E-03	2.10E-03	1.58E-03	1.42E-03	9.07E-04
C[T>A]A	1.09E-04	8.68E-04	3.00E-04	7.12E-05	5.75E-04	1.96E-04	5.38E-04	9.20E-04
C[T>A]C	2.73E-04	6.05E-04	1.90E-04	1.25E-04	3.93E-04	2.81E-110	4.03E-04	3.96E-04
C[T>A]G	1.84E-04	7.17E-04	2.73E-04	2.16E-04	3.06E-04	1.94E-04	6.11E-04	1.01E-03
C[T>A]T	2.40E-04	5.43E-04	1.86E-04	1.93E-04	2.80E-04	1.51E-04	6.54E-04	7.81E-04
C[T>C]A	8.64E-04	1.21E-03	5.39E-04	1.62E-03	6.38E-04	1.47E-04	6.85E-04	8.79E-04
C[T>C]C	7.83E-04	1.04E-03	5.57E-04	9.92E-04	4.48E-05	3.27E-05	2.01E-04	1.08E-03
C[T>C]G	1.92E-03	2.23E-03	1.60E-03	2.94E-03	3.36E-04	0.00E+00	7.34E-04	4.69E-03
C[T>C]T	7.23E-04	5.49E-04	3.16E-04	1.27E-03	2.22E-05	5.27E-04	8.70E-04	6.62E-04
C[T>G]A	8.38E-05	1.12E-04	2.34E-05	4.23E-05	0.00E+00	3.21E-05	1.54E-04	1.10E-04
C[T>G]C	2.96E-04	2.12E-04	6.58E-05	2.55E-04	1.24E-04	9.68E-06	1.32E-04	2.72E-04
C[T>G]G	3.90E-04	3.45E-04	1.78E-04	2.79E-04	2.97E-04	9.60E-05	4.31E-04	3.06E-04
C[T>G]T	1.68E-04	4.05E-04	1.21E-04	4.24E-04	5.59E-05	1.31E-04	3.88E-04	4.78E-04
G[C>A]A	2.15E-03	4.84E-03	1.57E-03	7.48E-03	1.78E-02	1.15E-02	2.60E-02	3.82E-03
G[C>A]C	3.73E-04	1.28E-03	2.62E-04	1.79E-04	4.98E-04	6.65E-04	7.52E-04	1.82E-04
G[C>A]G	2.85E-04	4.93E-04	6.32E-05	3.47E-04	3.11E-04	3.36E-04	5.39E-04	5.92E-04
G[C>A]T	1.36E-03	2.21E-03	5.76E-04	2.72E-03	4.66E-03	2.46E-03	6.40E-03	7.93E-04
G[C>G]A	1.27E-04	7.07E-04	2.05E-04	3.64E-04	6.60E-04	1.06E-04	7.70E-04	1.02E-03
G[C>G]C	2.50E-04	2.76E-04	1.18E-04	8.53E-05	2.68E-04	8.79E-05	2.80E-04	3.62E-04
G[C>G]G	1.76E-05	4.46E-04	7.17E-05	2.41E-05	0.00E+00	1.65E-04	3.84E-04	5.56E-04
G[C>G]T	2.88E-04	8.92E-04	2.40E-04	1.83E-04	4.04E-04	3.02E-04	1.03E-03	1.44E-03
G[C>T]A	4.31E-03	5.74E-03	9.25E-04	3.85E-03	1.36E-03	1.97E-03	1.84E-03	7.85E-03
G[C>T]C	3.56E-03	3.91E-03	1.41E-03	2.55E-03	9.43E-04	3.40E-04	6.33E-04	6.61E-03
G[C>T]G	1.90E-03	3.24E-03	8.47E-04	3.76E-03	7.37E-04	1.59E-03	1.75E-03	4.11E-03
G[C>T]T	2.78E-03	3.81E-03	1.22E-03	3.49E-03	1.39E-03	9.47E-04	1.79E-03	5.25E-03
G[T>A]A	5.59E-05	8.07E-04	1.90E-04	1.21E-04	2.17E-04	1.16E-05	2.15E-04	4.27E-04
G[T>A]C	1.25E-04	5.75E-04	1.68E-04	4.76E-05	3.20E-04	7.71E-05	2.38E-04	1.76E-04
G[T>A]G	1.11E-04	5.34E-04	1.73E-04	1.07E-04	4.41E-04	1.24E-05	3.12E-04	5.35E-04
G[T>A]T	3.24E-04	4.42E-04	1.13E-04	1.49E-04	1.15E-04	1.87E-04	6.51E-04	7.28E-04
G[T>C]A	7.16E-04	1.04E-03	5.38E-04	1.06E-03	1.82E-04	2.16E-04	9.36E-05	9.27E-04
G[T>C]C	5.59E-04	4.94E-04	2.60E-04	5.17E-04	9.57E-05	0.00E+00	6.73E-05	6.66E-04
G[T>C]G	6.87E-04	1.47E-03	4.79E-04	1.75E-03	1.65E-05	4.68E-04	2.58E-04	1.54E-03
G[T>C]T	5.41E-04	5.39E-04	2.49E-04	5.86E-04	1.12E-16	2.97E-04	5.01E-04	6.10E-04
G[T>G]A	2.22E-05	3.26E-04	7.72E-05	3.65E-05	8.96E-05	3.78E-05	1.73E-04	4.28E-05
G[T>G]C	5.09E-05	1.77E-04	5.70E-05	2.63E-04	6.68E-05	2.24E-04	3.72E-04	1.00E-04
G[T>G]G	6.72E-05	5.55E-04	2.06E-04	1.03E-04	1.67E-04	2.36E-04	5.12E-04	9.23E-04
G[T>G]T	1.75E-04	2.06E-04	9.46E-05	1.52E-04	1.20E-04	1.37E-04	2.66E-04	4.18E-04
T[C>A]A	8.71E-04	3.10E-03	8.16E-04	4.07E-03	2.80E-03	1.96E-03	3.23E-03	3.07E-03
T[C>A]C	8.93E-04	2.01E-03	3.67E-04	6.90E-04	1.32E-03	5.73E-04	1.26E-03	2.61E-03
T[C>A]G	2.78E-04	4.00E-04	5.87E-05	8.32E-05	6.04E-04	4.04E-04	4.12E-04	5.32E-04
T[C>A]T	3.60E-03	3.86E-03	9.18E-04	7.36E-03	7.61E-03	3.95E-03	7.81E-03	2.15E-03
T[C>G]A	1.04E-04	1.17E-03	4.10E-04	6.38E-04	6.62E-04	3.72E-04	1.16E-03	1.92E-03
T[C>G]C	9.56E-05	5.53E-04	1.48E-04	2.33E-04	3.31E-04	1.40E-04	5.75E-04	7.41E-04
T[C>G]G	1.59E-05	4.54E-04	1.75E-04	7.74E-05	1.04E-04	8.46E-05	3.30E-04	4.65E-04
T[C>G]T	3.48E-04	1.60E-03	3.85E-04	3.94E-04	7.25E-04	5.24E-04	1.97E-03	2.37E-03
T[C>T]A	1.30E-03	8.62E-04	6.09E-04	4.76E-03	3.05E-03	3.63E-03	2.54E-03	8.10E-04
T[C>T]C	9.01E-04	3.68E-04	3.24E-04	2.27E-03	1.89E-03	1.94E-03	1.62E-03	6.03E-04
T[C>T]G	8.25E-04	1.02E-03	2.82E-04	5.64E-04	2.53E-04	3.57E-04	4.45E-04	7.48E-04
T[C>T]T	1.02E-03	6.30E-04	5.22E-04	2.85E-03	2.78E-03	2.29E-03	1.69E-03	1.23E-03
T[T>A]A	5.21E-04	1.24E-03	3.63E-04	2.30E-04	7.20E-04	3.62E-04	1.30E-03	1.67E-03
T[T>A]C	8.62E-05	1.20E-03	4.27E-04	2.68E-04	7.18E-04	2.27E-04	8.42E-04	1.44E-03
T[T>A]G	1.12E-04	1.05E-03	3.08E-04	2.64E-04	7.65E-04	1.25E-04	4.22E-04	7.41E-04
T[T>A]T	6.00E-04	1.80E-03	4.72E-04	2.73E-04	8.13E-04	5.02E-04	2.26E-03	2.75E-03
T[T>C]A	1.93E-03	1.95E-03	6.24E-04	3.32E-04	1.31E-03	4.35E-04	2.60E-03	2.49E-03
T[T>C]C	6.69E-04	8.21E-04	5.24E-04	7.76E-04	2.54E-04	2.59E-04	5.60E-05	8.23E-04
T[T>C]G	1.34E-03	1.30E-03	6.18E-04	1.81E-03	2.48E-04	2.99E-04	6.17E-04	2.16E-03
T[T>C]T	7.79E-04	6.22E-04	3.30E-04	2.34E-04	8.11E-04	4.67E-04	8.71E-04	4.27E-04
T[T>G]A	2.80E-05	4.10E-04	9.54E-05	1.90E-04	1.99E-04	1.31E-04	3.38E-04	3.20E-04
T[T>G]C	1.22E-04	2.15E-04	7.98E-05	3.80E-05	0.00E+00	6.69E-05	2.09E-04	1.65E-04
T[T>G]G	1.74E-04	2.85E-04	1.02E-04	6.92E-05	2.54E-04	9.01E-05	2.45E-04	1.77E-04
T[T>G]T	4.18E-04	7.69E-04	2.16E-04	5.31E-04	6.64E-04	3.37E-04	1.10E-03	1.17E-03
