MutationsType	SBS96A	SBS96B	SBS96C	SBS96D	SBS96E	SBS96F	SBS96G	SBS96H
A[C>A]A	0.00222531	0.01946545	0.00714012	0.03812652	0.13966658	0.05341942	0.07207612	0.01129215
A[C>A]C	0.00164853	0.01212529	0.00421812	0.00277760	0.00869914	0.00348811	0.00451853	0.00370738
A[C>A]G	0.00025035	0.00631989	0.00105124	0.00104362	0.00556551	0.00100383	0.00497086	0.00232314
A[C>A]T	0.00739927	0.01403753	0.00800906	0.01438403	0.02637417	0.01883214	0.02158018	0.00903889
A[C>G]A	0.00142568	0.00931042	0.00286737	0.00333021	0.00197183	0.00008372	0.00303680	0.00404752
A[C>G]C	0.00088022	0.00700744	0.00295066	0.00211875	0.00098098	0.00498365	0.00128349	0.00176034
A[C>G]G	0.00024746	0.00915983	0.00119646	0.00244981	0.00082187	0.00204355	0.00157637	0.00434125
A[C>G]T	0.00239849	0.01248543	0.00591477	0.00093980	0.00096941	0.00194951	0.00448862	0.00866959
A[C>T]A	0.07301701	0.02419228	0.00940300	0.07782997	0.00757894	0.05653145	0.01724914	0.05399430
A[C>T]C	0.01935140	0.00961383	0.01033211	0.03812337	0.00759614	0.00542847	0.00662451	0.01649979
A[C>T]G	0.03402736	0.01133580	0.01303897	0.01293626	0.00420643	0.06504005	0.00542584	0.02319896
A[C>T]T	0.03195702	0.01728188	0.00877687	0.01538341	0.00342953	0.00829305	0.00577279	0.02371072
A[T>A]A	0.00049397	0.00741670	0.00395739	0.00163202	0.00220372	0.00478533	0.00356358	0.00155125
A[T>A]C	0.00090578	0.00467551	0.00229128	0.00133917	0.00034707	0.00190979	0.00137030	0.00137717
A[T>A]G	0.00037636	0.00466440	0.00093689	0.00314151	0.00268483	0.00199771	0.00026076	0.00123290
A[T>A]T	0.01687088	0.00959723	0.02175631	0.00336756	0.00059363	0.00191494	0.00475251	0.01452486
A[T>C]A	0.01491389	0.04395088	0.05976669	0.00585751	0.00350701	0.00127925	0.00675718	0.03166695
A[T>C]C	0.00906111	0.00646705	0.02646144	0.00094799	0.00000979	0.00138922	0.00023314	0.00912385
A[T>C]G	0.02911076	0.01670692	0.06942395	0.00366055	0.00003877	0.00224929	0.00422352	0.02765218
A[T>C]T	0.00495084	0.01667574	0.01789589	0.01168841	0.00240338	0.00516401	0.00404972	0.01188689
A[T>G]A	0.00008374	0.00254252	0.00036481	0.00009616	0.00009958	0.00000000	0.00545560	0.00046912
A[T>G]C	0.00025581	0.00165998	0.00195765	0.00004396	0.00000000	0.00115064	0.00116705	0.00099031
A[T>G]G	0.00048478	0.00501856	0.00208146	0.00012737	0.00021091	0.00209146	0.00034611	0.00220763
A[T>G]T	0.00105466	0.00521671	0.00410374	0.00310315	0.00236815	0.00007854	0.00197794	0.00346189
C[C>A]A	0.02015317	0.01529816	0.01093546	0.01883670	0.03089522	0.02807569	0.04822881	0.01964480
C[C>A]C	0.03362796	0.01190268	0.01754346	0.00449233	0.00091050	0.00535806	0.00243882	0.02310677
C[C>A]G	0.00402516	0.00724405	0.00777511	0.00589245	0.00426049	0.00150185	0.00370560	0.00456450
C[C>A]T	0.10996594	0.01890657	0.02859480	0.01419567	0.01008850	0.01028277	0.01440252	0.07216005
C[C>G]A	0.00005492	0.00978446	0.00111997	0.00192892	0.00086829	0.00098049	0.00241109	0.00279000
C[C>G]C	0.00005606	0.00273164	0.00007765	0.00447014	0.00032916	0.00030143	0.00217306	0.00082014
C[C>G]G	0.00015134	0.00369745	0.00098289	0.00004179	0.00004939	0.00300096	0.00214016	0.00159813
C[C>G]T	0.00024489	0.00853651	0.00070886	0.00083716	0.00088809	0.00209440	0.00135033	0.00263106
C[C>T]A	0.00740348	0.01859172	0.00650722	0.05182891	0.01241595	0.02635434	0.02609867	0.01177131
C[C>T]C	0.01220215	0.00886862	0.00823772	0.03339893	0.00286488	0.01749462	0.00765814	0.01054967
C[C>T]G	0.02256868	0.00866901	0.00752775	0.00738909	0.00043572	0.04984005	0.00655878	0.01361766
C[C>T]T	0.01179692	0.01673725	0.00847576	0.02968338	0.00560474	0.01423861	0.00559608	0.01248609
C[T>A]A	0.00030516	0.00844900	0.00155520	0.00168343	0.00145763	0.00195342	0.00133385	0.00239781
C[T>A]C	0.00138572	0.00680716	0.00354552	0.00187022	0.00066893	0.00000000	0.00128316	0.00300507
C[T>A]G	0.00051502	0.00833419	0.00275090	0.00021585	0.00055760	0.00090082	0.00160654	0.00297422
C[T>A]T	0.00061182	0.00615190	0.00245888	0.00279329	0.00036253	0.00288299	0.00330901	0.00291481
C[T>C]A	0.01703159	0.01544746	0.03754133	0.00418019	0.00142527	0.00047289	0.00360614	0.01706741
C[T>C]C	0.01130274	0.00742808	0.02842675	0.00099211	0.00004479	0.00003271	0.00060780	0.01095535
C[T>C]G	0.03573182	0.00845784	0.07029068	0.00294329	0.00094071	0.00000000	0.00318290	0.02711574
C[T>C]T	0.01062790	0.01280907	0.02611295	0.00129558	0.00002220	0.00387637	0.00368043	0.01313759
C[T>G]A	0.00075176	0.00141519	0.00077646	0.00096284	0.00000000	0.00231068	0.00190863	0.00109502
C[T>G]C	0.00324707	0.00273141	0.00566466	0.00186813	0.00012418	0.00000968	0.00033383	0.00305480
C[T>G]G	0.00282680	0.00669584	0.00929896	0.00190605	0.00041534	0.00061478	0.00154542	0.00454052
C[T>G]T	0.00597639	0.00404447	0.00887192	0.00274598	0.00005594	0.00261255	0.00225487	0.00493327
G[C>A]A	0.00496483	0.02869185	0.00545715	0.06135234	0.36629787	0.09745903	0.20954100	0.01376725
G[C>A]C	0.00356770	0.01075282	0.00693748	0.00449576	0.01600295	0.00997896	0.01184178	0.00476502
G[C>A]G	0.00086603	0.00412263	0.00106686	0.00332011	0.01074510	0.00295014	0.00732405	0.00288417
G[C>A]T	0.01386781	0.02104463	0.00890173	0.03439522	0.09546981	0.06115300	0.06745515	0.01663006
G[C>G]A	0.00028720	0.00740185	0.00192448	0.00441770	0.00398542	0.00011760	0.00304076	0.00287255
G[C>G]C	0.00124100	0.00457618	0.00370493	0.00145927	0.00121176	0.00314388	0.00104369	0.00247854
G[C>G]G	0.00002909	0.00210787	0.00025211	0.00002871	0.00000000	0.00127258	0.00106502	0.00120699
G[C>G]T	0.00080430	0.00936047	0.00433064	0.00360822	0.00040447	0.00120929	0.00362412	0.00458661
G[C>T]A	0.08640207	0.02184363	0.00699729	0.04177258	0.00222387	0.02426426	0.00517025	0.05547614
G[C>T]C	0.05971966	0.01019520	0.01854238	0.02501394	0.00162816	0.00141682	0.00216232	0.03934080
G[C>T]G	0.04395619	0.00914587	0.02836421	0.00649441	0.00414990	0.03506782	0.01106828	0.02706925
G[C>T]T	0.06123498	0.01931095	0.01061243	0.02249302	0.00202583	0.00341811	0.00193466	0.04130590
G[T>A]A	0.00010858	0.00456406	0.00140087	0.00012114	0.00038375	0.00001158	0.00029515	0.00109246
G[T>A]C	0.00041677	0.00442862	0.00269633	0.00110165	0.00086985	0.00079192	0.00107256	0.00127415
G[T>A]G	0.00029868	0.00551756	0.00107654	0.00213846	0.00077495	0.00001240	0.00035526	0.00180588
G[T>A]T	0.00147222	0.00537999	0.00298559	0.00141866	0.00011484	0.00086310	0.00243900	0.00359107
G[T>C]A	0.01153588	0.00778952	0.03409414	0.00267026	0.00018158	0.00099743	0.00009355	0.01181188
G[T>C]C	0.00668874	0.00299493	0.01566889	0.00064123	0.00104510	0.00000000	0.00019459	0.00613814
G[T>C]G	0.01886287	0.00510176	0.02510410	0.00197634	0.00001654	0.00340050	0.00031238	0.01427713
G[T>C]T	0.00505379	0.00664727	0.01782588	0.00071339	0.00000000	0.00236486	0.00180007	0.00760937
G[T>G]A	0.00004167	0.00156347	0.00024719	0.00003654	0.00076196	0.00003780	0.00136940	0.00009422
G[T>G]C	0.00007454	0.00110998	0.00042596	0.00242087	0.00011231	0.00022438	0.00354425	0.00038223
G[T>G]G	0.00010106	0.00507310	0.00100085	0.00067085	0.00026603	0.00133862	0.00088789	0.00199464
G[T>G]T	0.00053113	0.00343902	0.00321239	0.00243879	0.00016883	0.00225139	0.00070957	0.00198779
T[C>A]A	0.00234127	0.02643295	0.00630117	0.04092642	0.04677242	0.05165944	0.06861878	0.01033934
T[C>A]C	0.00267356	0.01928525	0.00544659	0.01151823	0.01010420	0.02617389	0.02895018	0.01042132
T[C>A]G	0.00095950	0.00391863	0.00147088	0.00055150	0.00595348	0.00884727	0.00603778	0.00249047
T[C>A]T	0.01791195	0.03533914	0.01998318	0.08195108	0.07958880	0.12927049	0.12923155	0.02920295
T[C>G]A	0.00025719	0.01131383	0.00164185	0.00628299	0.00086964	0.00113021	0.00214781	0.00449619
T[C>G]C	0.00022967	0.00518214	0.00189909	0.00280417	0.00047251	0.00020935	0.00372664	0.00212742
T[C>G]G	0.00001628	0.00363777	0.00056026	0.00094717	0.00017815	0.00237926	0.00127168	0.00104409
T[C>G]T	0.00094160	0.01427842	0.00257257	0.00591880	0.00221087	0.00271006	0.00796623	0.00657316
T[C>T]A	0.00725964	0.01907145	0.00526882	0.05468698	0.01068504	0.02722579	0.01144032	0.01217189
T[C>T]C	0.00799490	0.01292659	0.00554982	0.03139039	0.00811238	0.00977334	0.00769233	0.01064113
T[C>T]G	0.01031263	0.00767095	0.00260187	0.00545103	0.00084749	0.02435339	0.01103665	0.00961876
T[C>T]T	0.00825404	0.01565825	0.00686729	0.03782623	0.00673034	0.00635269	0.00337676	0.01220272
T[T>A]A	0.00147049	0.01531598	0.00892390	0.00315805	0.00417902	0.00367412	0.00568559	0.00679205
T[T>A]C	0.00016619	0.01210799	0.00161028	0.00148177	0.00153320	0.00073687	0.00119170	0.00345544
T[T>A]G	0.00031410	0.00882261	0.00110497	0.00398803	0.00360009	0.00343876	0.00113912	0.00209003
T[T>A]T	0.00174453	0.01880669	0.00671633	0.00574774	0.00101717	0.00383494	0.00970190	0.00885747
T[T>C]A	0.00960264	0.02512639	0.03667671	0.00999413	0.00213457	0.00072770	0.01249148	0.02123152
T[T>C]C	0.00938222	0.00564725	0.03075508	0.00196362	0.00060466	0.00183009	0.00005603	0.00969369
T[T>C]G	0.01753792	0.00729861	0.03171504	0.00193068	0.00105499	0.00160732	0.00404460	0.01375166
T[T>C]T	0.01002031	0.01374280	0.02880153	0.01194843	0.00141819	0.00887554	0.00364415	0.01254696
T[T>G]A	0.00003908	0.00353979	0.00009541	0.00233478	0.00088740	0.00241464	0.00330822	0.00071592
T[T>G]C	0.00030312	0.00248881	0.00189536	0.00095513	0.00000000	0.00229501	0.00193634	0.00099784
T[T>G]G	0.00093437	0.00361216	0.00275834	0.00237324	0.00076161	0.00213652	0.00101845	0.00160661
T[T>G]T	0.00125087	0.00994531	0.00427612	0.00776883	0.00342947	0.00430053	0.00576563	0.00482829
