Mutation Types	train1_EXO1_real	train1_OGG1_real	train1_RNF168_real	train1_UNG_real	train1_ATP2B4_real	train1_ATP2B4_real.1	train1_MLH1_real	train1_MSH2_real	train1_MSH6_real	train1_MSH6_real.1	train1_PMS1_real	train1_PMS2_real	train2_OGG1_real	train2_RNF168_real	train2_UNG_real	train2_ATP2B4_real	train2_ATP2B4_real.1	train2_MLH1_real	train2_MSH6_real	train2_MSH6_real.1	train2_PMS1_real	train2_PMS2_real	train3_EXO1_real	train3_OGG1_real	train3_RNF168_real	train3_UNG_real	train3_ATP2B4_real	train3_ATP2B4_real.1	train3_MLH1_real	train3_MSH2_real	train3_MSH6_real	train3_MSH6_real.1	train3_MSH6_real.2	train3_PMS1_real	train3_PMS2_real
A[C>A]A	0.0237442922374429	0.1313364055299539	0.044280442804428	0.0445344129554655	0.076595744680851	0.0486725663716814	0.0041322314049586	0.0110169491525423	0.0067618332081141	0.0034071550255536	0.0360110803324099	0.0129629629629629	0.1339491916859122	0.025735294117647	0.0429799426934097	0.0642458100558659	0.0878378378378378	0.0055463117027176	0.0071073205401563	0.0071530758226037	0.075268817204301	0.0082815734989648	0.0165615141955835	0.1152993348115299	0.0270967741935483	0.0362537764350453	0.0684931506849315	0.0300751879699248	0.0051399200456881	0.0068694798822374	0.0072057646116893	0.0032760032760032	0.0063338301043219	0.0503355704697986	0.015625
A[C>A]C	0.0173515981735159	0.0092165898617511	0.003690036900369	1e-30	0.0042553191489361	0.0044247787610619	0.0020661157024793	0.0021186440677966	0.0030052592036063	0.0056785917092561	0.002770083102493	0.0030864197530864	0.0080831408775981	0.0036764705882352	0.0028653295128939	0.0139664804469273	0.0067567567567567	0.0038824181919023	0.0028429282160625	0.0019074868860276	0.003584229390681	0.0048309178743961	0.0149842271293375	0.0044345898004434	0.0103225806451612	0.0060422960725075	1e-30	1e-30	0.0039977155910908	0.0014720314033366	0.0028022417934347	0.0024570024570024	0.0033532041728763	0.0067114093959731	0.0030048076923076
A[C>A]G	0.0082191780821917	0.0046082949308755	0.011070110701107	0.0040485829959514	1e-30	1e-30	0.0010330578512396	0.0004237288135593	0.0015026296018031	1e-30	1e-30	0.0006172839506172	0.0023094688221709	0.0036764705882352	1e-30	0.0083798882681564	1e-30	1e-30	0.0021321961620469	0.0004768717215069	0.003584229390681	0.0006901311249137	0.0047318611987381	0.0088691796008869	0.0051612903225806	1e-30	0.0068493150684931	0.0075187969924812	0.001713306681896	0.000981354268891	0.0012009607686148	0.0008190008190008	0.0007451564828614	1e-30	0.0018028846153846
A[C>A]T	0.0191780821917808	0.0276497695852534	0.014760147601476	0.0080971659919028	0.025531914893617	0.0132743362831858	0.0082644628099173	0.0110169491525423	0.0086401202103681	0.0062464508801817	0.0166204986149584	0.0104938271604938	0.0254041570438799	0.0036764705882352	0.0114613180515759	0.0195530726256983	0.0101351351351351	0.0077648363838047	0.013503909026297	0.0076299475441106	0.017921146953405	0.0055210489993098	0.0141955835962145	0.0221729490022172	0.0129032258064516	0.0241691842900302	0.047945205479452	0.0075187969924812	0.0091376356367789	0.0078508341511285	0.0088070456365092	0.0118755118755118	0.0070789865871833	0.023489932885906	0.0096153846153846
A[C>G]A	0.0091324200913242	0.0023041474654377	0.011070110701107	0.0040485829959514	1e-30	1e-30	0.0020661157024793	0.0021186440677966	0.0007513148009015	0.0017035775127768	1e-30	0.0030864197530864	0.0034642032332563	0.0036764705882352	0.0028653295128939	0.0083798882681564	0.0067567567567567	0.0049916805324459	0.0014214641080312	0.0042918454935622	1e-30	0.0020703933747412	0.0102523659305993	1e-30	0.0090322580645161	0.0030211480362537	1e-30	1e-30	0.0034266133637921	0.0019627085377821	0.0028022417934347	0.0016380016380016	0.0018628912071535	1e-30	0.0024038461538461
A[C>G]C	0.0136986301369863	1e-30	0.003690036900369	1e-30	0.0085106382978723	1e-30	0.0005165289256198	0.0012711864406779	0.0011269722013523	0.0011357183418512	0.002770083102493	0.0030864197530864	0.0023094688221709	0.0036764705882352	0.0028653295128939	1e-30	0.0033783783783783	0.0033277870216306	0.0014214641080312	0.0009537434430138	0.007168458781362	0.0034506556245686	0.0055205047318611	1e-30	0.0012903225806451	0.0030211480362537	1e-30	1e-30	0.0022844089091947	0.000981354268891	0.0008006405124099	0.0012285012285012	0.0011177347242921	0.0033557046979865	0.001201923076923
A[C>G]G	0.0063926940639269	0.0023041474654377	0.018450184501845	0.0080971659919028	1e-30	1e-30	1e-30	0.0008474576271186	0.0003756574004507	0.0005678591709256	1e-30	0.0012345679012345	1e-30	0.0183823529411764	1e-30	0.0055865921787709	1e-30	0.002218524681087	0.0007107320540156	0.0004768717215069	0.003584229390681	1e-30	0.0070977917981072	1e-30	0.0038709677419354	1e-30	1e-30	1e-30	1e-30	1e-30	0.0004003202562049	1e-30	1e-30	0.0033557046979865	0.001201923076923
A[C>G]T	0.0127853881278538	0.0023041474654377	0.014760147601476	1e-30	0.0042553191489361	1e-30	0.003099173553719	0.0042372881355932	0.0041322314049586	0.0056785917092561	1e-30	0.0055555555555555	0.0034642032332563	0.0183823529411764	1e-30	1e-30	0.0033783783783783	0.0061009428729894	0.0078180525941719	0.0038149737720553	0.007168458781362	0.0034506556245686	0.0063091482649842	1e-30	0.0180645161290322	0.0030211480362537	0.0068493150684931	1e-30	0.0034266133637921	0.0034347399411187	0.0028022417934347	0.004095004095004	0.0063338301043219	1e-30	0.0066105769230769
A[C>T]A	0.0173515981735159	0.0138248847926267	0.025830258302583	0.068825910931174	0.0297872340425531	0.0353982300884955	0.0599173553719008	0.0665254237288135	0.0601051840721262	0.056785917092561	0.0470914127423822	0.0111111111111111	0.0080831408775981	0.025735294117647	0.0773638968481375	0.0223463687150838	0.0236486486486486	0.0537992235163616	0.0597014925373134	0.0605627086313781	0.039426523297491	0.0158730158730158	0.0197160883280757	0.0066518847006651	0.0283870967741935	0.0694864048338368	0.0410958904109589	0.0150375939849624	0.0679611650485436	0.0701668302257114	0.0568454763811048	0.0597870597870597	0.0622205663189269	0.0771812080536912	0.0096153846153846
A[C>T]C	0.0063926940639269	0.0069124423963133	0.003690036900369	0.048582995951417	0.0127659574468085	1e-30	0.0222107438016528	0.0207627118644067	0.0180315552216378	0.0187393526405451	0.0055401662049861	0.0104938271604938	0.0023094688221709	0.0147058823529411	0.0257879656160458	0.0027932960893854	0.0202702702702702	0.0138657792567942	0.0170575692963752	0.0224129709108249	0.003584229390681	0.0082815734989648	0.0102523659305993	0.0066518847006651	0.0090322580645161	0.0362537764350453	0.0068493150684931	0.0225563909774436	0.0165619645916619	0.0176643768400392	0.0156124899919935	0.0196560196560196	0.0212369597615499	0.0100671140939597	0.0126201923076923
A[C>T]G	0.0127853881278538	0.0161290322580645	0.003690036900369	0.0080971659919028	0.0042553191489361	0.0221238938053097	0.03099173553719	0.0288135593220339	0.0277986476333583	0.0198750709823963	0.077562326869806	0.0123456790123456	0.0034642032332563	0.025735294117647	0.0171919770773638	0.0083798882681564	0.0033783783783783	0.031059345535219	0.0220326936744847	0.0262279446828803	0.057347670250896	0.0096618357487922	0.0094637223974763	0.0022172949002217	0.0103225806451612	0.0181268882175226	0.0068493150684931	0.0075187969924812	0.0285551113649343	0.0318940137389597	0.0296236989591673	0.0278460278460278	0.0230998509687034	0.0402684563758389	0.0192307692307692
A[C>T]T	0.0182648401826484	1e-30	0.018450184501845	0.0121457489878542	0.0127659574468085	0.0044247787610619	0.0325413223140495	0.0271186440677966	0.031930879038317	0.0278250993753549	0.0138504155124653	0.0080246913580246	0.0069284064665127	0.0110294117647058	0.0085959885386819	0.0055865921787709	0.0135135135135135	0.0260676650027731	0.0255863539445629	0.021936099189318	0.007168458781362	0.007591442374051	0.0173501577287066	0.0044345898004434	0.0103225806451612	0.0211480362537764	1e-30	0.0150375939849624	0.0274129069103369	0.0304219823356231	0.0232185748598879	0.0294840294840294	0.0219821162444113	0.0100671140939597	0.0102163461538461
A[T>A]A	0.0082191780821917	0.0023041474654377	1e-30	0.0040485829959514	0.0042553191489361	0.0044247787610619	0.0015495867768595	0.0004237288135593	0.0015026296018031	1e-30	1e-30	0.0030864197530864	1e-30	0.0036764705882352	1e-30	0.0027932960893854	0.0101351351351351	0.0005546311702717	0.0007107320540156	0.0019074868860276	0.007168458781362	0.0041407867494824	0.0118296529968454	0.0044345898004434	0.0077419354838709	1e-30	1e-30	1e-30	0.0028555111364934	0.000981354268891	0.0016012810248198	0.0012285012285012	1e-30	0.0067114093959731	0.0036057692307692
A[T>A]C	0.0073059360730593	1e-30	0.003690036900369	1e-30	0.0042553191489361	1e-30	0.0010330578512396	0.0004237288135593	0.0015026296018031	0.002839295854628	0.002770083102493	0.0006172839506172	1e-30	1e-30	0.0028653295128939	1e-30	0.0067567567567567	0.0033277870216306	0.0007107320540156	0.0004768717215069	1e-30	0.0034506556245686	0.0055205047318611	1e-30	0.0012903225806451	1e-30	1e-30	1e-30	0.0005711022272986	0.000981354268891	0.0020016012810248	0.0016380016380016	0.0018628912071535	0.0033557046979865	0.0018028846153846
A[T>A]G	0.0063926940639269	0.0046082949308755	0.003690036900369	0.0040485829959514	1e-30	1e-30	0.0010330578512396	0.0004237288135593	1e-30	0.0017035775127768	0.002770083102493	0.0018518518518518	0.0011547344110854	1e-30	0.0057306590257879	0.0027932960893854	1e-30	0.0011092623405435	1e-30	0.0009537434430138	0.003584229390681	1e-30	0.0055205047318611	1e-30	0.0038709677419354	1e-30	1e-30	1e-30	0.001713306681896	0.0004906771344455	0.0008006405124099	1e-30	0.0007451564828614	1e-30	0.0006009615384615
A[T>A]T	0.0073059360730593	1e-30	0.011070110701107	0.0040485829959514	1e-30	0.0088495575221238	0.018595041322314	0.0152542372881355	0.0101427498121713	0.0153321976149914	1e-30	0.0172839506172839	0.0034642032332563	0.0147058823529411	0.0028653295128939	0.0027932960893854	0.0101351351351351	0.0210759844703272	0.0191897654584221	0.0128755364806866	1e-30	0.0234644582470669	0.0070977917981072	0.0022172949002217	0.0116129032258064	0.0030211480362537	0.0068493150684931	1e-30	0.0171330668189605	0.014720314033366	0.0128102481985588	0.0114660114660114	0.0163934426229508	0.0100671140939597	0.0222355769230769
A[T>C]A	0.0374429223744292	0.0069124423963133	0.047970479704797	0.0080971659919028	0.0170212765957446	0.0088495575221238	0.0201446280991735	0.0199152542372881	0.019534184823441	0.0198750709823963	0.002770083102493	0.0450617283950617	0.0057736720554272	0.0588235294117647	0.0057306590257879	0.0027932960893854	0.0135135135135135	0.0327232390460343	0.0184790334044065	0.0233667143538388	1e-30	0.062111801242236	0.0417981072555205	0.0022172949002217	0.04	0.0090634441087613	1e-30	1e-30	0.0182752712735579	0.0260058881256133	0.0224179343474779	0.0241605241605241	0.0219821162444113	0.0033557046979865	0.0588942307692307
A[T>C]C	0.0045662100456621	1e-30	0.007380073800738	1e-30	0.0042553191489361	0.0044247787610619	0.0067148760330578	0.0114406779661016	0.0078888054094665	0.0085178875638841	0.002770083102493	0.019753086419753	0.0023094688221709	0.0073529411764705	1e-30	1e-30	1e-30	0.0122018857459789	0.0085287846481876	0.0114449213161659	0.003584229390681	0.0331262939958592	0.0086750788643533	1e-30	0.0038709677419354	1e-30	1e-30	1e-30	0.0085665334094802	0.0093228655544651	0.010808646917534	0.0098280098280098	0.0122950819672131	1e-30	0.0222355769230769
A[T>C]G	0.0136986301369863	0.0023041474654377	0.018450184501845	0.0040485829959514	0.0170212765957446	0.0132743362831858	0.0315082644628099	0.022457627118644	0.0308039068369646	0.0352072685973878	0.0110803324099723	0.0561728395061728	0.0034642032332563	0.0147058823529411	0.0028653295128939	0.0027932960893854	0.0067567567567567	0.031059345535219	0.036958066808813	0.0300429184549356	0.003584229390681	0.072463768115942	0.0149842271293375	1e-30	0.024516129032258	0.0060422960725075	1e-30	0.0075187969924812	0.0319817247287264	0.0240431795878312	0.0348278622898318	0.0323505323505323	0.0353949329359165	1e-30	0.0691105769230769
A[T>C]T	0.0155251141552511	1e-30	0.018450184501845	0.020242914979757	0.0085106382978723	0.0044247787610619	0.009297520661157	0.0097457627118644	0.0082644628099173	0.0096536059057353	0.0055401662049861	0.0141975308641975	0.0057736720554272	0.0183823529411764	0.0114613180515759	0.0027932960893854	1e-30	0.0033277870216306	0.0106609808102345	0.0076299475441106	0.003584229390681	0.0172532781228433	0.0157728706624605	0.0022172949002217	0.016774193548387	0.0030211480362537	1e-30	0.0150375939849624	0.0074243289548829	0.007360157016683	0.0096076861489191	0.0065520065520065	0.0100596125186289	0.0067114093959731	0.0174278846153846
A[T>G]A	0.0027397260273972	1e-30	1e-30	1e-30	1e-30	1e-30	0.0005165289256198	0.0004237288135593	1e-30	0.0011357183418512	1e-30	0.0012345679012345	1e-30	0.0036764705882352	1e-30	0.0055865921787709	0.0101351351351351	0.0005546311702717	0.0007107320540156	1e-30	1e-30	1e-30	0.0031545741324921	1e-30	0.0012903225806451	1e-30	0.0068493150684931	0.0075187969924812	1e-30	1e-30	0.0004003202562049	1e-30	1e-30	1e-30	1e-30
A[T>G]C	0.0009132420091324	1e-30	0.003690036900369	1e-30	1e-30	1e-30	1e-30	0.0008474576271186	0.0003756574004507	0.0005678591709256	1e-30	0.0030864197530864	1e-30	1e-30	1e-30	1e-30	1e-30	0.0005546311702717	0.0014214641080312	0.0004768717215069	0.003584229390681	0.0006901311249137	0.002365930599369	1e-30	0.0025806451612903	1e-30	1e-30	0.0075187969924812	0.0005711022272986	0.0004906771344455	1e-30	0.0004095004095004	0.0007451564828614	1e-30	0.0018028846153846
A[T>G]G	0.0063926940639269	1e-30	1e-30	1e-30	1e-30	1e-30	0.0015495867768595	0.0008474576271186	0.0011269722013523	0.002839295854628	0.002770083102493	0.0006172839506172	1e-30	0.0110294117647058	1e-30	1e-30	1e-30	0.0005546311702717	0.0014214641080312	0.0004768717215069	1e-30	0.0006901311249137	0.0047318611987381	1e-30	0.0038709677419354	1e-30	1e-30	1e-30	1e-30	0.0004906771344455	0.0004003202562049	0.0004095004095004	1e-30	0.0033557046979865	0.0036057692307692
A[T>G]T	0.0054794520547945	1e-30	0.007380073800738	0.0040485829959514	0.0042553191489361	1e-30	0.0020661157024793	0.0029661016949152	0.0026296018031555	0.0034071550255536	1e-30	0.0030864197530864	0.0011547344110854	0.0073529411764705	0.0057306590257879	0.0027932960893854	0.0033783783783783	0.0016638935108153	0.0042643923240938	0.0004768717215069	1e-30	0.0055210489993098	0.0039432176656151	0.0066518847006651	0.0038709677419354	1e-30	1e-30	1e-30	0.001713306681896	0.0004906771344455	0.0016012810248198	0.0024570024570024	0.0014903129657228	1e-30	0.0030048076923076
C[C>A]A	0.010958904109589	0.032258064516129	0.018450184501845	0.0283400809716599	0.0382978723404255	0.0530973451327433	0.0175619834710743	0.0152542372881355	0.0206611570247933	0.0215786484951731	0.0193905817174515	0.0104938271604938	0.0357967667436489	0.0220588235294117	0.0200573065902578	0.0418994413407821	0.0304054054054054	0.0232945091514143	0.0170575692963752	0.0214592274678111	0.039426523297491	0.0158730158730158	0.0141955835962145	0.0376940133037694	0.0219354838709677	0.0120845921450151	0.0342465753424657	0.0601503759398496	0.0194174757281553	0.0269872423945044	0.0244195356285028	0.0139230139230139	0.0178837555886736	0.023489932885906	0.0114182692307692
C[C>A]C	0.0100456621004566	0.0023041474654377	0.011070110701107	1e-30	0.0085106382978723	1e-30	0.0325413223140495	0.0275423728813559	0.0334335086401202	0.0249858035207268	0.002770083102493	0.0166666666666666	0.0023094688221709	0.0073529411764705	0.0028653295128939	0.0027932960893854	0.0033783783783783	0.0277315585135884	0.0142146410803127	0.0352885073915116	0.014336917562724	0.0165631469979296	0.0126182965299684	0.0022172949002217	0.0129032258064516	0.0090634441087613	1e-30	0.0150375939849624	0.0302684180468303	0.0255152109911678	0.0244195356285028	0.0286650286650286	0.0279433681073025	0.0067114093959731	0.016826923076923
C[C>A]G	0.010958904109589	1e-30	1e-30	0.0080971659919028	0.0085106382978723	0.0044247787610619	0.003099173553719	0.0050847457627118	0.0060105184072126	0.0062464508801817	0.0055401662049861	0.0092592592592592	0.0057736720554272	0.0036764705882352	0.0057306590257879	0.0055865921787709	1e-30	0.0055463117027176	0.0035536602700781	0.0061993323795898	1e-30	0.007591442374051	0.0086750788643533	0.0044345898004434	0.0051612903225806	0.0030211480362537	1e-30	0.0075187969924812	0.0039977155910908	0.0039254170755642	0.0056044835868694	0.0053235053235053	0.0070789865871833	1e-30	0.0048076923076923
C[C>A]T	0.0146118721461187	0.02073732718894	0.018450184501845	0.020242914979757	0.0170212765957446	0.0265486725663716	0.0852272727272727	0.0949152542372881	0.0867768595041322	0.0993753549119818	0.0166204986149584	0.0351851851851851	0.0092378752886836	0.0220588235294117	0.0143266475644699	0.0279329608938547	0.0101351351351351	0.0809761508596783	0.0888415067519545	0.089175011921793	0.017921146953405	0.0303657694962042	0.0102523659305993	0.0199556541019955	0.0116129032258064	0.0060422960725075	0.0068493150684931	0.0075187969924812	0.0793832095945174	0.099116781157998	0.0928742994395516	0.085995085995086	0.0942622950819672	0.0201342281879194	0.024639423076923
C[C>G]A	0.0082191780821917	1e-30	0.011070110701107	1e-30	0.0042553191489361	0.0044247787610619	0.0005165289256198	0.0004237288135593	0.0003756574004507	1e-30	0.002770083102493	1e-30	0.0011547344110854	0.0036764705882352	0.0028653295128939	0.0027932960893854	1e-30	1e-30	1e-30	0.0009537434430138	1e-30	0.0006901311249137	0.0134069400630914	1e-30	0.0116129032258064	0.0030211480362537	1e-30	1e-30	0.0005711022272986	1e-30	1e-30	0.0008190008190008	0.0003725782414307	1e-30	0.001201923076923
C[C>G]C	0.0036529680365296	1e-30	0.003690036900369	0.0040485829959514	1e-30	1e-30	0.0005165289256198	0.0008474576271186	1e-30	1e-30	1e-30	1e-30	1e-30	1e-30	0.0057306590257879	0.0027932960893854	0.0033783783783783	1e-30	0.0007107320540156	1e-30	1e-30	1e-30	0.002365930599369	1e-30	0.0038709677419354	0.0030211480362537	0.0068493150684931	1e-30	1e-30	1e-30	1e-30	1e-30	1e-30	1e-30	1e-30
C[C>G]G	0.0027397260273972	1e-30	0.007380073800738	1e-30	1e-30	0.0044247787610619	0.0005165289256198	1e-30	0.0003756574004507	1e-30	0.002770083102493	0.0006172839506172	0.0011547344110854	0.0036764705882352	1e-30	0.0027932960893854	0.0033783783783783	1e-30	0.0014214641080312	1e-30	1e-30	0.0020703933747412	0.0039432176656151	1e-30	0.0025806451612903	1e-30	1e-30	1e-30	1e-30	0.0004906771344455	0.0004003202562049	0.0008190008190008	1e-30	0.0067114093959731	1e-30
C[C>G]T	0.0091324200913242	1e-30	1e-30	1e-30	1e-30	1e-30	0.0005165289256198	1e-30	1e-30	0.0011357183418512	1e-30	0.0006172839506172	0.0023094688221709	0.0147058823529411	0.0028653295128939	0.0027932960893854	0.0033783783783783	1e-30	0.0014214641080312	0.0004768717215069	0.003584229390681	1e-30	0.0102523659305993	1e-30	0.0077419354838709	1e-30	1e-30	1e-30	0.0011422044545973	1e-30	0.0008006405124099	0.0004095004095004	0.0003725782414307	0.0033557046979865	0.0006009615384615
C[C>T]A	0.0191780821917808	0.0115207373271889	0.022140221402214	0.068825910931174	0.0170212765957446	0.0265486725663716	0.0139462809917355	0.0135593220338983	0.0097670924117205	0.0102214650766609	0.0221606648199446	0.0080246913580246	0.0069284064665127	0.0073529411764705	0.0315186246418338	0.0307262569832402	0.054054054054054	0.0133111480865224	0.0078180525941719	0.0128755364806866	0.028673835125448	0.0089717046238785	0.0205047318611987	0.0155210643015521	0.0141935483870967	0.0483383685800604	0.0205479452054794	0.0300751879699248	0.010850942318675	0.0107948969578017	0.0120096076861489	0.0143325143325143	0.0130402384500745	0.0134228187919463	0.0042067307692307
C[C>T]C	0.0073059360730593	0.0023041474654377	0.003690036900369	0.0242914979757085	0.0085106382978723	0.0044247787610619	0.0139462809917355	0.0127118644067796	0.0090157776108189	0.0119250425894378	0.0138504155124653	0.0129629629629629	0.0023094688221709	0.0073529411764705	0.0372492836676217	0.0111731843575419	0.0067567567567567	0.0133111480865224	0.0113717128642501	0.0081068192656175	0.007168458781362	0.0096618357487922	0.0094637223974763	0.0022172949002217	0.0129032258064516	0.0362537764350453	0.0136986301369863	0.0300751879699248	0.0177041690462592	0.0112855740922473	0.010008006405124	0.0085995085995086	0.0119225037257824	0.0268456375838926	0.0042067307692307
C[C>T]G	0.0100456621004566	1e-30	0.014760147601476	0.0080971659919028	1e-30	0.0044247787610619	0.0232438016528925	0.0199152542372881	0.0150262960180315	0.0113571834185122	0.0581717451523545	0.0104938271604938	0.0046189376443418	0.0036764705882352	0.0085959885386819	0.0055865921787709	0.0202702702702702	0.0183028286189683	0.013503909026297	0.0123986647591797	0.03584229390681	0.007591442374051	0.0078864353312302	1e-30	0.0064516129032258	0.0060422960725075	0.0068493150684931	0.0150375939849624	0.0245573957738435	0.0210991167811579	0.010808646917534	0.0159705159705159	0.0156482861400894	0.0436241610738255	0.0060096153846153
C[C>T]T	0.0164383561643835	1e-30	0.007380073800738	0.0283400809716599	0.0085106382978723	0.0088495575221238	0.0134297520661157	0.0152542372881355	0.0131480090157776	0.0062464508801817	0.0110803324099723	0.0074074074074074	0.0057736720554272	0.0147058823529411	0.0315186246418338	0.0083798882681564	0.0033783783783783	0.0183028286189683	0.0078180525941719	0.0061993323795898	0.014336917562724	0.0082815734989648	0.0205047318611987	0.0088691796008869	0.016774193548387	0.0271903323262839	0.0068493150684931	0.0150375939849624	0.0125642490005711	0.014720314033366	0.0116092874299439	0.0098280098280098	0.0085692995529061	0.0134228187919463	0.0102163461538461
C[T>A]A	0.010958904109589	1e-30	0.003690036900369	1e-30	1e-30	0.0044247787610619	1e-30	1e-30	0.0011269722013523	0.0005678591709256	0.0055401662049861	0.0018518518518518	0.0011547344110854	0.0110294117647058	0.0028653295128939	0.0027932960893854	1e-30	0.0011092623405435	1e-30	0.0004768717215069	1e-30	0.0006901311249137	0.0094637223974763	0.0022172949002217	0.0051612903225806	0.0030211480362537	1e-30	1e-30	0.0011422044545973	0.0014720314033366	1e-30	0.0008190008190008	0.0003725782414307	1e-30	0.001201923076923
C[T>A]C	0.0100456621004566	1e-30	0.003690036900369	1e-30	1e-30	1e-30	0.0025826446280991	0.0021186440677966	0.0018782870022539	0.0017035775127768	1e-30	0.0030864197530864	0.0011547344110854	0.0036764705882352	0.0057306590257879	0.0027932960893854	1e-30	0.002218524681087	0.0014214641080312	0.0042918454935622	1e-30	0.0048309178743961	0.0063091482649842	1e-30	0.0051612903225806	1e-30	1e-30	0.0075187969924812	0.001713306681896	0.0014720314033366	0.0012009607686148	0.0028665028665028	0.0018628912071535	1e-30	0.0018028846153846
C[T>A]G	0.010958904109589	1e-30	0.003690036900369	1e-30	1e-30	0.0044247787610619	0.0015495867768595	0.0008474576271186	0.0011269722013523	0.0005678591709256	0.002770083102493	0.0030864197530864	0.0011547344110854	0.0110294117647058	1e-30	1e-30	0.0033783783783783	0.0011092623405435	0.0035536602700781	0.0009537434430138	1e-30	0.0020703933747412	0.0070977917981072	1e-30	0.0064516129032258	1e-30	1e-30	1e-30	0.001713306681896	0.0004906771344455	0.0008006405124099	0.0004095004095004	1e-30	1e-30	0.0018028846153846
C[T>A]T	0.0063926940639269	1e-30	1e-30	1e-30	0.0085106382978723	0.0044247787610619	1e-30	0.0008474576271186	0.0007513148009015	1e-30	1e-30	0.0024691358024691	0.0011547344110854	0.0073529411764705	0.0028653295128939	0.0055865921787709	1e-30	0.0016638935108153	0.0021321961620469	0.0009537434430138	0.007168458781362	0.0020703933747412	0.0055205047318611	1e-30	0.0116129032258064	0.0060422960725075	1e-30	1e-30	0.0005711022272986	0.0029440628066732	0.0012009607686148	0.0012285012285012	0.0018628912071535	1e-30	0.0024038461538461
C[T>C]A	0.0118721461187214	0.0046082949308755	0.014760147601476	0.0121457489878542	0.0127659574468085	0.0088495575221238	0.0165289256198347	0.0110169491525423	0.0191585274229902	0.0164679159568427	1e-30	0.0364197530864197	1e-30	0.0110294117647058	1e-30	0.0027932960893854	0.0067567567567567	0.0160843039378813	0.0177683013503909	0.0224129709108249	0.003584229390681	0.0358868184955141	0.0220820189274447	0.0022172949002217	0.0077419354838709	0.0030211480362537	0.0068493150684931	1e-30	0.0177041690462592	0.0225711481844946	0.022017614091273	0.0167895167895167	0.0216095380029806	0.0033557046979865	0.0348557692307692
C[T>C]C	0.0100456621004566	1e-30	0.003690036900369	1e-30	1e-30	1e-30	0.0087809917355371	0.0131355932203389	0.0108940646130728	0.0136286201022146	0.002770083102493	0.024074074074074	0.0011547344110854	0.0073529411764705	0.0028653295128939	0.0027932960893854	0.0033783783783783	0.0077648363838047	0.0127931769722814	0.0190748688602765	1e-30	0.0303657694962042	0.0078864353312302	1e-30	0.0025806451612903	1e-30	0.0068493150684931	1e-30	0.010850942318675	0.0107948969578017	0.0136108887109687	0.0126945126945126	0.0167660208643815	1e-30	0.0282451923076923
C[T>C]G	0.0082191780821917	0.0046082949308755	0.003690036900369	0.0040485829959514	0.0085106382978723	0.0044247787610619	0.03099173553719	0.0351694915254237	0.0465815176558978	0.0442930153321976	1e-30	0.0691358024691358	0.0046189376443418	1e-30	0.0028653295128939	0.0027932960893854	0.0033783783783783	0.0255130338325013	0.0412224591329069	0.0414878397711015	0.003584229390681	0.0676328502415458	0.0063091482649842	1e-30	0.0051612903225806	1e-30	0.0205479452054794	1e-30	0.030839520274129	0.0269872423945044	0.032826261008807	0.036036036036036	0.0432190760059612	0.0033557046979865	0.0685096153846153
C[T>C]T	0.0127853881278538	1e-30	0.014760147601476	1e-30	0.0042553191489361	0.0044247787610619	0.012396694214876	0.0122881355932203	0.0142749812171299	0.013060760931289	0.0083102493074792	0.0203703703703703	0.0023094688221709	0.0183823529411764	0.0028653295128939	0.0027932960893854	0.0033783783783783	0.00942872989462	0.0156361051883439	0.0100143061516452	0.003584229390681	0.0276052449965493	0.0110410094637223	1e-30	0.0116129032258064	1e-30	0.0068493150684931	0.0075187969924812	0.0148486579097658	0.0078508341511285	0.0160128102481985	0.0102375102375102	0.0126676602086438	0.0033557046979865	0.0264423076923076
C[T>G]A	0.0018264840182648	1e-30	0.003690036900369	1e-30	1e-30	0.0044247787610619	0.0010330578512396	0.0008474576271186	0.0007513148009015	0.0005678591709256	1e-30	1e-30	1e-30	1e-30	0.0028653295128939	0.0027932960893854	1e-30	1e-30	0.0014214641080312	0.0009537434430138	1e-30	0.0006901311249137	0.000788643533123	1e-30	0.0012903225806451	1e-30	1e-30	0.0075187969924812	0.0011422044545973	0.000981354268891	0.0008006405124099	0.0012285012285012	0.0003725782414307	0.0067114093959731	0.0018028846153846
C[T>G]C	1e-30	1e-30	0.003690036900369	1e-30	1e-30	1e-30	0.003099173553719	0.0029661016949152	0.0037565740045078	0.0051107325383304	1e-30	0.0074074074074074	1e-30	0.0036764705882352	0.0028653295128939	1e-30	0.0033783783783783	0.0061009428729894	0.0035536602700781	0.0042918454935622	1e-30	0.0062111801242236	0.0055205047318611	1e-30	1e-30	0.0030211480362537	1e-30	1e-30	0.0028555111364934	0.000981354268891	0.0024019215372297	0.0024570024570024	0.0033532041728763	1e-30	0.0030048076923076
C[T>G]G	0.0091324200913242	1e-30	0.011070110701107	1e-30	1e-30	1e-30	0.0041322314049586	0.0025423728813559	0.0026296018031555	0.0039750141964792	0.002770083102493	0.0141975308641975	1e-30	1e-30	1e-30	0.0055865921787709	1e-30	0.0044370493621741	0.0049751243781094	0.005245588936576	1e-30	0.0034506556245686	0.0055205047318611	1e-30	0.0064516129032258	0.0060422960725075	0.0068493150684931	1e-30	0.0028555111364934	0.0039254170755642	0.0036028823058446	0.0045045045045045	0.0052160953800298	1e-30	0.0096153846153846
C[T>G]T	0.0036529680365296	1e-30	0.003690036900369	1e-30	0.0085106382978723	1e-30	0.003099173553719	0.0050847457627118	0.0060105184072126	0.002839295854628	1e-30	0.0074074074074074	1e-30	1e-30	0.0057306590257879	0.0027932960893854	1e-30	0.0044370493621741	0.0071073205401563	0.005245588936576	0.007168458781362	0.0069013112491373	0.0055205047318611	1e-30	0.0038709677419354	0.0030211480362537	0.0068493150684931	1e-30	0.0102798400913763	0.0058881256133464	0.0080064051240992	0.009009009009009	0.0029806259314456	1e-30	0.0114182692307692
G[C>A]A	0.028310502283105	0.3525345622119815	0.044280442804428	0.0728744939271255	0.1489361702127659	0.1991150442477876	0.0149793388429752	0.0148305084745762	0.0157776108189331	0.0227143668370244	0.1163434903047091	0.019753086419753	0.3429561200923787	0.0404411764705882	0.0601719197707736	0.1620111731843575	0.1554054054054054	0.0122018857459789	0.0177683013503909	0.0123986647591797	0.0931899641577061	0.0089717046238785	0.0457413249211356	0.3215077605321508	0.0464516129032258	0.0876132930513595	0.1780821917808219	0.2105263157894736	0.0114220445459737	0.0103042198233562	0.0128102481985588	0.0159705159705159	0.0178837555886736	0.1073825503355704	0.0228365384615384
G[C>A]C	0.0155251141552511	0.02073732718894	0.007380073800738	1e-30	1e-30	0.0176991150442477	0.0046487603305785	0.0050847457627118	0.005259203606311	0.0068143100511073	0.0083102493074792	0.0067901234567901	0.0127020785219399	1e-30	0.0085959885386819	0.0111731843575419	1e-30	0.0055463117027176	0.0035536602700781	0.0042918454935622	0.003584229390681	0.0048309178743961	0.0126182965299684	0.0110864745011086	0.0116129032258064	0.0060422960725075	0.0205479452054794	0.0150375939849624	0.0028555111364934	0.0039254170755642	0.0052041633306645	0.0057330057330057	0.0026080476900149	0.0201342281879194	0.009014423076923
G[C>A]G	0.0045662100456621	0.0115207373271889	0.011070110701107	0.0080971659919028	0.0042553191489361	0.0088495575221238	0.0005165289256198	0.0025423728813559	0.0037565740045078	0.0022714366837024	0.002770083102493	0.0006172839506172	0.0069284064665127	0.0036764705882352	0.0028653295128939	0.0027932960893854	0.0033783783783783	0.0011092623405435	0.0007107320540156	0.0014306151645207	0.003584229390681	0.0013802622498274	0.002365930599369	0.0133037694013303	1e-30	1e-30	0.0136986301369863	1e-30	0.0011422044545973	0.0024533856722276	0.0016012810248198	0.0036855036855036	0.0014903129657228	0.0033557046979865	0.0018028846153846
G[C>A]T	0.0237442922374429	0.0852534562211981	0.025830258302583	0.0323886639676113	0.0425531914893617	0.0486725663716814	0.0098140495867768	0.0173728813559322	0.0229151014274981	0.015900056785917	0.0692520775623268	0.0129629629629629	0.0866050808314087	0.0220588235294117	0.0315186246418338	0.0670391061452514	0.0777027027027027	0.0249584026622296	0.0163468372423596	0.0181211254172627	0.060931899641577	0.010351966873706	0.0252365930599369	0.106430155210643	0.0154838709677419	0.0453172205438066	0.0684931506849315	0.0601503759398496	0.0114220445459737	0.0181550539744847	0.0192153722978382	0.0262080262080262	0.018628912071535	0.0436241610738255	0.0144230769230769
G[C>G]A	0.0054794520547945	0.0046082949308755	0.011070110701107	0.0040485829959514	0.0085106382978723	1e-30	0.0005165289256198	0.0004237288135593	0.0011269722013523	1e-30	1e-30	0.0012345679012345	0.0023094688221709	1e-30	0.0028653295128939	0.0027932960893854	1e-30	0.0011092623405435	0.0007107320540156	0.0009537434430138	1e-30	0.0006901311249137	0.0094637223974763	0.0022172949002217	0.0129032258064516	0.0060422960725075	0.0068493150684931	1e-30	0.001713306681896	0.0004906771344455	0.0020016012810248	0.0004095004095004	0.0011177347242921	1e-30	0.0030048076923076
G[C>G]C	0.0045662100456621	1e-30	0.003690036900369	0.0040485829959514	1e-30	1e-30	0.0025826446280991	0.0012711864406779	0.0026296018031555	0.0017035775127768	1e-30	0.0037037037037037	0.0011547344110854	0.0036764705882352	1e-30	0.0027932960893854	1e-30	0.002218524681087	0.0021321961620469	0.0019074868860276	1e-30	0.0055210489993098	0.0055205047318611	0.0022172949002217	0.0038709677419354	1e-30	0.0068493150684931	1e-30	1e-30	0.0024533856722276	0.0020016012810248	0.002047502047502	0.0007451564828614	0.0100671140939597	0.001201923076923
G[C>G]G	1e-30	1e-30	0.007380073800738	1e-30	1e-30	0.0044247787610619	1e-30	1e-30	1e-30	1e-30	1e-30	1e-30	1e-30	1e-30	1e-30	1e-30	1e-30	1e-30	1e-30	1e-30	1e-30	0.0006901311249137	0.002365930599369	1e-30	0.0038709677419354	1e-30	1e-30	1e-30	1e-30	1e-30	1e-30	0.0008190008190008	0.0007451564828614	0.0033557046979865	1e-30
G[C>G]T	0.0082191780821917	1e-30	0.014760147601476	1e-30	1e-30	1e-30	0.0020661157024793	0.0012711864406779	0.0026296018031555	0.0034071550255536	1e-30	0.0043209876543209	1e-30	0.0147058823529411	0.0028653295128939	1e-30	0.0033783783783783	0.0016638935108153	0.0014214641080312	0.0014306151645207	0.003584229390681	0.0041407867494824	0.0086750788643533	1e-30	0.0038709677419354	0.0090634441087613	1e-30	0.0150375939849624	0.001713306681896	0.0004906771344455	0.0024019215372297	0.0008190008190008	0.0011177347242921	1e-30	0.0042067307692307
G[C>T]A	0.0237442922374429	0.0046082949308755	0.011070110701107	0.0121457489878542	0.0170212765957446	0.0044247787610619	0.0785123966942148	0.0669491525423728	0.0683696468820435	0.0687109596819988	0.0166204986149584	0.0074074074074074	0.0046189376443418	0.0183823529411764	0.0487106017191977	0.0055865921787709	0.0135135135135135	0.0715474209650582	0.0568585643212508	0.0567477348593228	0.039426523297491	0.0096618357487922	0.0134069400630914	0.0022172949002217	0.0296774193548387	0.0543806646525679	0.0068493150684931	0.0225563909774436	0.0725299828669331	0.0760549558390579	0.0624499599679743	0.0597870597870597	0.0689269746646795	0.0302013422818791	0.0072115384615384
G[C>T]C	0.0045662100456621	0.0023041474654377	0.003690036900369	0.0323886639676113	0.0085106382978723	0.0044247787610619	0.0428719008264462	0.047457627118644	0.0518407212622088	0.0471323111868256	0.0055401662049861	0.0222222222222222	0.0057736720554272	0.0073529411764705	0.0257879656160458	0.0055865921787709	0.0067567567567567	0.0438158624514697	0.0611229566453447	0.0529327610872675	0.003584229390681	0.0144927536231884	0.0094637223974763	0.0022172949002217	0.0116129032258064	0.0120845921450151	0.0068493150684931	0.0075187969924812	0.0559680182752712	0.0451422963689892	0.0584467574059247	0.0532350532350532	0.0476900149031296	0.0067114093959731	0.0192307692307692
G[C>T]G	0.0045662100456621	0.0092165898617511	0.003690036900369	0.0040485829959514	0.0042553191489361	0.0265486725663716	0.0532024793388429	0.0326271186440677	0.0364387678437265	0.0295286768881317	0.0360110803324099	0.0320987654320987	0.0034642032332563	0.0183823529411764	0.0085959885386819	0.0111731843575419	0.0101351351351351	0.0293954520244037	0.0355366027007818	0.0376728659990462	0.039426523297491	0.0296756383712905	0.0118296529968454	0.0110864745011086	0.0025806451612903	0.0090634441087613	0.0068493150684931	0.0225563909774436	0.0388349514563106	0.0353287536800785	0.0300240192153723	0.0319410319410319	0.0309239940387481	0.0302013422818791	0.0252403846153846
G[C>T]T	0.0155251141552511	1e-30	0.018450184501845	0.0040485829959514	1e-30	0.0044247787610619	0.0583677685950413	0.0559322033898305	0.0398196844477836	0.0454287336740488	0.0055401662049861	0.0104938271604938	0.0011547344110854	0.0147058823529411	0.0286532951289398	1e-30	1e-30	0.0482529118136439	0.0426439232409381	0.0395803528850739	0.010752688172043	0.0124223602484472	0.0189274447949526	0.0044345898004434	0.016774193548387	0.0332326283987915	0.0068493150684931	0.0075187969924812	0.0485436893203883	0.0583905789990186	0.0416333066453162	0.0507780507780507	0.0458271236959761	0.0067114093959731	0.0120192307692307
G[T>A]A	0.0073059360730593	1e-30	1e-30	1e-30	1e-30	1e-30	1e-30	1e-30	1e-30	1e-30	1e-30	0.0012345679012345	1e-30	0.0036764705882352	1e-30	1e-30	1e-30	0.0016638935108153	1e-30	0.0009537434430138	1e-30	0.0006901311249137	0.0063091482649842	1e-30	0.0064516129032258	1e-30	1e-30	1e-30	1e-30	1e-30	0.0004003202562049	1e-30	0.0003725782414307	1e-30	0.001201923076923
G[T>A]C	0.0073059360730593	1e-30	1e-30	1e-30	1e-30	1e-30	1e-30	0.0012711864406779	0.0022539444027047	0.0011357183418512	1e-30	0.0012345679012345	1e-30	1e-30	0.0028653295128939	1e-30	1e-30	0.0011092623405435	0.0007107320540156	0.0009537434430138	1e-30	0.0034506556245686	0.0047318611987381	0.0022172949002217	0.0064516129032258	1e-30	0.0068493150684931	1e-30	0.0011422044545973	1e-30	0.0012009607686148	0.0008190008190008	0.0007451564828614	0.0033557046979865	0.0024038461538461
G[T>A]G	0.0054794520547945	1e-30	1e-30	0.0040485829959514	1e-30	1e-30	0.0005165289256198	1e-30	0.0015026296018031	1e-30	1e-30	0.0012345679012345	0.0011547344110854	0.0073529411764705	1e-30	1e-30	1e-30	0.002218524681087	0.0014214641080312	0.0014306151645207	1e-30	0.0006901311249137	0.0078864353312302	1e-30	0.0051612903225806	0.0030211480362537	1e-30	1e-30	1e-30	0.000981354268891	1e-30	0.0004095004095004	0.0003725782414307	1e-30	0.0006009615384615
G[T>A]T	0.0036529680365296	1e-30	0.003690036900369	0.0040485829959514	1e-30	1e-30	0.0010330578512396	0.0025423728813559	0.003380916604057	0.0022714366837024	1e-30	0.0024691358024691	1e-30	0.0110294117647058	1e-30	0.0055865921787709	1e-30	0.0033277870216306	0.0028429282160625	0.0009537434430138	1e-30	0.0020703933747412	0.0055205047318611	1e-30	0.0051612903225806	1e-30	1e-30	0.0075187969924812	0.0028555111364934	0.0019627085377821	0.0020016012810248	0.0024570024570024	0.0011177347242921	0.0033557046979865	0.0036057692307692
G[T>C]A	0.0073059360730593	1e-30	0.003690036900369	0.0040485829959514	1e-30	1e-30	0.0108471074380165	0.0088983050847457	0.010518407212622	0.0164679159568427	0.002770083102493	0.0358024691358024	1e-30	0.0036764705882352	1e-30	0.0027932960893854	1e-30	0.0133111480865224	0.0163468372423596	0.0176442536957558	1e-30	0.0317460317460317	0.0086750788643533	1e-30	0.0141935483870967	0.0060422960725075	1e-30	1e-30	0.0097087378640776	0.0127576054955839	0.010408326661329	0.0135135135135135	0.0152757078986587	0.0033557046979865	0.0306490384615384
G[T>C]C	0.0009132420091324	1e-30	1e-30	1e-30	1e-30	1e-30	0.0067148760330578	0.0127118644067796	0.0067618332081141	0.0102214650766609	1e-30	0.0141975308641975	0.0023094688221709	0.0036764705882352	0.0028653295128939	0.0055865921787709	1e-30	0.0049916805324459	0.0028429282160625	0.0066762041010968	1e-30	0.0186335403726708	0.0047318611987381	0.0022172949002217	0.0038709677419354	1e-30	1e-30	1e-30	0.0034266133637921	0.0053974484789008	0.0060048038430744	0.0073710073710073	0.0063338301043219	1e-30	0.0120192307692307
G[T>C]G	0.0036529680365296	0.0023041474654377	0.007380073800738	1e-30	1e-30	1e-30	0.0113636363636363	0.0127118644067796	0.0191585274229902	0.0170357751277683	0.0083102493074792	0.0209876543209876	1e-30	0.0073529411764705	0.0028653295128939	0.0027932960893854	0.0033783783783783	0.0210759844703272	0.0177683013503909	0.0195517405817835	0.003584229390681	0.0227743271221532	0.0031545741324921	1e-30	0.0038709677419354	0.0030211480362537	0.0068493150684931	1e-30	0.02170188463735	0.0161923454367026	0.0156124899919935	0.0155610155610155	0.0190014903129657	0.0033557046979865	0.0288461538461538
G[T>C]T	0.0054794520547945	1e-30	0.007380073800738	1e-30	0.0042553191489361	0.0044247787610619	0.0067148760330578	0.0063559322033898	0.0060105184072126	0.0096536059057353	0.0055401662049861	0.0135802469135802	1e-30	0.0110294117647058	0.0028653295128939	0.0027932960893854	1e-30	0.0061009428729894	0.0099502487562189	0.0061993323795898	1e-30	0.0241545893719806	0.0047318611987381	0.0022172949002217	0.0064516129032258	1e-30	1e-30	1e-30	0.0045688178183894	0.0034347399411187	0.0076060848678943	0.0073710073710073	0.0070789865871833	0.0033557046979865	0.0120192307692307
G[T>G]A	0.0036529680365296	1e-30	1e-30	1e-30	1e-30	0.0044247787610619	1e-30	0.0004237288135593	0.0003756574004507	1e-30	1e-30	1e-30	1e-30	1e-30	1e-30	0.0027932960893854	1e-30	1e-30	1e-30	0.0004768717215069	1e-30	1e-30	0.001577287066246	0.0022172949002217	1e-30	1e-30	1e-30	1e-30	1e-30	1e-30	1e-30	1e-30	1e-30	1e-30	0.0006009615384615
G[T>G]C	0.0018264840182648	1e-30	1e-30	0.0040485829959514	1e-30	0.0044247787610619	1e-30	1e-30	0.0003756574004507	1e-30	1e-30	0.0012345679012345	1e-30	1e-30	0.0028653295128939	1e-30	1e-30	1e-30	0.0007107320540156	1e-30	1e-30	1e-30	0.000788643533123	1e-30	0.0025806451612903	1e-30	0.0136986301369863	1e-30	0.0005711022272986	1e-30	0.0020016012810248	0.0004095004095004	0.0003725782414307	1e-30	1e-30
G[T>G]G	0.0045662100456621	1e-30	0.007380073800738	1e-30	1e-30	0.0044247787610619	1e-30	1e-30	1e-30	1e-30	1e-30	0.0012345679012345	1e-30	0.0073529411764705	1e-30	1e-30	1e-30	0.0005546311702717	1e-30	1e-30	0.003584229390681	1e-30	0.0055205047318611	1e-30	0.0038709677419354	0.0030211480362537	1e-30	1e-30	1e-30	0.0004906771344455	1e-30	1e-30	1e-30	1e-30	0.001201923076923
G[T>G]T	0.0036529680365296	1e-30	0.003690036900369	0.0040485829959514	1e-30	1e-30	0.0005165289256198	1e-30	0.0015026296018031	0.0011357183418512	0.002770083102493	0.0030864197530864	1e-30	0.0036764705882352	0.0028653295128939	0.0027932960893854	0.0033783783783783	0.0016638935108153	0.0021321961620469	0.0004768717215069	1e-30	0.0034506556245686	0.0031545741324921	1e-30	0.0038709677419354	1e-30	1e-30	1e-30	0.0011422044545973	0.0019627085377821	0.0016012810248198	0.0012285012285012	0.0003725782414307	0.0033557046979865	0.0024038461538461
T[C>A]A	0.028310502283105	0.0460829493087557	0.040590405904059	0.0445344129554655	0.0680851063829787	0.0752212389380531	0.0046487603305785	0.0055084745762711	0.0056348610067618	0.0096536059057353	0.0498614958448753	0.0117283950617283	0.046189376443418	0.0294117647058823	0.0372492836676217	0.0670391061452514	0.0709459459459459	0.0077648363838047	0.0049751243781094	0.005245588936576	0.043010752688172	0.0082815734989648	0.0252365930599369	0.0576496674057649	0.0180645161290322	0.039274924471299	0.0547945205479452	0.037593984962406	0.0097087378640776	0.008341511285574	0.0032025620496397	0.009009009009009	0.0070789865871833	0.0436241610738255	0.0054086538461538
T[C>A]C	0.0146118721461187	0.0092165898617511	0.022140221402214	0.0121457489878542	0.0127659574468085	0.0176991150442477	0.0051652892561983	0.0063559322033898	0.0075131480090157	0.0073821692220329	0.0249307479224376	0.0074074074074074	0.0150115473441108	0.025735294117647	0.0114613180515759	0.0418994413407821	0.027027027027027	0.0049916805324459	0.0042643923240938	0.0042918454935622	0.032258064516129	0.0048309178743961	0.0197160883280757	0.0177383592017738	0.024516129032258	0.0120845921450151	0.0205479452054794	0.0225563909774436	0.0074243289548829	0.0049067713444553	0.0084067253803042	0.0069615069615069	0.0048435171385991	0.0100671140939597	0.0048076923076923
T[C>A]G	0.0045662100456621	0.0092165898617511	0.003690036900369	1e-30	0.0127659574468085	1e-30	0.0015495867768595	0.0025423728813559	0.0011269722013523	0.002839295854628	0.0083102493074792	0.0012345679012345	0.0057736720554272	0.0073529411764705	1e-30	0.0055865921787709	0.0067567567567567	0.0011092623405435	0.0021321961620469	0.0023843586075345	0.014336917562724	0.0006901311249137	0.0031545741324921	0.0044345898004434	0.0038709677419354	0.0030211480362537	0.0068493150684931	1e-30	0.0005711022272986	0.000981354268891	0.0016012810248198	0.0012285012285012	0.0014903129657228	1e-30	0.0024038461538461
T[C>A]T	0.0337899543378995	0.0898617511520737	0.044280442804428	0.0809716599190283	0.1234042553191489	0.1371681415929203	0.0227272727272727	0.0402542372881355	0.0277986476333583	0.0238500851788756	0.1108033240997229	0.0277777777777777	0.0877598152424942	0.0367647058823529	0.0802292263610315	0.1312849162011173	0.1148648648648648	0.0255130338325013	0.036958066808813	0.0238435860753457	0.1218637992831541	0.0262249827467218	0.0354889589905362	0.1042128603104212	0.0451612903225806	0.0815709969788519	0.1164383561643835	0.0977443609022556	0.0194174757281553	0.0264965652600588	0.0348278622898318	0.0384930384930384	0.0264530551415797	0.1040268456375839	0.0210336538461538
T[C>G]A	0.0146118721461187	1e-30	0.014760147601476	0.0040485829959514	0.0042553191489361	1e-30	0.0005165289256198	1e-30	1e-30	1e-30	1e-30	0.0024691358024691	1e-30	0.0147058823529411	0.0085959885386819	0.0027932960893854	0.0033783783783783	0.0011092623405435	0.0007107320540156	0.0009537434430138	1e-30	0.0006901311249137	0.0063091482649842	1e-30	0.0103225806451612	0.0060422960725075	1e-30	1e-30	1e-30	0.0019627085377821	0.0004003202562049	1e-30	1e-30	0.0033557046979865	0.001201923076923
T[C>G]C	0.0036529680365296	1e-30	0.007380073800738	1e-30	1e-30	1e-30	1e-30	0.0012711864406779	0.0003756574004507	0.0005678591709256	1e-30	0.0037037037037037	1e-30	1e-30	0.0057306590257879	0.0055865921787709	0.0067567567567567	0.0005546311702717	0.0007107320540156	0.0004768717215069	1e-30	0.0020703933747412	0.0055205047318611	0.0022172949002217	0.0103225806451612	0.0030211480362537	1e-30	0.0075187969924812	0.0011422044545973	1e-30	1e-30	0.0012285012285012	1e-30	1e-30	1e-30
T[C>G]G	0.0036529680365296	1e-30	0.007380073800738	1e-30	0.0042553191489361	1e-30	1e-30	0.0004237288135593	1e-30	1e-30	0.002770083102493	1e-30	1e-30	1e-30	0.0028653295128939	0.0055865921787709	1e-30	1e-30	1e-30	1e-30	0.003584229390681	0.0006901311249137	0.0047318611987381	1e-30	0.0025806451612903	1e-30	1e-30	1e-30	1e-30	1e-30	0.0004003202562049	1e-30	1e-30	1e-30	0.0006009615384615
T[C>G]T	0.0136986301369863	0.0046082949308755	0.018450184501845	1e-30	0.0127659574468085	0.0044247787610619	0.0025826446280991	0.0012711864406779	0.0011269722013523	0.0017035775127768	0.002770083102493	0.0024691358024691	0.0011547344110854	0.0147058823529411	0.0114613180515759	0.0027932960893854	0.0067567567567567	0.0011092623405435	0.0007107320540156	0.0004768717215069	1e-30	0.0020703933747412	0.0110410094637223	0.0022172949002217	0.0206451612903225	0.0060422960725075	1e-30	0.0225563909774436	0.0034266133637921	0.0019627085377821	0.0028022417934347	0.0024570024570024	0.0014903129657228	0.0067114093959731	0.0030048076923076
T[C>T]A	0.0228310502283105	0.0092165898617511	0.011070110701107	0.048582995951417	0.0297872340425531	0.0088495575221238	0.009297520661157	0.0110169491525423	0.0082644628099173	0.0113571834185122	0.0360110803324099	0.0104938271604938	0.0127020785219399	0.0147058823529411	0.0601719197707736	0.0055865921787709	0.0202702702702702	0.0122018857459789	0.0063965884861407	0.0114449213161659	0.014336917562724	0.0048309178743961	0.0181388012618296	0.0022172949002217	0.0219354838709677	0.0483383685800604	0.0136986301369863	0.0300751879699248	0.0131353512278697	0.0127576054955839	0.0068054443554843	0.0102375102375102	0.0085692995529061	0.023489932885906	0.0024038461538461
T[C>T]C	0.0136986301369863	0.0046082949308755	0.025830258302583	0.020242914979757	0.0170212765957446	0.0044247787610619	0.0129132231404958	0.0080508474576271	0.0082644628099173	0.0073821692220329	0.0138504155124653	0.0049382716049382	0.0080831408775981	1e-30	0.0315186246418338	0.0083798882681564	0.0135135135135135	0.0116472545757071	0.0092395167022032	0.0090605627086313	1e-30	0.0055210489993098	0.0102523659305993	0.0066518847006651	0.0141935483870967	0.0362537764350453	0.0068493150684931	0.0150375939849624	0.0097087378640776	0.0098135426889106	0.0076060848678943	0.0085995085995086	0.0093144560357675	0.0134228187919463	0.0072115384615384
T[C>T]G	0.0063926940639269	0.0046082949308755	0.007380073800738	0.0080971659919028	0.0085106382978723	0.0044247787610619	0.012396694214876	0.0101694915254237	0.0056348610067618	0.0068143100511073	0.0083102493074792	0.0049382716049382	0.0034642032332563	0.0220588235294117	0.0057306590257879	0.0111731843575419	0.0135135135135135	0.0122018857459789	0.0106609808102345	0.0066762041010968	0.039426523297491	0.0013802622498274	0.0047318611987381	0.0022172949002217	0.0051612903225806	0.0030211480362537	0.0068493150684931	0.0150375939849624	0.0074243289548829	0.0107948969578017	0.010008006405124	0.0102375102375102	0.0055886736214605	0.0201342281879194	0.0030048076923076
T[C>T]T	0.0146118721461187	0.0023041474654377	0.022140221402214	0.048582995951417	0.0127659574468085	0.0088495575221238	0.012396694214876	0.0088983050847457	0.0071374906085649	0.0096536059057353	0.0110803324099723	0.0086419753086419	0.0057736720554272	0.0183823529411764	0.0315186246418338	0.0055865921787709	0.0033783783783783	0.016638935108153	0.0071073205401563	0.0071530758226037	0.003584229390681	0.007591442374051	0.0141955835962145	0.0066518847006651	0.0103225806451612	0.0302114803625377	1e-30	1e-30	0.010850942318675	0.0127576054955839	0.0088070456365092	0.0102375102375102	0.0070789865871833	0.0033557046979865	0.0042067307692307
T[T>A]A	0.0164383561643835	0.0023041474654377	0.018450184501845	0.0040485829959514	0.0042553191489361	0.0088495575221238	0.003099173553719	0.0012711864406779	0.0056348610067618	0.0039750141964792	0.0055401662049861	0.0086419753086419	1e-30	0.0147058823529411	0.0057306590257879	1e-30	0.0101351351351351	0.0044370493621741	0.0035536602700781	0.0042918454935622	1e-30	0.0062111801242236	0.0165615141955835	0.0110864745011086	0.0103225806451612	1e-30	0.0068493150684931	1e-30	0.001713306681896	0.0034347399411187	0.0036028823058446	0.0036855036855036	0.0052160953800298	0.0067114093959731	0.0096153846153846
T[T>A]C	0.0164383561643835	0.0023041474654377	0.011070110701107	0.0040485829959514	1e-30	1e-30	1e-30	1e-30	0.0007513148009015	0.0011357183418512	0.002770083102493	0.0012345679012345	0.0011547344110854	0.0073529411764705	0.0028653295128939	0.0027932960893854	1e-30	0.0005546311702717	0.0007107320540156	1e-30	1e-30	0.0013802622498274	0.0118296529968454	1e-30	0.0129032258064516	1e-30	1e-30	1e-30	0.0022844089091947	0.0004906771344455	1e-30	1e-30	0.0014903129657228	1e-30	0.0006009615384615
T[T>A]G	0.010958904109589	0.0023041474654377	0.003690036900369	0.0040485829959514	0.0042553191489361	1e-30	0.0005165289256198	1e-30	0.0003756574004507	1e-30	1e-30	0.0012345679012345	0.0011547344110854	0.0036764705882352	1e-30	0.0027932960893854	1e-30	0.0005546311702717	0.0007107320540156	1e-30	0.003584229390681	1e-30	0.0118296529968454	0.0044345898004434	0.0090322580645161	0.0060422960725075	1e-30	1e-30	0.0011422044545973	0.0019627085377821	0.0016012810248198	0.0004095004095004	1e-30	0.0067114093959731	0.001201923076923
T[T>A]T	0.0200913242009132	1e-30	0.014760147601476	0.0040485829959514	0.0127659574468085	0.0088495575221238	0.0020661157024793	0.0042372881355932	0.0048835462058602	0.0039750141964792	0.0083102493074792	0.0043209876543209	0.0011547344110854	0.0330882352941176	0.0114613180515759	0.0027932960893854	0.0033783783783783	0.0027731558513588	0.0028429282160625	0.0009537434430138	1e-30	0.0069013112491373	0.0149842271293375	0.0044345898004434	0.0154838709677419	0.0030211480362537	0.0136986301369863	0.0075187969924812	0.0045688178183894	0.0034347399411187	0.0020016012810248	0.0016380016380016	0.0052160953800298	0.0033557046979865	0.0072115384615384
T[T>C]A	0.0200913242009132	0.0023041474654377	0.022140221402214	0.0161943319838056	0.0042553191489361	0.0088495575221238	0.0118801652892561	0.0177966101694915	0.017655897821187	0.0181714934696195	1e-30	0.0333333333333333	0.0057736720554272	0.0404411764705882	0.0057306590257879	0.0167597765363128	0.0067567567567567	0.0105379922351636	0.0191897654584221	0.021936099189318	0.003584229390681	0.0331262939958592	0.0236593059936908	0.0022172949002217	0.024516129032258	0.0090634441087613	0.0342465753424657	0.0075187969924812	0.0102798400913763	0.0107948969578017	0.0208166533226581	0.0163800163800163	0.0190014903129657	0.0033557046979865	0.0366586538461538
T[T>C]C	0.0073059360730593	1e-30	0.003690036900369	0.0080971659919028	1e-30	1e-30	0.0082644628099173	0.0084745762711864	0.0108940646130728	0.0124929017603634	0.002770083102493	0.0296296296296296	0.0034642032332563	0.0073529411764705	1e-30	1e-30	0.0033783783783783	0.007210205213533	0.0106609808102345	0.016213638531235	0.003584229390681	0.0303657694962042	0.0047318611987381	1e-30	0.0025806451612903	1e-30	1e-30	1e-30	0.0097087378640776	0.0107948969578017	0.0136108887109687	0.0098280098280098	0.0115499254843517	0.0033557046979865	0.0294471153846153
T[T>C]G	0.0082191780821917	0.0046082949308755	0.007380073800738	1e-30	0.0042553191489361	0.0088495575221238	0.018595041322314	0.010593220338983	0.0165289256198347	0.0187393526405451	1e-30	0.0308641975308641	0.0023094688221709	1e-30	0.0057306590257879	0.0083798882681564	0.0033783783783783	0.0171935662784248	0.0199004975124378	0.0252742012398664	0.003584229390681	0.0234644582470669	0.0070977917981072	1e-30	0.0090322580645161	1e-30	0.0068493150684931	1e-30	0.0165619645916619	0.0098135426889106	0.0232185748598879	0.0196560196560196	0.0171385991058122	0.0067114093959731	0.0378605769230769
T[T>C]T	0.0082191780821917	1e-30	0.007380073800738	0.020242914979757	0.0212765957446808	0.0088495575221238	0.0103305785123966	0.0122881355932203	0.010518407212622	0.0124929017603634	0.0138504155124653	0.0271604938271604	0.0057736720554272	0.0073529411764705	0.0085959885386819	0.0027932960893854	0.0033783783783783	0.0122018857459789	0.0170575692963752	0.0128755364806866	0.007168458781362	0.0276052449965493	0.0205047318611987	1e-30	0.0206451612903225	0.0060422960725075	1e-30	1e-30	0.0148486579097658	0.0093228655544651	0.0144115292233787	0.0102375102375102	0.0134128166915052	0.0067114093959731	0.0258413461538461
T[T>G]A	0.0054794520547945	1e-30	1e-30	0.0040485829959514	1e-30	0.0088495575221238	1e-30	1e-30	0.0003756574004507	1e-30	0.002770083102493	1e-30	0.0023094688221709	0.0036764705882352	1e-30	0.0027932960893854	1e-30	1e-30	1e-30	1e-30	1e-30	1e-30	0.0031545741324921	1e-30	0.0038709677419354	0.0030211480362537	1e-30	0.0075187969924812	0.0011422044545973	1e-30	0.0004003202562049	1e-30	1e-30	0.0033557046979865	1e-30
T[T>G]C	0.0018264840182648	1e-30	1e-30	1e-30	0.0042553191489361	1e-30	0.0005165289256198	0.0004237288135593	0.0015026296018031	0.0005678591709256	0.002770083102493	0.0012345679012345	1e-30	1e-30	0.0028653295128939	0.0027932960893854	1e-30	1e-30	0.0007107320540156	0.0004768717215069	0.003584229390681	0.0020703933747412	0.0039432176656151	1e-30	0.0051612903225806	1e-30	0.0068493150684931	1e-30	0.001713306681896	1e-30	0.0024019215372297	0.0004095004095004	1e-30	1e-30	0.0018028846153846
T[T>G]G	0.0036529680365296	1e-30	0.003690036900369	0.0040485829959514	0.0042553191489361	1e-30	0.003099173553719	0.0008474576271186	0.0018782870022539	1e-30	1e-30	0.0049382716049382	0.0023094688221709	1e-30	0.0028653295128939	0.0027932960893854	1e-30	0.0005546311702717	0.0007107320540156	0.0014306151645207	1e-30	0.0006901311249137	0.0047318611987381	1e-30	0.0038709677419354	1e-30	1e-30	1e-30	0.0011422044545973	0.0019627085377821	0.0020016012810248	0.0012285012285012	0.0003725782414307	0.0067114093959731	0.0024038461538461
T[T>G]T	0.0127853881278538	0.0023041474654377	0.003690036900369	0.0080971659919028	0.0042553191489361	0.0044247787610619	0.0015495867768595	0.0038135593220338	0.0022539444027047	0.0011357183418512	0.002770083102493	0.0043209876543209	0.0046189376443418	0.0147058823529411	0.0057306590257879	0.0027932960893854	0.0033783783783783	0.0033277870216306	0.0028429282160625	0.005245588936576	1e-30	0.0041407867494824	0.0070977917981072	0.0022172949002217	0.0129032258064516	0.0060422960725075	0.0068493150684931	0.0150375939849624	0.0034266133637921	0.0014720314033366	0.0016012810248198	0.0016380016380016	0.0022354694485842	0.0100671140939597	0.0036057692307692
