MutationType	SBS96A	SBS96B	SBS96C	SBS96D	SBS96E	SBS96F	SBS96G	SBS96H	SBS96I
A[C>A]A	0.025872326641207765	0.004830876371058698	0.0020728274759019886	0.006963819228406073	0.14545105978148012	0.04290879350198458	0.05414070575446176	0.05955277886214205	0.009779112740873125
A[C>A]C	0.012191677101830991	0.002048838982121541	0.0029609516590164333	0.0038983161411573334	0.0070006523523968136	0.0033741534469526276	0.004053295542328257	0.0059222730763585476	0.003683191784316434
A[C>A]G	0.0069832274991811875	0.0006345500333708448	0.0005846816938012499	0.0012232995700024517	0.005497078007217501	0.002064821214921191	0.0014808994870233304	0.004673227815847697	0.001402646239443738
A[C>A]T	0.013932680526325158	0.00821135327125953	0.008339096285495935	0.007442807713371163	0.02687472579453675	0.014480566429149699	0.018387819207514554	0.021815748346489347	0.010487286756730562
A[C>G]A	0.009789888713669984	0.0014712045742789046	0.0031396050386044753	0.0028891639919653685	0.0010304530005595526	0.004470649262376032	0.0007936848234478428	0.0032964323925707257	0.0029582602113183885
A[C>G]C	0.00708851930238816	0.0006921771047548467	0.0020219193652705465	0.002769165190837608	0.00014692777847022926	0.002522672929970347	0.0048888846535731405	0.002358463880739915	0.0018168845156939966
A[C>G]G	0.011068628779987866	0.00046830595927397685	0.00027155742390730863	0.0016670037376492128	0.00015377474489627855	0.0046512362346202785	0.0029721090159233266	0.0018609749454650934	0.001968982287407902
A[C>G]T	0.01434092362042818	0.0038520262909378456	0.0036962793027095838	0.006291179339116592	0.0008401828565450421	0.002828501255553377	0.003234694096908673	0.003534697048690285	0.005386619973177221
A[C>T]A	0.017748558204846877	0.06694163101812338	0.06456573576471679	0.008805916679029588	0.0033137860521469525	0.0721332920473107	0.05248329385676537	0.023898829542123953	0.0703936002865332
A[C>T]C	0.007150248089047354	0.01952500632190889	0.018071439439646824	0.009453323744256	0.004253406982819804	0.036967834413969676	0.004604938237126638	0.008177667942449673	0.020912568879420147
A[C>T]G	0.010584051730552818	0.02813397848668925	0.03202223492182169	0.013883132820948486	0.0034190176719059045	0.010100034531157489	0.06186101282987146	0.009510813545838085	0.02731978184005052
A[C>T]T	0.015243427378057868	0.0280127746307951	0.029851877227055384	0.009383728486218294	0.001531334277185773	0.012480175163325329	0.009199684282724413	0.007144011958072838	0.028292085489449257
A[T>A]A	0.007473143969754184	0.0005883721999540044	0.0014272270169686189	0.0037597800359011726	0.0013466491710117591	0.002007692991380944	0.004713337551003196	0.005193430219116986	0.00150071900455427
A[T>A]C	0.0045515307781190594	0.0009504182140986998	0.0015326693515479194	0.002125670663630148	5e-324	0.001344418679437058	0.0018979710170444297	0.0022400335801882683	0.0014819245482998635
A[T>A]G	0.004718518932219227	0.00037921399128507235	0.0011675748125972295	0.000849985459906223	0.0017474561292028959	0.0036601869512003435	0.0020923893885401766	0.0005692100278430403	0.0012587211009098152
A[T>A]T	0.009401361530960639	0.014889944398605078	0.018544298824586945	0.02255993656861437	0.0005604498431558264	0.001895540456382995	0.0028772991827545075	0.003766117512323122	0.012385453342612962
A[T>C]A	0.047773137782015584	0.01833853714432573	0.022415599095176444	0.061120320346908875	0.0007910557976819924	0.00992140555704187	0.004604646744012001	0.007063531492263636	0.018416301944733274
A[T>C]C	0.006364637570832361	0.010372596526628568	0.009135843812768621	0.026695511293955455	1e-323	6.14725280471572e-14	0.0018337331827713173	2.0100300285009306e-07	0.005833812898797227
A[T>C]G	0.01589376601933746	0.030800980565950188	0.030690536549376715	0.0702909321551902	2.6049054441e-313	0.0005534222554200065	0.0035871453221385545	0.0034216886761254117	0.017788415687266714
A[T>C]T	0.017621368767167734	0.007413180161189031	0.0067787181946789244	0.01791255071963705	0.0007696947299873012	0.01356895764702445	0.006067925961670453	0.004804433672991365	0.008246623971818476
A[T>G]A	0.0024848515932293547	0.00023390175523468914	0.0002225966785853834	0.00034267425566652344	0.00016487517484153452	0.000338656930947589	0.0001972153790221733	0.006042885827636606	0.0004561193921612966
A[T>G]C	0.0018517926484925731	0.0004957357822034241	0.000347440478378554	0.001993039173971276	3.5e-323	0.00019590014817272636	0.0012338979000778186	0.0012840831395378616	0.00058753360283713
A[T>G]G	0.0056594354041752774	0.0006003562762267376	0.0007287101187886158	0.0021226576201915717	0.0	0.0007189224320649788	0.002464422024413903	0.0006971802070656259	0.0014277270415159911
A[T>G]T	0.005748931697024112	0.001711448688097908	0.0016696631587834003	0.004212344064097305	0.0018397509134002142	0.0038838650822352904	0.0006142659635504013	0.001773923578405947	0.002191532437366866
C[C>A]A	0.01540415532340118	0.0213517257802164	0.0199213986147409	0.010849293707793346	0.037628273501316	0.018037555412333234	0.027308001946956612	0.045047041509956	0.021321369448327153
C[C>A]C	0.009997391288907902	0.02894589751912698	0.03159703195144465	0.018529812939871874	0.0003769218990406737	0.0010107095861225004	0.0065747538629274595	0.002524541530207426	0.025148588235939077
C[C>A]G	0.006770607355003809	0.004839136953612628	0.004032655435763773	0.007487481445804881	0.0031734075194361547	0.005612481785173503	0.0016500790512743574	0.004694084297545927	0.004854202544602744
C[C>A]T	0.01268051448456358	0.10335799250893155	0.08660327589347418	0.03192279379780373	0.012907484306935307	0.004642298609492125	0.013250007654182392	0.008922709622354454	0.0861156779816705
C[C>G]A	0.010633408028055468	0.000155567851649466	0.00021733074223230368	0.0013576541411370333	1.2501484109077042e-05	0.003441642518090799	0.0016220755371630854	0.0031964052103520407	0.0017708436839842618
C[C>G]C	0.0027479314999508055	0.00017647758001899057	8.207327020944234e-05	2.5e-323	2e-323	0.005034767349430436	0.00021660007895003055	0.002734964330055047	0.0007542540491102227
C[C>G]G	0.004336808379973222	0.0002745864487011942	8.101042332466162e-05	0.0011131574582717502	3.490410148135646e-05	0.0007000277232194016	0.0031637823208756676	0.002520636993307529	0.0009036342902897357
C[C>G]T	0.009437743888052035	0.0002552735047058346	0.00043339618168184867	0.0010015345782993837	0.00010130055604915373	0.002032025099198442	0.0026526654453011373	0.0020489448116164546	0.0016559040701399973
C[C>T]A	0.017153744682885653	0.00914106830155145	0.01163212275601174	0.004318254122396101	0.009327660715742581	0.053673304718267235	0.02240948564638856	0.03225239266138017	0.015786141735887677
C[C>T]C	0.006974526821503664	0.00986897346539027	0.0152267893591142	0.007082766327155547	0.0006579512715672495	0.03293054964573768	0.015224244937375278	0.010848632413047793	0.01391901972414723
C[C>T]G	0.007716034770707193	0.01612955290452022	0.023698367968512185	0.00794657795869916	1e-323	0.005516140235923173	0.04712474130066704	0.01023871518712754	0.017149708867446146
C[C>T]T	0.016030544811384582	0.009796458610282336	0.015150482112019156	0.007809847541884149	0.0019786099532357122	0.03100147788990698	0.013235558826973786	0.007536405423476078	0.014888986246518573
C[T>A]A	0.009131610761323662	0.00029790454116215414	0.0006938617314510506	0.0016966088429232185	0.0004045236762731494	0.0028645249521332935	0.0024331271166686654	0.0020192231228027776	0.0017473574922815488
C[T>A]C	0.006940466672775187	0.0015746828995039247	0.0021575796128663486	0.0035263304406341436	2.025295750343048e-05	0.0023382537239825625	0.00041461482630270323	0.0017952731163871922	0.002442319284735399
C[T>A]G	0.009110249701513782	0.0006248428583863243	0.0012838866746539858	0.002833804419330209	1.8528959675675884e-05	0.0011475089825567952	0.0014531508962426307	0.002138318369014017	0.0019106921998587804
C[T>A]T	0.006702773945661612	0.0011540336196179508	0.0007601534081357823	0.0024180551711155012	8.626359839491799e-177	0.003876092291448126	0.002983976767400441	0.0039059793180174786	0.0021245213545623173
C[T>C]A	0.01473357559306629	0.018851177750804908	0.016813891475167396	0.03808028673233787	0.00022092818769147847	0.0026443213596061715	0.0014696683320090064	0.0038704638416909376	0.012934134616879957
C[T>C]C	0.006695637018950263	0.014040356678117543	0.009315793065041532	0.028600827774207194	5e-324	5.6301850613990094e-05	0.0003583989987537402	0.0007182271100614329	0.007769447978398916
C[T>C]G	0.0042168878866446985	0.04060718924141789	0.02926052399109656	0.070747011015092	0.0011877751790101286	9.55569424810043e-05	6.88754844642489e-122	0.002332076985013379	0.02016684947788668
C[T>C]T	0.013326735701347616	0.01165780477352402	0.011954750041748395	0.026701650936071623	1e-323	0.00046045544757479544	0.005037579736752028	0.0034057671970030958	0.008727461646577773
C[T>G]A	0.0014358642842030721	0.0008172624909822148	0.0008460253495295636	0.000737895793931734	3.5e-323	0.001023704874437661	0.0022202026243476236	0.0022371159653134017	0.0010981238887539679
C[T>G]C	0.0026966998642468276	0.002900837466249726	0.0037709178087517153	0.00567858349548121	0.0	0.0014155747658237722	0.00017314162461446676	0.0003750071524410986	0.0025376063502690898
C[T>G]G	0.00673994522827839	0.003407633847274918	0.0037580816161485223	0.009301855275350646	5e-324	0.0020689613919706714	0.000999402336267897	0.001983602181849121	0.0030942927015705133
C[T>G]T	0.003526558990469722	0.0057948294987923525	0.006135631393488656	0.008849844673658765	5e-324	0.001937858118527741	0.0025238333512804427	0.0028418922628155757	0.004765397294380247
G[C>A]A	0.03479159395204644	0.011205586008379679	0.007038932735809747	0.0029483788088932707	0.3932465626883662	0.06192358755871138	0.10074364837353131	0.17148227182793438	0.01996681219845671
G[C>A]C	0.010633397892319207	0.0039090470005244665	0.004416485863131014	0.006627252063036352	0.016035109913636235	0.004464571809222545	0.010101042564135137	0.012159664534598075	0.0053596095913194634
G[C>A]G	0.004683553912546179	0.00200120645055497	0.0006367531217255259	0.0010839819372533831	0.011248949165032756	0.004070342735046818	0.0033812204687755226	0.006193607709826466	0.002582547124242061
G[C>A]T	0.022719078991116363	0.016800844739857553	0.014092630902986122	0.007715455486377478	0.10202379865495959	0.03463305850482255	0.05941237127947609	0.06174177474186401	0.02086855912457865
G[C>G]A	0.008105502527345286	0.0005149620530493255	0.0007641275825967652	0.002034720530128312	0.0030369000220835753	0.005812502886072122	0.0007952313225693024	0.0031893008612778897	0.0016406416641505282
G[C>G]C	0.004789773697174152	0.0015228617695109401	0.0015601441126642174	0.0037555495061889566	0.0006818237784968584	0.0017934573868190115	0.003314301423301013	0.001659142316647649	0.0018040122313070456
G[C>G]G	0.0026419225558889574	0.00015937431959934053	7.810447596936037e-06	0.0004121280790732357	4.545078536893857e-08	0.0005702914940475869	0.001477507222330863	0.001095154206191201	0.00046370410986410035
G[C>G]T	0.010560791232935782	0.001250241086657628	0.0016744120708304716	0.00433945931771803	5e-324	0.005140325879220482	0.0019280980373712626	0.003661871360301205	0.0025633525291784043
G[C>T]A	0.01667807486984077	0.07122701671172202	0.07907043961350989	0.007709873008110338	2.3838688720730737e-181	0.03204516005323447	0.02472834490089664	0.004659423239969841	0.07191741554906425
G[C>T]C	0.005552529007476507	0.055367587384134956	0.0489849328856892	0.019613941154915035	0.0006819289611472635	0.01613647351897169	0.0015605873187367878	0.001859385001931733	0.048759145926194535
G[C>T]G	0.006976388363094433	0.036300469526260606	0.04193083622483449	0.02911469226082335	0.004912118651450916	0.002106883861359157	0.03437759494290598	0.01151351046943567	0.03002271303142812
G[C>T]T	0.01534315918671378	0.051890092610973625	0.05546505340073662	0.012792392172482533	1e-323	0.01683469099102026	0.0050121190962180845	0.0020151992416973493	0.05074719762735408
G[T>A]A	0.005528921171759398	0.00011050312705062823	0.00041172521391147907	0.0014054294656944554	0.0	0.0006049826079487046	0.00028974790685582164	0.0006491760365990279	0.0008855779308203592
G[T>A]C	0.004376122500584384	0.0007166251545193277	0.0007376792084702634	0.002595803619595788	0.0003946631609586256	0.0012992587531098373	0.0009540972396527054	0.001708438700406582	0.001128927150215688
G[T>A]G	0.005861189537906583	0.00047342233938840045	0.0007763901686558754	0.0011587555914784665	6.503358236353217e-05	0.0028564937095677894	0.0003929879561193129	0.0006753233151833079	0.00127112185200514
G[T>A]T	0.005889100206277965	0.001803625317864884	0.0022586796161682566	0.0032623356262866015	5e-324	0.002123525049554241	0.001344476977994336	0.0023068859526021632	0.002148907941364371
G[T>C]A	0.0073217751719059304	0.01355143373254868	0.011276258447462436	0.03417318516703542	0.0	0.001494447832944523	0.0015937212816888805	0.0	0.0077851269752025705
G[T>C]C	0.00246739953265769	0.008168520931612477	0.005510445718617088	0.015840825883652886	0.0008252628659273875	0.0002653744644301037	0.00017914999190137161	0.00019042119335704243	0.004755252546083329
G[T>C]G	0.004247728374775332	0.017873301047915725	0.01793505836662938	0.02559457476928022	1e-323	0.00020355027269286602	0.004136616486340277	4.87857456253523e-05	0.012130008298680946
G[T>C]T	0.007214995882407344	0.006494901202418832	0.005678191165004535	0.018152707130074903	1e-323	0.00045476979870486456	0.003050132709203702	0.0014380521027325048	0.00413679434125818
G[T>G]A	0.001433331591811772	0.00016856122635232077	5.6913561433501166e-05	0.00020352475944501736	0.0006372131402105349	9.298062492855246e-05	4.1797095278735456e-05	0.0016513630444964273	0.000287191605486165
G[T>G]C	0.0009687656026553709	0.00034342158643068993	4.601402736873959e-05	0.00027697257165993315	0.0001152577614366494	0.002234958791429387	0.00012337082615485788	0.004117729651221936	0.00047730345174221465
G[T>G]G	0.005919810804241292	0.00015502483003919514	9.917662863234187e-05	0.0011971708357193126	5e-324	0.001750967840584192	0.0017167461545620454	0.001118730560474675	0.0010399541909609615
G[T>G]T	0.0037466620716912827	0.0008956973293525915	0.000957492625129209	0.0032039807214369943	5e-324	0.0029139834504119297	0.002298847302018416	0.000966720850395874	0.0012005805671188982
T[C>A]A	0.0284712643386011	0.004729609727112035	0.00488760014196726	0.004475206122454302	0.05216518921669233	0.0454068092117046	0.04767605137394451	0.07068617311054146	0.010579300172114954
T[C>A]C	0.021386260520067188	0.004723802937793911	0.004868683686771302	0.005209972917361619	0.012641254922040776	0.014851640517196294	0.02515606149530067	0.02997358706577021	0.007499957073030798
T[C>A]G	0.004586247967537685	0.0015287707709102706	0.0008801231271471448	0.001546969130923732	0.006638946575595363	0.0011932244921715137	0.008702126350582295	0.0058882912392066	0.001874719679722058
T[C>A]T	0.03547275133091953	0.02815238924974502	0.02010448809283367	0.015734327061669034	0.09338977937235751	0.08501382851518821	0.11800154876694409	0.13343308135723056	0.03604641632701625
T[C>G]A	0.012847641901971935	0.0005399274868854501	0.00030272629216159615	0.001963450898350485	0.0	0.008716999876082028	0.0019344003152151062	0.002585621264519071	0.0025583645359330363
T[C>G]C	0.00567572682021958	0.0004200641098495556	0.000449228242693423	0.001885781894215487	0.00020450510134075987	0.003828156549287493	0.000576189235210053	0.003923804812763551	0.0012718840386723449
T[C>G]G	0.004085748620611694	4.384542240307938e-05	1.8092868269932026e-05	0.0005656339405313313	0.0	0.0015432465398431548	0.0023671392155135006	0.0019669008318534556	0.0007013645484325341
T[C>G]T	0.016031898036854467	0.001311629074204086	0.0022224267733990705	0.0031345062335547493	0.0013270775814916143	0.00873969047406689	0.003787372103755128	0.008183587735390966	0.003689814636571021
T[C>T]A	0.017978959111002293	0.007989735675952379	0.012088508769865884	0.0036637038977348066	0.004977470327823115	0.056942779774109865	0.02386758344814085	0.016780445243989566	0.01614612859574344
T[C>T]C	0.01253014627894938	0.0071952787191118615	0.011525194085886122	0.004240913279325674	0.005003229702309526	0.03259022501857113	0.008781471060611359	0.009538566171052323	0.012425673901532364
T[C>T]G	0.008451788332441612	0.0085673003619191	0.011073196336078686	0.0029229558434700656	0.0012792868530800538	0.005758342146566245	0.02334898545038072	0.012175385093215826	0.009801010385203828
T[C>T]T	0.01581752024852536	0.007392101151934584	0.01271615393346674	0.006069724647817668	0.0026626365692868923	0.04036478802895	0.0058406084642500964	0.0034746005777151713	0.0130887190174753
T[T>A]A	0.01663601427758308	0.0027011757547915657	0.002703878724311354	0.009145635844489694	0.002714343886627858	0.004968184718378626	0.004727894715719319	0.006458359382705297	0.004239238901223545
T[T>A]C	0.013173945907322689	0.00026165284415521374	0.000576981153325033	0.0019360806909328207	0.00033757417733776306	0.0035577132004007634	0.0015771829242445564	0.001888446894565392	0.0022201376454292587
T[T>A]G	0.009232255413087346	0.00036031804452386977	0.0008140781628694601	0.001133970186243368	0.002059069831228013	0.005161019953427938	0.003801000848869647	0.0019135248566640533	0.0019006608548929405
T[T>A]T	0.02095764272604307	0.0027838301152753385	0.00278053196491502	0.006967352385808827	0.00023007766887522514	0.008881332125556165	0.00501038666234589	0.010329977044656576	0.005685753874406938
T[T>C]A	0.02648512344812709	0.016428914907974674	0.010311146133923045	0.037187566550645215	0.0007732730923581449	0.011740804498122499	0.0028038025614511223	0.012781020452534191	0.013942241901821419
T[T>C]C	0.005199992487585921	0.011896057348660678	0.00840219157967256	0.030740273511622073	0.00018945847841145253	0.0011307891147687714	0.0022815974649938384	5e-324	0.006198842163695262
T[T>C]G	0.005980154564560216	0.017498518852215553	0.01731770035008216	0.03173124911621744	0.0012984344758756282	4.7291390698230995e-05	0.0019786899767425216	0.003559204667776835	0.010874307066654883
T[T>C]T	0.013522455132120486	0.01152250959472951	0.011902554859832434	0.02871167161797734	4.1894798955166093e-05	0.011643211759647384	0.008905525171650344	0.004785502338405953	0.009311936244478085
T[T>G]A	0.0036750960562061436	4.0943071798403564e-05	0.00019297428989663968	3.8984217116535855e-05	0.0007228300935526895	0.0025893237466783465	0.0023157169022279	0.004001109895592351	0.0006161927177018248
T[T>G]C	0.0024955506275025335	0.0004940505811444881	0.0007200996494573105	0.001826629221520731	5e-324	0.0010858144969378802	0.002141558646581646	0.0024927022827202668	0.0006587621992941479
T[T>G]G	0.0035806012805219387	0.0009188083067031472	0.0015676751391469278	0.0026647267324347392	0.00026105825382614656	0.0026123512582827565	0.0021354060285532525	0.0015384810432764076	0.0014813447671630869
T[T>G]T	0.010596594670743366	0.001975762560574217	0.0025010673656391124	0.004041436001342616	0.0023945858955690268	0.009171997881794975	0.004543577314410354	0.006748635066958622	0.00368233005220688
