MutationType	SBS96A	SBS96B	SBS96C	SBS96D	SBS96E	SBS96F	SBS96G	SBS96H	SBS96I
A[C>A]A	1.94E-03	1.59E-03	7.65E-04	6.48E-04	4.65E-04	2.43E-03	1.80E-03	4.28E-03	2.49E-03
A[C>A]C	1.63E-03	4.05E-04	2.02E-04	5.46E-04	1.83E-04	6.96E-04	2.50E-04	8.32E-04	1.31E-03
A[C>A]G	2.88E-04	1.18E-04	6.90E-05	2.22E-04	7.20E-05	5.30E-04	5.85E-04	5.65E-04	7.42E-04
A[C>A]T	1.05E-03	4.89E-04	1.29E-04	1.86E-04	1.07E-04	4.11E-04	8.55E-04	9.14E-04	7.30E-04
A[C>G]A	4.39E-04	2.87E-04	1.67E-04	4.06E-04	2.25E-04	5.82E-04	7.94E-04	8.77E-04	9.70E-04
A[C>G]C	1.03E-03	1.58E-04	1.40E-04	2.03E-04	6.47E-05	4.14E-04	1.63E-04	5.89E-04	7.30E-04
A[C>G]G	1.28E-03	2.42E-04	6.07E-05	3.74E-04	7.85E-05	1.05E-03	1.22E-03	1.32E-03	1.30E-03
A[C>G]T	1.49E-03	6.94E-04	1.32E-04	8.84E-04	2.43E-04	1.25E-03	1.58E-03	1.58E-03	1.70E-03
A[C>T]A	3.17E-03	2.53E-03	1.54E-03	1.17E-03	6.86E-04	4.43E-03	2.54E-03	1.72E-03	8.36E-03
A[C>T]C	9.61E-04	5.82E-04	1.96E-04	8.33E-04	3.06E-04	2.02E-03	4.55E-04	1.29E-03	2.20E-03
A[C>T]G	1.23E-03	1.31E-03	9.45E-04	5.87E-04	5.37E-04	1.15E-03	4.94E-03	5.04E-03	2.61E-03
A[C>T]T	1.05E-03	6.13E-04	3.67E-04	3.71E-04	2.39E-04	8.21E-04	5.49E-04	1.31E-03	2.29E-03
A[T>A]A	1.07E-03	1.31E-04	1.36E-04	1.76E-04	1.71E-04	4.25E-04	1.35E-04	5.51E-04	8.22E-04
A[T>A]C	7.81E-04	1.94E-04	1.16E-04	1.52E-04	0.00E+00	2.79E-04	4.46E-05	3.60E-04	5.07E-04
A[T>A]G	6.16E-04	9.36E-05	9.89E-05	1.61E-04	1.13E-04	2.56E-04	1.18E-04	3.15E-04	4.81E-04
A[T>A]T	8.62E-04	1.99E-04	4.03E-04	3.17E-04	1.36E-04	4.23E-04	9.25E-04	7.05E-04	9.53E-04
A[T>C]A	2.37E-03	2.33E-03	7.41E-04	1.08E-03	4.03E-04	2.51E-03	4.60E-03	3.48E-03	5.79E-03
A[T>C]C	1.82E-04	2.95E-04	2.80E-04	3.57E-04	0.00E+00	6.15E-14	4.20E-04	2.01E-07	1.43E-03
A[T>C]G	6.44E-04	1.78E-03	9.79E-04	1.22E-03	0.00E+00	3.69E-04	1.32E-03	7.20E-04	2.25E-03
A[T>C]T	7.27E-04	9.42E-04	2.52E-04	2.35E-04	2.17E-04	6.03E-04	1.40E-03	1.25E-03	1.79E-03
A[T>G]A	2.60E-04	8.14E-05	5.01E-05	9.09E-05	1.13E-04	1.62E-04	1.40E-04	3.90E-04	2.72E-04
A[T>G]C	1.19E-04	8.54E-05	4.62E-05	3.90E-05	0.00E+00	1.02E-04	8.86E-05	1.02E-04	2.17E-04
A[T>G]G	2.71E-04	1.46E-04	3.48E-05	2.82E-04	0.00E+00	3.58E-04	3.28E-04	4.16E-04	5.97E-04
A[T>G]T	3.59E-04	2.96E-04	7.18E-05	1.46E-04	1.15E-04	2.86E-04	6.14E-04	4.76E-04	6.21E-04
C[C>A]A	1.42E-03	7.42E-04	3.64E-04	5.16E-04	5.98E-04	7.02E-04	1.04E-03	1.79E-03	9.95E-04
C[C>A]C	8.91E-04	1.08E-03	5.52E-04	3.75E-04	1.54E-04	4.38E-04	4.55E-04	8.17E-04	2.34E-03
C[C>A]G	1.07E-03	4.30E-04	1.74E-04	2.09E-04	9.58E-05	3.78E-04	1.46E-04	4.41E-04	5.74E-04
C[C>A]T	1.58E-03	5.34E-03	1.56E-03	8.77E-04	3.68E-04	1.45E-03	6.89E-04	1.99E-03	1.20E-02
C[C>G]A	5.55E-04	4.43E-05	5.33E-05	3.05E-04	8.34E-06	7.71E-04	7.88E-04	1.06E-03	1.09E-03
C[C>G]C	1.29E-04	5.83E-05	3.41E-05	0.00E+00	0.00E+00	8.70E-05	2.17E-04	2.89E-04	2.45E-04
C[C>G]G	3.53E-04	7.94E-05	2.56E-05	1.76E-04	1.85E-05	3.70E-04	2.21E-04	3.62E-04	4.88E-04
C[C>G]T	4.80E-04	9.79E-05	7.31E-05	2.83E-04	6.76E-05	7.14E-04	5.98E-04	8.52E-04	9.83E-04
C[C>T]A	8.58E-04	1.23E-03	1.87E-04	9.31E-04	2.68E-04	1.71E-03	9.64E-04	1.32E-03	1.38E-03
C[C>T]C	8.25E-04	6.82E-04	5.53E-04	7.76E-04	2.42E-04	1.56E-03	7.41E-04	7.19E-04	1.66E-03
C[C>T]G	8.81E-04	1.30E-03	7.18E-04	3.87E-04	0.00E+00	8.60E-04	4.03E-03	3.98E-03	2.03E-03
C[C>T]T	7.39E-04	1.15E-03	2.42E-04	5.18E-04	4.42E-04	8.44E-04	2.85E-04	6.23E-04	9.03E-04
C[T>A]A	6.30E-04	8.73E-05	6.95E-05	2.87E-04	1.39E-04	5.98E-04	5.14E-04	7.63E-04	8.98E-04
C[T>A]C	5.98E-04	2.96E-04	9.90E-05	2.33E-04	1.36E-05	3.57E-04	4.15E-04	5.46E-04	6.86E-04
C[T>A]G	4.61E-04	1.51E-04	9.84E-05	4.02E-04	1.25E-05	5.80E-04	6.67E-04	7.98E-04	9.42E-04
C[T>A]T	2.49E-04	2.71E-04	1.42E-04	2.94E-04	0.00E+00	3.86E-04	3.70E-04	4.58E-04	6.76E-04
C[T>C]A	9.08E-04	7.72E-04	4.28E-04	6.23E-04	1.20E-04	5.27E-04	9.57E-04	5.98E-04	1.80E-03
C[T>C]C	7.40E-04	6.34E-04	4.30E-04	5.96E-04	0.00E+00	5.63E-05	3.32E-04	1.74E-04	1.46E-03
C[T>C]G	1.02E-03	2.91E-03	5.90E-04	2.17E-03	3.44E-04	9.56E-05	6.89E-122	7.97E-04	3.77E-03
C[T>C]T	4.54E-04	6.01E-04	2.72E-04	3.14E-04	0.00E+00	2.41E-04	9.33E-04	7.54E-04	1.20E-03
C[T>G]A	9.03E-05	6.72E-05	3.30E-05	3.76E-05	0.00E+00	7.29E-05	6.01E-05	8.55E-05	9.71E-05
C[T>G]C	1.01E-04	3.22E-04	2.10E-04	5.48E-05	0.00E+00	1.30E-04	1.73E-04	1.09E-04	2.00E-04
C[T>G]G	2.97E-04	3.46E-04	1.14E-04	1.17E-04	0.00E+00	1.96E-04	4.54E-04	4.20E-04	6.79E-04
C[T>G]T	3.66E-04	1.81E-04	8.84E-05	1.36E-04	0.00E+00	2.97E-04	6.88E-05	1.99E-04	3.13E-04
G[C>A]A	1.15E-03	1.83E-03	1.57E-03	1.26E-03	2.83E-03	7.15E-03	6.67E-03	1.53E-02	3.21E-03
G[C>A]C	1.45E-03	5.26E-04	1.18E-04	2.47E-04	1.35E-04	4.72E-04	4.93E-04	7.22E-04	9.89E-04
G[C>A]G	3.23E-04	2.73E-04	2.09E-04	1.45E-04	3.08E-05	3.20E-04	2.86E-04	3.12E-04	4.40E-04
G[C>A]T	1.02E-03	6.85E-04	4.43E-04	5.15E-04	5.23E-04	1.51E-03	3.90E-03	4.51E-03	1.19E-03
G[C>G]A	3.97E-04	1.14E-04	9.10E-05	2.73E-04	1.56E-04	5.06E-04	7.95E-04	7.48E-04	8.69E-04
G[C>G]C	2.09E-04	1.93E-04	5.00E-05	7.68E-05	1.35E-04	2.07E-04	1.25E-04	2.88E-04	5.04E-04
G[C>G]G	4.87E-04	9.60E-05	7.81E-06	1.22E-04	4.55E-08	3.27E-04	3.00E-04	3.63E-04	3.62E-04
G[C>G]T	7.07E-04	2.50E-04	1.20E-04	5.39E-04	0.00E+00	7.05E-04	9.91E-04	9.99E-04	1.19E-03
G[C>T]A	1.91E-03	2.78E-03	1.63E-03	4.07E-04	0.00E+00	3.47E-03	1.19E-03	1.81E-03	9.39E-03
G[C>T]C	6.61E-04	3.11E-03	3.46E-04	3.50E-04	1.71E-04	3.17E-03	4.77E-04	6.43E-04	7.22E-03
G[C>T]G	7.81E-04	1.84E-03	9.65E-04	6.53E-04	2.02E-04	6.63E-04	2.81E-03	2.28E-03	3.56E-03
G[C>T]T	1.74E-03	2.68E-03	7.01E-04	5.24E-04	0.00E+00	2.03E-03	1.13E-03	1.48E-03	5.88E-03
G[T>A]A	6.44E-04	4.52E-05	8.87E-05	2.13E-04	0.00E+00	3.23E-04	2.90E-04	4.25E-04	5.86E-04
G[T>A]C	6.55E-04	1.52E-04	7.01E-05	1.34E-04	6.91E-05	2.22E-04	1.13E-04	3.12E-04	4.92E-04
G[T>A]G	4.40E-04	1.18E-04	7.88E-05	1.97E-04	3.64E-05	3.48E-04	3.93E-04	4.44E-04	6.09E-04
G[T>A]T	4.23E-04	2.99E-04	5.49E-05	1.89E-04	0.00E+00	4.16E-04	5.69E-04	5.78E-04	6.86E-04
G[T>C]A	3.02E-04	7.46E-04	2.62E-04	5.99E-04	0.00E+00	3.97E-04	4.68E-04	0.00E+00	1.17E-03
G[T>C]C	2.72E-04	4.99E-04	4.31E-04	3.11E-04	9.68E-05	1.64E-04	1.79E-04	8.06E-05	1.22E-03
G[T>C]G	6.27E-04	9.01E-04	3.83E-04	4.76E-04	0.00E+00	1.38E-04	2.45E-04	4.26E-05	1.02E-03
G[T>C]T	6.12E-04	4.14E-04	1.44E-04	1.89E-04	0.00E+00	2.04E-04	5.97E-04	3.65E-04	8.94E-04
G[T>G]A	4.11E-04	3.49E-05	3.90E-05	6.25E-05	8.81E-05	9.30E-05	4.18E-05	1.91E-04	1.94E-04
G[T>G]C	8.24E-05	9.76E-05	1.39E-05	6.17E-05	5.96E-05	2.74E-04	9.59E-05	2.73E-04	1.48E-04
G[T>G]G	4.11E-04	9.28E-05	3.69E-05	2.03E-04	0.00E+00	5.02E-04	5.28E-04	6.20E-04	6.24E-04
G[T>G]T	1.66E-04	1.59E-04	2.26E-05	6.26E-05	0.00E+00	1.55E-04	1.88E-04	2.44E-04	4.16E-04
T[C>A]A	6.05E-04	9.98E-04	6.63E-04	5.87E-04	5.42E-04	1.21E-03	2.36E-03	2.74E-03	2.50E-03
T[C>A]C	1.23E-03	8.73E-04	2.28E-04	7.36E-04	1.24E-04	1.33E-03	2.22E-04	5.05E-04	2.29E-03
T[C>A]G	1.83E-04	2.23E-04	1.12E-04	1.57E-04	6.97E-05	3.64E-04	3.67E-04	4.67E-04	4.93E-04
T[C>A]T	1.35E-03	2.61E-03	1.46E-03	1.94E-03	1.15E-03	2.58E-03	8.64E-03	8.57E-03	1.65E-03
T[C>G]A	8.08E-04	2.37E-04	9.14E-05	3.50E-04	0.00E+00	9.19E-04	1.25E-03	1.34E-03	1.33E-03
T[C>G]C	3.25E-04	1.27E-04	7.62E-05	2.32E-04	7.23E-05	3.40E-04	5.76E-04	5.76E-04	5.87E-04
T[C>G]G	2.04E-04	2.94E-05	1.81E-05	1.00E-04	0.00E+00	2.91E-04	1.24E-04	3.27E-04	4.05E-04
T[C>G]T	1.22E-03	4.19E-04	1.56E-04	5.51E-04	3.11E-04	1.23E-03	1.62E-03	1.68E-03	1.73E-03
T[C>T]A	1.00E-03	1.23E-03	3.13E-04	8.87E-04	7.09E-04	1.63E-03	7.96E-04	8.65E-04	1.45E-03
T[C>T]C	5.15E-04	9.14E-04	3.98E-04	6.53E-04	3.56E-04	7.56E-04	6.11E-04	1.04E-03	1.10E-03
T[C>T]G	1.22E-03	7.08E-04	2.74E-04	3.72E-04	2.23E-04	5.68E-04	1.12E-03	1.35E-03	6.95E-04
T[C>T]T	7.54E-04	1.11E-03	2.28E-04	6.73E-04	6.01E-04	7.11E-04	1.39E-03	1.57E-03	1.07E-03
T[T>A]A	7.29E-04	5.87E-04	1.47E-04	4.99E-04	3.79E-04	9.60E-04	1.12E-03	1.19E-03	1.80E-03
T[T>A]C	7.76E-04	8.24E-05	1.12E-04	4.00E-04	1.44E-04	9.51E-04	9.80E-04	1.21E-03	1.34E-03
T[T>A]G	9.56E-04	1.28E-04	1.01E-04	2.47E-04	1.99E-04	5.36E-04	2.98E-04	6.94E-04	9.13E-04
T[T>A]T	1.13E-03	5.52E-04	1.86E-04	9.14E-04	1.17E-04	1.42E-03	1.79E-03	1.86E-03	2.17E-03
T[T>C]A	1.38E-03	1.35E-03	6.46E-04	4.20E-04	2.71E-04	8.87E-04	2.70E-03	2.01E-03	2.75E-03
T[T>C]C	2.42E-04	6.12E-04	2.94E-04	5.91E-04	6.18E-05	2.95E-04	3.51E-04	0.00E+00	1.16E-03
T[T>C]G	6.10E-04	1.79E-03	7.84E-04	6.02E-04	2.57E-04	4.73E-05	2.72E-04	6.70E-04	6.00E-04
T[T>C]T	4.33E-04	5.77E-04	2.40E-04	3.97E-04	2.39E-05	5.03E-04	3.14E-04	1.69E-04	1.34E-03
T[T>G]A	3.11E-04	1.46E-05	4.52E-05	3.90E-05	3.99E-05	3.38E-04	3.56E-05	1.80E-04	3.82E-04
T[T>G]C	2.13E-04	1.40E-04	6.25E-05	4.98E-05	0.00E+00	1.10E-04	6.76E-05	1.59E-04	2.97E-04
T[T>G]G	3.17E-04	1.44E-04	4.42E-05	7.25E-05	6.82E-05	1.44E-04	4.97E-05	1.98E-04	3.42E-04
T[T>G]T	4.28E-04	3.42E-04	6.87E-05	4.67E-04	1.44E-04	4.44E-04	6.51E-04	6.64E-04	1.03E-03
