MutationType	SBS96A	SBS96B	SBS96C	SBS96D	SBS96E	SBS96F	SBS96G	SBS96H	SBS96I	SBS96J	SBS96K	SBS96L	SBS96M	SBS96N	SBS96O	SBS96P
A[C>A]A	5.56E-03	8.72E-06	1.48E-02	5.55E-06	1.12E-03	3.23E-06	7.23E-03	4.58E-06	3.35E-02	1.16E-05	1.84E-02	5.68E-06	8.41E-06	4.25E-06	1.30E-03	1.45E-02
A[C>A]C	2.63E-02	8.71E-03	1.94E-02	6.64E-03	7.19E-04	7.08E-06	6.56E-06	2.50E-02	9.71E-06	6.43E-02	5.88E-02	7.58E-06	5.18E-06	1.26E-02	1.39E-05	3.75E-02
A[C>A]G	1.01E-06	5.88E-03	2.02E-03	4.17E-06	1.78E-03	1.59E-06	2.47E-06	9.27E-07	1.08E-06	1.10E-03	2.25E-06	1.73E-02	1.27E-06	1.22E-06	1.66E-03	1.19E-06
A[C>A]T	3.89E-06	4.04E-06	2.00E-03	1.81E-06	1.45E-02	2.53E-06	1.28E-02	1.96E-06	1.68E-06	6.55E-04	2.07E-02	2.70E-06	3.42E-06	3.57E-06	1.33E-03	1.91E-06
A[C>G]A	8.37E-06	1.05E-06	1.87E-03	4.69E-06	8.86E-04	2.76E-06	9.87E-06	5.03E-06	1.25E-02	1.23E-03	3.64E-06	2.23E-02	4.83E-02	4.90E-06	1.67E-03	4.52E-06
A[C>G]C	1.68E-06	2.71E-06	2.02E-03	4.00E-06	1.26E-03	3.69E-06	2.00E-02	4.17E-06	2.84E-06	6.61E-04	4.01E-06	4.55E-06	1.42E-06	4.60E-06	1.46E-02	7.85E-03
A[C>G]G	7.44E-06	5.93E-06	1.77E-03	9.73E-06	1.48E-02	1.02E-05	5.90E-06	6.20E-06	1.03E-02	2.07E-04	9.18E-03	1.99E-02	2.04E-02	5.27E-06	3.75E-04	5.13E-02
A[C>G]T	5.30E-03	6.57E-06	3.95E-02	6.22E-06	1.19E-04	1.43E-02	4.53E-06	1.11E-05	2.89E-06	8.09E-03	9.46E-06	3.15E-02	6.13E-06	5.53E-06	2.37E-02	7.65E-06
A[C>T]A	5.63E-06	1.36E-05	1.19E-05	1.33E-05	3.97E-05	2.83E-02	1.12E-05	8.74E-06	9.59E-06	6.87E-06	1.07E-05	1.14E-05	7.44E-06	4.59E-06	6.80E-02	5.33E-06
A[C>T]C	3.91E-06	5.38E-06	1.55E-03	5.37E-06	5.60E-05	4.42E-06	2.53E-02	9.18E-03	1.47E-02	1.23E-03	1.79E-02	3.14E-06	1.51E-02	4.57E-06	1.26E-03	1.29E-02
A[C>T]G	1.27E-05	1.30E-05	1.14E-05	4.63E-02	1.26E-05	1.12E-05	1.13E-05	1.26E-05	9.97E-06	1.23E-05	1.41E-05	8.97E-06	1.02E-05	1.15E-05	1.25E-05	9.55E-06
A[C>T]T	9.66E-06	1.01E-02	1.32E-03	1.12E-05	2.01E-02	3.44E-06	6.72E-06	4.70E-02	3.27E-02	3.46E-02	8.58E-06	2.75E-06	2.57E-02	3.33E-02	9.86E-04	1.45E-02
A[T>A]A	2.25E-06	3.44E-06	1.81E-03	4.98E-03	1.42E-02	9.20E-03	1.95E-06	2.81E-06	7.36E-07	4.90E-04	9.34E-03	3.10E-06	1.10E-06	2.95E-06	1.66E-03	1.99E-06
A[T>A]C	1.09E-05	5.52E-06	1.58E-03	7.72E-03	3.93E-04	3.26E-06	2.48E-06	5.65E-06	8.82E-06	2.70E-02	1.67E-02	4.76E-02	9.49E-07	3.40E-06	2.23E-02	3.98E-02
A[T>A]G	3.92E-06	1.35E-05	9.03E-04	9.52E-03	8.82E-05	9.72E-06	1.02E-05	2.71E-06	1.17E-02	5.63E-06	1.46E-02	3.23E-02	7.36E-06	2.56E-02	4.94E-02	4.77E-02
A[T>A]T	2.12E-06	5.41E-06	7.36E-03	5.57E-06	1.78E-03	5.21E-06	1.75E-06	3.67E-06	1.09E-06	1.23E-03	4.56E-06	1.14E-02	2.02E-06	1.49E-06	1.21E-03	1.68E-02
A[T>C]A	1.04E-05	1.09E-05	7.60E-02	1.30E-05	1.69E-02	1.43E-02	8.73E-06	6.35E-06	9.53E-06	9.13E-06	1.06E-05	8.47E-06	8.62E-06	4.13E-06	3.44E-02	3.54E-02
A[T>C]C	3.37E-06	1.51E-06	1.00E-02	1.76E-06	1.78E-03	1.63E-06	3.58E-06	2.82E-06	2.10E-06	9.24E-03	2.48E-06	2.73E-06	2.52E-06	1.14E-02	4.45E-04	9.61E-07
A[T>C]G	9.30E-06	1.25E-05	1.32E-03	1.43E-02	6.84E-04	9.68E-06	8.33E-06	3.29E-02	5.97E-02	1.24E-03	9.09E-06	3.41E-02	6.08E-06	6.56E-06	1.28E-03	7.28E-06
A[T>C]T	2.77E-02	9.21E-06	1.17E-03	1.00E-05	1.64E-05	6.50E-06	2.55E-02	6.75E-06	8.00E-03	1.08E-04	1.36E-05	9.54E-06	9.44E-06	7.13E-02	1.83E-02	9.79E-06
A[T>G]A	3.14E-06	3.06E-06	1.97E-03	1.95E-06	1.78E-03	2.18E-06	5.33E-06	3.27E-06	2.76E-02	1.23E-03	9.10E-06	1.14E-02	9.43E-06	2.24E-02	6.74E-06	2.51E-06
A[T>G]C	9.97E-07	1.26E-06	2.07E-03	1.57E-06	1.78E-03	1.52E-06	9.65E-07	9.83E-07	5.26E-07	1.23E-03	8.83E-07	8.67E-07	9.78E-07	1.13E-06	1.66E-03	1.26E-06
A[T>G]G	9.97E-07	1.26E-06	2.07E-03	1.57E-06	1.78E-03	1.52E-06	9.65E-07	9.83E-07	5.26E-07	1.23E-03	8.83E-07	8.67E-07	9.78E-07	1.13E-06	1.66E-03	1.26E-06
A[T>G]T	3.44E-06	2.95E-06	2.07E-03	2.38E-06	1.11E-03	2.33E-06	6.65E-03	3.14E-06	5.20E-07	1.23E-03	1.40E-06	1.05E-02	9.65E-07	2.41E-06	1.66E-03	1.26E-06
C[C>A]A	5.21E-06	2.65E-06	1.84E-04	9.87E-06	3.19E-02	6.65E-06	7.83E-06	5.24E-06	3.97E-06	1.23E-03	6.50E-06	2.57E-02	1.15E-02	2.52E-02	4.37E-04	3.63E-02
C[C>A]C	8.96E-06	2.30E-06	2.08E-03	4.54E-06	1.62E-05	6.00E-06	4.32E-06	1.30E-02	2.14E-06	1.23E-03	8.34E-06	4.43E-06	2.24E-02	4.40E-02	1.26E-04	2.76E-06
C[C>A]G	7.45E-06	1.04E-06	1.91E-02	5.40E-06	4.57E-04	2.28E-06	5.75E-06	7.00E-06	4.66E-06	3.38E-02	6.19E-06	4.98E-06	2.84E-02	9.33E-06	1.21E-03	6.15E-06
C[C>A]T	7.50E-06	5.26E-03	1.19E-02	9.15E-06	8.90E-04	3.79E-06	5.17E-06	1.73E-02	1.25E-02	2.09E-05	3.00E-06	4.45E-06	2.06E-06	2.20E-06	1.28E-03	3.30E-02
C[C>G]A	7.12E-06	5.42E-06	1.58E-03	6.27E-03	1.69E-03	1.97E-06	3.41E-02	7.93E-03	2.14E-06	1.30E-02	7.06E-06	1.23E-06	4.28E-02	2.54E-06	1.28E-03	2.53E-06
C[C>G]C	5.54E-06	5.26E-03	1.53E-03	9.23E-06	1.44E-03	7.86E-06	9.29E-03	1.01E-05	3.66E-06	6.85E-02	7.89E-06	7.07E-06	4.56E-02	8.30E-06	6.15E-04	1.03E-05
C[C>G]G	2.52E-06	8.71E-03	1.91E-03	3.97E-06	1.23E-03	1.69E-06	2.61E-06	1.65E-02	1.43E-02	1.23E-03	2.08E-06	1.14E-02	1.73E-06	2.77E-06	1.21E-03	3.56E-06
C[C>G]T	7.75E-06	9.40E-06	1.97E-03	9.44E-06	1.44E-03	5.21E-06	2.40E-06	5.35E-06	3.36E-06	4.32E-06	6.74E-06	6.43E-06	2.86E-02	6.59E-06	4.95E-02	2.09E-06
C[C>T]A	5.30E-03	1.01E-05	2.84E-02	7.03E-06	1.43E-05	9.20E-03	1.11E-05	5.09E-02	1.56E-02	1.05E-05	1.79E-02	5.11E-06	5.27E-06	4.78E-02	9.27E-04	3.03E-02
C[C>T]C	9.88E-06	1.33E-02	1.04E-03	1.12E-05	8.05E-03	8.33E-06	8.15E-06	1.55E-02	1.56E-02	1.23E-03	6.85E-06	7.42E-06	1.06E-05	1.01E-01	1.21E-03	7.60E-06
C[C>T]G	4.75E-02	8.60E-02	1.26E-05	1.29E-05	1.42E-05	1.17E-05	1.14E-05	1.27E-05	1.01E-05	9.45E-06	1.28E-05	1.04E-05	1.32E-05	1.20E-05	1.29E-05	1.26E-05
C[C>T]T	1.13E-05	1.14E-05	4.44E-04	9.73E-06	8.00E-02	1.36E-02	1.15E-05	7.93E-03	2.92E-02	1.18E-04	1.12E-05	1.05E-05	8.44E-06	1.09E-05	3.27E-02	1.57E-02
C[T>A]A	2.59E-06	5.37E-06	1.71E-03	2.47E-06	1.78E-03	3.49E-06	2.62E-06	4.38E-06	2.26E-02	9.17E-03	2.76E-06	3.67E-06	5.69E-07	1.74E-02	1.66E-03	2.19E-06
C[T>A]C	9.30E-06	5.63E-06	1.96E-03	6.42E-06	1.26E-03	9.05E-03	9.28E-03	4.96E-02	3.71E-06	9.24E-03	5.42E-06	1.47E-06	3.32E-06	1.30E-06	1.36E-03	3.72E-06
C[T>A]G	6.47E-06	4.86E-06	1.67E-03	1.24E-05	2.97E-02	1.74E-02	1.08E-05	8.39E-03	3.71E-06	1.27E-05	2.06E-02	3.39E-06	4.67E-06	5.97E-06	1.21E-03	2.95E-06
C[T>A]T	5.84E-06	3.30E-02	1.64E-03	8.20E-06	2.11E-02	8.71E-06	7.27E-06	2.55E-02	2.81E-06	5.54E-02	5.10E-06	3.06E-06	1.02E-05	4.93E-06	9.72E-06	2.38E-02
C[T>C]A	6.72E-03	9.16E-06	1.87E-03	1.08E-05	1.78E-03	6.86E-06	2.21E-06	2.84E-06	8.74E-06	1.23E-03	1.12E-05	1.65E-06	1.36E-06	4.95E-06	1.28E-03	6.20E-02
C[T>C]C	7.01E-06	7.08E-06	1.81E-03	5.42E-06	4.22E-02	3.70E-06	3.90E-06	1.55E-02	1.63E-06	1.30E-02	9.18E-03	6.79E-06	9.35E-06	3.34E-06	1.82E-02	6.06E-06
C[T>C]G	7.99E-06	5.37E-06	5.49E-04	1.07E-05	6.32E-02	1.37E-02	3.56E-02	3.80E-06	1.56E-02	7.47E-06	1.26E-05	5.44E-06	1.59E-02	1.28E-02	6.36E-04	1.22E-05
C[T>C]T	4.75E-06	3.29E-02	1.65E-02	6.03E-06	3.28E-04	1.88E-06	9.86E-06	9.74E-06	2.89E-02	2.43E-05	4.95E-06	3.77E-06	7.81E-06	3.46E-06	7.96E-03	3.00E-06
C[T>G]A	4.98E-06	1.71E-06	2.04E-03	4.76E-03	1.78E-03	5.54E-06	1.13E-06	1.29E-06	1.89E-06	1.23E-03	5.62E-06	1.55E-06	2.05E-06	1.43E-06	8.38E-03	1.60E-06
C[T>G]C	5.30E-03	2.07E-06	1.90E-03	3.18E-06	1.43E-03	9.11E-03	1.37E-06	9.85E-07	1.25E-02	1.03E-03	7.15E-03	1.94E-06	1.20E-06	1.21E-06	1.46E-02	1.40E-06
C[T>G]G	6.72E-03	4.20E-06	1.86E-03	1.00E-05	1.43E-03	7.30E-02	1.03E-05	8.60E-06	1.93E-06	2.26E-02	5.92E-06	9.06E-06	2.57E-02	3.71E-02	3.18E-05	2.81E-06
C[T>G]T	9.64E-06	7.07E-06	1.07E-03	7.87E-06	1.22E-03	6.79E-03	9.58E-06	1.53E-02	4.74E-06	1.23E-03	4.09E-02	1.69E-06	3.91E-02	2.52E-02	1.08E-03	2.87E-02
G[C>A]A	1.18E-05	4.16E-02	4.13E-04	8.61E-06	1.44E-03	6.89E-06	9.59E-06	7.07E-06	6.20E-06	8.77E-06	1.03E-05	3.71E-02	6.50E-02	1.03E-05	1.19E-05	4.75E-06
G[C>A]C	5.30E-03	1.47E-06	1.80E-03	4.64E-06	1.78E-03	2.12E-06	2.81E-06	1.31E-06	2.04E-02	1.23E-03	1.15E-06	4.08E-02	4.80E-06	9.24E-07	1.49E-03	4.77E-06
G[C>A]G	5.40E-06	9.78E-06	1.67E-03	5.74E-06	1.23E-03	1.17E-02	9.28E-03	7.33E-06	4.88E-06	9.17E-03	3.83E-06	7.48E-06	1.03E-01	1.51E-06	1.36E-03	8.22E-06
G[C>A]T	6.40E-06	4.98E-06	1.02E-02	8.10E-06	1.23E-03	6.26E-06	7.89E-06	7.00E-06	5.33E-06	3.33E-02	2.25E-02	6.95E-06	4.37E-06	5.13E-02	6.81E-06	2.79E-02
G[C>G]A	7.48E-06	7.59E-06	1.90E-03	5.52E-06	1.78E-03	8.69E-06	3.16E-06	7.74E-06	8.04E-06	4.01E-06	1.07E-06	2.84E-02	1.10E-06	4.04E-06	1.67E-03	4.02E-06
G[C>G]C	4.35E-06	8.71E-03	1.96E-03	5.33E-06	2.13E-02	4.61E-06	3.42E-06	4.44E-06	4.14E-06	1.62E-05	1.84E-06	1.48E-02	1.57E-06	2.82E-06	1.66E-03	1.77E-06
G[C>G]G	3.30E-06	2.92E-06	1.95E-03	2.89E-06	1.78E-03	1.13E-02	1.28E-02	1.02E-02	1.22E-06	1.23E-03	3.13E-06	1.97E-06	2.52E-06	1.38E-06	1.23E-03	1.26E-06
G[C>G]T	4.83E-06	4.95E-06	1.96E-03	4.53E-06	1.78E-03	5.86E-03	3.35E-02	1.26E-02	4.39E-06	9.35E-04	3.66E-06	8.14E-07	2.21E-06	1.20E-06	1.47E-02	1.44E-06
G[C>T]A	1.13E-05	9.60E-06	5.80E-04	1.54E-02	1.23E-03	1.24E-05	2.24E-02	1.49E-02	1.26E-05	8.32E-02	4.70E-06	3.78E-06	3.78E-02	1.18E-05	1.72E-04	5.84E-06
G[C>T]C	9.71E-06	1.04E-05	1.68E-02	1.05E-05	5.55E-02	2.04E-06	2.41E-02	9.09E-06	5.76E-06	4.35E-02	9.17E-06	8.76E-06	8.62E-06	8.74E-06	1.04E-05	1.72E-02
G[C>T]G	6.96E-02	1.38E-05	1.33E-05	1.31E-05	8.81E-06	1.43E-05	1.38E-05	1.19E-05	1.15E-05	1.29E-05	1.29E-05	9.40E-06	1.27E-05	9.78E-06	9.14E-06	1.20E-05
G[C>T]T	1.12E-02	2.15E-02	8.02E-03	1.49E-02	1.10E-03	4.34E-06	5.05E-06	1.03E-05	1.47E-02	3.57E-02	9.53E-06	1.14E-02	4.13E-06	1.74E-02	5.03E-04	6.49E-06
G[T>A]A	4.96E-06	6.68E-03	2.02E-03	5.88E-06	1.78E-03	1.55E-06	9.47E-06	6.65E-06	8.98E-07	1.13E-06	2.30E-06	1.04E-06	9.89E-07	3.30E-02	1.66E-03	1.77E-06
G[T>A]C	1.08E-06	2.19E-06	2.02E-03	1.52E-06	1.78E-03	3.71E-06	7.45E-07	8.61E-07	2.43E-06	1.23E-03	2.52E-06	8.60E-07	9.80E-07	1.18E-06	1.46E-02	1.18E-06
G[T>A]G	4.22E-06	3.30E-02	1.69E-03	6.27E-03	1.06E-03	2.57E-06	1.28E-02	3.77E-06	1.77E-06	9.17E-03	2.07E-02	3.53E-06	7.88E-06	3.70E-06	1.67E-03	2.81E-06
G[T>A]T	2.30E-06	5.60E-06	1.81E-03	3.71E-06	1.78E-03	4.60E-03	1.81E-06	4.75E-06	1.37E-06	2.62E-02	3.67E-06	1.14E-02	1.24E-06	1.75E-06	1.23E-05	2.00E-06
G[T>C]A	6.53E-06	9.62E-06	2.54E-02	9.71E-06	1.68E-02	6.67E-03	6.50E-02	1.91E-06	2.89E-06	1.23E-03	1.36E-02	3.04E-06	8.45E-03	5.88E-06	4.27E-04	2.90E-06
G[T>C]C	5.86E-03	6.94E-06	1.16E-02	7.13E-06	1.44E-03	7.01E-06	6.68E-06	1.30E-02	3.11E-06	2.43E-02	6.21E-06	3.39E-06	2.04E-02	4.20E-06	8.41E-03	1.29E-02
G[T>C]G	5.85E-06	8.75E-03	1.62E-02	1.13E-05	1.44E-03	9.18E-03	4.64E-06	4.34E-06	2.26E-06	1.10E-03	6.38E-06	3.22E-02	2.31E-06	6.96E-06	1.27E-02	2.47E-06
G[T>C]T	5.86E-03	1.86E-02	1.86E-03	3.60E-06	1.44E-03	4.57E-06	2.17E-06	4.08E-06	4.39E-06	1.67E-05	2.97E-06	1.48E-02	3.46E-06	2.31E-02	1.48E-03	3.42E-06
G[T>G]A	2.11E-06	1.28E-06	1.90E-03	1.55E-06	1.78E-03	2.03E-06	7.23E-03	1.25E-06	1.82E-06	1.23E-03	1.16E-02	7.58E-07	8.35E-07	1.58E-06	1.66E-03	1.41E-06
G[T>G]C	2.22E-06	2.23E-06	8.79E-03	6.75E-06	2.06E-02	3.50E-06	1.25E-06	2.95E-06	2.08E-06	1.23E-03	3.62E-06	2.88E-06	1.67E-02	4.34E-06	1.67E-03	3.35E-06
G[T>G]G	5.86E-03	5.92E-06	1.59E-03	7.00E-06	1.78E-03	5.89E-06	9.02E-06	2.28E-02	1.47E-02	3.90E-06	6.86E-06	4.08E-06	4.28E-06	3.30E-02	8.41E-03	2.10E-02
G[T>G]T	5.21E-06	2.50E-06	1.70E-03	3.61E-06	1.68E-02	1.65E-06	5.29E-06	9.18E-03	2.95E-06	1.23E-03	1.08E-06	2.77E-06	8.45E-03	5.21E-06	1.21E-03	1.86E-06
T[C>A]A	1.31E-05	8.46E-06	1.03E-02	1.34E-05	2.87E-02	9.14E-06	7.21E-06	1.07E-05	8.05E-06	2.25E-05	5.07E-06	1.99E-02	1.44E-02	3.98E-06	1.15E-02	9.01E-02
T[C>A]C	1.33E-05	6.17E-06	6.43E-04	1.25E-05	9.94E-06	9.59E-06	6.47E-03	1.02E-02	9.59E-06	1.23E-03	5.70E-06	8.62E-02	9.38E-06	1.06E-05	1.07E-05	1.09E-05
T[C>A]G	6.66E-03	8.93E-06	1.91E-03	5.48E-06	1.31E-03	9.51E-06	2.45E-02	9.69E-06	8.14E-06	3.74E-06	6.43E-06	2.74E-02	1.44E-02	2.87E-06	1.67E-03	1.29E-02
T[C>A]T	9.60E-06	5.06E-06	6.95E-03	9.21E-06	1.44E-03	1.11E-05	2.87E-06	1.02E-02	3.30E-02	5.28E-06	1.03E-05	4.84E-06	3.20E-02	6.57E-06	1.89E-02	7.45E-06
T[C>G]A	1.16E-05	3.82E-06	1.07E-01	4.10E-02	9.24E-06	8.88E-06	7.23E-03	6.90E-06	5.73E-06	2.04E-05	7.15E-03	5.67E-06	9.49E-06	5.21E-06	3.35E-02	4.22E-06
T[C>G]C	9.77E-06	9.59E-06	1.53E-03	9.52E-03	8.92E-04	7.01E-02	2.81E-06	8.67E-06	3.05E-02	8.09E-03	1.43E-02	1.20E-05	1.03E-05	4.69E-02	2.37E-02	6.13E-06
T[C>G]G	1.06E-05	6.64E-03	1.89E-03	9.44E-06	9.39E-03	2.58E-02	3.88E-06	5.60E-06	5.15E-06	9.29E-03	1.36E-02	9.84E-06	4.18E-02	1.04E-05	1.31E-03	2.91E-06
T[C>G]T	1.32E-05	1.43E-05	1.06E-05	1.37E-05	2.80E-05	9.36E-06	9.37E-06	8.66E-02	1.25E-05	1.31E-02	1.78E-02	1.26E-05	2.65E-06	1.28E-05	1.98E-04	1.14E-05
T[C>T]A	2.77E-02	1.11E-05	2.29E-05	1.35E-05	1.27E-05	1.05E-05	8.67E-02	1.27E-05	1.04E-05	1.03E-05	1.13E-05	1.06E-05	9.22E-06	9.18E-06	1.00E-05	1.25E-05
T[C>T]C	1.32E-05	6.63E-06	9.53E-06	9.84E-06	1.15E-05	2.68E-02	1.10E-05	3.68E-02	1.09E-01	9.94E-06	3.28E-02	1.71E-02	5.80E-06	1.35E-05	5.53E-04	9.37E-06
T[C>T]G	1.30E-05	3.15E-02	4.55E-05	9.19E-06	1.20E-05	1.12E-01	1.05E-05	1.14E-05	6.71E-06	1.27E-05	2.93E-02	9.09E-06	1.32E-05	1.23E-05	8.44E-06	4.66E-06
T[C>T]T	1.31E-05	1.34E-02	8.69E-04	1.24E-05	9.87E-06	1.14E-05	5.08E-06	9.35E-06	8.84E-06	8.92E-06	7.57E-02	8.48E-06	4.27E-06	1.22E-05	1.01E-05	9.55E-06
T[T>A]A	6.03E-06	4.53E-06	2.05E-03	5.29E-06	1.47E-02	4.64E-06	3.40E-06	5.61E-06	4.11E-06	1.64E-05	5.24E-06	1.48E-02	8.97E-07	2.91E-06	1.27E-02	2.00E-06
T[T>A]C	1.89E-06	4.37E-06	6.83E-03	2.33E-06	8.02E-03	1.82E-06	5.52E-06	5.83E-06	3.04E-06	6.61E-04	1.27E-06	3.62E-06	2.49E-06	2.60E-06	1.67E-03	7.85E-03
T[T>A]G	2.63E-06	9.53E-07	1.96E-03	5.42E-06	2.13E-02	1.12E-06	3.52E-06	2.11E-06	1.25E-06	1.23E-03	9.18E-03	1.16E-06	9.62E-07	3.20E-06	1.66E-03	1.35E-06
T[T>A]T	1.34E-02	2.56E-06	1.00E-02	1.64E-06	1.78E-03	9.18E-03	3.05E-06	2.51E-06	7.64E-07	1.23E-03	6.06E-07	1.81E-06	6.27E-07	2.97E-06	1.21E-03	1.12E-06
T[T>C]A	3.54E-06	1.32E-06	2.07E-03	4.94E-06	8.60E-05	1.26E-06	2.97E-06	1.24E-06	1.17E-02	1.23E-03	1.79E-02	1.51E-06	1.32E-06	2.99E-06	1.66E-03	1.36E-06
T[T>C]C	9.64E-06	9.63E-06	7.43E-03	5.31E-06	1.78E-03	5.60E-06	1.82E-06	4.15E-06	5.54E-02	5.67E-04	5.79E-06	1.71E-02	4.70E-06	5.78E-06	5.51E-04	2.45E-06
T[T>C]G	1.91E-06	5.19E-06	7.35E-03	5.59E-06	8.01E-03	4.90E-06	5.58E-06	7.66E-03	2.52E-06	1.23E-03	4.48E-06	3.23E-06	2.54E-06	2.57E-06	1.67E-03	2.50E-06
T[T>C]T	9.53E-06	1.52E-06	1.50E-03	1.00E-05	1.39E-03	6.67E-03	1.33E-02	1.49E-02	2.29E-06	1.23E-03	1.43E-02	6.45E-02	1.67E-02	3.27E-06	1.21E-03	9.40E-06
T[T>G]A	2.11E-06	2.25E-06	2.07E-03	1.58E-06	1.78E-03	1.60E-06	1.11E-06	1.47E-06	5.30E-07	4.90E-04	9.34E-03	8.58E-07	9.96E-07	1.19E-06	1.66E-03	1.83E-06
T[T>G]C	3.38E-06	5.26E-03	2.00E-03	5.91E-03	1.43E-03	1.60E-06	1.04E-06	9.74E-07	1.17E-02	1.23E-03	2.81E-06	1.58E-06	1.47E-06	1.25E-06	1.52E-03	1.54E-06
T[T>G]G	9.97E-07	1.26E-06	2.07E-03	1.57E-06	1.78E-03	1.52E-06	9.65E-07	9.83E-07	5.26E-07	1.23E-03	8.83E-07	8.67E-07	9.78E-07	1.13E-06	1.66E-03	1.26E-06
T[T>G]T	1.34E-02	9.75E-06	1.62E-03	4.59E-06	6.28E-04	6.65E-06	6.47E-03	8.89E-06	2.57E-06	1.23E-03	3.44E-06	2.90E-02	1.44E-02	5.56E-06	1.90E-02	2.95E-06
