MutationType	SBS96A	SBS96B	SBS96C	SBS96D	SBS96E	SBS96F	SBS96G	SBS96H	SBS96I	SBS96J	SBS96K	SBS96L	SBS96M	SBS96N	SBS96O	SBS96P
A[C>A]A	0.005643147695809603	7.520231702073943e-05	0.022784088068874553	8.104295993689447e-05	0.0015769640438520582	8.879873639671132e-05	0.007312763990921667	8.614137186668813e-05	0.06057364542357391	0.00010322092784917914	0.01844619632593094	8.91751184099121e-05	8.565522293793037e-05	9.103105512622278e-05	0.0017570784082636237	0.014536539529945002
A[C>A]C	0.026353614970868043	0.008765740665330668	0.021212440653471276	0.006710453891171753	0.0010815018945322663	7.112074163160287e-05	8.397910023631994e-05	0.025076300908767734	7.557378321507713e-05	0.07760963695291138	0.058936913995057696	8.64881574671017e-05	8.96239849680569e-05	0.012673526335856878	9.503247601969634e-05	0.03761692254192894
A[C>A]G	9.68315805948805e-05	0.005975557195779402	0.005064324978593504	8.961092935351189e-05	0.0027623046516964678	9.656760084908456e-05	9.74902133748401e-05	9.978802409023046e-05	0.00010027477765106596	0.0011983875134319532	9.714502084534615e-05	0.017452586029685337	0.00010196207003900781	0.00010172089096158743	0.0025936428777640686	0.0001012533510220237
A[C>A]T	8.89810049557127e-05	9.077456488739699e-05	0.00533208250781172	9.389180413563736e-05	0.017419109708134782	9.438625347684138e-05	0.012851694440178108	9.773077326826751e-05	9.843690349953249e-05	0.0007548595189291518	0.02084057321480941	9.907601634040475e-05	9.891075460473075e-05	9.860907739493996e-05	0.001893281408410985	9.991202750825323e-05
A[C>G]A	8.51315267937025e-05	9.777839004527777e-05	0.004262227308936417	8.755585986364167e-05	0.0010418928693979978	9.507293143542483e-05	8.850799963653345e-05	9.420297938049771e-05	0.012621674854381126	0.0013298227291670627	9.030772707774304e-05	0.022434330450050766	0.0627515745582059	9.173819125862792e-05	0.002588989899959415	9.5133915237966e-05
A[C>G]C	9.441427901037968e-05	9.391528583364561e-05	0.005047837449819781	9.114148306252901e-05	0.001802747158217244	9.281394159188494e-05	0.02006278508124524	9.644930833019316e-05	9.694031323306262e-05	0.0007620207135914825	9.325974315288477e-05	9.856490905804093e-05	0.00010202114717685617	9.816911515372339e-05	0.017389704265224282	0.007947716618218692
A[C>G]G	7.816720062692184e-05	8.493455352436286e-05	0.003582506657403428	7.05515494928477e-05	0.015460140603772743	7.602668772506149e-05	8.795353860477917e-05	8.679071324877441e-05	0.010416938607522751	0.00029794527872581964	0.009269818241227768	0.01995980454958044	0.020517367451975587	8.907353330869227e-05	0.0004979348392225802	0.0766597922265646
A[C>G]T	0.0053726594475079995	7.921141223050654e-05	0.05114826710548677	8.078911996562965e-05	0.00020004076541226822	0.014420300299389056	8.619586187705864e-05	7.090304634402856e-05	8.904481073841452e-05	0.008185857554053655	8.050893244444523e-05	0.042121952459274324	8.697338671481702e-05	8.97950267244596e-05	0.0248098089477935	8.003131661098451e-05
A[C>T]A	8.031895267777145e-05	5.465460833915525e-05	5.417920313561808e-05	4.477535724554116e-05	0.00011533171636983753	0.042446673229081654	7.133616477688065e-05	8.016979936655843e-05	6.758781873941188e-05	7.938298003864474e-05	6.70583371174871e-05	6.738644506185665e-05	8.224365337810014e-05	8.446446590824053e-05	0.3461164189655392	8.347448165295646e-05
A[C>T]C	8.888357624527998e-05	8.684148560860195e-05	0.0037576021357381252	8.60163439938333e-05	0.0001478061152738519	9.233360615326091e-05	0.02535562309494708	0.00927669275260996	0.014803581163141644	0.0013246974322100868	0.01799253700810368	9.650310530560092e-05	0.015164484353590524	9.246319459634832e-05	0.0018159560582716948	0.012964182173163863
A[C>T]G	4.306875471229432e-05	6.353151707969574e-05	7.279310871126654e-05	0.8452801883220673	5.953194374512805e-05	6.520021841396328e-05	7.183753701980322e-05	6.564645744902008e-05	5.777466258223285e-05	5.6505250989147274e-05	5.9539577921441375e-05	7.957328007250908e-05	7.361166592545487e-05	6.72407253205165e-05	5.8546882860355255e-05	8.403696351706458e-05
A[C>T]T	6.959169852507329e-05	0.01013616309651404	0.0014805397169020296	7.149321941142261e-05	0.020610371262228	8.645943817100487e-05	7.89366753451759e-05	0.04705349156793091	0.04343347637914121	0.03533496990903586	7.608896539750276e-05	9.533067932352424e-05	0.02582212179186172	0.03336884935415583	0.0010656855491333773	0.014539824638268329
A[T>A]A	9.378445902257227e-05	9.321084726252594e-05	0.0048931215766060635	0.005069022785755805	0.017061634106357814	0.00929416929211584	9.630157146602868e-05	9.527331421850249e-05	0.00010060525310109369	0.0005888151834369637	0.009441967197199119	9.87615560006816e-05	0.00010227682651020586	9.990831968025305e-05	0.0025945479683286976	0.00010032572536147199
A[T>A]C	6.860574521851958e-05	8.89186303538736e-05	0.0024090157178704883	0.007791388701843971	0.0004867781273787841	9.158216053037905e-05	9.345005673822016e-05	8.71921922225738e-05	7.54344404413132e-05	0.028203992584894876	0.016800559422335937	0.04770364636788145	9.849860944086686e-05	9.318317752331496e-05	0.023760654802026694	0.07330194996029604
A[T>A]G	8.443418410024606e-05	5.94727874840828e-05	0.0010640485795016196	0.009581492011166403	0.0001621382986286335	6.73935838676698e-05	7.496742868014495e-05	9.164360308204778e-05	0.011812765416470939	8.65536399942357e-05	0.014635451937101607	0.0323769086287939	8.807985632302007e-05	0.025712302136798825	0.05161635792064771	0.09082399288300529
A[T>A]T	9.480229491600766e-05	9.115107022807933e-05	0.012192758737364784	8.658756523800548e-05	0.002758621381508419	9.069035586435348e-05	9.687729325378314e-05	9.200047061312944e-05	9.987342709791847e-05	0.0013318331890332046	9.380988267366774e-05	0.011490928014973178	9.933855180861428e-05	0.00010127605346497149	0.0013164086507458706	0.016892658168944762
A[T>C]A	6.964172407606384e-05	7.791863210968586e-05	0.13459079371859844	5.97801936537995e-05	0.017496757612752843	0.014410164677519788	6.667631914751837e-05	8.377805170312058e-05	7.292744737696921e-05	7.754045568617585e-05	7.46780709050654e-05	7.274492963915691e-05	8.410064747295109e-05	8.979779813671485e-05	0.04537209477794022	0.049908185972162754
A[T>C]C	9.097557340282947e-05	9.625589518691413e-05	0.016115349038591374	9.293257826357149e-05	0.002759185438480927	9.580252299201675e-05	9.42909944569692e-05	9.414848173037172e-05	9.897897980408743e-05	0.010624997631384758	9.740663808770478e-05	9.930633532349021e-05	0.0001006448692351114	0.011528989941143663	0.0006371341514750384	9.965014905901625e-05
A[T>C]G	7.149461130211421e-05	7.251872388565061e-05	0.0020298404634047527	0.014372399183548623	0.0007757252220471855	6.702396922264597e-05	8.298740503960289e-05	0.032971566347377745	0.10601375729038409	0.0013089847915580322	7.902697925601387e-05	0.050737472453761256	9.14048661798006e-05	8.486678307235706e-05	0.0013754750492807944	8.345664682565256e-05
A[T>C]T	0.02777551364433748	7.341685550272814e-05	0.0018840908556740032	7.169273203029291e-05	0.00010418770252726973	6.699673940602224e-05	0.025528777169529348	7.515489269280807e-05	0.008080842909112106	0.00019610707277024632	5.999758268444566e-05	7.519757334648603e-05	7.613050329382531e-05	0.20465519319914166	0.01838930067920046	8.05112805664976e-05
A[T>G]A	9.29006768274121e-05	9.134565261774697e-05	0.004890408563005622	9.20962069358211e-05	0.0027575213433010505	9.43465216550976e-05	8.938507053244394e-05	9.274910553358495e-05	0.02767541751745739	0.0013328909102710896	8.559466732549481e-05	0.011485604227345902	8.88985518940899e-05	0.022462975600501523	0.0001094904902856797	9.695944681880065e-05
A[T>G]C	9.677529669716023e-05	9.749805903993546e-05	0.006264210670633474	9.458065323997289e-05	0.0027628804607957138	9.729435623739846e-05	9.929050720529631e-05	9.965890494640916e-05	0.00010121327140950598	0.0013347750529646874	9.920490119839088e-05	0.00010335976985516026	0.00010277744586346671	0.0001024704979499802	0.0025965238841308747	0.00010192668050876819
A[T>G]G	9.677529669716023e-05	9.749805903993546e-05	0.006264210670633474	9.458065323997289e-05	0.0027628804607957138	9.729435623739846e-05	9.929050720529631e-05	9.965890494640916e-05	0.00010121327140950598	0.0013347750529646874	9.920490119839088e-05	0.00010335976985516026	0.00010277744586346671	0.0001024704979499802	0.0025965238841308747	0.00010192668050876819
A[T>G]T	9.32943876250647e-05	9.418344416189939e-05	0.006263101903459756	9.380749834235758e-05	0.0013833462311595214	9.519413360976614e-05	0.006751456548226997	9.587715612724423e-05	0.00010062858200399205	0.0013340939884074032	9.736947613419034e-05	0.010629202477866783	0.0001027587401040364	9.947212965926156e-05	0.0025968544017814566	0.000101622445799876
C[C>A]A	8.564460440538824e-05	9.231012954842299e-05	0.0003657961082353722	7.059329120124857e-05	0.057796216306451244	8.190040753106587e-05	8.555748099752236e-05	8.82009648194071e-05	9.142676790361293e-05	0.0013235685131803621	7.645675650564953e-05	0.025834613086044556	0.011574508196645183	0.025340190173665178	0.0005385698867030441	0.0544788836115913
C[C>A]C	8.550228421881912e-05	9.171093115583062e-05	0.006244418826645415	8.987897490442265e-05	0.00010838542875717394	9.047570238180924e-05	9.314808157796506e-05	0.01312617536423204	9.656244073994458e-05	0.0013288682537677232	8.779725430940744e-05	9.564698702888564e-05	0.02245971635202295	0.06415052725787973	0.0002317573962500319	9.706646960694343e-05
C[C>A]G	8.460513818135951e-05	9.62894242547918e-05	0.025048590631195113	8.410275913774967e-05	0.0005479090348671888	9.476741470280104e-05	9.171332312689629e-05	8.294181170640514e-05	9.319545642938465e-05	0.041871927217653135	9.099789240281097e-05	9.196250211971347e-05	0.03659119107469451	8.022322654142045e-05	0.0012981453517568297	9.03829037270043e-05
C[C>A]T	8.509449762641452e-05	0.005350186488794861	0.0226248757934286	8.051431555031741e-05	0.000984361163136782	9.067187420441769e-05	8.930791955208406e-05	0.026073182797699702	0.012616449411507347	0.00011140237402287311	9.177343017654493e-05	9.329328931926285e-05	9.838006444624625e-05	9.679071008577012e-05	0.0015033300303912255	0.0331271578965243
C[C>G]A	8.643747059977613e-05	8.67746835865546e-05	0.003610050131828757	0.006351929170341464	0.0025916003047314006	9.345986036350951e-05	0.034202881737292044	0.008024665233824635	9.784481808310375e-05	0.014379540667505353	8.900352968339575e-05	0.00010173366026720033	0.042948822426842524	9.856543692876585e-05	0.0013829843141138554	9.730702440720051e-05
C[C>G]C	8.335121565323788e-05	0.005332099470069807	0.002844670709810195	8.010353751402022e-05	0.0015098564230356716	8.074401166595635e-05	0.009347627937394253	8.123475861339102e-05	8.783168159425259e-05	0.128543336005896	7.701915455982089e-05	8.753339170652907e-05	0.0637879049165349	8.765965776547091e-05	0.0006934139946679352	8.088019559409077e-05
C[C>G]G	9.148453973466531e-05	0.008796283052288346	0.004734656014625216	8.621406268503052e-05	0.0016510217639734038	9.620035998523236e-05	9.539340098854154e-05	0.023249129128089407	0.01439277218087227	0.001333721367700491	9.624866870581173e-05	0.011491569962527138	0.0001003768302325625	9.751710240379907e-05	0.0013139580558345187	9.373617576784455e-05
C[C>G]T	8.477939118165523e-05	8.005644522199873e-05	0.0048896590382355495	8.390143350389678e-05	0.001537040674156742	8.839774382067845e-05	9.697893110569567e-05	9.216295547957998e-05	9.600386620149948e-05	0.00010256062159896828	8.586718649894465e-05	9.51693105889717e-05	0.02874859690127778	9.441511538170744e-05	0.0650052377866814	9.951057800208218e-05
C[C>T]A	0.005361745689424424	6.700127414660528e-05	0.030344424586655806	7.298558593902272e-05	6.508941088441133e-05	0.009269205573036742	6.819691386681371e-05	0.06800088030195184	0.015701087632623966	6.6014797630487e-05	0.017988124947078177	8.632643693999853e-05	8.908174750104081e-05	0.04790308049905434	0.0009919791083717656	0.030364893279602255
C[C>T]C	7.132057251126866e-05	0.013362960003818713	0.001218217566383828	6.687757866075117e-05	0.00813872623257339	8.044818005146226e-05	8.069073719525477e-05	0.01556965843281688	0.015705373822856927	0.0013201787730395154	8.821782994345994e-05	8.291002959595061e-05	7.696133679928608e-05	0.1986726942086534	0.0012978843515156768	7.946658424771159e-05
C[C>T]G	0.04755429320406677	0.645309318703221	5.921191868196729e-05	4.485460915688577e-05	5.212349655066006e-05	5.948207507877612e-05	5.555730167543516e-05	7.664204615487336e-05	5.652628742609522e-05	8.305165913498058e-05	4.329837494481126e-05	6.925816705916077e-05	5.435123015047338e-05	6.640643325681595e-05	6.077026978914546e-05	5.939018844287602e-05
C[C>T]T	5.919244374233412e-05	7.064564724998946e-05	0.00051289238526806	7.545614507620257e-05	0.18280635908522527	0.013646077016892378	7.053117409793139e-05	0.007998898540063238	0.029280197234038498	0.0001980715915124165	6.95922106388025e-05	7.669377891943441e-05	8.475321674268343e-05	7.159106908147806e-05	0.03274442363581329	0.015746589274317557
C[T>A]A	9.157336608041078e-05	8.924382455006707e-05	0.0033131140771729406	9.188886397168972e-05	0.0027620971864962484	9.324800194008276e-05	9.557537268847227e-05	9.343927522422745e-05	0.022681741940323262	0.010552265694423113	9.572338603902608e-05	9.689054713817314e-05	0.00010177386284340172	0.0174803067027824	0.0025936874197213912	0.00010068105839309283
C[T>A]C	8.473307634631056e-05	9.064351324923336e-05	0.005637858434170084	8.54350993904518e-05	0.0013611742811917792	0.009141255578742857	0.009373146821923228	0.049675228768319354	9.53182956436649e-05	0.010617113536227407	9.080542622541543e-05	0.00010139259393326938	9.725761992740445e-05	0.00010118818099726922	0.00199426824474358	9.479859436396509e-05
C[T>A]G	8.259217356680893e-05	8.683124870003666e-05	0.0036839957298075987	6.988752404595289e-05	0.051746281795931284	0.02357447188160222	7.96820846158397e-05	0.008468179891656291	8.925159854697995e-05	9.803206194192171e-05	0.030031787006373635	9.322450350737199e-05	9.263238098355941e-05	8.669300186738837e-05	0.0013275436518597416	9.53833652602043e-05
C[T>A]T	8.199650692404248e-05	0.03309438451102244	0.0028704790653137024	7.956144527270226e-05	0.033156913124548736	8.33324333143537e-05	8.235433415393345e-05	0.02560098142566858	9.604875958757475e-05	0.08202314754644249	8.993834708235227e-05	9.744093622430228e-05	8.539048576494679e-05	8.679868187755346e-05	8.74309720529709e-05	0.023909250255383086
C[T>C]A	0.006808653154803323	8.342739824911405e-05	0.003674627129731789	7.337639918745254e-05	0.0027579591391258874	8.681165727466577e-05	9.501867243670859e-05	9.425668831681832e-05	8.731944308237871e-05	0.00132802297375747	7.91390576523554e-05	9.978235393646174e-05	9.907076309900731e-05	9.337888113805092e-05	0.0013764414208708331	0.12007267958688317
C[T>C]C	8.781882970652078e-05	8.070059484452941e-05	0.003949309445306426	8.175285511242691e-05	0.04284125719641452	9.143777497229166e-05	9.345887738163584e-05	0.015587305997905787	9.913037429214455e-05	0.014445598793099635	0.009271681889731553	9.087905782507732e-05	9.02139750905917e-05	9.630346248741261e-05	0.019684843434697542	9.09282432985492e-05
C[T>C]G	7.814340278855525e-05	8.844758449413347e-05	0.0006793927557282586	6.347492972054169e-05	0.11697463568089006	0.013822637689577278	0.03572327431975282	8.538474212400615e-05	0.015698454351968393	8.203278011933434e-05	7.10078519716717e-05	8.25723782327259e-05	0.022930184347615068	0.012873703703553474	0.0007117083606999585	6.807259948118371e-05
C[T>C]T	8.723130194994155e-05	0.04847438605429488	0.03019114736962365	8.52178633067524e-05	0.00042456846858840436	9.390465274918824e-05	8.061307844400289e-05	8.644607167980211e-05	0.029007364913559285	9.881622154352953e-05	9.232855118170846e-05	9.327181105618365e-05	8.97418709428166e-05	9.502767788944766e-05	0.00806451507633028	9.205589740304276e-05
C[T>G]A	9.237781414412893e-05	9.603322396287695e-05	0.0061351298187219076	0.004850612486188765	0.002757440259301802	9.226769616361707e-05	9.84535385214258e-05	9.818012767937034e-05	9.891378140309825e-05	0.0013334821225726046	9.422761613677721e-05	0.00010155726195080206	0.00010104173561558128	0.0001016402464301791	0.009736682374204974	0.00010038758628070355
C[T>G]C	0.005390082827943843	9.353448185720482e-05	0.0047582653838617265	9.130897742579692e-05	0.0022149308570078574	0.009199457606882788	9.813576689339243e-05	9.856618344201706e-05	0.012626742092106725	0.0011289831403701101	0.007240134524909081	0.00010110909133800305	0.00010182605983573012	0.00010191797337029129	0.017101429719332373	0.00010055109596578405
C[T>G]G	0.006803837155894143	8.98512160347309e-05	0.004440283597068629	7.416132504260986e-05	0.0015563756894152903	0.0780488827433146	7.331443730436149e-05	7.836101249267813e-05	9.711037273518741e-05	0.022703922916116427	8.474749447486828e-05	8.47472434543306e-05	0.02581606683341988	0.0541739829845028	0.00011662963697744999	9.569906396791338e-05
C[T>G]T	7.351845661105472e-05	8.485422840749379e-05	0.0012870757845121262	7.604871716466732e-05	0.0018988117979461094	0.006864507212958415	8.913534563816938e-05	0.015413304892354063	9.108037484111265e-05	0.001332728327543009	0.06089605757770187	0.0001002182594675105	0.03922715316366521	0.025349783455749276	0.0016965426699243834	0.02875526582065504
G[C>A]A	6.431073570638546e-05	0.04164520926278783	0.000509536956451484	6.915027515788096e-05	0.0015084999711689306	7.620704782311805e-05	7.453602233908896e-05	7.356756032095291e-05	7.525692781200633e-05	8.970701164798812e-05	5.273790825413016e-05	0.054610127885462136	0.20789788758738723	7.249336049426347e-05	7.589288470626343e-05	8.513020402460825e-05
G[C>A]C	0.00537952051126922	9.6751067758305e-05	0.0035073816892690957	8.763211662881077e-05	0.0027609999226115177	9.472809106227941e-05	9.548026646371e-05	9.79325566731859e-05	0.02048818045441294	0.0013287572641274893	9.836704193730839e-05	0.06052052531595109	9.55697862082161e-05	0.00010162926846533083	0.0023066671295964626	9.589558248990215e-05
G[C>A]G	8.699023455847055e-05	8.443656457400583e-05	0.0039695860279607585	8.495160400343594e-05	0.0013076364061134881	0.011803220807905745	0.009372795838282854	8.923848272388569e-05	9.422849179827609e-05	0.010554350492020604	8.995913449325599e-05	9.358776733279229e-05	0.1407642941652739	0.00010123895117430948	0.0019852310892019887	8.90556286321953e-05
G[C>A]T	7.787694012222346e-05	8.853471517795697e-05	0.013400927503971616	8.038212690735236e-05	0.0013095663078729557	8.28872485726606e-05	8.001707246876321e-05	8.435050131083699e-05	8.646251408208627e-05	0.042394374575087566	0.02256145137180283	8.716092379472684e-05	9.424372838111595e-05	0.07118033196165925	9.39313082199078e-05	0.027962996312049883
G[C>G]A	8.889307646313682e-05	8.84813012817176e-05	0.005405030105612241	8.904343303584028e-05	0.0027524379612714257	8.647943768664845e-05	9.492950921412558e-05	9.222026619681856e-05	9.198440238833427e-05	9.684455653768964e-05	9.820707564358599e-05	0.038767541422566866	0.00010228336541331373	9.727482101880014e-05	0.002590719650470419	9.761349210748448e-05
G[C>G]C	8.864383780746721e-05	0.00880028903047787	0.004290106375265168	8.560441674489993e-05	0.0341048890590173	9.195655620715115e-05	9.446811018278822e-05	9.416038119525183e-05	9.52097889239667e-05	0.00011563336738618091	9.605321974959224e-05	0.014881071372656152	0.00010113211537827737	9.789533069124446e-05	0.0025939593171642626	9.976201690733432e-05
G[C>G]G	9.214738747687079e-05	9.458981949137524e-05	0.004548406812682515	9.044341059052385e-05	0.002762228832580149	0.011369035606912803	0.012848919443786144	0.01033165875414852	9.955314671969973e-05	0.0013300678569066805	9.641460346756502e-05	0.00010019708643085323	9.982352639781311e-05	0.00010000743495766073	0.0016767777990025934	0.00010126300985575653
G[C>G]T	9.149784600595012e-05	8.942439235397615e-05	0.0049141048162709925	8.975818564067594e-05	0.002761159462534124	0.005945628347035381	0.033621629166736965	0.012685788940871134	9.348797757411376e-05	0.0010375615456723608	9.381905401824042e-05	0.00010234828223474324	0.00010057253603008575	0.00010205572689301335	0.016144975955830886	0.00010050383498310112
G[C>T]A	6.614264752241822e-05	7.451542651324417e-05	0.0006556552868914878	0.015491800588251437	0.0013019544257787175	7.573157497517969e-05	0.022442130739273126	0.014995623878553488	7.732462773759607e-05	0.21430950691719772	8.321366040036083e-05	9.059467702172696e-05	0.0379318483210227	8.117659517665743e-05	0.0002576178834715392	8.691760667716153e-05
G[C>T]C	6.492583885755465e-05	6.937472585377691e-05	0.023720237831003032	6.208476409028663e-05	0.10565643177542369	9.298152799601667e-05	0.03502447806931741	7.85999996821829e-05	8.490544969390612e-05	0.04354610428781598	6.848079915471317e-05	7.914981379144592e-05	8.598473068559543e-05	7.519664595747599e-05	7.862119855417404e-05	0.017248898308753268
G[C>T]G	0.7606017500162124	4.9957380431919775e-05	5.7832052782202936e-05	4.869457746288219e-05	7.496635189454536e-05	5.2283993767332504e-05	6.414622286923243e-05	6.56466351472318e-05	7.150498306174313e-05	6.209273692547868e-05	6.826596777500526e-05	8.15289465663227e-05	6.668292418225974e-05	7.68838033764041e-05	6.059162733436096e-05	6.710594684591342e-05
G[C>T]T	0.011254059886687174	0.021577444529077637	0.009499995606893208	0.015023820327041904	0.001217287142208079	8.777103794272989e-05	8.420343292527832e-05	8.1114544036609e-05	0.014743596265543602	0.04901585011102725	7.639188884240866e-05	0.011480888466030592	9.392976862727664e-05	0.01747566412741435	0.0005979442750685849	9.11027815163834e-05
G[T>A]A	9.18574252864346e-05	0.006771884756744839	0.0060776624086429365	8.738837750570383e-05	0.002762088418239728	9.673029562691226e-05	8.908894546948432e-05	9.352570814371574e-05	0.00010043075162684545	0.00010175862917094491	9.682164018158801e-05	0.00010205545695498585	0.00010276572866132482	0.03313873471925035	0.0025957967634894887	0.0001012886772514321
G[T>A]C	9.591686684871093e-05	9.59300363319926e-05	0.005049897143180715	9.443547314731404e-05	0.0027626777147816027	9.376669986522756e-05	9.98070725472644e-05	0.00010018294779001735	9.89534608379472e-05	0.0013350221954169684	9.684361211839131e-05	0.00010317573105567135	0.00010269179911119864	0.00010203775163972751	0.017391339359164704	0.00010144717016373761
G[T>A]G	8.819660142762586e-05	0.03310937765199924	0.003478697069658665	0.006355247543615406	0.0011564228967472444	9.294287738157437e-05	0.012842447876755614	9.368897444801405e-05	9.780199470696971e-05	0.010545921156608528	0.02083631703790161	9.712317987577989e-05	9.46570475207409e-05	9.563414641888812e-05	0.0025910244785336545	9.855527823674493e-05
G[T>A]T	9.473522804910317e-05	8.829448925098404e-05	0.005067862580472138	8.955451012298e-05	0.002759380911447806	0.004695611801435007	9.602945428923703e-05	8.856301064952277e-05	9.942014949047007e-05	0.0362941196479369	9.371706037200055e-05	0.011492119640752207	0.00010179918826906942	0.00010014783329097554	0.00011553153162822128	9.866375112324021e-05
G[T>C]A	8.342897017428186e-05	8.412970060334146e-05	0.02968514248077554	7.988265692304708e-05	0.01866459087250405	0.006764672556892037	0.06510013095212344	9.612630601623096e-05	9.656761467340403e-05	0.001330021954345284	0.01372964206020697	9.825922097661532e-05	0.00854857098456705	9.325814062322024e-05	0.000529514423396904	9.658504277467727e-05
G[T>C]C	0.005944382896996103	7.798264123266563e-05	0.01994235786878562	7.912874607427512e-05	0.0015228436372126453	7.919448762550019e-05	8.863097318680956e-05	0.013133657450816827	9.346907027065753e-05	0.024425121593230868	8.720970145077444e-05	9.299860030296259e-05	0.020511957565759076	9.325870887550991e-05	0.008641291253297823	0.012958624105522176
G[T>C]G	8.669831513543613e-05	0.013138697753311135	0.019908562930868356	7.436768692627992e-05	0.001541379690024769	0.009268765625165543	9.394620537932497e-05	9.293430666730273e-05	9.535561184748076e-05	0.0011946054750296754	8.585599716752768e-05	0.0322893675933301	9.745445640874095e-05	9.229223360307515e-05	0.015216906761270365	9.672642991063186e-05
G[T>C]T	0.005944609622747521	0.02692013477208093	0.004179486509383423	8.445445710094645e-05	0.0015326123004342663	9.001388716569635e-05	9.697351124486886e-05	9.407092911715154e-05	9.256893063138704e-05	0.00011241243264521472	9.365158039145171e-05	0.01487668924528407	9.578956160112284e-05	0.03472027097886894	0.0022923097982129547	9.681888914201409e-05
G[T>G]A	9.367694656248204e-05	9.77833777142223e-05	0.005136995847715297	9.313903283327817e-05	0.002761001096223481	9.558875317452475e-05	0.007325264906830853	9.911967208608985e-05	9.945034835254774e-05	0.0013324086161446758	0.011670325051090913	0.0001028905127895996	0.00010208549429080449	0.00010046437964774668	0.0025946283996745477	0.00010104747925652192
G[T>G]C	9.475729457335547e-05	9.524253982817754e-05	0.011447353303810814	8.221814132411965e-05	0.02360333383476245	9.300859819632024e-05	9.791760894586332e-05	9.567483139107935e-05	9.806384114199317e-05	0.0013301638842676765	9.351052576676012e-05	9.885853360174224e-05	0.01676664365149918	9.780245636648033e-05	0.0025888832060445566	9.642770965001546e-05
G[T>G]G	0.005938484199214144	8.145702086039818e-05	0.0027205051279452163	7.66590645071119e-05	0.002753341664356412	8.667083020554855e-05	8.520877950104477e-05	0.03337385136073863	0.014752224159019533	9.532003168715164e-05	8.415472439082805e-05	9.513872573734261e-05	9.466888077440672e-05	0.033134316642826886	0.00864888319192687	0.021144655271200463
G[T>G]T	9.120498943957501e-05	9.540247629047371e-05	0.004858215413696599	8.976303579402156e-05	0.019716176578367595	9.669919090811163e-05	9.344012942165136e-05	0.009276269757538102	9.714222469483502e-05	0.0013307082059327512	9.880543148028664e-05	9.937147187883965e-05	0.008554269154410576	9.579999823472463e-05	0.0013143123745976482	9.990565522457472e-05
T[C>A]A	5.8948013886350734e-05	7.664582117286045e-05	0.011019560166300835	5.902710026415292e-05	0.0295251950607053	7.262057306434144e-05	7.689715494052507e-05	6.733907675879892e-05	7.982644110597903e-05	0.00010253779728373048	8.459305317956022e-05	0.019950605384656227	0.014477090755462996	9.506827191216872e-05	0.012864008726683095	0.19149237390520285
T[C>A]C	5.892890642940074e-05	8.100336890493054e-05	0.0010675574532143628	6.394054942902017e-05	8.37425061547492e-05	7.730234769951494e-05	0.006543156350380741	0.010314439257490449	8.381198495754916e-05	0.0013244964873592834	8.345995192939881e-05	0.2609022346914571	8.405404832956265e-05	7.909428657058016e-05	9.10665288756718e-05	7.816076259246075e-05
T[C>A]G	0.006737014632744831	8.17354177343077e-05	0.0038298283459880624	8.618694628239609e-05	0.0019431348171110585	7.909871892479714e-05	0.0245856505476695	8.373707951250253e-05	8.912611701816786e-05	9.767119190655649e-05	8.998860976134892e-05	0.02746831910990295	0.014487772948632483	9.70119668636471e-05	0.002585217258092598	0.012964408210973489
T[C>A]T	7.939131546663702e-05	8.326197785208933e-05	0.01027489981603793	7.8850006883983e-05	0.0015198506799606547	7.739222238569709e-05	9.287627035519108e-05	0.010321877114620293	0.033100040769204496	8.969866539700888e-05	7.817299407761255e-05	9.01267343579093e-05	0.03207240122646908	8.905079084797762e-05	0.02972815056782565	8.713508068467491e-05
T[C>G]A	6.881972450738516e-05	9.061386153916829e-05	0.18288294364756438	0.04103429512782073	8.163587431226915e-05	8.286112915811827e-05	0.007299723874348274	8.579280674894107e-05	8.411204726144206e-05	0.00011038159354939125	0.007235318435414228	8.717050768609624e-05	8.584206179875764e-05	9.025829240272287e-05	0.04441154242522316	8.977862198662478e-05
T[C>G]C	7.475199152793267e-05	7.412700979330112e-05	0.0029908091533002333	0.009585001650293634	0.000971418477502084	0.0762214347741974	9.095293789869174e-05	8.121062492136844e-05	0.041821970435075295	0.00817204552131443	0.014360643174393317	7.245862793752167e-05	7.728844038865646e-05	0.04702608693842194	0.024705565288240906	9.007763837871607e-05
T[C>G]G	7.882930394345066e-05	0.006728423313506937	0.005481558875544579	8.220370852995984e-05	0.00967316950818713	0.0258260536722446	9.388684120494872e-05	8.982025319710374e-05	9.20912247238448e-05	0.009389188222849043	0.013728160872051375	8.901229052753479e-05	0.041904109050665286	8.8396691045034e-05	0.0018011511016084113	9.459341454203241e-05
T[C>G]T	4.8362248438158536e-05	3.9735608719126955e-05	5.897240538215165e-05	4.920218452824088e-05	9.229593062780595e-05	7.208688966784394e-05	7.440546800870917e-05	0.410412980557885	6.881032440446689e-05	0.013195640193829749	0.017888600763762953	5.9586077156836836e-05	9.255934928660281e-05	6.583262931698641e-05	0.0002462781921167334	6.903199955559103e-05
T[C>T]A	0.02774948965883812	6.674492178220248e-05	8.049644025049929e-05	3.3213254283737115e-05	6.649274731884702e-05	5.4550509234019276e-05	0.5502307788527105	5.731279720748717e-05	6.590002703887876e-05	6.311716215350316e-05	3.8796639643123854e-05	6.4808841921149e-05	6.929403189133154e-05	8.210508567572106e-05	4.864325374001055e-05	5.741754384871456e-05
T[C>T]C	5.5739434262847e-05	7.14632093149703e-05	7.190537653514184e-05	6.030566486445177e-05	5.685844052640832e-05	0.02681835895884782	5.699572886896931e-05	0.055219842376027374	0.30040735227667026	7.106942430255004e-05	0.03288060091922489	0.017145724253350637	8.364891036762855e-05	6.112673045777228e-05	0.0006217530094545509	7.665163357160055e-05
T[C>T]G	4.750037550096953e-05	0.03157513801091767	9.199840188784947e-05	4.576215806082473e-05	6.425769248039615e-05	0.5549145461962326	6.844542859028025e-05	5.317723507687333e-05	7.829744718037545e-05	5.262618732899682e-05	0.029332923150491297	6.81322668242501e-05	5.8816414997409085e-05	6.502221402797659e-05	7.578552449558629e-05	8.245012468250934e-05
T[C>T]T	4.0487774973740895e-05	0.01342359896238047	0.0009163650831624182	5.941186171970455e-05	6.342541419144255e-05	5.684283210694585e-05	8.033195117604919e-05	6.744632216850732e-05	7.872898745517887e-05	6.361130708683049e-05	0.467048949929449	6.719440089000272e-05	8.755784547247459e-05	7.469983687400373e-05	7.207533668633914e-05	7.636262780579273e-05
T[T>A]A	8.767420840740669e-05	9.121424191107507e-05	0.005116084478140692	8.635224839963485e-05	0.016308400348498252	9.112606530834456e-05	9.615505914553068e-05	9.155467814707663e-05	9.578861645422875e-05	0.00011392870219424367	9.193877958750818e-05	0.01488034007998067	0.00010241246782243252	9.780605978448875e-05	0.01545969517683261	9.95897760731168e-05
T[T>A]C	9.323178455815651e-05	8.961588428064715e-05	0.012268675880477531	9.081822645384818e-05	0.009585186852928019	9.423619121662341e-05	9.286051863455214e-05	9.186552997562104e-05	9.493909747106954e-05	0.0007596768991788849	9.671957450336776e-05	9.711310412967578e-05	9.753700578585267e-05	9.794185898499563e-05	0.0025905407062964516	0.007943018162768567
T[T>A]G	9.403495787410065e-05	9.813091091928072e-05	0.004287939847563394	8.893985541362781e-05	0.03405671435612021	9.734465493238531e-05	9.302976977778598e-05	9.716882414068095e-05	9.940923846443183e-05	0.0013295117161760573	0.009279977560800035	0.00010304281604476274	0.00010229399995296263	9.831123898038641e-05	0.002596215323137585	0.00010138508005184122
T[T>A]T	0.013537892288150033	9.53084287175443e-05	0.01580130793299759	9.120830945903435e-05	0.0027591416488576214	0.009272851434070617	9.618263575248421e-05	9.574782598065212e-05	0.00010052462530438789	0.0013319599129317794	9.996340741054155e-05	9.969937527785078e-05	0.00010157026408705861	9.740868335939012e-05	0.0014053545506612863	0.00010142084793187677
T[T>C]A	9.274110707337968e-05	9.542644984321669e-05	0.006257289469431271	8.849845471559092e-05	0.00017915516928042053	9.691587256384082e-05	9.732665857882239e-05	9.913439498632215e-05	0.011827546486165375	0.0013255550722533372	0.017994824959896506	0.00010210310574620962	0.00010197391748079099	9.975047651096247e-05	0.002595128137181746	0.00010125063636223786
T[T>C]C	8.4726031182214e-05	8.079370190898772e-05	0.011520610970183042	8.848588513501454e-05	0.00275773573666811	8.753190923016518e-05	9.3631652998738e-05	9.115622269746382e-05	0.0816373804671457	0.000660844549202011	8.897098123270553e-05	0.017166301521501736	9.350082691526041e-05	9.22720424568979e-05	0.0006446726751164533	9.807966052903794e-05
T[T>C]G	9.448548371437937e-05	8.991247304948046e-05	0.01272601195887546	8.677090227138251e-05	0.009378971347177866	9.201536813634448e-05	9.360060612380039e-05	0.007753697262887727	9.664487079135143e-05	0.0013307808738318272	9.337432711618022e-05	9.836056196945719e-05	9.90388449281454e-05	9.878572818706743e-05	0.002591379456134746	9.827742687775753e-05
T[T>C]T	8.10446469586168e-05	9.668347702245228e-05	0.003005955513071967	7.909595669843838e-05	0.0021187686688790563	0.006770038469403517	0.013402843702351674	0.015030999665759737	9.738642620504834e-05	0.0013200756249716506	0.01438885502066114	0.06455820480114198	0.016757945977360578	9.804590081330389e-05	0.00148162907717051	8.874884561009822e-05
T[T>G]A	9.486269409535453e-05	9.547579174977728e-05	0.006262486980267568	9.459792781854048e-05	0.002761447223747382	9.65112449193839e-05	9.855974712991156e-05	9.888427448458969e-05	0.00010119317812495865	0.0005918833427131176	0.009443059604382142	0.00010298665802110918	0.00010273590451106429	0.00010270980274071917	0.0025967589528590905	0.00010120269871549681
T[T>G]C	9.256462144549004e-05	0.00535518887991202	0.006037855925387703	0.006000466837576823	0.001622635356761748	9.607345637050458e-05	9.917824136209674e-05	9.959333838196471e-05	0.011827168933814391	0.0013316360986209475	9.565825603203848e-05	0.00010169593297177925	0.00010124570762855	0.00010120722581632435	0.002355442158295773	0.00010095624747918919
T[T>G]G	9.677529669716023e-05	9.749805903993546e-05	0.006264210670633474	9.458065323997289e-05	0.0027628804607957138	9.729435623739846e-05	9.929050720529631e-05	9.965890494640916e-05	0.00010121327140950598	0.0013347750529646874	9.920490119839088e-05	0.00010335976985516026	0.00010277744586346671	0.0001024704979499802	0.0025965238841308747	0.00010192668050876819
T[T>G]T	0.013527331092902273	8.098819350834673e-05	0.0038748571241740137	8.543857147742528e-05	0.0007230787552543916	8.471305409329943e-05	0.006554063173462054	8.18491595055093e-05	9.550518298055977e-05	0.0013301788698299789	9.100211100303568e-05	0.029071796792413805	0.014487634457327658	9.354653011541813e-05	0.027654328920471018	9.584010622347705e-05
