Samples	SBS96A	SBS96B	SBS96C	SBS96D	SBS96E
OGG1_boot	3.18E-04	3.89E-04	2.38E-147	2.14E-03	1.27E-03
OGG1_boot.1	3.80E-04	2.65E-98	8.45E-04	4.11E-04	1.72E-04
OGG1_boot.2	1.10E-03	2.68E-04	1.30E-03	7.98E-05	1.53E-04
OGG1_boot.3	1.98E-03	0.00E+00	2.35E-03	2.29E-04	7.98E-05
OGG1_boot.4	2.85E-03	3.09E-04	2.94E-03	1.12E-04	1.39E-04
OGG1_boot.5	2.45E-04	2.27E-04	2.71E-05	0.00E+00	8.58E-05
OGG1_boot.6	9.96E-05	3.44E-04	3.07E-04	1.69E-04	3.15E-04
OGG1_boot.7	6.63E-04	3.61E-04	1.08E-03	3.86E-04	2.85E-04
OGG1_boot.8	1.64E-03	0.00E+00	1.92E-03	1.91E-04	1.04E-04
OGG1_boot.9	2.22E-03	2.76E-04	2.47E-03	1.70E-04	1.52E-04
OGG1_boot.10	1.89E-03	7.84E-04	2.42E-03	4.38E-04	2.81E-04
OGG1_boot.11	3.06E-03	3.00E-04	3.17E-03	9.61E-05	1.07E-04
OGG1_boot.12	7.25E-04	3.71E-04	1.13E-03	3.63E-04	2.78E-04
OGG1_boot.13	2.47E-04	7.26E-04	5.10E-04	1.89E-04	3.84E-04
OGG1_boot.14	2.36E-03	2.98E-04	2.67E-03	1.69E-04	1.33E-04
OGG1_boot.15	2.95E-03	2.85E-29	3.04E-03	8.00E-05	5.46E-05
OGG1_boot.16	2.60E-04	2.71E-04	4.01E-58	0.00E+00	1.45E-04
OGG1_boot.17	2.17E-03	0.00E+00	2.45E-03	8.71E-05	5.68E-05
OGG1_boot.18	3.58E-03	0.00E+00	3.95E-03	0.00E+00	1.88E-04
OGG1_boot.19	3.17E-03	3.39E-04	3.64E-03	8.37E-04	3.68E-04
OGG1_boot.20	1.91E-03	3.30E-04	2.17E-03	1.59E-04	2.10E-04
OGG1_boot.21	7.76E-05	4.05E-04	3.14E-04	2.50E-04	3.57E-04
OGG1_boot.22	2.48E-03	3.03E-04	2.64E-03	4.54E-05	1.49E-04
OGG1_boot.23	1.10E-03	7.17E-04	1.46E-03	2.68E-04	3.57E-04
OGG1_boot.24	1.01E-03	3.37E-04	1.42E-03	3.70E-04	2.46E-04
OGG1_boot.25	1.68E-03	3.72E-85	1.94E-03	1.80E-04	1.33E-04
OGG1_boot.26	2.39E-03	0.00E+00	2.67E-03	1.44E-04	4.93E-05
OGG1_boot.27	2.37E-03	0.00E+00	2.76E-03	5.76E-36	1.49E-04
OGG1_boot.28	5.92E-04	3.66E-04	8.02E-04	1.96E-04	3.31E-04
OGG1_boot.29	4.25E-04	3.18E-04	6.96E-04	2.19E-04	2.15E-04
OGG1_boot.30	2.13E-04	0.00E+00	3.60E-12	4.11E-04	3.34E-04
OGG1_boot.31	1.39E-03	3.17E-04	1.76E-03	2.81E-04	1.88E-04
OGG1_boot.32	2.67E-03	8.13E-48	3.02E-03	1.95E-04	7.48E-05
OGG1_boot.33	1.68E-03	8.13E-64	1.89E-03	3.31E-05	7.41E-05
OGG1_boot.34	1.89E-03	3.41E-04	2.09E-03	8.90E-05	2.02E-04
OGG1_boot.35	1.96E-03	3.12E-04	2.34E-03	1.24E-04	6.44E-05
OGG1_boot.36	1.11E-03	3.48E-04	1.38E-03	2.32E-04	2.91E-04
OGG1_boot.37	2.23E-03	0.00E+00	2.51E-03	1.32E-04	9.82E-05
OGG1_boot.38	7.86E-04	0.00E+00	1.09E-03	2.70E-04	2.13E-04
OGG1_boot.39	3.70E-03	0.00E+00	4.03E-03	0.00E+00	1.70E-04
OGG1_boot.40	6.83E-04	0.00E+00	1.08E-03	3.69E-04	1.72E-04
OGG1_boot.41	5.85E-04	3.56E-04	9.80E-04	3.21E-04	2.34E-04
OGG1_boot.42	2.23E-03	3.44E-04	2.59E-03	2.68E-04	2.11E-04
OGG1_boot.43	2.34E-03	8.20E-40	2.65E-03	1.76E-04	4.58E-05
OGG1_boot.44	2.57E-03	0.00E+00	3.06E-03	6.17E-04	1.75E-04
OGG1_boot.45	1.26E-03	0.00E+00	1.69E-03	3.32E-04	1.14E-04
OGG1_boot.46	1.48E-03	2.98E-04	1.48E-03	1.44E-04	2.29E-04
OGG1_boot.47	1.66E-03	2.38E-04	1.74E-03	1.65E-04	6.46E-07
OGG1_boot.48	5.88E-04	3.17E-04	6.70E-04	9.01E-05	2.92E-04
OGG1_boot.49	2.22E-03	2.34E-04	2.29E-03	1.73E-04	0.00E+00
OGG1_boot.50	1.90E-04	3.65E-04	5.13E-04	2.97E-04	3.07E-04
OGG1_boot.51	8.62E-04	2.77E-04	1.11E-03	6.18E-05	0.00E+00
OGG1_boot.52	1.16E-04	3.64E-04	2.48E-04	1.88E-04	2.68E-04
OGG1_boot.53	2.20E-03	2.36E-04	2.19E-03	2.80E-04	0.00E+00
OGG1_boot.54	2.54E-03	3.26E-36	2.82E-03	6.99E-05	8.17E-05
OGG1_boot.55	4.45E-04	2.16E-04	5.49E-04	2.80E-04	3.06E-19
OGG1_boot.56	6.80E-04	3.05E-04	7.55E-04	1.44E-04	2.13E-04
OGG1_boot.57	1.48E-03	3.09E-04	1.69E-03	7.33E-05	1.55E-04
OGG1_boot.58	1.37E-03	2.76E-04	1.63E-03	7.23E-05	0.00E+00
OGG1_boot.59	2.83E-03	2.66E-04	3.01E-03	9.94E-05	0.00E+00
OGG1_boot.60	2.64E-03	2.90E-04	2.75E-03	1.09E-04	1.35E-04
OGG1_boot.61	1.91E-03	3.06E-04	2.19E-03	1.28E-04	1.27E-04
OGG1_boot.62	1.72E-03	2.30E-04	1.72E-03	2.68E-04	0.00E+00
OGG1_boot.63	5.93E-04	3.18E-04	9.29E-04	2.35E-04	2.04E-04
OGG1_boot.64	1.01E-03	3.54E-04	1.34E-03	2.49E-04	2.65E-04
OGG1_boot.65	1.56E-03	2.23E-04	1.51E-03	3.28E-04	0.00E+00
OGG1_boot.66	6.59E-04	2.54E-04	8.18E-04	9.71E-05	0.00E+00
OGG1_boot.67	1.34E-04	2.48E-04	3.42E-04	5.80E-05	0.00E+00
OGG1_boot.68	1.61E-04	2.15E-04	3.85E-04	1.68E-04	1.04E-40
OGG1_boot.69	1.04E-03	2.90E-04	1.24E-03	6.16E-05	1.19E-04
OGG1_boot.70	6.81E-04	3.17E-04	9.16E-04	1.54E-04	2.49E-04
OGG1_boot.71	1.37E-03	2.35E-04	1.48E-03	1.06E-04	0.00E+00
OGG1_boot.72	1.44E-03	2.42E-04	1.65E-03	4.66E-05	0.00E+00
OGG1_boot.73	7.33E-04	3.28E-04	1.02E-03	1.76E-04	2.11E-04
OGG1_boot.74	1.02E-03	2.43E-04	1.11E-03	1.77E-04	1.03E-72
OGG1_boot.75	1.19E-03	2.74E-04	1.42E-03	7.98E-05	1.46E-04
OGG1_boot.76	1.01E-03	2.54E-04	1.22E-03	4.30E-05	2.07E-96
OGG1_boot.77	2.30E-03	2.48E-04	2.54E-03	5.04E-05	1.13E-11
OGG1_boot.78	1.64E-03	3.50E-04	1.97E-03	2.12E-04	3.11E-04
OGG1_boot.79	4.87E-04	2.58E-04	6.41E-04	1.35E-04	0.00E+00
OGG1_boot.80	1.13E-03	3.07E-04	1.26E-03	5.22E-05	2.00E-04
OGG1_boot.81	1.48E-03	2.70E-04	1.62E-03	1.29E-04	0.00E+00
OGG1_boot.82	1.99E-03	2.56E-04	2.18E-03	6.78E-05	0.00E+00
OGG1_boot.83	1.09E-03	2.47E-04	1.29E-03	5.23E-05	6.80E-127
OGG1_boot.84	2.15E-03	3.01E-04	2.55E-03	1.92E-04	6.76E-05
OGG1_boot.85	1.66E-03	8.90E-04	1.97E-03	1.19E-04	3.14E-04
OGG1_boot.86	1.99E-03	2.67E-04	2.14E-03	6.92E-05	8.18E-05
OGG1_boot.87	1.42E-03	3.21E-04	1.65E-03	1.18E-04	2.06E-04
OGG1_boot.88	1.42E-03	2.41E-04	1.57E-03	8.40E-05	0.00E+00
OGG1_boot.89	1.70E-03	2.78E-04	1.91E-03	6.36E-05	0.00E+00
OGG1_boot.90	5.45E-03	0.00E+00	5.66E-03	2.49E-103	9.88E-05
OGG1_boot.91	2.02E-03	3.69E-04	2.62E-03	1.24E-03	5.48E-04
OGG1_boot.92	2.88E-03	3.08E-04	3.25E-03	2.87E-04	1.43E-04
OGG1_boot.93	3.86E-03	3.12E-04	4.02E-03	3.51E-05	1.33E-04
OGG1_boot.94	6.30E-03	1.51E-29	6.47E-03	0.00E+00	1.51E-04
OGG1_boot.95	4.00E-03	2.53E-04	4.20E-03	6.59E-05	1.38E-38
OGG1_boot.96	7.01E-03	0.00E+00	7.15E-03	0.00E+00	1.18E-04
OGG1_boot.97	2.65E-03	3.21E-04	3.12E-03	5.92E-04	2.53E-04
OGG1_boot.98	4.27E-03	0.00E+00	4.58E-03	0.00E+00	1.81E-04
OGG1_boot.99	6.34E-03	1.02E-04	6.46E-03	1.82E-63	0.00E+00
OGG1_boot.100	2.76E-03	3.00E-04	3.06E-03	1.35E-04	1.11E-04
OGG1_boot.101	1.74E-03	3.48E-04	2.27E-03	7.13E-04	3.33E-04
OGG1_boot.102	3.00E-03	2.71E-04	3.14E-03	5.87E-05	9.33E-05
OGG1_boot.103	2.81E-03	2.86E-04	2.96E-03	5.53E-05	1.02E-04
OGG1_boot.104	2.00E-03	1.28E-58	2.21E-03	7.17E-05	0.00E+00
OGG1_boot.105	5.04E-03	2.21E-04	5.12E-03	1.75E-04	1.98E-05
OGG1_boot.106	5.24E-03	7.42E-113	5.46E-03	2.63E-08	1.14E-04
OGG1_boot.107	4.21E-03	0.00E+00	4.32E-03	1.28E-04	3.55E-72
OGG1_boot.108	3.74E-03	2.79E-04	4.01E-03	4.66E-104	4.39E-52
OGG1_boot.109	3.59E-03	0.00E+00	3.84E-03	2.99E-05	9.25E-05
OGG1_boot.110	4.42E-03	2.26E-04	4.69E-03	0.00E+00	6.69E-05
OGG1_boot.111	3.88E-03	1.20E-88	4.23E-03	4.37E-04	1.12E-04
OGG1_boot.112	2.83E-03	2.20E-04	2.76E-03	3.23E-04	1.64E-153
OGG1_boot.113	3.81E-03	2.79E-04	4.10E-03	1.17E-88	5.14E-05
OGG1_boot.114	3.30E-03	2.16E-04	3.62E-03	1.94E-131	7.82E-05
OGG1_boot.115	3.99E-03	2.77E-04	4.25E-03	2.75E-06	0.00E+00
OGG1_boot.116	5.61E-03	2.38E-04	5.77E-03	4.74E-83	0.00E+00
OGG1_boot.117	3.16E-03	0.00E+00	3.39E-03	6.44E-05	7.20E-05
OGG1_boot.118	3.31E-03	2.78E-04	3.58E-03	7.45E-05	8.13E-05
OGG1_boot.119	2.70E-03	1.51E-62	2.85E-03	4.03E-05	6.62E-05
OGG1_boot.120	2.65E-03	2.91E-04	2.77E-03	4.97E-05	1.39E-04
OGG1_boot.121	4.46E-03	0.00E+00	4.75E-03	0.00E+00	1.63E-04
OGG1_boot.122	3.48E-03	2.82E-04	3.78E-03	1.50E-102	1.47E-80
OGG1_boot.123	8.31E-04	9.74E-04	1.22E-03	3.22E-04	4.68E-04
OGG1_boot.124	5.49E-03	0.00E+00	5.78E-03	0.00E+00	2.01E-04
OGG1_boot.125	3.44E-03	2.74E-04	3.68E-03	4.74E-05	2.63E-05
OGG1_boot.126	4.08E-03	1.83E-04	4.38E-03	0.00E+00	1.08E-04
OGG1_boot.127	2.75E-03	2.97E-04	2.97E-03	4.98E-05	1.20E-04
OGG1_boot.128	5.02E-03	2.67E-04	5.24E-03	0.00E+00	1.23E-05
OGG1_boot.129	5.83E-03	0.00E+00	6.04E-03	3.95E-62	1.34E-04
OGG1_boot.130	3.54E-03	1.06E-142	3.84E-03	0.00E+00	1.52E-04
OGG1_boot.131	6.00E-03	2.32E-04	6.17E-03	6.39E-134	0.00E+00
OGG1_boot.132	5.84E-03	0.00E+00	5.85E-03	2.89E-04	0.00E+00
OGG1_boot.133	4.58E-03	2.58E-04	4.81E-03	4.37E-80	0.00E+00
OGG1_boot.134	3.86E-03	2.47E-04	4.18E-03	2.78E-04	8.53E-62
OGG1_boot.135	2.65E-03	2.28E-04	2.81E-03	4.70E-05	3.62E-45
OGG1_boot.136	3.32E-03	3.67E-105	3.59E-03	8.84E-05	7.11E-05
OGG1_boot.137	3.03E-03	0.00E+00	3.37E-03	0.00E+00	0.00E+00
OGG1_boot.138	3.06E-03	8.08E-45	3.36E-03	1.26E-43	1.30E-04
OGG1_real	1.55E-03	6.70E-04	1.97E-03	2.90E-04	2.80E-04
OGG1_real.1	1.29E-03	3.19E-04	1.45E-03	4.58E-05	2.21E-04
OGG1_real.2	3.81E-03	7.56E-04	4.25E-03	6.22E-04	3.82E-04
UNG_boot	3.10E-03	4.03E-04	3.54E-03	4.02E-03	2.00E-07
UNG_boot.1	1.38E-03	1.50E-04	4.72E-03	3.94E-03	5.85E-04
UNG_boot.2	3.76E-03	1.38E-04	3.23E-03	3.70E-03	3.54E-04
UNG_boot.3	2.52E-03	3.47E-04	3.42E-03	3.77E-03	0.00E+00
UNG_boot.4	4.58E-03	2.68E-04	3.22E-03	3.53E-03	1.64E-04
UNG_boot.5	3.73E-03	1.68E-04	2.96E-03	3.38E-03	2.56E-04
UNG_boot.6	4.82E-03	2.69E-04	3.40E-03	3.82E-03	0.00E+00
UNG_boot.7	3.12E-03	4.26E-04	3.92E-03	4.40E-03	5.22E-122
UNG_boot.8	9.13E-04	1.31E-04	4.51E-03	3.41E-03	5.16E-04
UNG_boot.9	3.88E-03	1.44E-04	3.11E-03	3.50E-03	3.29E-04
UNG_boot.10	1.20E-03	4.36E-04	4.78E-03	4.02E-03	5.15E-81
UNG_boot.11	2.61E-03	9.32E-05	3.45E-03	3.60E-03	5.09E-04
UNG_boot.12	3.21E-03	3.18E-04	3.52E-03	4.00E-03	1.18E-04
UNG_boot.13	3.29E-03	2.44E-04	3.02E-03	3.44E-03	2.70E-04
UNG_boot.14	3.78E-03	3.95E-04	3.86E-03	4.55E-03	0.00E+00
UNG_boot.15	1.60E-03	4.41E-04	4.67E-03	4.28E-03	2.18E-34
UNG_boot.16	3.74E-03	3.23E-04	3.33E-03	3.92E-03	6.67E-05
UNG_boot.17	3.16E-03	1.69E-04	2.97E-03	3.36E-03	3.27E-04
UNG_boot.18	1.02E-03	3.93E-04	4.64E-03	3.81E-03	0.00E+00
UNG_boot.19	3.40E-03	8.70E-06	3.06E-03	3.44E-03	4.78E-04
UNG_boot.20	2.22E-03	3.50E-04	3.62E-03	3.82E-03	0.00E+00
UNG_boot.21	4.64E-03	3.15E-04	3.44E-03	3.97E-03	0.00E+00
UNG_boot.22	1.44E-03	4.78E-04	5.24E-03	4.59E-03	0.00E+00
UNG_boot.23	3.58E-03	3.47E-04	3.42E-03	4.06E-03	5.89E-119
UNG_boot.24	1.92E-03	4.23E-04	4.83E-03	4.61E-03	0.00E+00
UNG_boot.25	2.19E-03	3.44E-04	3.64E-03	3.82E-03	0.00E+00
UNG_boot.26	4.29E-03	3.01E-04	3.15E-03	3.60E-03	0.00E+00
UNG_boot.27	2.44E-03	4.08E-04	3.44E-03	3.76E-03	0.00E+00
UNG_boot.28	2.42E-03	3.48E-04	3.26E-03	3.54E-03	0.00E+00
UNG_boot.29	1.80E-03	4.65E-04	4.47E-03	4.23E-03	0.00E+00
UNG_boot.30	1.75E-03	2.65E-04	4.21E-03	3.93E-03	2.96E-04
UNG_boot.31	3.15E-03	4.07E-04	3.73E-03	4.27E-03	0.00E+00
UNG_boot.32	5.53E-03	2.89E-04	3.70E-03	3.61E-03	9.83E-160
UNG_boot.33	4.50E-03	2.68E-04	3.18E-03	3.53E-03	1.32E-04
UNG_boot.34	1.78E-03	3.64E-04	4.16E-03	4.03E-03	0.00E+00
UNG_boot.35	3.71E-03	2.44E-04	3.57E-03	4.10E-03	3.12E-04
UNG_boot.36	2.49E-03	3.62E-04	3.79E-03	4.09E-03	0.00E+00
UNG_boot.37	2.61E-03	1.28E-04	2.93E-03	3.23E-03	3.16E-04
UNG_boot.38	4.48E-03	3.67E-04	3.63E-03	4.34E-03	0.00E+00
UNG_boot.39	3.38E-03	3.64E-04	3.60E-03	4.18E-03	0.00E+00
UNG_boot.40	2.18E-03	1.19E-03	8.61E-03	5.25E-03	0.00E+00
UNG_boot.41	3.17E-03	5.46E-47	3.72E-03	4.07E-03	5.29E-04
UNG_boot.42	3.27E-03	3.45E-04	3.36E-03	3.93E-03	0.00E+00
UNG_boot.43	1.16E-03	3.49E-04	4.34E-03	3.75E-03	0.00E+00
UNG_boot.44	3.27E-03	3.54E-04	3.21E-03	3.74E-03	3.68E-70
UNG_boot.45	1.61E-03	1.95E-04	4.36E-03	3.91E-03	4.45E-04
UNG_boot.46	1.31E-03	4.42E-04	5.20E-03	4.44E-03	0.00E+00
UNG_boot.47	3.56E-03	3.34E-04	3.53E-03	4.19E-03	0.00E+00
UNG_boot.48	1.56E-03	4.30E-04	4.39E-03	4.05E-03	0.00E+00
UNG_boot.49	5.20E-03	2.33E-04	3.47E-03	3.43E-03	8.14E-05
UNG_boot.50	1.38E-03	2.05E-04	4.61E-03	3.91E-03	5.05E-04
UNG_boot.51	1.92E-03	1.20E-04	3.70E-03	3.55E-03	4.83E-04
UNG_boot.52	3.39E-03	3.72E-04	3.41E-03	3.96E-03	6.49E-26
UNG_boot.53	2.44E-03	0.00E+00	3.37E-03	3.46E-03	5.30E-04
UNG_boot.54	2.15E-03	1.60E-04	4.06E-03	3.85E-03	5.77E-04
UNG_boot.55	3.39E-03	7.74E-14	3.08E-03	3.51E-03	3.86E-04
UNG_boot.56	1.83E-03	1.11E-04	4.03E-03	3.66E-03	6.17E-04
UNG_boot.57	1.39E-03	0.00E+00	4.19E-03	3.59E-03	5.93E-04
UNG_boot.58	2.00E-03	0.00E+00	3.57E-03	3.42E-03	5.89E-04
UNG_boot.59	1.91E-03	1.12E-04	3.65E-03	3.46E-03	5.16E-04
UNG_boot.60	3.16E-03	1.17E-04	2.90E-03	3.26E-03	3.64E-04
UNG_boot.61	2.24E-03	0.00E+00	3.45E-03	3.50E-03	5.08E-04
UNG_boot.62	2.67E-03	0.00E+00	3.71E-03	3.84E-03	5.72E-04
UNG_boot.63	1.57E-03	0.00E+00	4.56E-03	3.98E-03	6.12E-04
UNG_boot.64	3.11E-03	1.45E-04	3.47E-03	3.71E-03	5.37E-04
UNG_boot.65	1.03E-03	0.00E+00	4.86E-03	3.74E-03	6.29E-04
UNG_boot.66	1.32E-03	0.00E+00	4.52E-03	3.75E-03	6.45E-04
UNG_boot.67	2.29E-03	3.40E-07	3.19E-03	3.30E-03	4.89E-04
UNG_boot.68	1.22E-03	6.13E-05	4.30E-03	3.47E-03	6.71E-04
UNG_boot.69	2.10E-03	9.13E-05	3.69E-03	3.57E-03	5.59E-04
UNG_boot.70	4.08E-03	3.52E-04	3.28E-03	3.84E-03	0.00E+00
UNG_boot.71	1.58E-03	1.33E-04	4.02E-03	3.59E-03	5.15E-04
UNG_boot.72	2.58E-03	2.08E-04	3.50E-03	3.69E-03	3.71E-04
UNG_boot.73	1.45E-03	0.00E+00	3.91E-03	3.41E-03	5.91E-04
UNG_boot.74	1.42E-03	1.12E-65	3.87E-03	3.37E-03	5.90E-04
UNG_boot.75	1.61E-03	9.48E-05	4.21E-03	3.69E-03	6.11E-04
UNG_boot.76	1.72E-03	0.00E+00	3.93E-03	3.58E-03	6.01E-04
UNG_boot.77	1.76E-03	7.26E-05	3.85E-03	3.53E-03	5.79E-04
UNG_boot.78	3.15E-03	1.62E-04	3.08E-03	3.39E-03	4.05E-04
UNG_boot.79	2.94E-03	0.00E+00	3.15E-03	3.45E-03	4.83E-04
UNG_boot.80	3.94E-03	0.00E+00	3.09E-03	3.46E-03	4.57E-04
UNG_boot.81	1.53E-03	9.45E-40	3.55E-03	3.27E-03	4.68E-04
UNG_boot.82	1.02E-03	1.10E-04	4.74E-03	3.64E-03	5.92E-04
UNG_boot.83	2.82E-03	1.31E-04	3.42E-03	3.62E-03	4.98E-04
UNG_boot.84	3.05E-03	0.00E+00	3.27E-03	3.63E-03	4.09E-04
UNG_boot.85	1.54E-03	1.15E-04	3.69E-03	3.25E-03	5.59E-04
UNG_boot.86	1.65E-03	1.33E-04	4.45E-03	3.87E-03	6.12E-04
UNG_boot.87	2.84E-03	6.27E-142	3.19E-03	3.47E-03	4.87E-04
UNG_boot.88	2.18E-03	0.00E+00	3.72E-03	3.62E-03	5.71E-04
UNG_boot.89	1.34E-03	1.25E-04	4.61E-03	3.84E-03	5.91E-04
UNG_boot.90	3.58E-03	1.22E-04	3.26E-03	3.68E-03	3.95E-04
UNG_boot.91	1.77E-03	3.55E-105	4.12E-03	3.77E-03	5.77E-04
UNG_boot.92	2.23E-03	1.06E-04	3.80E-03	3.71E-03	5.70E-04
UNG_boot.93	2.79E-03	1.40E-04	3.47E-03	3.66E-03	4.72E-04
UNG_boot.94	2.46E-03	9.27E-05	3.17E-03	3.35E-03	4.38E-04
UNG_boot.95	2.69E-03	0.00E+00	3.29E-03	3.51E-03	4.80E-04
UNG_boot.96	1.10E-03	1.36E-04	4.51E-03	3.56E-03	5.68E-04
UNG_boot.97	2.36E-03	0.00E+00	3.48E-03	3.54E-03	5.57E-04
UNG_boot.98	1.95E-03	4.38E-04	4.30E-03	4.17E-03	5.26E-90
UNG_boot.99	3.31E-03	1.31E-04	3.13E-03	3.55E-03	3.50E-04
UNG_boot.100	1.20E-03	1.21E-04	4.50E-03	3.65E-03	5.87E-04
UNG_boot.101	2.44E-03	1.57E-04	3.72E-03	3.81E-03	4.40E-04
UNG_boot.102	3.45E-03	0.00E+00	3.16E-03	3.63E-03	3.85E-04
UNG_boot.103	4.21E-03	0.00E+00	3.21E-03	3.65E-03	3.40E-04
UNG_boot.104	3.00E-03	0.00E+00	3.21E-03	3.50E-03	5.21E-04
UNG_boot.105	2.87E-03	0.00E+00	3.23E-03	3.50E-03	4.97E-04
UNG_boot.106	1.85E-03	7.72E-05	3.07E-03	2.91E-03	5.39E-04
UNG_boot.107	2.80E-03	1.41E-03	1.10E-02	6.39E-03	5.70E-04
UNG_boot.108	2.66E-03	3.68E-04	3.36E-03	3.69E-03	0.00E+00
UNG_boot.109	2.12E-03	1.43E-04	2.73E-03	2.79E-03	3.91E-04
UNG_boot.110	2.09E-03	4.50E-04	4.59E-03	4.45E-03	4.93E-156
UNG_boot.111	3.20E-03	3.42E-04	3.28E-03	3.75E-03	0.00E+00
UNG_boot.112	2.29E-03	6.95E-52	3.87E-03	3.79E-03	6.15E-04
UNG_boot.113	1.35E-03	5.07E-05	4.18E-03	3.45E-03	6.94E-04
UNG_boot.114	1.36E-03	1.91E-04	6.06E-03	3.73E-03	7.37E-04
UNG_boot.115	3.00E-03	1.84E-59	3.00E-03	3.24E-03	5.26E-04
UNG_boot.116	1.29E-03	2.01E-04	4.55E-03	3.77E-03	4.43E-04
UNG_boot.117	1.11E-03	8.05E-05	4.74E-03	3.68E-03	6.69E-04
UNG_boot.118	3.26E-03	1.01E-154	3.04E-03	3.36E-03	4.72E-04
UNG_boot.119	2.61E-03	0.00E+00	2.87E-03	3.08E-03	4.58E-04
UNG_boot.120	2.36E-03	1.09E-03	9.29E-03	5.32E-03	5.88E-04
UNG_boot.121	1.19E-03	0.00E+00	5.29E-03	4.04E-03	8.04E-04
UNG_boot.122	2.89E-03	0.00E+00	3.34E-03	3.61E-03	4.89E-04
UNG_boot.123	1.90E-03	4.00E-159	4.17E-03	3.80E-03	6.36E-04
UNG_boot.124	1.07E-03	1.33E-04	4.80E-03	3.69E-03	6.32E-04
UNG_boot.125	4.03E-03	0.00E+00	3.37E-03	3.80E-03	4.57E-04
UNG_boot.126	4.31E-03	0.00E+00	3.08E-03	3.31E-03	3.12E-04
UNG_boot.127	1.36E-03	0.00E+00	3.60E-03	3.09E-03	5.87E-04
UNG_boot.128	1.55E-03	9.23E-05	3.39E-03	3.09E-03	4.85E-04
UNG_boot.129	3.23E-03	0.00E+00	3.64E-03	3.96E-03	5.36E-04
UNG_boot.130	2.46E-03	1.20E-04	3.30E-03	3.38E-03	4.93E-04
UNG_boot.131	2.41E-03	8.28E-05	2.91E-03	3.00E-03	5.13E-04
UNG_boot.132	2.15E-03	1.18E-04	3.62E-03	3.55E-03	4.93E-04
UNG_boot.133	2.38E-03	1.07E-58	3.12E-03	3.28E-03	4.37E-04
UNG_boot.134	2.05E-03	7.12E-129	3.45E-03	3.38E-03	5.08E-04
UNG_boot.135	2.84E-03	0.00E+00	3.32E-03	3.57E-03	4.97E-04
UNG_boot.136	3.64E-03	0.00E+00	3.35E-03	3.80E-03	4.36E-04
UNG_boot.137	1.12E-03	1.91E-111	4.55E-03	3.54E-03	7.17E-04
UNG_boot.138	2.23E-03	0.00E+00	3.16E-03	3.17E-03	5.44E-04
UNG_boot.139	3.76E-03	1.81E-04	3.03E-03	3.39E-03	3.31E-04
UNG_boot.140	1.09E-03	5.48E-05	3.94E-03	3.13E-03	6.17E-04
UNG_boot.141	1.30E-03	1.01E-04	5.06E-03	4.04E-03	7.01E-04
UNG_boot.142	2.07E-03	1.27E-04	3.74E-03	3.57E-03	5.42E-04
UNG_boot.143	2.81E-03	6.45E-05	3.06E-03	3.26E-03	5.19E-04
UNG_boot.144	2.11E-03	5.91E-05	3.38E-03	3.31E-03	5.43E-04
UNG_boot.145	2.20E-03	5.53E-05	3.58E-03	3.48E-03	6.07E-04
UNG_boot.146	3.13E-03	1.58E-95	3.45E-03	3.74E-03	5.39E-04
UNG_boot.147	1.70E-03	0.00E+00	4.49E-03	3.90E-03	7.34E-04
UNG_boot.148	1.83E-03	6.61E-133	3.74E-03	3.46E-03	5.98E-04
UNG_boot.149	1.15E-03	0.00E+00	5.22E-03	3.99E-03	7.19E-04
UNG_boot.150	2.96E-03	0.00E+00	2.99E-03	3.28E-03	4.79E-04
UNG_boot.151	4.80E-03	1.87E-04	3.45E-03	3.77E-03	3.45E-04
UNG_boot.152	2.20E-03	2.84E-23	3.42E-03	3.33E-03	6.34E-04
UNG_boot.153	2.09E-03	3.27E-53	3.34E-03	3.23E-03	6.06E-04
UNG_boot.154	2.26E-03	0.00E+00	4.37E-03	4.13E-03	6.73E-04
UNG_real	2.84E-03	3.62E-04	3.43E-03	3.86E-03	0.00E+00
UNG_real.1	2.26E-03	1.17E-04	3.55E-03	3.55E-03	4.99E-04
UNG_real.2	2.05E-03	9.24E-05	3.66E-03	3.50E-03	5.61E-04
ATP2B4_boot	9.32E-03	7.40E-05	8.47E-03	1.27E-03	0.00E+00
ATP2B4_boot.1	7.68E-03	6.51E-05	7.80E-03	0.00E+00	1.80E-04
ATP2B4_boot.2	4.89E-03	4.44E-05	4.32E-03	9.31E-04	1.41E-04
ATP2B4_boot.3	9.16E-03	0.00E+00	9.31E-03	6.97E-148	2.53E-04
ATP2B4_boot.4	7.88E-03	9.43E-05	6.53E-03	1.89E-03	1.54E-04
ATP2B4_boot.5	9.64E-03	0.00E+00	9.49E-03	6.30E-04	4.35E-04
ATP2B4_boot.6	8.10E-03	4.26E-05	8.21E-03	4.70E-09	2.21E-04
ATP2B4_boot.7	9.10E-03	5.49E-05	8.20E-03	1.33E-03	0.00E+00
ATP2B4_boot.8	8.13E-03	8.39E-05	8.18E-03	1.37E-118	8.08E-05
ATP2B4_boot.9	6.88E-03	4.86E-05	5.80E-03	1.51E-03	0.00E+00
ATP2B4_boot.10	9.47E-03	4.98E-05	9.32E-03	6.46E-04	4.47E-04
ATP2B4_boot.11	8.23E-03	4.69E-05	7.48E-03	1.16E-03	2.01E-04
ATP2B4_boot.12	1.29E-02	0.00E+00	1.25E-02	1.09E-03	5.88E-04
ATP2B4_boot.13	9.60E-03	5.52E-05	9.68E-03	0.00E+00	2.98E-04
ATP2B4_boot.14	8.08E-03	0.00E+00	8.23E-03	3.12E-40	2.94E-04
ATP2B4_boot.15	1.04E-02	1.88E-04	9.76E-03	1.21E-03	4.90E-04
ATP2B4_boot.16	9.36E-03	4.39E-05	9.32E-03	2.19E-105	1.80E-04
ATP2B4_boot.17	5.59E-03	8.26E-05	4.54E-03	1.58E-03	1.64E-04
ATP2B4_boot.18	7.96E-03	6.32E-05	8.13E-03	3.23E-30	1.87E-04
ATP2B4_boot.19	5.84E-03	5.44E-05	4.95E-03	1.25E-03	7.32E-06
ATP2B4_boot.20	1.03E-02	8.73E-05	9.56E-03	1.19E-03	3.96E-04
ATP2B4_boot.21	9.80E-03	1.39E-04	9.01E-03	1.43E-03	5.12E-04
ATP2B4_boot.22	6.16E-03	5.36E-05	5.05E-03	1.54E-03	2.62E-05
ATP2B4_boot.23	1.10E-02	6.98E-05	1.07E-02	8.27E-04	5.00E-04
ATP2B4_boot.24	8.20E-03	1.21E-04	7.23E-03	1.48E-03	3.16E-04
ATP2B4_boot.25	1.06E-02	1.27E-04	9.98E-03	1.24E-03	5.30E-04
ATP2B4_boot.26	8.85E-03	3.97E-05	8.89E-03	5.06E-14	2.38E-04
ATP2B4_boot.27	8.75E-03	8.34E-25	8.87E-03	2.10E-84	2.25E-04
ATP2B4_boot.28	1.12E-02	0.00E+00	1.11E-02	2.64E-53	2.53E-04
ATP2B4_boot.29	6.42E-03	6.92E-05	4.94E-03	2.08E-03	0.00E+00
ATP2B4_boot.30	6.41E-03	7.77E-05	5.06E-03	1.87E-03	7.35E-05
ATP2B4_boot.31	1.09E-02	9.97E-05	1.07E-02	8.31E-04	5.48E-04
ATP2B4_boot.32	7.73E-03	1.37E-04	6.65E-03	1.64E-03	3.34E-04
ATP2B4_boot.33	6.87E-03	4.56E-05	5.63E-03	1.67E-03	3.98E-05
ATP2B4_boot.34	1.04E-02	1.11E-04	9.48E-03	1.48E-03	4.40E-04
ATP2B4_boot.35	9.96E-03	5.40E-05	9.96E-03	0.00E+00	2.33E-04
ATP2B4_boot.36	6.28E-03	1.17E-04	5.27E-03	1.47E-03	2.00E-04
ATP2B4_boot.37	6.48E-03	1.02E-04	6.25E-03	4.99E-04	9.37E-05
ATP2B4_boot.38	2.61E-03	5.75E-05	1.85E-03	1.66E-03	1.91E-04
ATP2B4_boot.39	8.52E-03	4.38E-05	8.59E-03	2.28E-73	2.46E-04
ATP2B4_boot.40	9.05E-03	4.58E-05	8.10E-03	1.32E-03	4.48E-23
ATP2B4_boot.41	1.05E-02	4.97E-05	1.04E-02	0.00E+00	2.57E-04
ATP2B4_boot.42	9.03E-03	6.70E-05	8.76E-03	8.04E-04	4.77E-04
ATP2B4_boot.43	7.71E-03	9.87E-05	7.38E-03	5.99E-04	8.83E-05
ATP2B4_boot.44	8.76E-03	0.00E+00	8.48E-03	7.35E-04	3.06E-04
ATP2B4_boot.45	5.71E-03	5.18E-05	4.42E-03	1.85E-03	1.16E-137
ATP2B4_boot.46	5.47E-03	5.73E-05	4.46E-03	1.42E-03	1.59E-05
ATP2B4_boot.47	1.18E-02	0.00E+00	1.11E-02	1.52E-03	6.13E-04
ATP2B4_boot.48	9.92E-03	2.38E-05	1.00E-02	0.00E+00	2.64E-04
ATP2B4_boot.49	7.10E-03	5.08E-05	7.30E-03	0.00E+00	2.69E-04
ATP2B4_boot.50	8.65E-03	2.99E-05	8.42E-03	6.69E-04	3.31E-04
ATP2B4_boot.51	6.10E-03	3.17E-05	6.07E-03	2.31E-04	1.54E-04
ATP2B4_boot.52	6.33E-03	6.82E-05	5.50E-03	1.24E-03	1.44E-04
ATP2B4_boot.53	7.49E-03	6.25E-05	7.17E-03	7.27E-04	3.50E-04
ATP2B4_boot.54	7.12E-03	6.38E-05	6.69E-03	8.11E-04	1.82E-04
ATP2B4_boot.55	1.03E-02	0.00E+00	9.81E-03	1.10E-03	4.44E-04
ATP2B4_boot.56	1.05E-02	1.46E-05	1.02E-02	7.58E-04	2.85E-04
ATP2B4_boot.57	8.47E-03	1.42E-04	7.62E-03	1.28E-03	0.00E+00
ATP2B4_boot.58	1.03E-02	7.06E-05	9.92E-03	8.52E-04	4.51E-04
ATP2B4_boot.59	5.90E-03	5.56E-05	4.73E-03	1.70E-03	0.00E+00
ATP2B4_boot.60	1.07E-02	1.37E-04	1.02E-02	1.03E-03	4.89E-04
ATP2B4_boot.61	6.25E-03	8.35E-05	5.36E-03	1.33E-03	9.46E-05
ATP2B4_boot.62	6.97E-03	2.74E-05	5.67E-03	1.82E-03	4.88E-133
ATP2B4_boot.63	5.06E-03	1.03E-04	3.78E-03	1.83E-03	1.26E-25
ATP2B4_boot.64	7.79E-03	5.82E-05	6.66E-03	1.58E-03	1.19E-04
ATP2B4_boot.65	5.76E-03	8.82E-05	4.80E-03	1.42E-03	1.64E-04
ATP2B4_boot.66	9.28E-03	4.19E-05	7.96E-03	1.83E-03	0.00E+00
ATP2B4_boot.67	1.05E-02	1.45E-04	9.35E-03	1.79E-03	4.60E-04
ATP2B4_boot.68	9.53E-03	5.22E-05	8.24E-03	1.78E-03	0.00E+00
ATP2B4_boot.69	6.12E-03	4.06E-05	5.36E-03	1.09E-03	4.91E-05
ATP2B4_boot.70	1.06E-02	0.00E+00	1.03E-02	8.14E-04	4.48E-04
ATP2B4_boot.71	8.84E-03	3.61E-05	8.28E-03	9.72E-04	2.41E-04
ATP2B4_boot.72	6.88E-03	4.00E-05	5.79E-03	1.53E-03	0.00E+00
ATP2B4_boot.73	8.13E-03	0.00E+00	8.14E-03	4.24E-04	3.74E-04
ATP2B4_boot.74	1.16E-02	6.83E-05	1.16E-02	0.00E+00	2.79E-04
ATP2B4_boot.75	6.10E-03	6.15E-05	4.62E-03	2.06E-03	1.40E-99
ATP2B4_boot.76	1.03E-02	7.20E-05	1.03E-02	0.00E+00	2.80E-04
ATP2B4_boot.77	9.31E-03	1.91E-04	8.42E-03	1.40E-03	4.47E-04
ATP2B4_boot.78	9.14E-03	3.46E-05	9.07E-03	3.81E-04	2.98E-04
ATP2B4_boot.79	9.28E-03	2.88E-05	9.17E-03	5.89E-04	4.31E-04
ATP2B4_boot.80	6.56E-03	5.54E-05	5.55E-03	1.37E-03	1.00E-14
ATP2B4_boot.81	1.12E-02	4.13E-05	1.12E-02	0.00E+00	1.67E-04
ATP2B4_boot.82	8.41E-03	7.22E-05	7.47E-03	1.37E-03	0.00E+00
ATP2B4_boot.83	6.39E-03	7.03E-05	5.60E-03	1.21E-03	1.91E-04
ATP2B4_boot.84	4.90E-03	5.97E-05	3.66E-03	1.83E-03	0.00E+00
ATP2B4_boot.85	5.76E-03	6.53E-05	4.74E-03	1.50E-03	1.66E-04
ATP2B4_boot.86	4.86E-03	9.23E-05	3.56E-03	1.94E-03	0.00E+00
ATP2B4_boot.87	1.34E-02	1.90E-76	1.33E-02	2.41E-87	2.51E-04
ATP2B4_boot.88	7.50E-03	2.91E-53	7.63E-03	6.99E-72	1.67E-04
ATP2B4_boot.89	8.37E-03	8.14E-05	8.22E-03	5.71E-04	4.25E-04
ATP2B4_boot.90	8.95E-03	1.43E-04	7.96E-03	1.62E-03	4.39E-04
ATP2B4_boot.91	7.50E-03	4.51E-05	7.05E-03	8.69E-04	3.15E-04
ATP2B4_boot.92	5.28E-03	8.25E-05	4.34E-03	1.36E-03	1.06E-04
ATP2B4_boot.93	8.57E-03	8.25E-05	7.39E-03	1.74E-03	2.72E-04
ATP2B4_boot.94	7.79E-03	0.00E+00	7.68E-03	5.20E-04	2.96E-04
ATP2B4_boot.95	8.91E-03	7.21E-05	7.79E-03	1.60E-03	1.89E-154
ATP2B4_boot.96	8.64E-03	2.52E-05	8.75E-03	0.00E+00	2.30E-04
ATP2B4_boot.97	1.02E-02	0.00E+00	1.03E-02	0.00E+00	3.12E-04
ATP2B4_boot.98	1.02E-02	9.15E-05	9.79E-03	9.94E-04	5.29E-04
ATP2B4_boot.99	9.28E-03	1.16E-85	9.19E-03	3.67E-04	2.93E-04
ATP2B4_boot.100	7.61E-03	4.50E-05	6.50E-03	1.51E-03	0.00E+00
ATP2B4_boot.101	8.59E-03	8.20E-05	7.41E-03	1.68E-03	0.00E+00
ATP2B4_boot.102	6.22E-03	6.92E-05	5.24E-03	1.38E-03	0.00E+00
ATP2B4_boot.103	8.36E-03	4.09E-05	7.98E-03	7.83E-04	2.73E-04
ATP2B4_boot.104	7.24E-03	7.30E-05	6.41E-03	1.27E-03	2.33E-04
ATP2B4_boot.105	6.01E-03	4.97E-05	5.03E-03	1.34E-03	0.00E+00
ATP2B4_boot.106	7.20E-03	9.55E-05	6.26E-03	1.35E-03	0.00E+00
ATP2B4_boot.107	7.18E-03	5.89E-05	6.16E-03	1.41E-03	0.00E+00
ATP2B4_boot.108	6.32E-03	4.68E-05	5.78E-03	8.91E-04	1.66E-04
ATP2B4_boot.109	6.10E-03	6.78E-05	5.18E-03	1.27E-03	0.00E+00
ATP2B4_boot.110	1.02E-02	3.90E-05	9.80E-03	9.15E-04	3.68E-04
ATP2B4_boot.111	7.63E-03	6.40E-05	6.78E-03	1.18E-03	9.57E-05
ATP2B4_boot.112	9.71E-03	4.77E-05	9.65E-03	6.35E-32	1.53E-04
ATP2B4_boot.113	8.34E-03	4.22E-05	6.99E-03	1.85E-03	0.00E+00
ATP2B4_boot.114	5.54E-03	4.48E-05	4.29E-03	1.76E-03	0.00E+00
ATP2B4_boot.115	5.76E-03	4.20E-05	4.92E-03	1.15E-03	0.00E+00
ATP2B4_boot.116	5.77E-03	9.10E-05	4.89E-03	1.30E-03	0.00E+00
ATP2B4_boot.117	6.21E-03	3.10E-05	5.90E-03	6.14E-04	2.04E-04
ATP2B4_boot.118	7.43E-03	1.51E-04	6.58E-03	1.30E-03	0.00E+00
ATP2B4_boot.119	1.03E-02	1.06E-04	9.99E-03	8.04E-04	5.52E-04
ATP2B4_boot.120	9.74E-03	7.55E-05	9.27E-03	1.05E-03	4.64E-04
ATP2B4_boot.121	7.99E-03	4.37E-05	7.68E-03	6.92E-04	2.56E-04
ATP2B4_boot.122	1.01E-02	7.97E-05	9.78E-03	9.22E-04	5.20E-04
ATP2B4_boot.123	7.08E-03	2.05E-05	5.86E-03	1.64E-03	0.00E+00
ATP2B4_boot.124	8.76E-03	4.93E-05	8.02E-03	1.18E-03	2.83E-04
ATP2B4_boot.125	7.24E-03	5.24E-05	7.18E-03	4.52E-04	3.49E-04
ATP2B4_boot.126	8.82E-03	4.15E-05	8.59E-03	7.11E-04	3.96E-04
ATP2B4_boot.127	8.01E-03	1.90E-05	6.59E-03	1.92E-03	0.00E+00
ATP2B4_boot.128	5.86E-03	9.57E-05	4.90E-03	1.38E-03	0.00E+00
ATP2B4_boot.129	8.92E-03	9.56E-05	7.91E-03	1.45E-03	0.00E+00
ATP2B4_boot.130	9.88E-03	6.66E-05	9.38E-03	9.99E-04	4.28E-04
ATP2B4_boot.131	7.72E-03	4.25E-05	7.44E-03	6.71E-04	3.09E-04
ATP2B4_boot.132	7.10E-03	1.77E-05	5.81E-03	1.75E-03	0.00E+00
ATP2B4_boot.133	5.33E-03	4.63E-05	4.03E-03	1.93E-03	0.00E+00
ATP2B4_boot.134	9.96E-03	1.33E-04	9.26E-03	1.07E-03	0.00E+00
ATP2B4_boot.135	5.56E-03	7.30E-05	4.79E-03	1.09E-03	7.11E-05
ATP2B4_boot.136	9.06E-03	4.40E-05	8.88E-03	6.08E-04	3.23E-04
ATP2B4_boot.137	7.82E-03	1.72E-05	6.34E-03	2.02E-03	0.00E+00
ATP2B4_boot.138	9.31E-03	7.90E-05	8.77E-03	1.09E-03	4.52E-04
ATP2B4_boot.139	9.87E-03	1.30E-04	9.04E-03	1.23E-03	0.00E+00
ATP2B4_boot.140	8.86E-03	2.74E-05	8.44E-03	8.56E-04	2.93E-04
ATP2B4_boot.141	1.02E-02	2.18E-04	9.69E-03	1.02E-03	5.89E-04
ATP2B4_boot.142	1.01E-02	1.25E-04	9.39E-03	1.22E-03	4.49E-04
ATP2B4_boot.143	7.99E-03	5.58E-05	7.69E-03	7.73E-04	3.90E-04
ATP2B4_boot.144	1.04E-02	4.66E-05	1.03E-02	6.72E-41	1.57E-04
ATP2B4_boot.145	8.48E-03	3.87E-05	7.87E-03	1.07E-03	2.79E-04
ATP2B4_boot.146	5.98E-03	5.97E-05	5.11E-03	1.20E-03	0.00E+00
ATP2B4_boot.147	7.04E-03	5.32E-05	6.59E-03	8.33E-04	2.06E-04
ATP2B4_boot.148	1.16E-02	1.00E-04	1.14E-02	4.47E-67	2.71E-04
ATP2B4_boot.149	5.65E-03	4.61E-05	4.64E-03	1.36E-03	0.00E+00
ATP2B4_boot.150	9.34E-03	7.11E-05	8.97E-03	8.63E-04	4.28E-04
ATP2B4_boot.151	1.05E-02	1.04E-04	9.93E-03	1.15E-03	5.40E-04
ATP2B4_boot.152	7.80E-03	5.46E-05	7.53E-03	6.33E-04	3.00E-04
ATP2B4_boot.153	1.04E-02	1.63E-04	9.92E-03	1.05E-03	6.54E-04
ATP2B4_boot.154	9.63E-03	6.37E-05	9.08E-03	1.02E-03	3.67E-04
ATP2B4_boot.155	9.80E-03	7.07E-05	8.80E-03	1.41E-03	8.54E-100
ATP2B4_boot.156	8.74E-03	4.79E-05	7.95E-03	1.29E-03	2.86E-04
ATP2B4_boot.157	5.71E-03	4.51E-05	4.78E-03	1.25E-03	1.82E-05
ATP2B4_boot.158	7.89E-03	1.07E-04	7.07E-03	1.21E-03	0.00E+00
ATP2B4_boot.159	8.74E-03	7.86E-05	7.71E-03	1.47E-03	2.36E-04
ATP2B4_boot.160	6.45E-03	3.38E-05	5.94E-03	8.57E-04	1.88E-04
ATP2B4_boot.161	6.62E-03	7.88E-05	5.51E-03	1.59E-03	0.00E+00
ATP2B4_boot.162	9.35E-03	8.04E-05	8.74E-03	1.11E-03	4.03E-04
ATP2B4_boot.163	7.09E-03	5.25E-05	6.56E-03	9.26E-04	2.23E-04
ATP2B4_boot.164	9.16E-03	5.33E-05	8.93E-03	6.98E-04	4.13E-04
ATP2B4_boot.165	7.27E-03	6.28E-05	6.17E-03	1.52E-03	0.00E+00
ATP2B4_boot.166	7.88E-03	8.51E-05	7.14E-03	1.11E-03	0.00E+00
ATP2B4_boot.167	9.38E-03	3.26E-05	9.21E-03	6.32E-04	4.08E-04
ATP2B4_boot.168	5.88E-03	4.93E-05	4.64E-03	1.78E-03	0.00E+00
ATP2B4_boot.169	5.35E-03	5.34E-05	4.41E-03	1.32E-03	0.00E+00
ATP2B4_boot.170	8.20E-03	4.99E-05	7.82E-03	8.05E-04	3.07E-04
ATP2B4_boot.171	6.21E-03	1.01E-04	5.32E-03	1.29E-03	0.00E+00
ATP2B4_boot.172	7.04E-03	7.44E-05	6.17E-03	1.22E-03	0.00E+00
ATP2B4_boot.173	8.75E-03	8.92E-05	7.35E-03	1.95E-03	0.00E+00
ATP2B4_boot.174	9.00E-03	5.41E-05	8.89E-03	3.66E-04	3.02E-04
ATP2B4_boot.175	8.42E-03	6.24E-05	7.99E-03	9.42E-04	3.90E-04
ATP2B4_boot.176	9.05E-03	1.14E-04	8.34E-03	1.08E-03	2.03E-141
ATP2B4_boot.177	5.81E-03	4.29E-05	4.59E-03	1.75E-03	0.00E+00
ATP2B4_boot.178	1.20E-02	0.00E+00	1.19E-02	0.00E+00	2.89E-04
ATP2B4_boot.179	6.17E-03	4.96E-05	4.73E-03	1.97E-03	0.00E+00
ATP2B4_boot.180	8.78E-03	6.77E-05	7.61E-03	1.67E-03	2.25E-04
ATP2B4_boot.181	1.23E-02	6.09E-04	1.18E-02	1.54E-03	1.66E-03
ATP2B4_boot.182	5.85E-03	5.22E-05	4.88E-03	1.37E-03	2.60E-05
ATP2B4_boot.183	9.27E-03	8.79E-05	9.23E-03	0.00E+00	2.60E-04
ATP2B4_boot.184	7.81E-03	5.40E-05	6.68E-03	1.54E-03	6.99E-54
ATP2B4_boot.185	8.56E-03	5.94E-05	8.60E-03	1.69E-10	1.96E-04
ATP2B4_boot.186	8.01E-03	2.55E-05	6.89E-03	1.51E-03	0.00E+00
ATP2B4_boot.187	8.92E-03	3.18E-05	7.55E-03	1.86E-03	0.00E+00
ATP2B4_boot.188	9.34E-03	5.21E-05	8.86E-03	9.61E-04	3.60E-04
ATP2B4_boot.189	7.84E-03	1.04E-04	6.82E-03	1.56E-03	3.37E-04
ATP2B4_boot.190	7.39E-03	3.70E-05	7.00E-03	7.21E-04	2.06E-04
ATP2B4_boot.191	1.07E-02	4.34E-05	1.06E-02	0.00E+00	1.75E-04
ATP2B4_boot.192	8.82E-03	6.67E-05	8.52E-03	8.05E-04	3.62E-04
ATP2B4_boot.193	5.01E-03	4.80E-05	3.76E-03	1.76E-03	1.24E-04
ATP2B4_boot.194	7.87E-03	4.70E-05	6.92E-03	1.32E-03	0.00E+00
ATP2B4_boot.195	9.31E-03	8.70E-05	8.42E-03	1.26E-03	0.00E+00
ATP2B4_boot.196	8.63E-03	1.29E-04	7.51E-03	1.66E-03	3.49E-04
ATP2B4_boot.197	3.58E-03	1.02E-04	2.54E-03	1.64E-03	3.64E-58
ATP2B4_boot.198	8.06E-03	3.33E-05	7.04E-03	1.43E-03	1.28E-04
ATP2B4_boot.199	6.04E-03	6.55E-05	6.12E-03	7.83E-111	1.55E-04
ATP2B4_boot.200	1.39E-03	7.32E-05	1.13E-03	3.02E-04	2.31E-04
ATP2B4_boot.201	6.58E-03	3.55E-06	6.04E-03	8.46E-04	1.76E-04
ATP2B4_boot.202	4.27E-03	7.85E-05	3.51E-03	1.10E-03	3.51E-05
ATP2B4_boot.203	4.17E-03	1.15E-04	3.87E-03	5.58E-04	4.53E-05
ATP2B4_boot.204	1.17E-02	0.00E+00	1.07E-02	1.79E-03	5.61E-04
ATP2B4_boot.205	3.30E-03	1.40E-04	2.32E-03	1.58E-03	2.16E-113
ATP2B4_boot.206	2.44E-03	4.86E-05	1.73E-03	1.43E-03	3.41E-04
ATP2B4_boot.207	4.85E-03	0.00E+00	4.00E-03	1.04E-03	1.09E-04
ATP2B4_boot.208	2.25E-03	1.39E-04	1.71E-03	8.26E-04	2.05E-04
ATP2B4_boot.209	3.15E-03	0.00E+00	2.59E-03	8.84E-04	9.63E-05
ATP2B4_boot.210	2.93E-03	2.29E-05	2.37E-03	7.36E-04	7.28E-05
ATP2B4_boot.211	5.06E-03	8.11E-05	4.79E-03	5.40E-04	1.06E-04
ATP2B4_boot.212	8.58E-03	8.98E-05	7.62E-03	1.56E-03	3.88E-04
ATP2B4_boot.213	1.20E-02	0.00E+00	1.14E-02	1.05E-03	0.00E+00
ATP2B4_boot.214	4.25E-03	8.99E-21	3.17E-03	1.61E-03	6.51E-05
ATP2B4_boot.215	6.28E-03	6.99E-05	6.45E-03	0.00E+00	1.97E-04
ATP2B4_boot.216	5.13E-04	0.00E+00	2.25E-03	1.62E-03	3.46E-04
ATP2B4_boot.217	9.10E-03	1.89E-04	8.12E-03	1.61E-03	5.36E-04
ATP2B4_boot.218	2.24E-03	9.51E-05	1.72E-03	8.66E-04	6.40E-05
ATP2B4_boot.219	8.45E-03	0.00E+00	7.79E-03	1.09E-03	2.86E-04
ATP2B4_boot.220	5.80E-03	5.80E-05	4.80E-03	1.31E-03	8.50E-56
ATP2B4_boot.221	3.76E-03	7.60E-05	3.34E-03	6.43E-04	9.25E-118
ATP2B4_boot.222	5.45E-03	6.40E-05	4.69E-03	1.03E-03	4.73E-05
ATP2B4_boot.223	8.76E-03	8.49E-05	7.64E-03	1.56E-03	0.00E+00
ATP2B4_boot.224	4.44E-03	4.86E-05	4.15E-03	5.74E-04	1.96E-04
ATP2B4_boot.225	6.47E-03	7.04E-05	5.94E-03	8.61E-04	1.35E-04
ATP2B4_boot.226	4.15E-03	1.02E-04	2.91E-03	1.90E-03	0.00E+00
ATP2B4_boot.227	4.36E-03	1.86E-04	4.17E-03	4.54E-04	8.18E-05
ATP2B4_boot.228	5.84E-03	9.08E-05	4.70E-03	1.53E-03	9.17E-05
ATP2B4_boot.229	6.38E-03	8.12E-05	5.51E-03	1.22E-03	1.65E-04
ATP2B4_boot.230	1.25E-03	2.73E-05	9.91E-04	8.72E-04	2.24E-04
ATP2B4_boot.231	7.47E-03	5.48E-05	6.84E-03	1.10E-03	3.27E-04
ATP2B4_boot.232	2.11E-03	1.12E-04	1.52E-03	1.40E-03	0.00E+00
ATP2B4_boot.233	3.12E-03	6.38E-05	2.47E-03	9.52E-04	8.15E-05
ATP2B4_boot.234	7.21E-03	7.01E-05	6.92E-03	6.84E-04	2.39E-04
ATP2B4_boot.235	7.33E-03	1.34E-04	6.78E-03	8.71E-04	1.26E-73
ATP2B4_boot.236	9.12E-03	5.86E-05	8.61E-03	1.10E-03	4.51E-04
ATP2B4_boot.237	7.82E-03	0.00E+00	6.73E-03	1.56E-03	0.00E+00
ATP2B4_boot.238	1.88E-03	8.36E-05	1.37E-03	9.75E-04	6.68E-121
ATP2B4_boot.239	4.50E-03	3.76E-147	3.41E-03	1.51E-03	7.00E-05
ATP2B4_boot.240	7.34E-03	0.00E+00	7.14E-03	6.21E-04	2.99E-04
ATP2B4_boot.241	3.62E-03	3.75E-05	2.63E-03	1.47E-03	8.93E-05
ATP2B4_boot.242	5.54E-03	8.77E-05	5.09E-03	7.66E-04	9.71E-05
ATP2B4_boot.243	8.22E-03	0.00E+00	7.28E-03	1.28E-03	1.70E-04
ATP2B4_boot.244	3.70E-03	8.94E-05	2.59E-03	1.77E-03	0.00E+00
ATP2B4_boot.245	4.24E-03	1.88E-94	3.26E-03	1.34E-03	8.96E-05
ATP2B4_boot.246	6.60E-03	1.23E-04	5.99E-03	9.32E-04	0.00E+00
ATP2B4_boot.247	5.80E-03	1.10E-04	4.67E-03	1.59E-03	1.51E-04
ATP2B4_boot.248	4.95E-03	4.91E-05	4.49E-03	6.46E-04	5.43E-05
ATP2B4_boot.249	4.18E-03	5.43E-05	3.09E-03	1.52E-03	8.34E-05
ATP2B4_boot.250	7.14E-03	5.78E-05	6.79E-03	8.33E-04	3.57E-04
ATP2B4_boot.251	4.59E-03	0.00E+00	3.49E-03	1.45E-03	6.28E-05
ATP2B4_boot.252	6.19E-03	5.68E-05	5.84E-03	7.28E-04	2.57E-04
ATP2B4_boot.253	5.77E-03	8.57E-05	4.58E-03	1.69E-03	6.41E-05
ATP2B4_boot.254	5.70E-03	0.00E+00	4.84E-03	1.18E-03	1.36E-04
ATP2B4_boot.255	3.90E-03	5.19E-05	3.09E-03	1.13E-03	6.01E-05
ATP2B4_boot.256	5.97E-03	5.47E-05	4.93E-03	1.50E-03	1.33E-04
ATP2B4_boot.257	4.00E-03	8.15E-05	3.25E-03	1.14E-03	4.10E-99
ATP2B4_boot.258	9.08E-03	1.29E-04	8.40E-03	1.08E-03	0.00E+00
ATP2B4_boot.259	1.80E-03	5.51E-05	1.37E-03	7.12E-04	2.06E-04
ATP2B4_boot.260	3.06E-03	1.14E-04	2.51E-03	8.07E-04	1.02E-04
ATP2B4_boot.261	7.96E-03	1.34E-04	7.47E-03	8.59E-04	0.00E+00
ATP2B4_boot.262	5.71E-03	8.33E-05	5.15E-03	8.98E-04	1.91E-04
ATP2B4_boot.263	6.30E-03	9.67E-05	5.69E-03	1.03E-03	1.67E-04
ATP2B4_boot.264	6.19E-03	6.18E-05	5.61E-03	9.14E-04	2.29E-04
ATP2B4_boot.265	5.39E-03	3.53E-05	4.86E-03	7.93E-04	1.47E-04
ATP2B4_boot.266	6.28E-03	9.69E-05	5.48E-03	1.27E-03	2.79E-04
ATP2B4_boot.267	3.27E-03	1.45E-74	2.30E-03	1.69E-03	2.27E-32
ATP2B4_boot.268	3.14E-03	6.70E-05	2.39E-03	1.17E-03	0.00E+00
ATP2B4_boot.269	1.21E-02	0.00E+00	1.16E-02	1.31E-03	6.55E-04
ATP2B4_boot.270	3.64E-03	5.71E-05	2.92E-03	1.04E-03	0.00E+00
ATP2B4_boot.271	8.04E-03	9.46E-05	7.21E-03	1.32E-03	3.32E-04
ATP2B4_boot.272	3.61E-03	8.77E-05	2.68E-03	1.23E-03	2.85E-04
ATP2B4_boot.273	7.14E-03	7.17E-07	6.22E-03	1.46E-03	2.56E-04
ATP2B4_boot.274	5.08E-03	0.00E+00	4.49E-03	8.17E-04	1.06E-04
ATP2B4_boot.275	8.71E-03	4.12E-05	8.05E-03	1.21E-03	3.63E-04
ATP2B4_boot.276	8.51E-03	2.82E-80	8.29E-03	7.92E-04	4.96E-04
ATP2B4_boot.277	1.02E-02	2.58E-04	9.55E-03	1.39E-03	8.58E-04
ATP2B4_boot.278	5.19E-03	8.28E-05	4.91E-03	6.07E-04	1.54E-04
ATP2B4_boot.279	9.51E-03	6.03E-05	9.36E-03	6.32E-04	4.69E-04
ATP2B4_boot.280	2.24E-03	3.06E-34	1.61E-03	1.29E-03	2.44E-04
ATP2B4_boot.281	4.97E-03	0.00E+00	4.55E-03	7.80E-04	1.97E-04
ATP2B4_boot.282	4.23E-03	6.66E-05	3.33E-03	1.38E-03	0.00E+00
ATP2B4_boot.283	3.20E-03	0.00E+00	2.35E-03	1.23E-03	1.64E-04
ATP2B4_boot.284	8.38E-03	4.72E-05	7.79E-03	1.09E-03	3.57E-04
ATP2B4_boot.285	3.83E-03	2.24E-05	2.96E-03	1.15E-03	1.06E-04
ATP2B4_boot.286	9.80E-04	1.12E-04	1.35E-03	1.05E-03	5.12E-04
ATP2B4_boot.287	8.40E-03	1.94E-43	7.37E-03	1.64E-03	3.65E-04
ATP2B4_boot.288	2.88E-03	0.00E+00	2.07E-03	1.23E-03	2.15E-04
ATP2B4_boot.289	6.25E-03	4.48E-05	5.70E-03	9.41E-04	2.14E-04
ATP2B4_boot.290	1.78E-03	1.03E-04	1.38E-03	1.41E-03	2.56E-29
ATP2B4_boot.291	6.21E-03	7.11E-05	5.59E-03	1.07E-03	2.30E-04
ATP2B4_boot.292	1.02E-02	0.00E+00	9.34E-03	1.27E-03	0.00E+00
ATP2B4_boot.293	7.57E-03	1.14E-04	6.96E-03	9.61E-04	2.48E-56
ATP2B4_real	6.80E-03	8.71E-05	5.74E-03	1.54E-03	1.78E-04
ATP2B4_real.1	9.09E-03	3.52E-05	9.14E-03	8.93E-06	1.97E-04
ATP2B4_real.2	9.05E-03	5.14E-05	8.71E-03	8.15E-04	3.96E-04
ATP2B4_real.3	7.10E-03	5.86E-05	6.04E-03	1.47E-03	0.00E+00
ATP2B4_real.4	6.74E-03	4.53E-05	6.10E-03	1.05E-03	2.09E-04
ATP2B4_real.5	4.16E-03	2.45E-05	3.37E-03	1.08E-03	6.81E-05
EXO1_boot	9.90E-04	6.50E-04	3.85E-03	2.17E-03	9.21E-05
EXO1_boot.1	1.13E-03	1.87E-04	1.26E-03	1.34E-03	5.42E-05
EXO1_boot.2	7.32E-04	2.36E-04	1.46E-03	1.36E-03	4.55E-05
EXO1_boot.3	5.44E-04	2.25E-04	1.88E-03	1.53E-03	1.08E-04
EXO1_boot.4	7.02E-04	2.06E-04	1.69E-03	1.51E-03	9.54E-05
EXO1_boot.5	1.87E-03	2.07E-04	1.40E-03	1.51E-03	2.75E-05
EXO1_boot.6	7.93E-04	2.41E-04	1.52E-03	1.48E-03	0.00E+00
EXO1_boot.7	5.96E-04	2.04E-04	1.62E-03	1.41E-03	8.81E-05
EXO1_boot.8	1.52E-03	2.53E-04	1.29E-03	1.43E-03	2.57E-05
EXO1_boot.9	1.18E-03	1.89E-04	1.42E-03	1.52E-03	6.18E-05
EXO1_boot.10	7.20E-04	4.52E-04	2.82E-03	1.64E-03	4.74E-05
EXO1_boot.11	3.97E-04	2.54E-04	1.84E-03	1.44E-03	0.00E+00
EXO1_boot.12	4.76E-04	2.58E-04	1.86E-03	1.52E-03	5.54E-16
EXO1_boot.13	6.06E-04	2.15E-04	1.52E-03	1.33E-03	7.58E-05
EXO1_boot.14	8.89E-04	2.15E-04	1.61E-03	1.56E-03	6.84E-05
EXO1_boot.15	7.31E-04	2.54E-04	1.78E-03	1.63E-03	7.78E-99
EXO1_boot.16	9.59E-04	2.46E-04	1.64E-03	1.59E-03	6.59E-05
EXO1_boot.17	6.07E-04	2.16E-04	1.63E-03	1.41E-03	8.14E-05
EXO1_boot.18	2.08E-03	2.16E-04	1.45E-03	1.45E-03	0.00E+00
EXO1_boot.19	6.08E-04	1.97E-04	1.28E-03	1.14E-03	7.72E-05
EXO1_boot.20	5.08E-04	2.15E-04	1.38E-03	1.20E-03	3.36E-05
EXO1_boot.21	7.34E-04	2.40E-04	1.65E-03	1.52E-03	5.31E-05
EXO1_boot.22	6.70E-04	2.58E-04	1.64E-03	1.49E-03	1.73E-20
EXO1_boot.23	6.17E-04	2.28E-04	1.64E-03	1.46E-03	5.18E-05
EXO1_boot.24	5.30E-04	1.98E-04	1.87E-03	1.53E-03	1.28E-04
EXO1_boot.25	7.05E-04	1.99E-04	1.69E-03	1.48E-03	1.36E-04
EXO1_boot.26	7.84E-04	2.17E-04	1.38E-03	1.32E-03	5.43E-05
EXO1_boot.27	1.19E-03	2.33E-04	1.38E-03	1.46E-03	4.27E-05
EXO1_boot.28	4.46E-04	2.19E-04	1.79E-03	1.42E-03	7.82E-05
EXO1_boot.29	8.69E-04	1.96E-04	1.32E-03	1.30E-03	6.61E-05
EXO1_boot.30	9.20E-04	2.16E-04	1.26E-03	1.29E-03	2.66E-05
EXO1_boot.31	6.67E-04	2.08E-04	1.62E-03	1.45E-03	8.86E-05
EXO1_boot.32	6.92E-04	2.17E-04	1.59E-03	1.40E-03	1.04E-04
EXO1_boot.33	8.03E-04	2.68E-04	1.67E-03	1.58E-03	0.00E+00
EXO1_boot.34	5.31E-04	2.16E-04	1.98E-03	1.60E-03	1.19E-04
EXO1_boot.35	3.48E-04	1.91E-04	1.72E-03	1.26E-03	1.09E-04
EXO1_boot.36	1.10E-03	1.80E-04	1.45E-03	1.47E-03	1.16E-04
EXO1_boot.37	1.15E-03	2.32E-04	1.40E-03	1.47E-03	4.22E-05
EXO1_boot.38	8.90E-04	2.11E-04	1.72E-03	1.62E-03	1.10E-04
EXO1_boot.39	7.32E-04	2.29E-04	1.56E-03	1.42E-03	6.43E-05
EXO1_boot.40	6.88E-04	2.14E-04	1.67E-03	1.47E-03	9.73E-05
EXO1_boot.41	8.21E-04	2.24E-04	1.56E-03	1.49E-03	5.20E-05
EXO1_boot.42	8.19E-04	2.44E-04	1.48E-03	1.43E-03	3.84E-05
EXO1_boot.43	3.99E-04	2.05E-04	1.43E-03	1.14E-03	8.01E-05
EXO1_boot.44	1.01E-03	2.30E-04	1.31E-03	1.32E-03	5.51E-05
EXO1_boot.45	9.89E-04	2.47E-04	1.11E-03	1.17E-03	3.04E-05
EXO1_boot.46	3.37E-04	2.42E-04	1.76E-03	1.21E-03	1.03E-04
EXO1_boot.47	9.35E-04	2.56E-04	1.37E-03	1.37E-03	2.26E-115
EXO1_boot.48	4.84E-04	2.06E-04	1.28E-03	1.09E-03	5.98E-05
EXO1_boot.49	5.60E-04	2.19E-04	1.81E-03	1.49E-03	1.25E-04
EXO1_boot.50	4.33E-04	2.12E-04	1.55E-03	1.23E-03	9.11E-05
EXO1_boot.51	9.68E-04	2.28E-04	1.26E-03	1.29E-03	3.67E-05
EXO1_boot.52	7.02E-04	2.10E-04	1.36E-03	1.26E-03	6.59E-05
EXO1_boot.53	5.15E-04	2.24E-04	1.63E-03	1.34E-03	8.38E-05
EXO1_boot.54	6.93E-04	2.52E-04	1.65E-03	1.48E-03	4.71E-05
EXO1_boot.55	7.99E-04	2.01E-04	1.27E-03	1.24E-03	5.60E-05
EXO1_boot.56	3.33E-04	2.52E-04	1.75E-03	1.22E-03	7.47E-05
EXO1_boot.57	9.73E-04	2.58E-04	1.29E-03	1.32E-03	3.11E-05
EXO1_boot.58	4.29E-04	2.31E-04	1.67E-03	1.30E-03	9.27E-05
EXO1_boot.59	3.31E-04	2.17E-04	1.68E-03	1.18E-03	1.14E-04
EXO1_boot.60	3.35E-04	2.18E-04	1.60E-03	1.17E-03	8.49E-05
EXO1_boot.61	9.05E-04	2.23E-04	1.31E-03	1.32E-03	2.84E-05
EXO1_boot.62	3.39E-04	2.21E-04	1.77E-03	1.23E-03	1.08E-04
EXO1_boot.63	8.70E-04	2.29E-04	1.37E-03	1.33E-03	5.78E-05
EXO1_boot.64	9.48E-04	2.20E-04	1.37E-03	1.35E-03	7.43E-05
EXO1_boot.65	7.87E-04	2.59E-04	1.39E-03	1.30E-03	5.37E-05
EXO1_boot.66	8.31E-04	2.42E-04	1.31E-03	1.25E-03	6.14E-05
EXO1_boot.67	7.85E-04	2.76E-04	1.51E-03	1.42E-03	8.90E-38
EXO1_boot.68	9.87E-04	2.38E-04	1.31E-03	1.35E-03	3.45E-05
EXO1_boot.69	7.52E-04	2.53E-04	1.21E-03	1.14E-03	4.06E-05
EXO1_boot.70	1.08E-03	2.45E-04	1.15E-03	1.21E-03	3.63E-05
EXO1_boot.71	6.62E-04	2.13E-04	1.42E-03	1.25E-03	9.60E-05
EXO1_boot.72	8.69E-04	2.38E-04	1.24E-03	1.24E-03	2.66E-05
EXO1_boot.73	4.14E-04	2.16E-04	1.74E-03	1.33E-03	1.11E-04
EXO1_boot.74	3.56E-04	2.04E-04	1.59E-03	1.19E-03	9.34E-05
EXO1_boot.75	5.72E-04	2.70E-04	1.49E-03	1.31E-03	9.42E-114
EXO1_boot.76	8.76E-04	2.06E-04	1.21E-03	1.21E-03	5.43E-05
EXO1_boot.77	3.71E-04	2.86E-04	1.92E-03	1.38E-03	1.34E-05
EXO1_boot.78	3.59E-04	2.36E-04	1.49E-03	1.14E-03	6.25E-05
EXO1_boot.79	5.15E-04	2.37E-04	1.53E-03	1.26E-03	7.23E-05
EXO1_boot.80	1.16E-03	2.14E-04	1.20E-03	1.23E-03	7.62E-05
EXO1_boot.81	6.49E-04	2.32E-04	1.39E-03	1.25E-03	5.94E-05
EXO1_boot.82	4.86E-04	2.16E-04	1.54E-03	1.27E-03	8.05E-05
EXO1_boot.83	6.98E-04	2.40E-04	1.39E-03	1.27E-03	5.57E-05
EXO1_boot.84	9.76E-04	2.27E-04	1.04E-03	1.08E-03	3.20E-05
EXO1_boot.85	1.13E-03	1.98E-04	1.12E-03	1.21E-03	3.54E-05
EXO1_real	7.95E-04	2.15E-04	1.49E-03	1.41E-03	7.08E-05
EXO1_real.1	7.71E-04	2.26E-04	1.31E-03	1.24E-03	5.70E-05
RNF168_boot	3.91E-03	1.57E-04	2.90E-03	1.39E-03	0.00E+00
RNF168_boot.1	1.60E-03	2.04E-04	1.27E-03	1.34E-03	0.00E+00
RNF168_boot.2	1.86E-03	1.41E-04	1.31E-03	1.22E-03	6.72E-05
RNF168_boot.3	2.62E-03	2.23E-04	1.83E-03	1.86E-03	0.00E+00
RNF168_boot.4	3.64E-03	1.98E-04	2.74E-03	1.28E-03	1.15E-04
RNF168_boot.5	1.48E-03	2.13E-04	1.06E-03	8.43E-04	6.56E-05
RNF168_boot.6	6.88E-04	1.68E-04	1.48E-03	1.27E-03	1.45E-04
RNF168_boot.7	3.04E-04	1.34E-04	1.53E-03	9.78E-04	1.61E-04
RNF168_boot.8	6.05E-04	1.83E-04	1.72E-03	1.48E-03	1.05E-04
RNF168_boot.9	1.07E-03	2.31E-04	1.56E-03	1.58E-03	0.00E+00
RNF168_boot.10	2.75E-03	2.06E-04	1.87E-03	1.66E-03	0.00E+00
RNF168_boot.11	3.01E-04	3.24E-04	1.45E-03	9.24E-04	1.22E-124
RNF168_boot.12	1.38E-03	1.26E-04	1.08E-03	1.11E-03	3.99E-05
RNF168_boot.13	3.41E-04	1.25E-04	1.65E-03	1.14E-03	1.99E-04
RNF168_boot.14	5.00E-04	2.64E-04	1.75E-03	1.43E-03	3.39E-09
RNF168_boot.15	7.17E-04	2.59E-04	2.00E-03	1.78E-03	0.00E+00
RNF168_boot.16	2.58E-03	1.60E-04	1.82E-03	1.23E-03	0.00E+00
RNF168_boot.17	2.97E-03	1.58E-04	2.10E-03	1.33E-03	0.00E+00
RNF168_boot.18	9.28E-04	1.68E-04	1.19E-03	1.18E-03	6.62E-05
RNF168_boot.19	5.11E-04	2.61E-04	2.10E-03	1.66E-03	0.00E+00
RNF168_boot.20	4.55E-04	2.71E-04	1.93E-03	1.53E-03	0.00E+00
RNF168_boot.21	2.05E-03	2.14E-04	1.45E-03	1.35E-03	1.57E-05
RNF168_boot.22	1.24E-03	2.26E-04	1.23E-03	1.32E-03	7.10E-162
RNF168_boot.23	3.01E-03	1.86E-04	2.10E-03	1.47E-03	0.00E+00
RNF168_boot.24	1.30E-03	1.12E-04	1.40E-03	1.47E-03	1.65E-04
RNF168_boot.25	3.68E-03	1.54E-04	2.76E-03	1.25E-03	0.00E+00
RNF168_boot.26	2.46E-03	1.49E-04	1.75E-03	1.19E-03	0.00E+00
RNF168_boot.27	1.01E-03	2.35E-04	1.45E-03	1.46E-03	3.55E-08
RNF168_boot.28	1.97E-03	1.98E-04	1.42E-03	1.35E-03	0.00E+00
RNF168_boot.29	2.63E-03	1.73E-04	1.82E-03	1.74E-03	6.53E-05
RNF168_boot.30	2.10E-03	1.73E-04	1.49E-03	1.43E-03	8.98E-05
RNF168_boot.31	5.94E-04	1.95E-04	1.34E-03	1.19E-03	6.31E-05
RNF168_boot.32	1.51E-03	2.34E-04	1.26E-03	1.40E-03	4.65E-05
RNF168_boot.33	6.01E-04	1.74E-04	1.48E-03	1.27E-03	1.22E-04
RNF168_boot.34	3.40E-03	1.99E-04	2.58E-03	1.20E-03	1.35E-04
RNF168_boot.35	1.87E-03	2.25E-04	1.35E-03	1.33E-03	2.39E-05
RNF168_boot.36	3.06E-03	2.14E-04	2.11E-03	1.43E-03	0.00E+00
RNF168_boot.37	2.53E-03	2.03E-04	1.77E-03	1.28E-03	1.22E-04
RNF168_boot.38	4.50E-04	1.69E-04	8.54E-04	7.83E-04	3.55E-05
RNF168_boot.39	3.30E-03	1.27E-04	2.41E-03	1.35E-03	0.00E+00
RNF168_boot.40	2.07E-03	1.58E-04	1.54E-03	8.13E-04	3.73E-05
RNF168_boot.41	4.00E-04	2.45E-04	1.84E-03	1.41E-03	0.00E+00
RNF168_boot.42	8.23E-04	1.26E-04	1.28E-03	1.23E-03	1.21E-04
RNF168_boot.43	8.38E-04	1.85E-04	1.29E-03	1.23E-03	8.88E-05
RNF168_boot.44	2.01E-03	2.04E-04	1.45E-03	1.43E-03	3.30E-43
RNF168_boot.45	2.86E-03	1.97E-04	2.00E-03	1.32E-03	7.03E-05
RNF168_boot.46	2.93E-03	1.75E-04	2.19E-03	1.05E-03	6.88E-05
RNF168_boot.47	1.41E-03	2.55E-04	1.82E-03	1.97E-03	0.00E+00
RNF168_boot.48	9.77E-04	1.25E-04	8.38E-04	8.62E-04	1.54E-05
RNF168_boot.49	3.32E-03	5.42E-04	3.66E-03	2.41E-03	0.00E+00
RNF168_boot.50	2.58E-03	1.89E-04	1.79E-03	1.71E-03	0.00E+00
RNF168_boot.51	2.00E-03	1.97E-04	1.44E-03	1.45E-03	0.00E+00
RNF168_boot.52	1.69E-03	2.51E-04	1.39E-03	1.48E-03	2.85E-05
RNF168_boot.53	2.41E-03	2.41E-04	1.66E-03	1.55E-03	2.24E-145
RNF168_boot.54	3.67E-03	4.93E-04	3.37E-03	1.91E-03	2.48E-04
RNF168_boot.55	1.41E-03	6.46E-04	2.00E-03	1.60E-03	3.07E-04
RNF168_boot.56	3.08E-04	3.14E-04	1.67E-03	1.12E-03	6.71E-65
RNF168_boot.57	5.40E-04	5.15E-04	2.11E-03	1.09E-03	4.74E-05
RNF168_boot.58	2.23E-03	2.01E-04	1.55E-03	1.00E-03	0.00E+00
RNF168_boot.59	1.24E-03	2.99E-04	1.02E-03	1.03E-03	7.33E-05
RNF168_boot.60	1.79E-04	1.36E-04	9.98E-04	5.88E-04	8.54E-05
RNF168_boot.61	1.51E-04	2.64E-04	0.00E+00	5.43E-05	2.73E-04
RNF168_boot.62	1.68E-03	1.89E-04	1.16E-03	7.00E-04	8.13E-05
RNF168_boot.63	1.20E-03	2.49E-04	8.47E-04	7.36E-04	1.33E-04
RNF168_boot.64	6.54E-04	2.95E-04	9.49E-04	9.54E-04	1.29E-04
RNF168_boot.65	1.37E-03	2.86E-04	9.68E-04	8.29E-04	5.83E-05
RNF168_boot.66	1.13E-03	2.47E-04	1.01E-03	1.03E-03	2.82E-05
RNF168_boot.67	6.72E-04	1.93E-04	1.20E-03	1.08E-03	8.47E-05
RNF168_boot.68	1.49E-03	2.24E-04	1.20E-03	1.26E-03	1.59E-05
RNF168_boot.69	2.95E-03	2.22E-04	2.30E-03	8.27E-04	1.02E-04
RNF168_boot.70	7.53E-04	2.86E-04	1.47E-03	1.30E-03	6.31E-05
RNF168_boot.71	2.29E-04	2.38E-04	1.26E-03	7.99E-04	7.83E-05
RNF168_boot.72	1.70E-03	2.51E-04	1.19E-03	7.81E-04	1.81E-05
RNF168_boot.73	8.79E-04	2.58E-04	9.31E-04	9.38E-04	4.08E-05
RNF168_boot.74	2.62E-03	3.06E-04	1.91E-03	9.88E-04	1.77E-04
RNF168_boot.75	1.16E-03	2.46E-04	1.35E-03	1.34E-03	8.99E-05
RNF168_boot.76	4.21E-04	1.92E-04	1.46E-03	1.09E-03	1.55E-04
RNF168_boot.77	1.85E-03	2.85E-04	1.30E-03	1.21E-03	0.00E+00
RNF168_boot.78	5.72E-04	2.65E-04	1.30E-03	1.10E-03	7.53E-20
RNF168_boot.79	2.18E-03	1.93E-04	1.59E-03	7.78E-04	5.60E-05
RNF168_boot.80	1.04E-03	2.68E-04	1.01E-03	1.02E-03	7.60E-90
RNF168_boot.81	2.00E-03	2.71E-04	1.63E-03	4.38E-04	1.72E-04
RNF168_boot.82	2.27E-03	4.17E-04	1.73E-03	8.54E-04	4.51E-04
RNF168_boot.83	1.60E-03	3.12E-04	1.19E-03	1.16E-03	1.66E-108
RNF168_boot.84	6.69E-04	2.62E-04	1.14E-03	1.04E-03	0.00E+00
RNF168_boot.85	1.75E-04	2.40E-04	2.50E-04	1.81E-04	1.69E-04
RNF168_boot.86	2.72E-03	2.51E-04	2.01E-03	9.16E-04	8.91E-05
RNF168_boot.87	7.79E-04	1.97E-04	6.78E-04	6.73E-04	4.96E-05
RNF168_boot.88	6.05E-04	2.96E-04	1.05E-03	8.85E-04	4.31E-05
RNF168_boot.89	1.17E-04	7.64E-05	9.75E-113	3.48E-05	8.22E-05
RNF168_boot.90	1.41E-03	2.26E-04	1.00E-03	7.25E-04	6.74E-05
RNF168_boot.91	1.12E-03	2.16E-04	1.00E-03	1.03E-03	5.16E-05
RNF168_boot.92	1.15E-03	1.72E-04	1.08E-03	1.03E-03	1.30E-04
RNF168_boot.93	2.80E-03	2.40E-04	1.97E-03	1.22E-03	7.11E-05
RNF168_boot.94	1.41E-03	3.06E-04	1.44E-03	1.58E-03	1.41E-126
RNF168_boot.95	2.50E-03	2.57E-04	1.68E-03	1.43E-03	8.69E-06
RNF168_boot.96	6.37E-04	2.06E-04	7.64E-04	6.33E-04	7.80E-05
RNF168_boot.97	2.95E-03	4.43E-04	2.41E-03	9.38E-04	2.84E-04
RNF168_boot.98	1.93E-03	3.38E-04	1.41E-03	6.90E-04	1.79E-04
RNF168_boot.99	1.09E-03	1.84E-04	8.28E-04	6.84E-04	7.02E-05
RNF168_boot.100	9.96E-04	1.95E-04	8.83E-04	8.67E-04	3.22E-05
RNF168_boot.101	1.35E-03	4.79E-04	2.26E-03	1.85E-03	1.45E-04
RNF168_boot.102	1.09E-03	2.59E-04	9.07E-04	9.30E-04	4.80E-05
RNF168_boot.103	1.59E-04	2.74E-04	0.00E+00	5.29E-05	2.53E-04
RNF168_boot.104	3.69E-04	2.30E-04	1.09E-03	8.03E-04	7.60E-05
RNF168_boot.105	1.20E-03	5.79E-04	1.58E-03	1.20E-03	2.84E-04
RNF168_boot.106	2.06E-03	2.90E-04	1.47E-03	8.20E-04	1.50E-04
RNF168_boot.107	8.84E-04	2.50E-04	9.88E-04	9.63E-04	2.14E-05
RNF168_boot.108	3.27E-04	2.46E-04	9.66E-04	7.28E-04	3.98E-05
RNF168_boot.109	1.76E-03	2.52E-04	1.22E-03	9.31E-04	6.39E-05
RNF168_boot.110	5.12E-04	2.48E-04	9.92E-04	8.43E-04	2.70E-05
RNF168_boot.111	2.73E-03	3.04E-04	1.97E-03	9.66E-04	7.37E-05
RNF168_boot.112	3.16E-04	2.21E-04	1.66E-03	1.17E-03	9.94E-05
RNF168_boot.113	2.37E-04	1.50E-04	1.03E-03	4.76E-04	1.37E-04
RNF168_boot.114	1.93E-03	2.77E-04	1.52E-03	4.83E-04	1.44E-04
RNF168_boot.115	9.26E-04	1.95E-04	7.53E-04	7.25E-04	5.68E-05
RNF168_boot.116	3.00E-04	3.02E-04	1.30E-03	8.82E-04	5.09E-05
RNF168_boot.117	9.41E-04	2.59E-04	1.06E-03	1.08E-03	3.84E-05
RNF168_boot.118	9.73E-04	2.32E-04	1.09E-03	1.05E-03	6.27E-05
RNF168_boot.119	2.10E-03	2.01E-04	1.56E-03	6.79E-04	6.59E-05
RNF168_boot.120	1.91E-03	2.66E-04	1.32E-03	8.55E-04	3.88E-05
RNF168_boot.121	8.98E-04	2.38E-04	9.72E-04	9.99E-04	2.58E-05
RNF168_boot.122	5.62E-04	4.39E-04	2.17E-03	1.13E-03	5.71E-05
RNF168_boot.123	1.10E-03	2.79E-04	8.40E-04	7.36E-04	7.14E-05
RNF168_boot.124	1.14E-03	1.99E-04	8.84E-04	8.08E-04	4.58E-05
RNF168_boot.125	2.17E-03	2.83E-04	1.47E-03	1.20E-03	4.43E-05
RNF168_boot.126	1.75E-03	2.88E-04	1.20E-03	8.52E-04	0.00E+00
RNF168_boot.127	1.31E-04	2.83E-04	0.00E+00	2.92E-04	4.16E-04
RNF168_boot.128	1.27E-03	2.70E-04	1.10E-03	1.19E-03	6.61E-05
RNF168_boot.129	4.88E-04	2.78E-04	1.04E-03	9.00E-04	5.45E-05
RNF168_boot.130	3.28E-04	2.62E-04	1.37E-03	1.03E-03	0.00E+00
RNF168_boot.131	2.67E-03	1.98E-04	1.96E-03	9.26E-04	5.10E-37
RNF168_boot.132	6.91E-04	2.78E-04	1.19E-03	1.04E-03	4.53E-05
RNF168_boot.133	3.28E-04	2.11E-04	1.76E-03	1.17E-03	1.44E-04
RNF168_boot.134	6.13E-04	2.57E-04	1.39E-03	1.23E-03	0.00E+00
RNF168_boot.135	1.52E-03	2.76E-04	1.28E-03	1.36E-03	1.03E-66
RNF168_boot.136	5.88E-04	2.07E-04	9.36E-04	8.59E-04	4.18E-05
RNF168_boot.137	1.57E-04	1.61E-04	0.00E+00	1.60E-04	0.00E+00
RNF168_boot.138	1.09E-03	2.89E-04	1.26E-03	1.25E-03	5.95E-05
RNF168_boot.139	6.89E-04	2.70E-04	1.06E-03	9.36E-04	3.30E-21
RNF168_boot.140	1.07E-03	2.86E-04	8.66E-04	8.58E-04	8.19E-05
RNF168_boot.141	6.55E-04	2.80E-04	8.99E-04	8.08E-04	0.00E+00
RNF168_boot.142	3.41E-04	2.57E-04	1.03E-03	7.62E-04	3.32E-05
RNF168_boot.143	1.44E-03	2.92E-04	1.03E-03	9.08E-04	7.13E-05
RNF168_boot.144	9.66E-04	1.97E-04	9.04E-04	8.36E-04	8.02E-05
RNF168_boot.145	0.00E+00	9.53E-04	2.21E-03	2.46E-03	4.89E-04
RNF168_boot.146	1.61E-03	3.14E-04	1.19E-03	6.44E-04	1.64E-04
RNF168_boot.147	9.88E-04	3.24E-04	1.40E-03	1.34E-03	0.00E+00
RNF168_boot.148	2.17E-04	1.85E-04	1.24E-03	7.28E-04	1.36E-04
RNF168_boot.149	2.36E-03	2.58E-04	1.68E-03	9.50E-04	7.57E-05
RNF168_boot.150	1.93E-03	3.40E-04	1.38E-03	7.82E-04	1.45E-04
RNF168_boot.151	6.48E-04	2.48E-04	1.39E-03	1.21E-03	4.56E-05
RNF168_boot.152	1.06E-03	2.21E-04	9.67E-04	1.00E-03	2.01E-05
RNF168_boot.153	1.59E-03	2.41E-04	1.10E-03	8.82E-04	5.48E-05
RNF168_boot.154	1.58E-03	2.25E-04	1.30E-03	1.47E-03	3.74E-05
RNF168_boot.155	1.04E-03	1.80E-04	1.39E-03	1.45E-03	5.81E-05
RNF168_boot.156	1.34E-03	1.70E-04	1.04E-03	1.13E-03	4.79E-05
RNF168_boot.157	8.37E-04	1.96E-04	1.54E-03	1.49E-03	6.48E-05
RNF168_boot.158	1.26E-03	1.92E-04	1.60E-03	1.68E-03	8.80E-05
RNF168_boot.159	4.73E-04	2.03E-04	1.51E-03	1.29E-03	3.45E-05
RNF168_boot.160	6.53E-04	1.73E-04	1.66E-03	1.45E-03	1.19E-04
RNF168_boot.161	1.42E-03	2.01E-04	1.18E-03	1.29E-03	2.70E-05
RNF168_boot.162	8.83E-04	2.45E-04	1.52E-03	1.50E-03	4.21E-08
RNF168_boot.163	1.81E-03	1.92E-04	1.38E-03	1.53E-03	7.56E-06
RNF168_boot.164	1.24E-03	2.04E-04	1.39E-03	1.52E-03	2.00E-05
RNF168_boot.165	9.21E-04	1.86E-04	1.46E-03	1.47E-03	5.37E-05
RNF168_boot.166	1.41E-03	2.23E-04	1.31E-03	1.46E-03	9.95E-06
RNF168_boot.167	7.76E-04	2.07E-04	1.79E-03	1.62E-03	1.06E-04
RNF168_boot.168	1.93E-03	2.01E-04	1.49E-03	1.65E-03	1.84E-05
RNF168_boot.169	5.30E-04	2.11E-04	1.96E-03	1.60E-03	1.03E-04
RNF168_boot.170	8.61E-04	1.87E-04	1.56E-03	1.53E-03	5.34E-05
RNF168_boot.171	4.25E-04	1.81E-04	2.02E-03	1.53E-03	1.22E-04
RNF168_boot.172	1.63E-03	2.01E-04	1.35E-03	1.53E-03	2.09E-05
RNF168_boot.173	3.22E-04	1.71E-04	1.68E-03	1.22E-03	7.16E-05
RNF168_boot.174	6.52E-04	2.06E-04	1.70E-03	1.54E-03	5.62E-05
RNF168_boot.175	4.87E-04	2.65E-04	1.93E-03	1.57E-03	5.63E-61
RNF168_boot.176	1.67E-03	1.94E-04	1.44E-03	1.64E-03	1.74E-05
RNF168_boot.177	1.35E-03	2.08E-04	1.28E-03	1.46E-03	2.85E-05
RNF168_boot.178	7.58E-04	1.89E-04	1.56E-03	1.47E-03	6.88E-05
RNF168_boot.179	7.36E-04	2.06E-04	1.43E-03	1.36E-03	3.54E-05
RNF168_boot.180	8.54E-04	1.69E-04	1.51E-03	1.46E-03	8.35E-05
RNF168_boot.181	7.89E-04	1.65E-04	1.52E-03	1.44E-03	9.32E-05
RNF168_boot.182	1.05E-03	2.36E-04	1.81E-03	1.79E-03	7.09E-05
RNF168_boot.183	3.63E-04	1.90E-04	1.84E-03	1.37E-03	8.26E-05
RNF168_boot.184	1.18E-03	2.28E-04	1.31E-03	1.43E-03	1.45E-05
RNF168_boot.185	6.12E-04	2.04E-04	1.50E-03	1.31E-03	7.79E-05
RNF168_boot.186	1.44E-03	2.14E-04	1.44E-03	1.60E-03	2.03E-05
RNF168_boot.187	1.85E-03	2.24E-04	1.39E-03	1.53E-03	2.68E-05
RNF168_boot.188	1.25E-03	2.23E-04	1.33E-03	1.48E-03	2.54E-05
RNF168_boot.189	6.50E-04	2.60E-04	1.86E-03	1.64E-03	2.53E-05
RNF168_boot.190	8.20E-04	1.93E-04	1.61E-03	1.55E-03	6.39E-05
RNF168_boot.191	1.47E-03	1.91E-04	1.31E-03	1.47E-03	2.84E-05
RNF168_boot.192	1.44E-03	2.17E-04	1.25E-03	1.42E-03	3.25E-05
RNF168_boot.193	5.90E-04	2.12E-04	1.61E-03	1.39E-03	7.52E-05
RNF168_boot.194	5.99E-04	2.16E-04	1.71E-03	1.52E-03	4.18E-05
RNF168_boot.195	1.01E-03	2.05E-04	1.55E-03	1.57E-03	5.95E-05
RNF168_boot.196	4.64E-04	2.18E-04	2.30E-03	1.71E-03	1.66E-04
RNF168_boot.197	9.97E-04	2.00E-04	1.39E-03	1.46E-03	2.88E-05
RNF168_boot.198	1.33E-03	2.31E-04	1.36E-03	1.55E-03	2.65E-05
RNF168_boot.199	1.08E-03	2.29E-04	1.75E-03	1.75E-03	6.67E-05
RNF168_boot.200	1.01E-03	2.27E-04	1.57E-03	1.56E-03	5.52E-05
RNF168_boot.201	5.73E-04	1.98E-04	1.59E-03	1.40E-03	5.08E-05
RNF168_boot.202	1.33E-03	2.19E-04	1.22E-03	1.38E-03	3.79E-05
RNF168_boot.203	8.19E-04	1.49E-04	1.27E-03	1.28E-03	7.18E-05
RNF168_boot.204	1.57E-03	2.01E-04	1.43E-03	1.61E-03	3.36E-05
RNF168_boot.205	1.43E-03	2.05E-04	1.23E-03	1.40E-03	3.03E-05
RNF168_boot.206	8.23E-04	2.24E-04	1.73E-03	1.61E-03	6.88E-05
RNF168_boot.207	5.01E-04	1.65E-04	1.36E-03	1.21E-03	5.24E-05
RNF168_boot.208	9.48E-04	1.95E-04	1.76E-03	1.69E-03	1.07E-04
RNF168_real	1.72E-03	2.02E-04	1.33E-03	1.39E-03	3.72E-05
RNF168_real.1	1.17E-03	2.52E-04	9.64E-04	9.52E-04	2.54E-05
RNF168_real.2	8.93E-04	2.07E-04	1.47E-03	1.47E-03	4.27E-05
MLH1_boot	4.13E-04	3.50E-36	1.18E-03	4.95E-04	2.29E-04
MLH1_boot.1	1.96E-04	3.32E-04	0.00E+00	2.70E-04	3.40E-04
MLH1_boot.2	2.13E-04	1.34E-35	8.00E-50	2.58E-04	1.49E-04
MLH1_boot.3	1.95E-04	0.00E+00	0.00E+00	3.90E-04	2.96E-04
MLH1_boot.4	1.79E-04	0.00E+00	0.00E+00	2.19E-04	2.83E-04
MLH1_boot.5	1.92E-04	2.29E-74	2.21E-90	2.12E-04	1.79E-04
MLH1_boot.6	2.03E-04	0.00E+00	0.00E+00	5.25E-04	3.65E-04
MLH1_boot.7	2.96E-04	2.04E-04	3.83E-04	1.23E-04	1.62E-04
MLH1_boot.8	2.07E-04	0.00E+00	0.00E+00	3.17E-04	2.34E-04
MLH1_boot.9	1.93E-04	2.70E-04	1.04E-53	1.69E-04	2.20E-04
MLH1_boot.10	3.19E-04	1.50E-05	8.82E-04	3.46E-04	1.63E-04
MLH1_boot.11	1.89E-04	9.10E-94	6.02E-109	1.91E-04	1.91E-04
MLH1_boot.12	0.00E+00	0.00E+00	0.00E+00	1.42E-04	2.00E-04
MLH1_boot.13	2.12E-04	2.38E-04	0.00E+00	3.69E-04	3.02E-04
MLH1_boot.14	2.13E-04	1.08E-84	0.00E+00	4.51E-04	2.81E-04
MLH1_boot.15	1.91E-04	0.00E+00	0.00E+00	3.51E-04	2.91E-04
MLH1_boot.16	2.79E-04	1.13E-04	6.18E-04	3.07E-04	1.39E-04
MLH1_boot.17	2.75E-04	1.43E-04	6.52E-04	3.75E-04	1.39E-04
MLH1_boot.18	0.00E+00	1.26E-04	7.51E-04	6.63E-04	1.81E-05
MLH1_boot.19	2.27E-04	3.35E-05	6.53E-04	5.32E-04	9.31E-05
MLH1_boot.20	0.00E+00	7.87E-05	6.78E-04	6.06E-04	2.97E-05
MLH1_boot.21	1.70E-04	2.16E-05	7.27E-04	4.51E-04	9.31E-05
MLH1_boot.22	1.92E-04	2.48E-05	7.33E-04	4.66E-04	7.13E-05
MLH1_boot.23	1.95E-04	3.69E-04	2.37E-04	1.66E-04	1.94E-04
MLH1_boot.24	2.10E-04	1.00E-05	9.50E-04	5.84E-04	1.22E-04
MLH1_boot.25	3.43E-04	9.64E-05	1.04E-03	5.71E-04	1.88E-04
MLH1_boot.26	3.81E-04	1.88E-05	3.77E-04	4.14E-04	4.12E-05
MLH1_boot.27	3.94E-04	2.58E-05	1.16E-03	6.40E-04	1.29E-04
MLH1_boot.28	3.22E-04	6.02E-05	7.87E-04	4.26E-04	9.22E-05
MLH1_boot.29	0.00E+00	5.82E-05	8.92E-04	5.70E-04	1.98E-04
MLH1_boot.30	2.19E-04	2.18E-05	7.82E-04	4.44E-04	1.05E-04
MLH1_boot.31	3.26E-04	8.06E-05	7.69E-04	3.70E-04	1.40E-04
MLH1_boot.32	3.91E-04	5.34E-05	1.04E-03	4.80E-04	9.66E-05
MLH1_boot.33	3.28E-04	2.71E-04	6.29E-04	2.37E-04	1.43E-04
MLH1_boot.34	1.64E-04	1.45E-05	9.47E-04	6.49E-04	1.01E-04
MLH1_boot.35	2.06E-04	2.90E-04	2.06E-04	1.22E-04	1.63E-04
MLH1_boot.36	1.70E-04	4.16E-04	3.86E-119	1.18E-04	3.08E-04
MLH1_boot.37	1.27E-04	3.26E-05	7.04E-04	4.87E-04	8.62E-05
MLH1_boot.38	4.01E-37	8.79E-151	0.00E+00	2.50E-04	2.21E-04
MLH1_boot.39	0.00E+00	8.02E-31	0.00E+00	2.28E-04	2.45E-04
MLH1_boot.40	1.94E-04	0.00E+00	0.00E+00	4.29E-04	3.32E-04
MLH1_boot.41	0.00E+00	4.45E-04	0.00E+00	9.45E-05	3.01E-04
MLH1_boot.42	3.86E-04	5.67E-05	1.11E-03	5.65E-04	1.81E-04
MLH1_boot.43	0.00E+00	4.92E-57	1.24E-04	1.44E-04	1.53E-04
MLH1_boot.44	1.72E-04	0.00E+00	0.00E+00	4.18E-04	3.84E-04
MLH1_boot.45	0.00E+00	0.00E+00	0.00E+00	3.62E-04	3.50E-04
MLH1_boot.46	7.19E-136	0.00E+00	0.00E+00	2.47E-04	2.62E-04
MLH1_boot.47	3.23E-04	3.88E-04	6.98E-04	3.14E-04	2.06E-04
MLH1_boot.48	2.97E-22	5.12E-27	7.61E-04	4.52E-04	1.72E-04
MLH1_boot.49	4.55E-04	4.71E-04	0.00E+00	2.81E-04	4.43E-04
MLH1_boot.50	3.03E-04	1.30E-04	7.84E-04	4.15E-04	1.74E-04
MLH1_boot.51	0.00E+00	0.00E+00	5.11E-53	1.17E-04	9.85E-05
MLH1_boot.52	4.43E-07	2.99E-04	0.00E+00	1.61E-04	2.50E-04
MLH1_real	1.95E-04	0.00E+00	6.23E-143	2.34E-04	1.98E-04
MLH1_real.1	4.56E-04	7.03E-05	1.36E-03	6.94E-04	1.15E-04
MLH1_real.2	2.76E-04	9.20E-47	2.50E-126	1.57E-04	1.77E-04
MSH2_boot	2.37E-04	5.88E-159	7.36E-04	7.58E-04	1.55E-05
MSH2_boot.1	0.00E+00	0.00E+00	7.82E-04	8.91E-04	5.29E-05
MSH2_boot.2	0.00E+00	0.00E+00	1.11E-03	1.06E-03	7.38E-05
MSH2_boot.3	0.00E+00	1.54E-05	1.19E-03	1.23E-03	5.49E-05
MSH2_boot.4	1.21E-04	1.32E-87	8.38E-04	6.74E-04	9.83E-05
MSH2_boot.5	4.95E-04	5.63E-05	6.20E-04	5.28E-04	8.19E-05
MSH2_boot.6	0.00E+00	1.94E-04	1.26E-03	1.17E-03	2.53E-05
MSH2_boot.7	1.31E-04	1.04E-106	8.11E-04	6.18E-04	1.44E-04
MSH2_boot.8	3.35E-04	0.00E+00	5.30E-04	6.03E-04	4.81E-05
MSH2_boot.9	1.10E-04	0.00E+00	8.03E-04	6.04E-04	1.25E-04
MSH2_boot.10	1.28E-97	0.00E+00	9.20E-04	9.26E-04	4.18E-05
MSH2_boot.11	1.18E-04	0.00E+00	6.64E-04	5.46E-04	1.02E-04
MSH2_boot.12	2.18E-04	0.00E+00	4.58E-04	4.81E-04	5.61E-05
MSH2_boot.13	2.57E-04	0.00E+00	8.02E-04	7.50E-04	5.36E-05
MSH2_boot.14	4.28E-04	1.87E-72	5.05E-04	5.51E-04	9.26E-05
MSH2_boot.15	7.00E-04	0.00E+00	7.53E-04	7.26E-04	6.01E-05
MSH2_boot.16	2.13E-04	6.64E-83	6.46E-04	6.15E-04	7.85E-05
MSH2_boot.17	1.96E-04	0.00E+00	1.01E-03	6.50E-04	1.60E-04
MSH2_boot.18	5.47E-04	0.00E+00	1.69E-03	8.97E-04	1.67E-04
MSH2_boot.19	1.84E-04	0.00E+00	1.08E-03	7.49E-04	1.48E-04
MSH2_boot.20	1.29E-04	2.04E-160	8.50E-04	6.87E-04	9.69E-05
MSH2_boot.21	0.00E+00	1.00E-122	4.50E-04	3.36E-04	6.25E-05
MSH2_boot.22	1.21E-04	0.00E+00	1.14E-03	6.65E-04	1.88E-04
MSH2_boot.23	2.10E-04	0.00E+00	1.21E-03	6.55E-04	1.92E-04
MSH2_boot.24	2.43E-83	0.00E+00	2.58E-141	1.12E-04	1.85E-04
MSH2_boot.25	1.54E-31	3.32E-04	1.75E-67	9.53E-05	2.41E-04
MSH2_boot.26	1.59E-04	0.00E+00	7.53E-04	4.92E-04	1.04E-04
MSH2_boot.27	2.39E-04	0.00E+00	8.61E-04	4.79E-04	1.43E-04
MSH2_boot.28	3.77E-04	0.00E+00	9.21E-04	4.17E-04	1.60E-04
MSH2_boot.29	2.00E-04	0.00E+00	6.95E-04	3.89E-04	1.14E-04
MSH2_boot.30	0.00E+00	0.00E+00	1.03E-03	7.88E-04	1.61E-04
MSH2_boot.31	9.78E-05	0.00E+00	5.68E-04	3.52E-04	1.18E-04
MSH2_boot.32	0.00E+00	0.00E+00	1.13E-03	8.92E-04	1.39E-04
MSH2_boot.33	3.37E-04	4.15E-52	7.69E-04	3.66E-04	1.33E-04
MSH2_boot.34	3.20E-04	0.00E+00	8.74E-04	4.04E-04	2.12E-04
MSH2_real	5.37E-04	0.00E+00	4.75E-04	5.64E-04	5.64E-05
MSH2_real.1	1.64E-04	0.00E+00	8.04E-04	4.78E-04	1.45E-04
MSH6_boot	2.27E-04	1.72E-04	1.97E-53	1.26E-04	5.66E-05
MSH6_boot.1	1.73E-04	5.39E-05	1.91E-04	2.81E-04	1.23E-05
MSH6_boot.2	2.16E-04	2.35E-04	0.00E+00	2.43E-04	1.87E-04
MSH6_boot.3	0.00E+00	0.00E+00	2.56E-04	2.77E-04	1.26E-05
MSH6_boot.4	1.49E-04	3.10E-05	1.38E-04	2.10E-04	3.39E-05
MSH6_boot.5	2.19E-04	2.24E-04	0.00E+00	2.56E-04	1.88E-04
MSH6_boot.6	5.87E-05	5.40E-05	3.25E-04	2.73E-04	3.53E-05
MSH6_boot.7	1.24E-04	6.60E-05	1.20E-04	1.39E-04	1.77E-05
MSH6_boot.8	3.11E-04	8.13E-05	5.47E-04	2.36E-04	8.60E-05
MSH6_boot.9	2.17E-04	2.23E-04	4.21E-19	1.36E-04	1.19E-04
MSH6_boot.10	3.81E-04	4.45E-05	2.82E-04	3.01E-04	2.30E-05
MSH6_boot.11	2.60E-04	5.27E-05	2.49E-04	7.90E-05	2.53E-05
MSH6_boot.12	5.01E-05	4.76E-05	4.77E-04	3.84E-04	7.93E-05
MSH6_boot.13	2.30E-04	2.04E-04	0.00E+00	2.26E-04	1.58E-04
MSH6_boot.14	1.33E-04	5.48E-05	1.58E-04	9.00E-05	6.30E-05
MSH6_boot.15	1.37E-04	5.66E-05	2.16E-04	1.44E-04	2.30E-05
MSH6_boot.16	2.19E-04	2.02E-04	8.62E-78	1.18E-04	7.59E-05
MSH6_boot.17	1.92E-04	3.04E-55	1.17E-04	5.06E-05	1.66E-05
MSH6_boot.18	7.22E-05	3.20E-44	4.09E-05	4.22E-05	3.72E-05
MSH6_boot.19	1.83E-04	5.72E-05	1.50E-04	1.39E-04	2.26E-05
MSH6_boot.20	1.60E-04	4.47E-05	3.24E-04	3.88E-04	2.39E-05
MSH6_boot.21	2.96E-04	1.90E-04	3.73E-04	8.49E-05	8.61E-05
MSH6_boot.22	1.52E-04	5.85E-05	2.35E-04	1.60E-04	2.05E-05
MSH6_boot.23	3.10E-04	6.18E-05	5.59E-04	2.58E-04	6.59E-05
MSH6_boot.24	2.75E-04	2.26E-11	3.49E-04	1.52E-04	2.38E-05
MSH6_boot.25	2.45E-04	3.62E-05	1.91E-04	1.70E-04	1.80E-05
MSH6_boot.26	2.12E-04	2.73E-118	6.75E-13	1.10E-04	3.58E-05
MSH6_boot.27	1.29E-05	2.40E-36	1.93E-04	2.18E-04	1.91E-05
MSH6_boot.28	2.91E-04	1.33E-04	2.85E-04	6.06E-05	5.43E-05
MSH6_boot.29	1.32E-04	4.09E-05	7.74E-05	8.05E-05	3.10E-05
MSH6_boot.30	1.02E-04	3.34E-05	2.43E-04	2.77E-04	2.22E-05
MSH6_boot.31	2.23E-04	1.47E-04	1.48E-41	1.32E-04	3.74E-05
MSH6_boot.32	2.25E-04	1.40E-04	4.40E-133	2.32E-04	1.08E-04
MSH6_boot.33	5.20E-38	2.13E-05	3.93E-05	6.93E-05	4.20E-05
MSH6_boot.34	6.69E-04	1.22E-04	9.89E-04	2.53E-04	5.73E-05
MSH6_boot.35	0.00E+00	0.00E+00	6.85E-04	6.15E-04	6.49E-05
MSH6_boot.36	4.11E-05	2.93E-05	1.15E-04	1.04E-04	1.19E-05
MSH6_boot.37	2.23E-04	1.66E-04	0.00E+00	2.01E-04	9.77E-05
MSH6_boot.38	5.41E-05	2.48E-05	4.03E-04	3.36E-04	2.43E-05
MSH6_boot.39	2.73E-04	4.73E-05	4.04E-04	1.92E-04	1.48E-05
MSH6_boot.40	3.55E-04	6.49E-05	3.14E-04	1.40E-04	1.43E-05
MSH6_boot.41	2.02E-04	2.07E-04	0.00E+00	1.81E-04	1.41E-04
MSH6_boot.42	3.69E-04	1.57E-04	5.81E-04	6.65E-04	1.61E-04
MSH6_boot.43	0.00E+00	4.82E-05	3.01E-04	2.75E-04	1.64E-05
MSH6_boot.44	5.66E-94	4.06E-05	3.49E-04	3.81E-04	4.00E-05
MSH6_boot.45	7.43E-04	5.02E-05	1.02E-03	1.60E-04	1.04E-04
MSH6_boot.46	1.03E-03	5.69E-05	1.08E-03	7.28E-05	4.76E-05
MSH6_boot.47	1.17E-04	5.70E-05	1.07E-04	1.45E-04	1.07E-05
MSH6_boot.48	9.01E-04	5.73E-05	1.16E-03	9.19E-05	1.27E-04
MSH6_boot.49	2.06E-04	2.12E-04	1.80E-37	1.16E-04	8.66E-05
MSH6_boot.50	8.07E-54	3.80E-05	3.47E-04	3.96E-04	5.34E-05
MSH6_boot.51	2.78E-04	5.30E-05	2.25E-04	1.73E-04	1.73E-05
MSH6_boot.52	4.74E-07	1.56E-04	2.71E-04	5.09E-04	1.85E-04
MSH6_boot.53	7.56E-04	6.55E-05	7.55E-04	3.31E-04	8.42E-05
MSH6_boot.54	2.09E-04	1.92E-04	6.31E-94	1.48E-04	1.11E-04
MSH6_boot.55	3.78E-04	4.13E-05	3.61E-04	1.19E-04	2.92E-05
MSH6_boot.56	2.83E-04	1.47E-04	3.61E-04	8.62E-05	7.29E-05
MSH6_boot.57	4.19E-05	3.00E-05	3.59E-04	2.94E-04	6.07E-05
MSH6_boot.58	1.34E-04	3.64E-05	3.35E-04	2.10E-04	2.48E-05
MSH6_boot.59	1.95E-04	5.28E-05	5.59E-04	3.17E-04	7.76E-05
MSH6_boot.60	2.15E-47	1.38E-96	4.06E-04	7.35E-04	1.65E-04
MSH6_boot.61	0.00E+00	1.39E-05	2.53E-04	1.84E-04	1.78E-05
MSH6_boot.62	0.00E+00	1.22E-04	6.13E-04	5.57E-04	2.41E-05
MSH6_boot.63	7.29E-04	4.93E-05	6.59E-04	2.15E-04	5.13E-05
MSH6_boot.64	2.89E-04	1.24E-04	3.61E-04	9.11E-05	7.44E-05
MSH6_boot.65	2.80E-04	4.40E-05	4.97E-04	5.30E-04	7.62E-05
MSH6_boot.66	8.96E-05	5.08E-05	3.41E-04	2.69E-04	2.20E-05
MSH6_boot.67	3.81E-04	2.24E-05	9.14E-04	4.55E-04	9.00E-05
MSH6_boot.68	1.49E-34	1.17E-04	4.39E-04	5.46E-04	9.49E-05
MSH6_boot.69	3.57E-04	4.58E-05	7.14E-04	3.42E-04	6.88E-05
MSH6_boot.70	2.61E-04	4.54E-05	6.91E-04	4.14E-04	5.67E-05
MSH6_boot.71	5.03E-04	1.05E-04	6.01E-04	4.86E-04	1.10E-04
MSH6_boot.72	3.89E-04	2.39E-05	3.49E-04	2.05E-04	4.29E-05
MSH6_boot.73	2.37E-04	1.51E-04	5.47E-04	6.75E-04	1.30E-04
MSH6_boot.74	1.94E-04	3.08E-04	0.00E+00	1.59E-04	2.24E-04
MSH6_boot.75	4.71E-04	2.96E-05	3.51E-04	3.89E-04	2.21E-05
MSH6_boot.76	5.89E-04	4.45E-05	4.25E-04	4.00E-04	1.89E-05
MSH6_boot.77	2.68E-04	3.98E-05	2.40E-04	3.23E-04	2.35E-05
MSH6_boot.78	2.31E-04	1.85E-04	0.00E+00	2.30E-04	1.33E-04
MSH6_boot.79	3.39E-04	5.18E-05	6.02E-04	2.94E-04	3.80E-05
MSH6_boot.80	1.44E-04	7.03E-05	3.86E-04	2.56E-04	5.26E-05
MSH6_boot.81	1.97E-04	2.34E-04	1.13E-57	1.06E-04	1.09E-04
MSH6_boot.82	3.91E-04	1.72E-05	8.94E-04	4.22E-04	6.86E-05
MSH6_boot.83	8.31E-04	6.88E-05	8.44E-04	5.14E-04	3.47E-05
MSH6_boot.84	2.68E-04	3.34E-05	4.22E-04	3.73E-04	1.48E-05
MSH6_boot.85	2.15E-04	4.74E-05	1.00E-25	1.17E-04	3.63E-05
MSH6_boot.86	8.04E-04	4.86E-64	5.88E-04	4.07E-04	1.45E-05
MSH6_boot.87	2.96E-85	1.78E-04	5.82E-04	7.25E-04	1.29E-04
MSH6_boot.88	2.53E-04	1.02E-97	2.39E-04	2.94E-04	2.07E-05
MSH6_boot.89	4.39E-04	3.68E-05	3.31E-04	3.94E-04	8.30E-06
MSH6_boot.90	1.29E-04	1.00E-04	2.99E-04	4.34E-04	1.23E-04
MSH6_boot.91	0.00E+00	9.22E-05	3.39E-04	4.41E-04	9.86E-05
MSH6_boot.92	2.29E-04	2.02E-04	5.48E-14	1.25E-04	7.42E-05
MSH6_boot.93	9.43E-04	3.95E-05	7.22E-04	3.97E-04	1.48E-05
MSH6_boot.94	2.29E-04	2.81E-04	0.00E+00	1.90E-04	1.31E-04
MSH6_boot.95	7.82E-04	7.49E-06	6.39E-04	3.28E-04	2.92E-05
MSH6_boot.96	2.03E-04	2.89E-04	8.85E-64	1.13E-04	1.47E-04
MSH6_boot.97	1.02E-03	2.17E-05	8.67E-04	3.68E-04	7.53E-05
MSH6_boot.98	7.23E-05	1.51E-04	3.18E-04	4.78E-04	1.41E-04
MSH6_boot.99	3.53E-04	4.45E-05	2.74E-04	3.08E-04	2.80E-05
MSH6_boot.100	1.13E-04	1.85E-43	3.21E-04	4.49E-04	8.61E-05
MSH6_boot.101	3.84E-04	4.41E-05	2.85E-04	2.88E-04	7.76E-06
MSH6_boot.102	6.58E-04	3.19E-05	4.64E-04	4.52E-04	4.35E-05
MSH6_boot.103	1.24E-04	6.01E-05	3.69E-04	2.47E-04	4.96E-05
MSH6_real	1.59E-05	5.64E-05	2.50E-04	2.27E-04	4.56E-05
MSH6_real.1	2.23E-04	1.80E-04	2.33E-19	1.14E-04	5.99E-05
MSH6_real.2	6.44E-04	4.74E-05	6.14E-04	1.54E-04	4.23E-05
MSH6_real.3	1.73E-04	3.64E-05	3.38E-04	1.86E-04	2.57E-05
MSH6_real.4	2.68E-04	7.17E-05	4.04E-04	4.10E-04	9.09E-05
MSH6_real.5	6.50E-04	2.60E-05	5.35E-04	4.76E-04	1.75E-05
MSH6_real.6	3.12E-04	4.66E-05	5.98E-04	2.87E-04	5.56E-05
PMS1_boot	6.09E-03	2.96E-05	5.17E-03	1.22E-03	6.25E-05
PMS1_boot.1	7.55E-03	0.00E+00	6.45E-03	1.42E-03	1.21E-04
PMS1_boot.2	6.70E-03	2.51E-83	5.80E-03	1.31E-03	2.11E-04
PMS1_boot.3	9.31E-03	1.64E-04	8.51E-03	1.25E-03	4.32E-04
PMS1_boot.4	5.50E-03	3.85E-05	4.63E-03	1.12E-03	1.72E-05
PMS1_boot.5	1.34E-02	4.17E-04	1.32E-02	2.06E-04	2.35E-04
PMS1_boot.6	5.56E-03	4.29E-05	4.48E-03	1.41E-03	1.86E-05
PMS1_boot.7	8.85E-03	5.93E-05	7.57E-03	1.65E-03	1.12E-04
PMS1_boot.8	5.68E-03	5.06E-20	5.14E-03	7.57E-04	1.15E-04
PMS1_boot.9	6.35E-03	0.00E+00	5.58E-03	1.00E-03	8.65E-05
PMS1_boot.10	7.50E-03	0.00E+00	6.71E-03	1.02E-03	1.37E-04
PMS1_boot.11	7.00E-03	3.39E-56	6.25E-03	1.01E-03	8.99E-05
PMS1_boot.12	5.95E-03	0.00E+00	5.44E-03	7.03E-04	1.11E-04
PMS1_boot.13	6.98E-03	2.50E-123	6.44E-03	7.80E-04	1.71E-04
PMS1_boot.14	8.50E-03	0.00E+00	7.97E-03	8.74E-04	2.77E-04
PMS1_boot.15	6.93E-03	0.00E+00	6.50E-03	5.34E-04	9.05E-05
PMS1_boot.16	7.98E-03	5.96E-05	7.11E-03	1.16E-03	1.70E-04
PMS1_boot.17	8.79E-03	0.00E+00	8.35E-03	7.87E-04	2.86E-04
PMS1_boot.18	7.33E-03	4.00E-136	6.37E-03	1.20E-03	1.05E-04
PMS1_boot.19	9.72E-03	5.93E-05	8.85E-03	1.28E-03	2.95E-04
PMS1_boot.20	8.69E-03	0.00E+00	8.46E-03	5.03E-04	2.86E-04
PMS1_boot.21	1.25E-02	0.00E+00	1.22E-02	1.15E-04	2.59E-04
PMS1_boot.22	8.30E-03	0.00E+00	7.52E-03	1.10E-03	1.95E-04
PMS1_boot.23	8.60E-03	2.90E-157	7.67E-03	1.21E-03	1.53E-04
PMS1_boot.24	7.24E-03	1.13E-37	6.97E-03	4.93E-04	1.91E-04
PMS1_boot.25	8.22E-03	7.13E-05	7.24E-03	1.30E-03	1.92E-04
PMS1_boot.26	9.69E-03	1.24E-112	8.81E-03	1.74E-03	4.88E-04
PMS1_boot.27	9.34E-03	0.00E+00	8.72E-03	1.00E-03	3.05E-04
PMS1_boot.28	7.61E-03	7.24E-05	7.04E-03	8.66E-04	2.01E-04
PMS1_boot.29	7.66E-03	1.41E-146	6.81E-03	1.19E-03	1.97E-04
PMS1_boot.30	6.22E-03	0.00E+00	5.13E-03	1.44E-03	6.62E-05
PMS1_boot.31	6.60E-03	0.00E+00	5.43E-03	1.53E-03	3.37E-05
PMS1_boot.32	7.57E-03	0.00E+00	6.05E-03	1.95E-03	5.85E-05
PMS1_boot.33	5.32E-03	3.25E-05	4.04E-03	1.65E-03	1.45E-04
PMS1_boot.34	6.39E-03	0.00E+00	5.32E-03	1.43E-03	4.02E-05
PMS1_boot.35	4.85E-03	0.00E+00	3.53E-03	1.75E-03	1.60E-04
PMS1_boot.36	5.94E-03	0.00E+00	4.98E-03	1.32E-03	9.35E-05
PMS1_boot.37	5.25E-03	0.00E+00	3.88E-03	1.91E-03	4.23E-05
PMS1_boot.38	7.28E-03	0.00E+00	6.18E-03	1.55E-03	1.96E-04
PMS1_boot.39	6.09E-03	0.00E+00	4.69E-03	1.78E-03	9.28E-05
PMS1_boot.40	7.55E-03	0.00E+00	6.40E-03	1.49E-03	9.73E-05
PMS1_boot.41	4.74E-03	0.00E+00	3.50E-03	1.68E-03	1.07E-04
PMS1_real	7.38E-03	3.99E-53	6.39E-03	1.34E-03	1.41E-04
PMS1_real.1	8.80E-03	3.36E-141	8.15E-03	9.94E-04	2.63E-04
PMS1_real.2	5.92E-03	0.00E+00	4.68E-03	1.60E-03	4.12E-05
PMS2_boot	5.95E-05	2.29E-04	1.26E-04	0.00E+00	3.14E-04
PMS2_boot.1	3.59E-04	2.42E-04	4.82E-04	0.00E+00	3.21E-04
PMS2_boot.2	5.20E-05	2.56E-04	1.16E-04	0.00E+00	3.22E-04
PMS2_boot.3	1.60E-04	2.44E-04	9.79E-148	0.00E+00	3.16E-04
PMS2_boot.4	1.04E-04	2.51E-04	2.33E-04	0.00E+00	3.30E-04
PMS2_boot.5	9.55E-05	2.39E-04	2.70E-04	0.00E+00	3.38E-04
PMS2_boot.6	2.85E-04	2.23E-04	4.03E-04	0.00E+00	2.93E-04
PMS2_boot.7	3.94E-04	2.13E-04	5.52E-04	0.00E+00	3.18E-04
PMS2_boot.8	1.58E-04	2.42E-04	1.05E-107	0.00E+00	3.11E-04
PMS2_boot.9	8.69E-04	2.38E-04	9.94E-04	0.00E+00	3.28E-04
PMS2_boot.10	1.58E-04	2.25E-04	3.24E-04	0.00E+00	3.37E-04
PMS2_boot.11	7.15E-04	2.25E-04	8.07E-04	9.88E-139	2.84E-04
PMS2_boot.12	7.55E-04	2.46E-04	8.92E-04	0.00E+00	3.50E-04
PMS2_boot.13	5.86E-05	2.32E-04	2.15E-04	0.00E+00	3.35E-04
PMS2_boot.14	2.99E-04	2.97E-04	4.09E-04	0.00E+00	3.75E-04
PMS2_boot.15	4.63E-99	3.25E-04	4.97E-05	0.00E+00	3.35E-04
PMS2_boot.16	1.46E-04	2.45E-04	4.02E-53	0.00E+00	3.37E-04
PMS2_boot.17	1.70E-60	3.05E-04	5.03E-05	0.00E+00	3.19E-04
PMS2_boot.18	0.00E+00	4.52E-04	2.17E-04	0.00E+00	2.72E-04
PMS2_boot.19	8.49E-05	2.87E-04	1.60E-04	0.00E+00	3.23E-04
PMS2_boot.20	1.04E-04	2.99E-04	1.83E-04	0.00E+00	3.15E-04
PMS2_boot.21	1.79E-04	3.08E-04	2.45E-04	0.00E+00	3.26E-04
PMS2_boot.22	2.35E-10	2.53E-04	0.00E+00	0.00E+00	2.96E-04
PMS2_boot.23	2.08E-04	3.21E-04	2.91E-04	0.00E+00	3.66E-04
PMS2_boot.24	1.16E-129	3.47E-04	4.25E-05	0.00E+00	3.38E-04
PMS2_boot.25	0.00E+00	2.43E-04	0.00E+00	0.00E+00	2.82E-04
PMS2_boot.26	1.06E-04	2.76E-04	6.98E-05	0.00E+00	3.48E-04
PMS2_boot.27	0.00E+00	2.89E-04	1.24E-111	0.00E+00	3.16E-04
PMS2_boot.28	1.49E-04	2.81E-04	1.84E-38	0.00E+00	3.55E-04
PMS2_boot.29	1.52E-04	2.52E-04	0.00E+00	0.00E+00	3.33E-04
PMS2_boot.30	1.46E-04	2.30E-04	0.00E+00	0.00E+00	3.13E-04
PMS2_boot.31	1.44E-04	2.78E-04	2.22E-135	0.00E+00	3.36E-04
PMS2_boot.32	1.28E-04	2.87E-04	0.00E+00	0.00E+00	3.68E-04
PMS2_boot.33	1.71E-04	2.85E-04	2.98E-04	0.00E+00	3.72E-04
PMS2_boot.34	1.45E-04	2.41E-04	1.13E-149	0.00E+00	3.22E-04
PMS2_boot.35	1.45E-04	2.26E-04	0.00E+00	0.00E+00	3.04E-04
PMS2_boot.36	1.44E-04	2.15E-04	0.00E+00	0.00E+00	3.06E-04
PMS2_boot.37	1.35E-04	2.23E-04	0.00E+00	0.00E+00	2.98E-04
PMS2_boot.38	1.37E-04	2.56E-04	0.00E+00	0.00E+00	3.24E-04
PMS2_boot.39	1.41E-04	2.08E-04	0.00E+00	0.00E+00	2.97E-04
PMS2_boot.40	1.52E-04	2.37E-04	0.00E+00	0.00E+00	3.34E-04
PMS2_boot.41	1.34E-04	1.92E-04	0.00E+00	0.00E+00	2.74E-04
PMS2_boot.42	1.41E-04	2.15E-04	0.00E+00	0.00E+00	2.99E-04
PMS2_boot.43	1.45E-04	2.28E-04	0.00E+00	0.00E+00	3.15E-04
PMS2_boot.44	1.44E-04	2.09E-04	0.00E+00	0.00E+00	2.94E-04
PMS2_boot.45	1.31E-04	2.24E-04	0.00E+00	0.00E+00	3.05E-04
PMS2_boot.46	1.30E-04	2.35E-04	0.00E+00	0.00E+00	3.12E-04
PMS2_boot.47	1.38E-04	2.22E-04	0.00E+00	0.00E+00	3.05E-04
PMS2_real	2.94E-04	2.36E-04	4.37E-04	0.00E+00	3.27E-04
PMS2_real.1	4.05E-05	2.76E-04	1.26E-04	0.00E+00	3.51E-04
PMS2_real.2	1.42E-04	2.19E-04	0.00E+00	0.00E+00	3.04E-04
