MutationType	SBS96A	SBS96B	SBS96C	SBS96D	SBS96E	SBS96F	SBS96G	SBS96H	SBS96I	SBS96J	SBS96K
A[C>A]A	0.0017304638866335153	0.0009963765391148628	0.000644794330582954	0.0	0.0	2.156694245059043e-05	0.0003787517998716794	0.00032941042445600033	0.03280357327312231	0.0009411232458660379	0.0008392567542614415
A[C>A]C	0.0029119362123310568	0.0004024863024824299	0.0020503784879110755	4.730818036478013e-05	0.0004788692865986377	0.007778514688834548	0.0005654955137996939	0.004778263531625271	0.03190331235527992	0.0008791328582447022	8.63557099364698e-05
A[C>A]G	0.0009357221482787281	4.4573726427188376e-05	0.0005541622260352597	0.0	0.0	3.8036372865235533e-05	5.275367948343046e-06	0.0007096774003002793	0.011409629695117473	0.00029557293237303384	0.00031697676749899986
A[C>A]T	0.012147684860974551	0.00032531624601688235	1.9893205171683802e-05	0.0	0.0	0.010302397981286049	1.4012984643248171e-46	0.05885678045451641	0.01030258098617196	0.0	0.00011792242407651087
A[C>G]A	0.0002651453836733708	0.0011354147573001683	8.299442997667938e-05	0.0009027499709191034	0.0007926343241714329	0.0005086963144549372	3.89701690437505e-05	0.0001901391107821837	0.015389019157737494	0.001899135555140674	0.0002613180593471043
A[C>G]C	9.908769607136492e-05	0.0007227814377984032	0.0007592460315208882	0.00028215223574079573	0.00044784250276279635	2.2280868506641126e-06	0.0012561098672449588	0.00010825331937667216	0.01598659176379442	0.0018876854563131928	0.0014515908434987069
A[C>G]G	4.1427090764045715e-05	5.056707159383223e-05	0.00027700876380549745	6.431419478758472e-07	4.387464105093386e-06	4.395996365929023e-05	1.0408587786514546e-05	2.925295011664275e-05	0.012215259205549955	0.0006819082918809727	8.055857178987936e-05
A[C>G]T	0.0002677504147868603	0.001133085641777143	0.0014432129682973027	0.00012622898898371205	7.230619085021316e-05	0.0	0.0006103653662648867	2.8025969286496343e-46	0.020102194882929324	0.002532654395326972	0.00012332239057286643
A[C>T]A	0.0	0.00323326108045876	0.056088420748710635	0.0004868931195233017	0.0003699583015986718	0.05151214562356472	0.0	0.0075246924068778755	0.009422407951205969	0.003146528196521103	0.0034645865904167294
A[C>T]C	0.003629492362961173	0.0015671397894038818	0.02763700969517231	0.009487322112545372	0.002294719719793703	0.0637132354080677	0.002045218617422506	0.01624552169814706	0.007611331506632268	7.130622852855595e-05	0.002065554610453546
A[C>T]G	0.014341017045080662	0.3028955519199371	4.203895392974451e-46	0.023937846533954144	0.0023046162245936217	0.10941701382398605	0.0019897023807061488	0.028728041239082812	0.014181571267545223	0.000637145824737928	0.0018734607234364375
A[C>T]T	0.003992781066335738	0.0019363421117304825	0.02054959014058113	7.516696350649e-05	0.003912890888750553	0.04740598574280739	0.00012204608647152782	0.020325435046106576	0.008654460310935974	0.00019147896819049492	0.002343813597690314
A[T>A]A	0.000352567172376439	1.01680967176776e-05	0.00013566662946686847	0.00019448630191618577	0.0	0.0012435375450877474	0.006440005078911781	3.258080396335572e-05	0.008703767694532872	0.000154244685836602	0.00013680995762115343
A[T>A]C	0.0	0.0	0.002578463940881193	0.0021696091163903473	0.0	2.185587248959564e-08	0.013280678912997246	0.0	0.012816802226006984	0.0004547332224319689	0.0007462859313818627
A[T>A]G	1.7765622033039108e-06	2.0226315473360623e-05	0.0008058114210143686	0.0	0.0	0.00027157881086168343	0.0012569769169203937	8.670801616972312e-06	0.015475268848240376	0.0006339164450764656	0.0009814677003305405
A[T>A]T	0.0028124859323725103	0.0006744497193722054	0.00938306013122201	0.0011504504596814512	0.0	0.0019436190836131574	0.005301081296056509	0.003283961350098252	0.01048553604632616	4.731982353405329e-05	0.002328357973601669
A[T>C]A	0.001323255113675259	0.001497747894609347	0.008743391232565045	0.00224081116321031	0.004558023577556014	0.0067320447880774735	0.041829615086317065	0.0008601944893598557	0.01327566746622324	3.155591583663409e-05	0.00010049161483038915
A[T>C]C	0.002899369242368266	0.0011627955769654363	0.009998259507119656	0.00601793599780649	0.004737141530495137	0.0003119505592621863	0.030129466205835342	0.004616045602597296	0.008252684446051716	0.00018690941215027124	0.007785761309787631
A[T>C]G	0.0026212714976281857	0.002697528136195615	0.043890399485826494	0.0	2.8025969286496343e-46	0.0016788917608209885	0.051444989070296286	0.0007952145439048764	0.013462892919778823	0.00032796583618619477	0.00273767359321937
A[T>C]T	0.0052776003256440164	0.0005161881665117108	0.0024195523699745538	0.0	0.00010879241162911057	0.008202500594779848	0.02278012689203024	0.003562659557792358	0.023152477480471133	0.0006012951474986039	0.0028878491022624074
A[T>G]A	0.0025136998854577543	1.070869780050998e-06	4.246337921358645e-05	0.0	0.0	9.138518362306058e-06	0.0006466441001975909	0.0006678207311779261	0.004495409899391234	0.0001965503175597405	0.0029793275985866784
A[T>G]C	0.00472723194397986	0.0005109152087243273	0.0	0.0006331377342576161	0.0006523099546029698	0.0005986413190839813	0.003782559302635491	0.003326970268972218	0.0033106017392128704	0.0001513441435236018	0.007273433124646544
A[T>G]G	0.0023060604857164436	0.0003290549444500357	2.8025969286496343e-46	2.0385585594340226e-05	0.00018353541963733733	8.57680628541857e-05	0.0010720101709011942	0.002111569885164499	0.006951213395223021	0.00013455722837534266	0.003733925963751972
A[T>G]T	0.025132497749291362	0.0	0.0	0.0003536863760018605	0.0002695190545786375	0.002475597575539723	0.00048432459152536467	0.01654763985425234	1.490402269155311e-07	0.0	0.034395923092961314
C[C>A]A	0.001485929415866849	0.0003611499589169398	0.023881036415696145	0.0003790505972574465	0.0034462043782696127	0.000636206241324544	0.00020161358806944918	0.01754627525806427	0.029343892633914948	0.0009290643618442118	0.0019457600079476832
C[C>A]C	0.00047198034008033574	0.0001509184670794672	0.05061717592179775	0.003117642435245216	0.0006746458486304619	0.0006769437342882157	0.0004463754637981765	0.01608849182885024	0.017846947722136974	0.000343052592506865	0.001659595366800204
C[C>A]G	0.0014809804852120578	0.001644018225488253	0.022856393456459047	0.0017263033194467425	2.8025969286496343e-46	0.0	8.308554897666909e-05	0.003790270211175084	0.011027319263666869	0.00019201000104658307	0.0
C[C>A]T	0.0037977498138624917	5.2935924443886505e-08	0.11250890269875527	6.294791113248265e-07	6.298624907685735e-06	0.015140128058596857	7.944503574108807e-07	0.27276732420841227	0.0	4.184649782246197e-09	6.499799098946824e-09
C[C>G]A	0.0	6.964848944335245e-06	0.0	2.4974281132017495e-07	0.0	0.00016182150029635521	0.0	0.0	0.015232863649725915	0.004486699728295207	0.0006362369053022121
C[C>G]C	0.0	0.0	0.0	3.387438746358384e-05	0.00011234249832341448	0.0	1.503115418017842e-05	0.0	0.016251523699611425	0.0010367304785177112	0.00022671704500680788
C[C>G]G	4.59199527540477e-06	7.97955059852029e-05	0.0008347239112481475	3.927048965124413e-06	1.6398183925048214e-05	4.7928223648341375e-05	0.0	2.1620541247102664e-06	0.014422789681702852	0.0004541762529697735	1.734581237542443e-05
C[C>G]T	0.00010482921952643664	1.1794642068707617e-05	1.4976005786593305e-05	2.0488441668931047e-05	0.00017501003094366752	1.3526335078495321e-05	7.007364147284533e-05	3.5034525353694335e-05	0.023183589987456798	0.0038788459496572614	1.1253777483943849e-05
C[C>T]A	0.0	0.0006776050722692162	0.020745931752026082	1.4012984643248171e-46	0.0026946844533085822	0.028381105791777373	2.128618798451498e-05	0.0	0.03702161572873593	0.01275035049766302	0.007923898193985224
C[C>T]C	0.00027686488756444304	0.00024278401942865458	0.023893244750797748	0.0013181430229451507	0.004623100161552429	0.06940046660602092	0.0048108745599165555	0.0007601972349220887	0.014384578727185727	0.0014091671793721617	0.004141411196906119
C[C>T]G	0.0005157124114642531	0.2774124652147293	0.014241384156048299	0.004116722568869591	0.011125380895100534	0.13541300669312478	0.0013148031197488309	0.004879953106865393	0.0065831975545734165	0.003423269186168909	0.004755492357071489
C[C>T]T	0.0021196359186433254	4.083172461832873e-06	0.019827881827950478	0.0006055642734281719	0.005087369098328054	0.06560922600328922	0.004035062051843852	0.005626235785894096	0.022117157652974128	0.003299951599910855	0.0084430324845016
C[T>A]A	2.2800920305598993e-05	0.0	0.00019165439862263157	3.6476218883763065e-05	6.576139276148751e-06	1.1956290109083056e-05	0.0012085043650586157	3.0866009296914854e-05	0.008104155072942376	0.00028613173077243206	0.00055644889944233
C[T>A]C	0.0	1.4012984643248171e-46	0.003272376279346645	0.0012948899762704968	0.0	0.0026369488332420588	0.003234538761898875	0.0021165869664400818	0.012470194231718778	0.0002863111571059562	0.011230641789734364
C[T>A]G	0.0004320508742239326	5.600887125183363e-05	0.001536541129462421	4.23475158385145e-05	0.0	3.3405720023438336e-05	0.002167975518386811	0.0003415873652556911	0.02233924213796854	0.0003782762934861239	0.0055542763788253065
C[T>A]T	0.00041678012275951913	0.0	0.0012125095236115158	0.0	0.0	0.0014202386082615703	0.00010571592501946725	0.0033538994612172246	0.01290557747706771	7.489340277970769e-05	0.034466580301523206
C[T>C]A	0.00016353393984900322	0.000319982846849598	0.014584540762007237	1.3233478239271789e-05	0.0	5.582492449320853e-05	0.024589524790644645	7.794428383931518e-05	0.00707221501506865	5.742135308537399e-05	0.0061744473641738296
C[T>C]C	0.00022938126639928668	0.0021496094181202353	0.015976547449827194	0.00029825587989762425	0.00028434964988264253	0.007099500298500061	0.02233506366610527	0.0027163441962329673	0.007289119018241763	0.0001043401086008089	0.057358669117093086
C[T>C]G	0.0002119760392815806	2.0364263194700846e-05	0.0786399282515049	0.0	0.0	0.0	0.055350778996944426	6.739764066878706e-05	0.002579719648929313	0.0	0.03720567561686039
C[T>C]T	0.0001302979959291406	4.115832271054387e-05	0.015240887645632029	0.0	0.0	0.0028165830532088875	0.017078362125903367	0.00018190100672654808	0.007238989090546965	0.0004302320900023915	0.11915931031107903
C[T>G]A	0.003712984430603683	0.00013773055998171911	0.00040958721365313977	2.7203801073483193e-05	0.00026517790664115637	0.0	0.0007793204189511016	0.0008827537298202514	0.004149605939164758	4.107681941434293e-06	0.0030086688697338105
C[T>G]C	0.00123462968331296	0.0024162849178537725	0.0037287351209670306	0.00103968282637652	0.0011783569745603018	1.3966995174996555e-05	0.003443297860212624	0.0013360830853343941	0.005844537494704127	0.0003196093472070061	0.025367706082761288
C[T>G]G	0.004065246740356088	0.0028175241546705364	0.00622759317047894	0.0005832232942339033	0.000555340072605759	0.0	0.005375301605090499	0.0012123884633183479	0.0094392916187644	1.6467472232761792e-05	0.025264625251293183
C[T>G]T	0.01675109132193029	3.0560933339529585e-09	0.00047639283219496064	0.002474299992900342	0.0022253463113315773	9.288008975261164e-08	2.9775737075965482e-08	0.00878479877137579	0.00025994947645813227	3.1662275468136157e-09	0.2976004809141159
G[C>A]A	0.0007261634716996923	0.0021916447090916335	0.0007711043872404844	0.0011195998988114298	0.0019269165844889359	0.00043604783568298446	0.00015249026409946964	0.0034157851943746207	0.041936003416776654	0.00021169729607208864	0.004346615495160222
G[C>A]C	0.001969979242130648	0.0013248058094177395	0.0018204190535470843	0.009497370384633542	1.4012984643248171e-46	0.005271330219693482	0.005432443926110864	0.010846418188884854	0.02571061868220568	0.0005984364484902472	0.00030875640513841065
G[C>A]G	7.483955614588922e-05	0.002367215836420655	0.0012688469549175351	0.0017517310508992523	3.674111807501332e-39	0.0004580364540743176	0.0005397082073614001	0.0007818714919267222	0.013596279546618462	0.00040326897069462573	0.0007246960400152602
G[C>A]T	0.0022382199138519356	0.0016826267179567366	0.0	0.020626036636531352	1.4012984643248171e-46	0.00796327441930771	0.0021865123067982494	0.1289255887269974	0.012629452301189304	1.9284593872725963e-05	0.00032272202952299267
G[C>G]A	8.280973115688539e-05	0.0006084538414143026	0.0	0.0006662281673925479	0.0007497843995224685	0.0007873749476857483	0.00016441757470602169	0.00042445399740245195	0.01038519898429513	0.0013453364197630435	0.0021511027589440346
G[C>G]C	0.00014808536167514318	0.0009845866588875651	0.003951423382386565	0.0006637677368416916	0.0004991883135517224	0.0	0.003353475080803037	0.0	0.01711076097562909	0.0007880437711719424	0.0
G[C>G]G	9.750784920470324e-06	0.00020719426647701765	0.00037843877435079777	1.230812122230418e-05	0.0	0.0	3.977698324888479e-05	8.800783689366654e-06	0.007836830103769898	0.0005567513144342229	0.0
G[C>G]T	0.0003373425315658096	0.0007350002633756958	0.000544614672253374	0.0009943624783772976	0.00021963554754620418	1.4012984643248171e-46	0.0007002550264587626	0.00040926600922830403	0.018351310677826405	0.001963896246161312	1.3309811765793712e-05
G[C>T]A	0.0	0.0003805773099884391	0.10343465134501457	0.03322708327323198	0.0	0.07290249429643154	0.004585747269447893	0.002679736993741244	0.0007828580215573311	0.004333252552896738	0.0
G[C>T]C	0.015929241571575402	9.946075607558668e-09	0.09016010165214539	0.18176261931657792	7.892582741733566e-09	0.021447253255797705	0.04344437569379807	0.0008723791688680649	0.0	0.0009341787852463312	0.0
G[C>T]G	0.025356371980160476	0.27524942755699155	0.012644038721919059	0.4625225841999054	0.002021520616560228	4.203895392974451e-46	0.0	0.05110459569841623	1.5377050033293926e-08	0.0	0.00454460657601885
G[C>T]T	0.00964494738727808	1.4012984643248171e-46	0.0673030823469162	0.09090017527341843	0.023533405363559724	0.04149079937487841	0.02499459367245436	0.012827562959864735	5.805671098642051e-05	5.3786271018907426e-05	6.122642662376165e-05
G[T>A]A	1.4949996875657235e-05	5.456032877191319e-05	0.0001883372024167329	6.109395126259187e-05	0.0	0.0	0.003700884385034442	0.0	0.007023706240579486	0.00029336454172153027	4.0616205296828414e-07
G[T>A]C	0.0	0.0	0.0025098042795434596	0.002332132530864328	0.0	0.0015358357602963224	0.009309639967978001	0.00013394147317740134	0.008232631953433156	0.0005641517316689714	0.001978643634356558
G[T>A]G	0.0	0.0	0.0017949985922314227	2.388118614362611e-05	0.0	3.0474977393168956e-05	0.0027755154995247723	0.0	0.010452916286885739	0.0002099978081332665	0.0006569159973878414
G[T>A]T	0.00040557008469477296	0.0	0.002265510300640017	0.0005347066035028547	0.0	0.0014846543374005706	0.002305040066130459	0.0007550893613370135	0.007813041796907783	8.033354561121087e-05	0.007072240998968482
G[T>C]A	0.0022706993526753648	2.2741698302297664e-08	0.004525021475274116	0.020813748612999915	0.00419326307362553	3.817600454141257e-05	0.1311052843928337	0.0008911100360649016	0.0	0.0	0.0
G[T>C]C	0.0008639574897213009	0.0	0.0	0.04295562542974949	0.01844789939932525	7.021762371550721e-09	0.06126316487789154	0.003567307193588931	1.1405197497538211e-07	0.0	0.008519359305500985
G[T>C]G	0.0012580820944506853	1.2581307812364524e-23	0.020600694604218005	0.013683422189205884	0.000808602237333389	0.0003419495653361082	0.10705753862857818	0.005459078005515039	0.0	0.0	0.004218318127095699
G[T>C]T	0.004681973429978825	0.0003221357663278468	0.0	0.006138923671096563	0.017816111724823714	0.005303857452236116	0.08260111138224602	0.009382951026782393	0.0010849771093489834	0.0	0.006823772704228759
G[T>G]A	0.0002031062706919329	1.1707874364219605e-06	0.0	0.00010735575124272145	0.0020863554731477053	1.4012984643248171e-46	0.0003724710695678368	0.0003459476975422149	0.004840426472947001	2.6142866176242437e-25	0.002106488251592964
G[T>G]C	0.001398194651119411	0.0	0.0	0.004326555645093322	0.001999435290781548	3.2434426248073575e-05	0.0018247788189910351	0.0009548126035952009	0.003692266275174916	0.0	0.010145061835646629
G[T>G]G	0.0006398280675057322	0.0	1.3484007536135322e-05	0.0028042922844178975	0.0004569894239921268	8.230219827964902e-06	0.001172443461837247	0.0012597922002896666	0.009277646150439977	0.0	0.007058475026860833
G[T>G]T	0.0025377866812050344	7.925531132002562e-06	5.24142421909346e-08	0.00501363342627883	0.00039969876483070266	1.6530242646695114e-06	0.0003784027234814857	0.004272979486268013	9.707521026598442e-05	0.0	0.08153581321239471
T[C>A]A	0.05950589869171381	9.976675519283163e-05	0.0013532303215470164	0.0	0.0	0.0	0.0	0.011732935905456543	0.023441847506910564	0.03162118475884199	0.001255282387137413
T[C>A]C	0.012446566205471753	0.0025844070129096507	0.00011194842954864725	0.0001468251080950722	0.00019827834039484794	0.005569902225397527	2.4333803594345227e-06	0.038478501886129376	0.03338918332010508	0.01671709157526493	6.434322567656636e-05
T[C>A]G	0.006789411883801222	0.0003328707862237934	0.0019914636388421057	3.150033444399014e-05	0.0	4.569384254864417e-05	0.0	0.0009187012910842896	0.01316604483872652	0.005308161536231637	0.000824021760490723
T[C>A]T	0.5060355514287949	0.0	3.5475295590003954e-09	5.019381944764763e-07	8.348952192704928e-07	3.727550922150158e-07	1.655442412484831e-06	0.12617461211048067	9.159813796344451e-10	0.004401011691527401	3.432455996517092e-05
T[C>G]A	0.0	1.4931884008417827e-08	0.0	8.6374106800237e-08	5.275437708895936e-09	1.225664752801947e-07	2.973645223391941e-08	1.888284344109259e-07	2.0537507793960684e-06	0.15217247903347014	1.4507041790068342e-09
T[C>G]C	0.0	0.00022846875035611446	1.9487109102556133e-05	2.8870518690382596e-05	9.421438119261438e-06	1.35099544422701e-05	0.00029753197013633327	1.0724256753746886e-06	0.013474560063332319	0.053014153614640236	0.00017008175600494724
T[C>G]G	4.3698066292563455e-06	2.4187734788938595e-05	3.5937563916377256e-05	3.256640738982242e-05	4.090695588274684e-05	5.987370132061187e-05	0.0	0.0	0.008013420598581433	0.016497481614351273	0.00010315122781321407
T[C>G]T	2.75591533863917e-05	0.0	0.0	0.0	0.0	0.0	6.99211930623278e-05	0.000278274467382289	0.0026236532213260943	0.19732003509998322	0.000708825352866427
T[C>T]A	1.4012984643248171e-46	0.000730787412612699	0.007108060177415609	0.005092640360817313	0.010250923782587051	0.027275788132101297	0.0069286786951124665	0.00017972607165575027	0.0	0.2601043000817299	0.004359458258841186
T[C>T]C	0.0016414520752732642	0.0028779531363397836	0.0002533972728997469	0.01626924369484186	0.05367748476564884	0.07374838441610336	0.007199634984135628	0.0018365036065915775	0.012287112604826688	0.06516353487968445	0.006290100235491991
T[C>T]G	0.021209164010360836	0.09445881322026253	0.012874084499071615	0.00020365035509470886	0.6918560445308686	1.745822615362158e-08	3.093322310538521e-15	1.401298464324817e-45	7.958200853863672e-09	0.016918675425915807	0.00033923769369721414
T[C>T]T	0.011073482828214765	0.0	0.0	0.001937882843776606	0.09535909295082093	0.050437967479228976	0.004590903781354428	0.007741797273047269	0.000125104864127934	0.11699536219239234	0.002856684708967805
T[T>A]A	0.0007414068888465409	0.0005926624973653816	0.0018909605336375535	0.0001382679729431402	0.0	0.0	0.0029375914484262465	0.00017684479244053363	0.01187678100541234	0.00014546397360390984	0.00014304415963124485
T[T>A]C	0.0008226183999795467	6.59588273265399e-05	3.4981872886419297e-06	0.0004644141219614539	4.479088820517063e-05	0.002727458835579455	0.0024748316034674646	0.0015796204563230277	0.010552802588790655	0.0002927884881501086	0.002910177910234779
T[T>A]G	0.0009550371847581119	7.368956721620634e-06	0.00036551163211697715	0.0	0.0	0.00015451464114448754	0.00101660824730061	0.00011306804099149303	0.009225474763661623	9.279408277507173e-05	0.0012426175992004574
T[T>A]T	0.005383827583864331	0.0002904754212067928	0.0008245512144640088	0.0	1.4012984643248171e-46	0.0021875846548937263	0.0006524460244690999	0.002629748184699565	0.012756896205246449	4.426143059390597e-05	0.005723110446706414
T[T>C]A	0.0039593535242602226	0.00014241285898606293	0.006780276307836175	0.0015861717169173063	0.00018290331354364753	0.005037500523030758	0.04004050455987453	0.0010828803322510793	0.0031937225488945843	0.00013107362879054562	0.0014824304496869444
T[T>C]C	0.006847373908385634	0.0004419036693434464	0.006934615690261126	0.004738642740994692	0.006531421653926372	0.005277473316527903	0.04154154323041439	0.0057727884966880085	0.005375740770250559	4.33685541338491e-05	0.011567163001745939
T[T>C]G	0.0064742539543658495	0.00024972704015547854	0.021404831483960152	6.151624561141489e-05	0.00019865466878457027	0.007742401212453842	0.036968352273106575	0.0015728034374572597	0.0	7.758933952572988e-05	0.006618228717707097
T[T>C]T	0.012057144567370415	0.0001601292024133727	0.003964818641543388	0.0	0.0	0.013648584857583046	0.03302616328001022	0.004042621946427971	0.004029678180813789	6.27668050583452e-06	0.0071469340706244115
T[T>G]A	0.011444626189768315	3.683509275376196e-10	2.9583102466014306e-30	0.0	1.4012984643248171e-46	0.0	0.0001519697461091596	0.003032277338206768	0.005607442883774638	8.451079845173126e-06	0.0013395143672823907
T[T>G]C	0.006814125319942832	0.0	0.0	0.0007370242736215004	0.010967048234306276	0.0017593976212083363	0.00021002737194066867	0.004163351986790076	0.0033635990344919263	1.0185876817558892e-06	0.013581115519627929
T[T>G]G	0.003444082575151697	0.0001484002782490279	0.0008859458321239799	0.0	0.0007487165938073303	0.00031940412227413615	0.0002908518803451443	0.0008135589152516332	0.009110064059495927	0.00032246161572402343	0.004224612261168659
T[T>G]T	0.1235714241140613	3.295769565738738e-05	0.0	0.0007319737413126858	0.0011105422783231234	0.0005942837559473446	0.0	0.03212135805925413	1.6467741286163574e-07	0.0	0.05260669971528387
