MutationType	SBS96A	SBS96B	SBS96C	SBS96D	SBS96E	SBS96F	SBS96G	SBS96H
A[C>A]A	8.42E-04	9.52E-03	1.67E-10	1.09E-03	1.29E-03	2.75E-02	1.49E-77	7.77E-03
A[C>A]C	5.16E-05	7.45E-04	1.80E-04	5.51E-05	1.01E-04	1.66E-03	8.38E-41	3.81E-04
A[C>A]G	6.80E-05	3.19E-04	5.32E-05	1.35E-04	7.95E-05	2.23E-03	4.57E-04	6.12E-04
A[C>A]T	2.86E-04	2.21E-03	1.97E-04	2.95E-04	3.19E-04	9.57E-04	7.77E-04	9.39E-03
A[C>G]A	8.66E-05	7.32E-04	3.22E-04	1.05E-04	1.55E-04	2.81E-03	5.06E-21	0.00E+00
A[C>G]C	4.02E-05	4.62E-04	1.95E-04	6.91E-05	3.74E-05	1.20E-03	0.00E+00	5.63E-04
A[C>G]G	3.27E-05	3.25E-04	7.03E-05	6.05E-05	5.78E-05	1.18E-03	0.00E+00	3.02E-04
A[C>G]T	5.34E-05	5.26E-04	6.79E-05	8.02E-05	8.19E-05	8.54E-04	0.00E+00	1.82E-03
A[C>T]A	1.81E-04	1.40E-03	7.54E-03	1.10E-03	0.00E+00	3.24E-03	1.62E-03	3.62E-03
A[C>T]C	2.59E-04	9.65E-04	1.74E-03	2.64E-04	0.00E+00	5.98E-03	2.42E-03	0.00E+00
A[C>T]G	1.47E-04	9.74E-04	3.58E-03	4.93E-04	2.22E-04	4.42E-03	2.17E-03	9.97E-03
A[C>T]T	2.23E-04	8.81E-04	3.31E-03	2.09E-04	1.25E-04	5.78E-03	1.96E-03	7.91E-04
A[T>A]A	3.31E-05	5.25E-04	1.97E-04	1.00E-04	7.93E-05	1.41E-03	3.39E-05	4.93E-04
A[T>A]C	3.79E-05	4.04E-04	1.92E-04	6.81E-05	0.00E+00	1.10E-03	0.00E+00	2.90E-04
A[T>A]G	1.34E-05	9.89E-05	6.29E-05	2.00E-05	1.63E-05	4.92E-04	0.00E+00	2.85E-04
A[T>A]T	1.13E-04	4.74E-04	1.08E-03	1.29E-04	9.03E-05	3.80E-03	2.38E-04	1.28E-03
A[T>C]A	4.08E-04	8.83E-04	4.70E-03	1.07E-04	1.65E-04	1.09E-02	0.00E+00	1.17E-03
A[T>C]C	1.67E-04	2.64E-04	2.30E-03	0.00E+00	8.86E-05	5.17E-03	1.66E-04	7.82E-04
A[T>C]G	4.29E-04	1.03E-03	6.41E-03	1.66E-04	2.23E-04	1.41E-02	1.25E-03	3.15E-03
A[T>C]T	1.34E-04	3.89E-04	1.39E-03	7.52E-05	8.83E-05	3.54E-03	1.29E-03	5.00E-04
A[T>G]A	1.01E-04	5.44E-04	6.58E-05	0.00E+00	0.00E+00	2.54E-03	8.27E-04	5.63E-05
A[T>G]C	2.80E-05	0.00E+00	7.27E-05	0.00E+00	0.00E+00	2.00E-04	7.73E-04	1.47E-04
A[T>G]G	2.52E-05	0.00E+00	1.12E-04	0.00E+00	0.00E+00	2.72E-04	2.70E-05	3.60E-04
A[T>G]T	4.05E-05	4.60E-04	1.92E-04	4.51E-05	8.70E-05	1.14E-03	0.00E+00	0.00E+00
C[C>A]A	1.65E-04	4.75E-03	9.41E-04	1.80E-04	4.12E-04	1.96E-03	2.92E-03	3.51E-03
C[C>A]C	9.03E-05	3.00E-05	1.75E-03	2.63E-04	1.33E-04	2.33E-03	2.22E-03	0.00E+00
C[C>A]G	5.94E-05	4.65E-04	5.49E-04	3.40E-05	5.43E-05	1.70E-03	3.58E-04	2.11E-04
C[C>A]T	1.00E-04	1.38E-03	9.91E-03	1.32E-03	1.38E-04	5.13E-03	2.70E-04	0.00E+00
C[C>G]A	2.62E-05	1.62E-04	9.09E-05	3.79E-05	0.00E+00	1.35E-04	9.64E-05	4.68E-04
C[C>G]C	3.50E-05	3.61E-04	3.96E-05	3.61E-05	0.00E+00	8.70E-04	0.00E+00	1.26E-03
C[C>G]G	2.04E-05	3.09E-04	4.74E-05	0.00E+00	5.37E-05	8.45E-04	3.33E-06	3.41E-04
C[C>G]T	2.81E-05	4.55E-05	8.48E-05	1.76E-05	1.70E-05	1.98E-04	1.01E-04	2.62E-04
C[C>T]A	6.51E-04	3.27E-03	9.42E-04	1.02E-03	5.39E-04	1.89E-02	4.92E-03	2.96E-03
C[C>T]C	1.16E-04	6.27E-04	1.05E-03	2.39E-04	0.00E+00	1.01E-03	2.51E-03	1.57E-03
C[C>T]G	3.12E-04	1.34E-03	1.97E-03	5.52E-04	2.12E-05	7.77E-03	1.89E-03	5.70E-03
C[C>T]T	7.21E-05	6.00E-04	6.33E-04	1.91E-04	0.00E+00	1.12E-03	7.99E-04	1.03E-03
C[T>A]A	2.42E-05	1.45E-04	6.10E-05	3.08E-05	1.53E-05	1.21E-04	1.85E-04	6.11E-04
C[T>A]C	2.70E-05	0.00E+00	7.55E-05	3.25E-05	2.13E-155	4.70E-04	6.40E-04	0.00E+00
C[T>A]G	3.17E-05	1.25E-04	1.73E-04	0.00E+00	1.55E-05	4.30E-04	2.01E-04	3.96E-04
C[T>A]T	3.57E-05	1.89E-04	1.98E-04	6.82E-05	0.00E+00	3.57E-04	1.34E-04	3.45E-04
C[T>C]A	2.20E-04	8.71E-04	3.36E-03	1.03E-04	1.69E-04	7.42E-03	4.39E-05	2.72E-03
C[T>C]C	1.59E-04	2.96E-04	2.66E-03	4.01E-05	6.40E-05	5.63E-03	0.00E+00	1.87E-03
C[T>C]G	3.90E-04	8.53E-04	6.44E-03	9.20E-05	3.47E-04	1.43E-02	4.39E-138	5.73E-03
C[T>C]T	1.64E-04	5.87E-04	2.18E-03	1.13E-58	1.08E-04	4.78E-03	6.46E-04	1.18E-03
C[T>G]A	2.77E-05	1.74E-04	1.21E-04	4.10E-05	0.00E+00	2.36E-04	5.55E-04	2.75E-04
C[T>G]C	2.21E-05	9.16E-05	3.54E-04	2.82E-05	0.00E+00	8.92E-04	1.93E-04	0.00E+00
C[T>G]G	4.40E-05	4.76E-04	6.40E-04	7.12E-05	0.00E+00	1.12E-03	0.00E+00	1.78E-03
C[T>G]T	6.99E-05	5.15E-04	4.15E-04	1.43E-04	0.00E+00	1.57E-03	0.00E+00	1.97E-03
G[C>A]A	6.07E-04	1.89E-02	6.20E-04	1.28E-03	2.42E-03	1.24E-03	1.21E-02	1.25E-02
G[C>A]C	1.69E-04	1.54E-03	4.49E-04	1.17E-04	2.42E-04	9.28E-04	1.49E-03	4.86E-03
G[C>A]G	5.03E-05	5.96E-04	1.51E-04	4.30E-05	6.49E-05	2.43E-04	8.35E-05	1.49E-03
G[C>A]T	9.31E-04	5.09E-03	2.01E-03	1.61E-03	1.10E-03	2.87E-02	7.06E-03	1.04E-02
G[C>G]A	5.04E-05	5.79E-04	1.84E-04	9.67E-05	6.95E-05	6.25E-04	0.00E+00	2.15E-03
G[C>G]C	4.67E-05	2.28E-04	3.51E-04	1.63E-05	5.32E-05	7.82E-04	3.94E-05	1.14E-03
G[C>G]G	8.31E-06	4.72E-05	1.84E-05	0.00E+00	1.07E-05	5.46E-05	1.36E-04	1.75E-04
G[C>G]T	8.86E-05	0.00E+00	1.61E-04	1.64E-04	0.00E+00	1.02E-03	2.22E-03	1.14E-04
G[C>T]A	2.36E-04	3.51E-04	1.02E-02	1.09E-03	0.00E+00	2.09E-03	3.13E-03	1.96E-03
G[C>T]C	7.97E-05	6.33E-04	5.34E-03	8.03E-04	1.32E-66	2.81E-03	5.72E-04	1.47E-03
G[C>T]G	1.19E-04	1.03E-03	2.20E-03	2.50E-04	1.89E-04	4.94E-03	1.92E-03	4.42E-03
G[C>T]T	1.08E-04	1.29E-05	7.10E-03	8.79E-04	0.00E+00	1.49E-03	2.22E-03	2.52E-04
G[T>A]A	1.77E-05	0.00E+00	4.64E-05	2.20E-06	0.00E+00	1.75E-04	7.84E-05	2.43E-35
G[T>A]C	4.91E-05	1.44E-04	1.83E-04	4.66E-05	5.94E-05	5.09E-04	8.61E-05	1.48E-03
G[T>A]G	2.14E-05	0.00E+00	3.41E-05	1.38E-05	7.18E-150	2.24E-04	9.78E-05	1.18E-17
G[T>A]T	4.58E-05	1.44E-04	1.31E-04	7.46E-05	0.00E+00	7.25E-04	7.94E-04	4.04E-05
G[T>C]A	1.74E-04	0.00E+00	2.85E-03	6.76E-05	0.00E+00	6.25E-03	1.25E-04	9.63E-04
G[T>C]C	8.66E-05	1.38E-04	1.35E-03	3.83E-05	3.96E-05	2.99E-03	2.83E-99	4.66E-04
G[T>C]G	8.70E-05	3.22E-04	1.73E-03	8.15E-05	6.61E-05	3.44E-03	0.00E+00	1.35E-03
G[T>C]T	1.14E-04	1.64E-04	1.56E-03	1.83E-05	5.14E-05	3.43E-03	4.27E-05	2.94E-04
G[T>G]A	4.46E-06	4.85E-05	1.86E-05	0.00E+00	1.22E-05	0.00E+00	1.30E-04	8.44E-05
G[T>G]C	6.41E-05	4.02E-04	3.00E-05	7.37E-05	0.00E+00	1.65E-04	3.35E-04	2.32E-03
G[T>G]G	1.61E-05	3.96E-05	0.00E+00	9.65E-06	0.00E+00	3.89E-05	8.69E-05	2.26E-04
G[T>G]T	1.73E-05	2.51E-04	2.11E-04	4.78E-05	0.00E+00	5.28E-04	0.00E+00	2.39E-04
T[C>A]A	3.81E-04	3.58E-03	1.74E-04	4.79E-04	5.60E-04	1.01E-02	3.13E-03	5.98E-03
T[C>A]C	2.77E-04	1.77E-03	6.13E-04	4.32E-04	3.94E-04	9.41E-03	2.21E-03	4.30E-03
T[C>A]G	6.30E-05	7.96E-04	1.34E-04	8.09E-05	1.14E-04	2.21E-03	0.00E+00	1.10E-03
T[C>A]T	5.21E-04	4.26E-03	2.25E-03	8.29E-04	8.55E-04	1.31E-02	9.60E-03	1.40E-02
T[C>G]A	3.46E-05	2.71E-04	1.56E-04	3.95E-05	0.00E+00	6.67E-04	0.00E+00	1.33E-04
T[C>G]C	8.03E-05	3.96E-04	1.88E-04	1.30E-04	3.43E-93	2.22E-03	7.63E-04	0.00E+00
T[C>G]G	3.31E-05	3.46E-04	0.00E+00	3.81E-05	0.00E+00	1.07E-03	0.00E+00	4.46E-04
T[C>G]T	9.82E-05	5.67E-04	5.11E-04	1.25E-04	1.46E-04	2.69E-04	1.87E-03	3.18E-04
T[C>T]A	1.45E-04	1.40E-03	1.09E-03	3.51E-04	0.00E+00	1.02E-03	1.28E-03	3.75E-03
T[C>T]C	2.24E-04	1.24E-03	1.65E-03	1.25E-04	1.37E-04	5.78E-03	1.79E-03	5.82E-04
T[C>T]G	1.01E-04	6.49E-04	1.12E-03	1.53E-04	1.22E-04	3.59E-03	6.38E-04	2.85E-03
T[C>T]T	7.90E-05	6.77E-04	7.06E-04	2.32E-04	0.00E+00	9.80E-04	0.00E+00	8.46E-04
T[T>A]A	5.08E-05	6.87E-04	6.21E-04	7.21E-05	8.43E-05	8.17E-04	1.44E-101	4.82E-04
T[T>A]C	1.36E-05	7.95E-05	6.88E-06	1.46E-05	1.59E-05	3.01E-04	0.00E+00	2.21E-04
T[T>A]G	1.43E-05	2.44E-04	2.41E-06	4.40E-05	3.06E-05	8.61E-04	1.17E-04	3.85E-04
T[T>A]T	1.23E-04	9.99E-04	3.79E-04	7.21E-05	9.18E-05	1.23E-03	1.29E-03	2.03E-03
T[T>C]A	3.25E-04	1.69E-03	3.00E-03	2.13E-04	3.29E-04	7.11E-03	9.03E-04	8.38E-03
T[T>C]C	1.46E-04	0.00E+00	2.60E-03	4.89E-05	7.04E-05	5.23E-03	0.00E+00	5.40E-04
T[T>C]G	1.65E-04	7.49E-04	2.03E-03	1.51E-04	1.54E-04	5.69E-03	1.23E-04	3.21E-03
T[T>C]T	1.91E-04	5.68E-04	2.50E-03	8.73E-05	0.00E+00	5.76E-03	7.74E-05	7.17E-04
T[T>G]A	4.19E-05	2.12E-04	8.41E-08	7.99E-05	4.85E-05	4.07E-05	9.71E-04	7.01E-04
T[T>G]C	5.24E-05	3.83E-04	1.54E-04	5.39E-05	0.00E+00	3.69E-04	3.08E-05	1.61E-03
T[T>G]G	1.55E-05	1.78E-04	1.36E-04	2.04E-05	2.04E-05	3.21E-04	0.00E+00	2.30E-04
T[T>G]T	8.29E-05	3.81E-04	2.22E-04	1.02E-04	1.26E-04	8.17E-04	1.54E-03	7.39E-04
