MutationType	SBS96A	SBS96B	SBS96C	SBS96D	SBS96E	SBS96F	SBS96G	SBS96H
A[C>A]A	0.024394339474000704	0.07780607988862444	1.6679423179976197e-10	0.038693288787310494	0.14659698446318611	0.0625609428730102	1.4878821807642899e-77	0.04605042628609314
A[C>A]C	0.008900429995903127	0.0065271353328432815	0.003034872312917878	0.003246393629323242	0.008326287706767363	0.006901187541236152	8.375311915186679e-41	0.002163285722217854
A[C>A]G	0.0055847068349750015	0.002574698729204082	0.0005984907751145074	0.0010299318586701124	0.005886706017192359	0.005457525578347363	0.006067492149296444	0.0011576118041900084
A[C>A]T	0.010518627810394249	0.02677749895003818	0.008429843504465078	0.015151551727233915	0.0274010927442081	0.006696397971962971	0.0007770855972886232	0.028710128813080753
A[C>G]A	0.008397290469758834	0.002971059263202474	0.0027124687646774143	0.0032002369858285967	0.0014767274752150467	0.007880897190083188	5.0552036559094434e-21	2.5e-323
A[C>G]C	0.005097854032758078	0.002241039376065003	0.0004773147031164364	0.00244660768944459	0.0001275093467035092	0.005494294031747815	3e-323	0.003339883263815773
A[C>G]G	0.013865712595991531	0.0011436496473296186	0.00020421616189770326	0.0016989003737921434	0.00043528584194063135	0.002943002453283957	3e-323	0.001792788164460983
A[C>G]T	0.01690652458806784	0.002874621156025346	0.00474272244547202	0.0005894302048020364	0.0019567934230497967	0.004676192652047244	2e-323	0.002587634092462396
A[C>T]A	0.022850883952830907	0.03330903840675144	0.08256907611237843	0.08102945700591849	1e-323	0.0032407316706073905	0.0037327220586171627	0.052715057883804727
A[C>T]C	0.007272453636575303	0.0034709769650520957	0.021346472014922627	0.04006677609240257	1.5e-323	0.021060992792493877	0.03050236740890221	1.3755596140206904e-284
A[C>T]G	0.014047792850276342	0.005872159884617558	0.02855561164502775	0.014832850345168583	0.00538808341162475	0.00441740687895785	0.014509872911715386	0.07440676906704925
A[C>T]T	0.01345273550986099	0.004030066199352156	0.03841416804036195	0.01428442465024555	0.0004877330584863467	0.01389934291226611	0.018725856860576987	0.003515657739384644
A[T>A]A	0.005676522014585838	0.004363232816545407	0.0004818202629154401	0.0013704647408580644	0.0020290166944878143	0.006748593759441553	3.390058971796534e-05	0.0029026753539227947
A[T>A]C	0.0028740694264779197	0.00185828910282708	0.000836381952061929	0.0012998130491990334	1e-323	0.005313086851023478	3e-323	0.001280773078804375
A[T>A]G	0.003078477297770084	0.0002867584140643185	0.00033390748534272834	0.0036131017907164048	0.0018439800264375497	0.001519707987274326	1.5e-322	0.0023728231603783938
A[T>A]T	0.012561766846348663	0.005354103357535696	0.014532754483057691	0.0027909369495498033	0.0014686315441733299	0.014916132616709512	0.0003488557200569938	0.0012804698150711688
A[T>C]A	0.05407933151452082	0.00690710341764385	0.01191815263061979	0.006757288416491508	0.004439239131025387	0.04014866180968605	1.6330265802440016e-276	0.0011726595414322484
A[T>C]C	0.006902564338454463	0.0008380584945785533	0.005635183145309397	5e-324	0.0003716587465891109	0.018201405244400205	0.00046527658078942364	0.0017445814201156903
A[T>C]G	0.018299124648185325	0.006553029811265788	0.019178453030254606	0.0028927297526461933	0.0010758440027555736	0.050107633889369174	0.004524564752314449	0.0031497548652958483
A[T>C]T	0.017111198061422545	0.0015961230438451407	0.0038879838721037883	0.012099324826172968	0.0002109328931025761	0.012540831193017448	0.017078731587770686	0.0024879366601582706
A[T>G]A	0.0019298593523693816	0.004571307547070131	0.00023578432536955205	5e-324	3.5e-323	0.0055993701313049125	0.009857248083612458	5.631880446981238e-05
A[T>G]C	0.0014375542333422812	1.5e-323	0.00019802054367373334	1e-323	5e-323	0.0010729349113878606	0.009543793111473181	0.0008247189587836171
A[T>G]G	0.0069933360325945566	0.0	0.00040884973558563686	1e-323	4e-323	0.0009984046979073765	5.871897153752637e-05	0.002562997160782852
A[T>G]T	0.005880788452087646	0.0019553557661546586	0.0015311311152040876	0.004041506656614239	0.00160744014060768	0.006093255664264988	1e-323	1.82719191937787e-310
C[C>A]A	0.017071628455923152	0.041194379015468297	0.021514792681204334	0.01793374501766799	0.03746336529218751	0.006860701066347648	0.06652878509764683	0.023929869819534613
C[C>A]C	0.009774652386187205	6.392588303383336e-05	0.036566667914234505	0.0018219218522950015	0.0008474900804425961	0.011750958674685221	0.02748243613742011	1e-323
C[C>A]G	0.005400115071597866	0.003731834309259216	0.0036834432406287593	0.005682252744676293	0.0021708342295196715	0.006015442002053219	0.006026862952488133	0.0007616655191238072
C[C>A]T	0.016051239665378803	0.018934993983616998	0.13053992832462957	0.007189358992032517	0.017082688520333254	0.007596977804632224	0.0002700066194102541	1e-323
C[C>G]A	0.00949426366096075	0.0021883536378374735	9.09422532352576e-05	0.0026712375110742523	2.47e-322	0.00040069880592101504	0.0003707328680003374	0.0018911206121347767
C[C>G]C	0.002130325167423722	0.0020824757323632723	0.00011107607615004702	0.004619287854612792	0.0	0.0018848432121621832	4e-323	0.0012632482351695048
C[C>G]G	0.004784130456816917	0.0027704437147600034	0.00011458462346341017	2.5e-323	0.00026622020203429317	0.0027837512557348605	3.3328562651376475e-06	0.0020386710029529965
C[C>G]T	0.010011016978102399	0.0010918410052182278	0.00033518488793944445	0.0008005548272965058	0.0005489736740722904	0.00027884156676320543	0.00015053738467944461	0.0022673251340347266
C[C>T]A	0.010985804091945654	0.026727468866588035	0.009207062049004261	0.050701213725876285	0.0022085743595714855	0.049693350949967255	0.028717133842316927	0.01739468762582365
C[C>T]C	0.0059615347501104764	0.005109310270726276	0.0122043812697902	0.0358792972368055	0.0	0.0036018677925240238	0.0423401434545322	0.015806891791031407
C[C>T]G	0.006398478121670136	0.004508018713113288	0.016026655542595573	0.0064084378195746585	2.119565820578077e-05	0.02119486706046677	0.017714063144396806	0.05055910516328485
C[C>T]T	0.014849777021871676	0.004657036161660993	0.010579913650514963	0.03307952246658909	1e-323	0.005411624573534475	0.01936168228425666	0.013158988242670755
C[T>A]A	0.009464765421413335	0.0012300403775526642	0.00022999960164657535	0.002344339061241145	0.0009103614554785894	0.0001977697370511489	0.00026581288726010624	0.004217944674557714
C[T>A]C	0.00592906604124175	4.4e-323	0.0020167200069432156	0.001665250602778555	2.133540716312006e-155	0.002116533922730574	0.00832967357153319	2e-323
C[T>A]G	0.009647573752291541	0.0016175798334677892	0.00048129946892340426	2.5e-323	0.00028865359493464874	0.0015566096920680123	0.0004147380065044428	0.002049397104082454
C[T>A]T	0.007072625731831471	0.004262897748597811	0.0010940873850728318	0.003611315415026753	3.5e-323	0.001179078458017302	0.0001335053986656228	0.002271293812592204
C[T>C]A	0.01380029637742439	0.00810299363798362	0.010694747755796773	0.00401111062916304	0.0019208471356237972	0.027149531796146608	4.3862937168564934e-05	0.002720984964883036
C[T>C]C	0.006785462825589572	0.0017938836716199316	0.0075848540921081885	9.084428371992714e-05	0.00016440190665180057	0.020927690519246984	2.2203292897730686e-226	0.001865765839085879
C[T>C]G	0.0033368668984202253	0.005420399327307337	0.024180790545992627	0.00021423734434980438	0.0029639970561685424	0.05070826530733077	4.389863061185379e-138	0.005729303846711235
C[T>C]T	0.01645025336518856	0.0030272761667664155	0.007904923216448985	1.133175048524425e-58	0.00041187117481239	0.01715008193345076	0.00847454052014426	0.006229935391422595
C[T>G]A	0.0011066457904784772	0.001449508727467465	0.001020039799130097	0.000898192543862113	0.0	0.0003121185634355631	0.010078532383458244	0.001025896130387958
C[T>G]C	0.0029791669024009986	0.00032398708047736704	0.002796422002632414	0.0020671618753221547	0.0	0.004919927985791616	0.0002770650485172897	1.5e-323
C[T>G]G	0.005426895625194458	0.0019889061432761396	0.003553365061406095	0.0018661447852857925	2e-323	0.007474371825471328	3.5e-323	0.002237901514483303
C[T>G]T	0.0024839140957995413	0.003779859327577369	0.005701422570244542	0.003733336801947565	0.0	0.005499744188663359	1.5e-323	0.001968716538234095
G[C>A]A	0.02901618527406221	0.16379025637930095	0.0006195649669689786	0.05671860356162247	0.39662414844412985	0.0033505518779709683	0.26298548554263046	0.13072251353935274
G[C>A]C	0.006563705140977408	0.008831844010409484	0.003866394499376495	0.004014655528387876	0.01612453388545202	0.003399039695712855	0.020009400058919363	0.01431648775650689
G[C>A]G	0.004308871980819134	0.007433709294399522	0.0010534132141089463	0.002732390272706389	0.012349141516773162	0.0018088124262199447	8.349152229123178e-05	0.006431601336154703
G[C>A]T	0.018215834892350298	0.06160868329355519	0.0145590407088985	0.03244834971188361	0.09930258193708215	0.07339762339496012	0.03814454282669392	0.06250684578003161
G[C>G]A	0.006820499989764068	0.003706672647505021	0.0004532066631180522	0.004991557525809905	0.002543150835507455	0.002133009822493063	2.5e-323	0.0021505267222147796
G[C>G]C	0.004541787801914545	0.0017874020683349308	0.0008803109020878392	0.0008550097267198638	0.001348742922322116	0.002791237280403979	3.93655727044456e-05	0.003589843404131097
G[C>G]G	0.002698689905211548	0.0009409119281125133	4.7160129338732327e-05	2.5e-323	1.9380769312221424e-05	0.00016175802973794628	0.0006120648400520719	0.0008798273983181953
G[C>G]T	0.011182398780334323	5e-324	0.000877755124102624	0.003542166088820892	0.0	0.0032497440776654155	0.027467514769583385	0.0002517352171248156
G[C>T]A	0.01754150632729431	0.0027733021364045657	0.09800219360501919	0.04092557294739861	5e-324	0.004653949945212831	0.03471816245706266	0.008591076460628807
G[C>T]C	0.006089939252349112	0.004838222994875042	0.06952977914439766	0.024270000178240995	1.3209811505598187e-66	0.011769401847077957	0.0036419852152902456	0.0014684752992404923
G[C>T]G	0.009170996250856869	0.008524266381734178	0.038160856065479934	0.004150425595690114	0.006654971625955386	0.01676336298113873	0.03739332677453023	0.03367026266082874
G[C>T]T	0.016122348063211736	1.2881050289885858e-05	0.07145978676211999	0.023860561684409545	0.0	0.0014862774275442464	0.011875932413741293	0.0002515679847000429
G[T>A]A	0.004810745363590917	0.0	0.0001136210330157618	2.2036880434103024e-06	3.5e-323	0.0006080456583769445	0.0003496186674982222	2.430356209506525e-35
G[T>A]C	0.002970080876476409	0.0012262368871624406	0.00044721600183322884	0.0009986857417740324	0.0008326696728019649	0.0017077608297596722	8.61158712857074e-05	0.001585846162725427
G[T>A]G	0.00613964780122548	0.0	0.00032701132997455657	0.002675919223680987	7.183427229225346e-150	0.0007932180598685353	0.0005409413647225803	1.1802091287234641e-17
G[T>A]T	0.007039196930718007	0.0007736065029819472	0.0020964145647582887	0.0004197720992420906	0.0	0.002307760469232982	0.01252349829851242	4.0446989998926274e-05
G[T>C]A	0.007288104576093367	1.5e-323	0.00767612930154659	0.002743308760554137	0.0	0.02239532150972864	0.00024065897901151472	0.0009628084398116236
G[T>C]C	0.0031289835806933503	0.0006593589414991138	0.003977706476782944	0.0008036662163888172	0.0013234979535303047	0.010568595973000286	2.8298408255569584e-99	0.0004662027323244088
G[T>C]G	0.005891984504798764	0.001418667380355478	0.015178141872047754	0.0007551438042496212	0.0005130594804301532	0.01932068441101605	3e-323	0.005538494614199398
G[T>C]T	0.008792020933468694	0.0019003901345262335	0.003941268827526456	0.0006904742551237736	0.0005572799631607593	0.012155596120217388	4.269486539127271e-05	0.0029947274748956033
G[T>G]A	0.0007770342159099813	0.001784644557658943	0.0001513953083671985	1.1e-322	0.0006025281738108958	3.16e-322	0.00012972995967416937	0.00015337534984773759
G[T>G]C	0.0006276514388910149	0.003153685409785064	7.897389402024496e-05	0.001933148293808512	4.4e-323	0.0004939940151925755	0.00033472998298572187	0.0024792460245257955
G[T>G]G	0.006548535451201445	0.0007647451666806983	5.067135524467789e-223	0.0009544291064932624	3.5e-323	0.0001257271366367352	0.0003648040539621474	0.0012789212015264203
G[T>G]T	0.004282093874190053	0.0011636835141861281	0.0005169264944743822	0.0029949894426677557	0.0	0.004610655304004401	5.4e-323	0.001060838754224687
T[C>A]A	0.02815275560924111	0.08596510610256312	0.0003270844557929569	0.040476704294751656	0.04968605456840486	0.02298317827295321	0.003128548954415973	0.05005747446340808
T[C>A]C	0.023417965325687927	0.02695799022298691	0.004191810491086334	0.01024437227069758	0.012763419881536226	0.0242902673325086	0.009864084860679388	0.0257929649191311
T[C>A]G	0.005341347238385237	0.006747625765730472	0.0010646775628081616	0.00040084402066724935	0.007268015825710258	0.005193941438692261	1.5e-323	0.007659308026975708
T[C>A]T	0.036065996369620254	0.15880277350756433	0.018781024864372227	0.08737806337576119	0.09380697183674226	0.023571295406065985	0.025742652416683175	0.12468352153869941
T[C>G]A	0.01444382129961901	0.0017264938864600388	0.0004440574620436155	0.007283210343327408	0.0	0.0014955917809909216	2.5e-323	0.0006062461589223099
T[C>G]C	0.004368165958130443	0.0014618931431324884	0.0005460078839437894	0.0033340429057328773	3.42725604874175e-93	0.005075081499080794	0.00957027188762433	3.5e-323
T[C>G]G	0.0030975258280108295	0.0022799452653055148	6.4e-323	0.0010211887593631276	1e-323	0.002370165155815393	5e-324	0.0026687550023465375
T[C>G]T	0.016757105908404756	0.004810697322587013	0.0015184831957087827	0.006610941734572643	0.0008129726483871111	0.0007138284854087756	0.03342785810593592	0.0013542711089952783
T[C>T]A	0.016345706720977037	0.011435329422828721	0.007227054719909436	0.05936399759207833	1.5e-323	0.0036478107312549668	0.03644362896594021	0.029327542796922887
T[C>T]C	0.009490804562228955	0.0071029611738123955	0.011520067299019318	0.03376452529050637	0.0005793911237228427	0.016312172850622322	0.015547039373710205	0.004592064309953606
T[C>T]G	0.012191093595496385	0.007808553284372792	0.010143444526662326	0.0045620895418883685	0.002268105944280602	0.009041648278911818	0.015341396419154111	0.01708769619916588
T[C>T]T	0.016951444291796257	0.00587335186995676	0.009031945766691031	0.04160500417352025	1e-323	0.007275796594613934	2e-323	0.00506467214112447
T[T>A]A	0.017444466284028397	0.00600902755249334	0.0015325909567218275	0.002842961279516148	0.004234859920281702	0.009754591670522257	1.4403525519553874e-101	0.004060317528385134
T[T>A]C	0.012043695361108617	0.00010690616717813582	7.821294965016542e-06	0.0026593378794526135	0.0010668391588311249	0.001829370058327574	2.9076907673097812e-261	0.001746596837019953
T[T>A]G	0.007512460304587197	0.001118606057232414	2.409078681877098e-06	0.003986331239020046	0.001789327296453968	0.002727947206815286	0.00017516158641798317	0.0025279791861028975
T[T>A]T	0.02475226971956081	0.00881658242164549	0.0009615552415186846	0.006724549045362892	0.0006602165031359426	0.004309895727578059	0.005976245741845324	0.008754923339189103
T[T>C]A	0.03235926754919613	0.014484905694834785	0.009211725724537339	0.008976352302853808	0.0025264507289360907	0.024930897079270892	0.0012973041881206922	0.008376646518737981
T[T>C]C	0.006075782628810954	3.6403015338318096e-200	0.006434813270586583	0.001966733803400878	0.0006209108967632636	0.021755664767343617	4e-323	0.0019046866158295066
T[T>C]G	0.004882833692112926	0.005892279241951103	0.015474900296457797	0.0009742414679700339	0.0023803270473410974	0.020349648770447575	0.00012276456498615506	0.003205711614640324
T[T>C]T	0.01256461250440429	0.006825135920692389	0.006296340530896634	0.012860277519293726	2e-323	0.02039996243214564	7.739682415518655e-05	0.010952195380382746
T[T>G]A	0.002690533635489574	0.0015424471333545507	8.405069209206176e-08	0.0016086185291039723	9.098362802117274e-05	4.0654253295923706e-05	0.013885514172726229	0.003068577721690736
T[T>G]C	0.0018283467861313209	0.003293217472396019	0.0003745248812627119	0.0007630845894586543	4e-323	0.0015643932758824131	3.081865704572364e-05	0.004648735448252078
T[T>G]G	0.00271088931081936	0.0015651462155964187	0.0010584238836978948	0.002589093499291373	0.00010977273663288576	0.0022185263558109876	5.4e-323	0.0008597978204178851
T[T>G]T	0.012431823684933684	0.0023410555691913957	0.0013379024241987514	0.006098622165105917	0.002140272066960487	0.002940960286441488	0.024575315465682326	0.0039439794024171805
