MutationType	SBS96A	SBS96B	SBS96C	SBS96D	SBS96E	SBS96F	SBS96G	SBS96H	SBS96I	SBS96J	SBS96K	SBS96L	SBS96M	SBS96N	SBS96O	SBS96P	SBS96Q	SBS96R	SBS96S	SBS96T	SBS96U	SBS96V	SBS96W	SBS96X	SBS96Y
A[C>A]A	1.81E-04	0.00E+00	1.40E-46	7.08E-05	2.90E-03	0.00E+00	1.83E-04	1.76E-05	1.49E-04	0.00E+00	2.77E-04	1.82E-04	1.14E-03	1.40E-46	9.22E-09	1.39E-04	2.34E-46	1.18E-04	2.45E-04	3.36E-03	1.20E-03	3.30E-03	9.93E-03	1.07E-02	2.41E-03
A[C>A]C	3.99E-05	6.25E-05	1.73E-04	3.74E-05	2.29E-46	4.57E-04	6.76E-04	5.94E-04	2.27E-04	3.22E-04	1.05E-45	1.94E-03	5.78E-04	1.56E-03	1.90E-03	6.69E-05	1.47E-03	1.31E-03	5.06E-05	2.21E-02	2.15E-02	5.77E-03	1.55E-02	8.99E-03	8.26E-04
A[C>A]G	1.56E-04	0.00E+00	0.00E+00	4.57E-06	2.27E-04	0.00E+00	0.00E+00	4.32E-05	1.59E-05	2.84E-05	1.56E-04	3.83E-04	2.99E-46	3.86E-04	2.90E-04	4.17E-05	0.00E+00	8.63E-05	7.71E-05	6.02E-03	6.66E-03	2.44E-03	3.84E-03	4.52E-03	5.09E-03
A[C>A]T	1.89E-03	1.40E-46	5.62E-46	7.33E-09	1.20E-06	1.40E-46	3.83E-06	1.45E-03	1.41E-04	1.81E-04	1.41E-06	1.68E-02	1.44E-07	1.08E-03	3.97E-03	0.00E+00	3.35E-09	9.69E-04	1.87E-46	3.14E-02	1.38E-02	1.90E-03	5.68E-07	7.64E-04	4.17E-07
A[C>G]A	1.04E-04	3.17E-04	8.25E-05	4.03E-04	6.97E-04	3.10E-46	2.31E-04	5.30E-05	9.67E-05	3.01E-04	0.00E+00	7.35E-05	2.53E-04	1.45E-05	2.80E-46	2.84E-04	4.63E-04	5.43E-04	9.75E-05	4.60E-05	2.14E-46	1.98E-03	2.24E-03	2.45E-04	0.00E+00
A[C>G]C	1.76E-05	1.04E-04	7.05E-05	2.27E-04	9.12E-05	1.10E-04	9.90E-05	8.98E-05	3.44E-04	3.39E-04	1.52E-04	0.00E+00	1.28E-03	1.70E-04	0.00E+00	1.86E-04	5.61E-05	3.46E-04	3.49E-04	2.38E-03	2.62E-04	2.48E-03	1.98E-03	2.95E-03	5.70E-03
A[C>G]G	1.40E-46	1.40E-46	0.00E+00	1.87E-46	2.63E-05	0.00E+00	1.93E-05	7.18E-06	9.82E-07	7.76E-05	6.98E-05	1.63E-05	1.85E-04	7.87E-05	2.95E-05	1.26E-04	3.91E-09	8.92E-05	3.22E-05	6.87E-04	5.32E-05	5.32E-03	1.09E-02	6.41E-04	4.61E-05
A[C>G]T	3.11E-05	9.10E-05	2.46E-22	4.15E-04	1.58E-03	2.49E-04	4.21E-05	0.00E+00	1.59E-04	2.10E-04	4.94E-04	0.00E+00	1.53E-03	1.25E-04	0.00E+00	3.75E-04	2.67E-04	6.69E-05	5.29E-05	3.01E-03	9.46E-04	3.36E-03	2.30E-03	2.09E-03	7.64E-04
A[C>T]A	2.11E-04	1.34E-07	2.06E-04	9.08E-04	8.43E-04	1.32E-02	4.19E-05	2.63E-03	1.34E-03	3.52E-02	5.30E-07	1.77E-03	6.38E-08	6.41E-02	2.58E-03	4.51E-04	5.12E-04	1.03E-03	1.09E-03	1.26E-02	1.35E-03	1.38E-03	3.09E-03	3.44E-03	1.68E-03
A[C>T]C	7.92E-04	3.00E-03	3.96E-04	2.24E-04	8.56E-04	5.56E-03	1.34E-03	2.13E-03	1.50E-03	9.14E-03	1.52E-03	7.70E-03	5.21E-03	3.96E-02	2.44E-02	0.00E+00	5.05E-08	1.39E-09	2.22E-04	3.53E-08	1.11E-04	4.20E-46	1.48E-03	8.72E-09	4.14E-04
A[C>T]G	4.35E-03	3.35E-03	4.68E-04	7.71E-02	1.86E-02	1.55E-02	3.10E-03	1.11E-02	8.67E-04	7.14E-03	3.96E-07	1.70E-02	1.62E-02	2.63E-02	1.08E-07	2.31E-05	3.07E-04	5.57E-03	7.20E-04	9.31E-03	6.49E-03	7.93E-45	4.25E-03	2.53E-02	2.28E-07
A[C>T]T	1.04E-03	6.52E-04	6.52E-04	2.52E-04	4.06E-03	4.86E-07	1.56E-03	1.05E-04	7.14E-04	1.05E-02	9.86E-08	1.07E-02	4.90E-07	3.43E-02	1.55E-02	0.00E+00	4.99E-05	3.38E-03	1.15E-04	1.30E-45	6.19E-02	3.10E-46	6.45E-03	6.62E-11	1.40E-46
A[T>A]A	1.06E-04	9.63E-08	3.92E-08	1.24E-08	6.38E-08	3.07E-06	2.33E-04	1.40E-46	1.48E-03	1.64E-04	0.00E+00	1.26E-04	1.12E-06	2.42E-04	2.24E-07	1.19E-05	1.60E-04	8.74E-04	7.76E-06	8.26E-05	3.10E-04	1.21E-03	6.74E-08	1.34E-03	7.20E-03
A[T>A]C	1.85E-05	1.55E-04	1.40E-46	2.81E-08	3.28E-08	5.44E-04	1.40E-46	7.03E-04	2.93E-03	1.22E-04	4.26E-04	1.18E-06	1.51E-04	1.49E-07	6.20E-09	4.36E-05	6.66E-05	8.46E-04	2.85E-04	2.47E-03	7.83E-05	1.18E-07	5.63E-08	2.55E-07	9.99E-03
A[T>A]G	0.00E+00	0.00E+00	1.07E-07	0.00E+00	7.48E-03	1.30E-04	0.00E+00	1.04E-04	1.59E-04	2.29E-46	2.60E-04	4.09E-05	4.39E-05	1.87E-04	2.44E-04	7.33E-05	2.41E-04	1.40E-46	3.23E-04	6.74E-03	6.13E-05	2.76E-03	7.23E-03	7.07E-03	9.19E-03
A[T>A]T	4.62E-04	4.01E-04	5.62E-46	5.34E-04	1.10E-07	1.10E-08	6.81E-04	1.49E-03	3.60E-04	5.32E-04	1.50E-03	1.87E-46	2.14E-46	2.59E-03	8.63E-46	0.00E+00	3.58E-09	1.09E-03	1.56E-04	3.36E-03	7.06E-03	8.77E-04	2.41E-03	3.17E-03	8.51E-03
A[T>C]A	2.14E-46	1.19E-04	3.96E-05	1.18E-04	6.97E-03	2.20E-03	1.48E-03	7.71E-04	8.44E-03	2.57E-03	2.59E-03	1.05E-03	2.61E-02	2.94E-02	6.00E-04	0.00E+00	2.79E-05	8.26E-03	0.00E+00	7.87E-03	1.06E-02	2.38E-03	2.23E-02	4.40E-04	4.28E-03
A[T>C]C	1.68E-04	3.27E-04	1.79E-04	2.35E-04	4.42E-03	4.98E-03	2.00E-03	1.14E-03	1.97E-03	2.36E-07	5.20E-03	1.89E-03	1.21E-02	7.10E-05	4.67E-46	1.11E-04	2.99E-46	1.15E-02	3.63E-04	2.24E-09	1.63E-03	1.66E-03	1.61E-02	2.25E-03	6.86E-46
A[T>C]G	1.69E-04	2.13E-04	2.23E-05	6.50E-07	1.38E-08	1.65E-05	1.20E-03	2.04E-03	4.67E-03	2.26E-03	2.94E-02	1.79E-03	1.16E-03	3.54E-03	3.29E-07	4.45E-05	1.20E-04	7.38E-03	0.00E+00	8.88E-04	1.46E-06	3.83E-04	7.10E-02	1.11E-07	8.25E-08
A[T>C]T	1.13E-04	5.62E-46	2.29E-46	9.31E-24	7.35E-03	7.07E-46	1.70E-03	1.30E-03	3.54E-03	2.34E-46	5.31E-04	1.19E-03	3.43E-02	1.16E-03	2.13E-03	7.04E-05	3.19E-04	1.29E-02	5.52E-05	1.94E-02	2.39E-04	2.08E-03	2.28E-02	6.61E-03	1.55E-02
A[T>G]A	1.89E-09	0.00E+00	0.00E+00	0.00E+00	3.25E-08	2.81E-09	7.07E-04	0.00E+00	1.38E-04	0.00E+00	0.00E+00	1.97E-06	1.37E-03	0.00E+00	0.00E+00	4.12E-05	1.79E-09	1.41E-03	2.91E-04	2.55E-04	2.99E-03	5.20E-04	4.43E-03	1.20E-03	3.87E-04
A[T>G]C	6.77E-05	6.63E-07	1.40E-46	2.13E-04	2.54E-03	1.87E-46	1.24E-03	1.40E-46	7.93E-04	0.00E+00	2.60E-04	9.71E-04	5.84E-03	4.02E-04	0.00E+00	6.44E-05	1.87E-46	7.01E-03	7.31E-04	8.81E-04	3.83E-04	8.77E-04	5.39E-03	1.29E-03	6.78E-04
A[T>G]G	1.39E-04	6.99E-46	4.63E-05	6.40E-05	2.71E-05	1.11E-05	5.23E-04	2.31E-30	2.47E-04	0.00E+00	2.07E-04	5.25E-04	1.70E-03	1.40E-46	0.00E+00	3.42E-05	0.00E+00	9.42E-04	4.14E-04	4.95E-05	9.53E-04	1.72E-03	6.62E-03	2.37E-03	4.74E-04
A[T>G]T	1.35E-03	7.09E-06	1.87E-46	0.00E+00	5.91E-04	6.83E-07	3.93E-03	0.00E+00	2.39E-04	1.40E-46	5.43E-08	3.19E-03	4.88E-03	1.90E-06	1.31E-08	5.67E-06	3.51E-04	7.37E-03	1.16E-03	6.53E-03	4.20E-46	1.51E-08	1.35E-04	0.00E+00	9.85E-07
C[C>A]A	3.90E-04	4.28E-46	4.01E-04	6.17E-06	2.04E-06	1.67E-03	4.30E-04	3.14E-03	2.09E-04	5.45E-46	3.84E-03	1.11E-03	1.81E-03	1.20E-03	2.14E-46	1.31E-04	2.99E-46	7.58E-04	2.34E-04	1.76E-02	1.56E-02	4.42E-03	1.17E-02	1.00E-02	5.97E-08
C[C>A]C	1.70E-07	3.13E-46	1.02E-07	3.89E-04	1.75E-03	5.32E-03	3.11E-04	9.33E-03	1.83E-04	6.43E-03	1.32E-02	3.95E-03	6.09E-07	4.73E-03	5.24E-08	2.26E-08	6.65E-08	2.40E-07	5.97E-05	5.11E-02	4.30E-04	5.48E-03	2.01E-07	4.57E-03	3.71E-08
C[C>A]G	2.23E-04	2.24E-04	0.00E+00	6.10E-08	6.69E-04	2.93E-03	1.35E-04	5.57E-03	8.61E-05	6.83E-04	6.53E-03	1.16E-03	8.51E-08	2.43E-03	4.89E-04	2.39E-08	2.49E-04	4.99E-08	0.00E+00	2.70E-02	1.50E-08	1.56E-03	5.38E-03	3.32E-03	4.66E-04
C[C>A]T	1.64E-03	2.51E-07	3.49E-07	1.61E-07	2.13E-07	4.07E-07	5.02E-07	3.06E-02	1.87E-06	2.10E-06	4.35E-07	2.83E-02	3.42E-07	2.54E-04	8.95E-07	8.71E-06	2.01E-07	5.61E-07	0.00E+00	5.09E-04	2.30E-07	1.71E-07	4.83E-07	2.20E-07	4.19E-07
C[C>G]A	0.00E+00	0.00E+00	0.00E+00	4.32E-06	4.28E-05	0.00E+00	0.00E+00	0.00E+00	0.00E+00	0.00E+00	0.00E+00	2.61E-05	1.40E-46	2.28E-06	7.55E-05	3.62E-04	2.29E-46	6.70E-08	3.59E-04	0.00E+00	2.39E-08	2.18E-03	8.93E-08	4.28E-04	1.75E-05
C[C>G]C	1.40E-46	0.00E+00	9.60E-06	0.00E+00	2.16E-07	3.59E-05	1.64E-05	0.00E+00	5.36E-05	0.00E+00	0.00E+00	0.00E+00	6.83E-05	0.00E+00	0.00E+00	1.66E-04	2.76E-08	3.15E-08	1.79E-04	9.84E-09	8.04E-06	5.86E-03	1.18E-02	3.60E-08	4.49E-04
C[C>G]G	0.00E+00	4.49E-09	0.00E+00	1.40E-46	1.53E-07	2.66E-05	0.00E+00	1.57E-04	0.00E+00	1.93E-05	2.43E-04	0.00E+00	1.40E-46	5.15E-04	1.99E-04	1.28E-07	2.75E-08	1.40E-08	1.94E-05	9.76E-04	4.78E-06	6.41E-03	1.25E-02	2.20E-04	1.65E-03
C[C>G]T	3.93E-05	9.25E-06	2.12E-05	7.70E-09	7.01E-46	6.37E-06	1.40E-46	0.00E+00	8.76E-05	6.77E-13	1.50E-05	0.00E+00	1.40E-46	7.20E-08	1.32E-05	4.45E-04	2.52E-08	5.47E-05	1.40E-46	5.76E-05	4.02E-04	3.06E-03	1.13E-08	1.78E-07	4.74E-05
C[C>T]A	0.00E+00	4.83E-05	1.02E-04	9.89E-05	1.28E-02	1.75E-03	1.40E-46	1.66E-03	1.60E-04	1.19E-03	3.05E-03	0.00E+00	9.59E-04	9.26E-03	1.21E-02	1.66E-03	4.40E-03	6.54E-04	1.16E-03	1.11E-02	2.54E-04	1.22E-03	4.88E-03	1.65E-02	2.36E-02
C[C>T]C	2.58E-04	5.26E-04	1.92E-42	3.06E-07	7.85E-06	5.25E-03	4.55E-04	2.63E-03	2.94E-03	7.57E-03	2.49E-03	6.39E-04	1.99E-03	1.02E-02	1.79E-02	1.89E-04	3.04E-04	1.45E-03	5.33E-04	3.63E-03	2.06E-04	0.00E+00	1.56E-45	5.24E-03	9.95E-05
C[C>T]G	1.48E-03	1.02E-02	1.30E-07	6.50E-02	1.12E-01	6.21E-04	3.68E-03	3.23E-03	9.21E-05	6.25E-03	5.16E-03	1.11E-02	1.38E-02	8.75E-03	2.51E-02	2.59E-04	6.84E-03	5.83E-03	7.15E-04	1.64E-02	6.19E-03	7.31E-46	1.44E-06	2.23E-03	2.18E-05
C[C>T]T	1.14E-04	3.88E-05	1.22E-45	4.28E-46	3.18E-02	3.28E-03	1.37E-03	2.20E-03	3.60E-04	1.84E-03	2.05E-03	6.66E-03	1.56E-03	8.96E-03	2.32E-02	6.00E-04	1.33E-03	8.40E-03	6.88E-04	4.38E-03	2.22E-02	4.25E-03	8.42E-03	3.10E-46	4.48E-08
C[T>A]A	1.35E-05	0.00E+00	0.00E+00	6.20E-09	5.38E-03	6.60E-05	3.91E-05	3.65E-05	2.65E-04	0.00E+00	1.60E-08	0.00E+00	5.65E-05	0.00E+00	7.84E-06	7.26E-05	6.51E-05	3.37E-09	2.48E-04	2.50E-03	3.32E-04	1.48E-03	3.92E-04	1.44E-03	4.97E-03
C[T>A]C	0.00E+00	1.11E-04	0.00E+00	2.68E-05	2.92E-03	3.14E-04	1.40E-46	2.80E-46	4.86E-04	6.16E-04	9.95E-04	9.06E-04	1.40E-46	6.42E-46	8.27E-04	6.23E-05	2.48E-45	1.65E-45	6.77E-04	1.43E-03	5.83E-46	1.60E-03	2.87E-03	2.99E-46	4.35E-03
C[T>A]G	8.96E-05	4.28E-46	1.02E-05	1.02E-04	1.35E-02	1.92E-07	1.08E-04	4.18E-04	3.94E-04	1.87E-46	4.53E-04	1.79E-04	1.40E-46	1.40E-46	1.87E-46	5.33E-05	0.00E+00	7.45E-09	5.97E-04	4.07E-03	3.55E-03	4.55E-03	5.85E-03	2.41E-03	6.37E-03
C[T>A]T	1.65E-04	0.00E+00	0.00E+00	7.31E-09	7.51E-03	0.00E+00	0.00E+00	2.10E-04	1.56E-04	0.00E+00	2.51E-04	9.93E-04	9.48E-08	1.89E-04	1.19E-03	0.00E+00	0.00E+00	1.74E-08	1.51E-03	1.95E-03	1.24E-02	3.45E-03	3.23E-03	2.65E-08	4.72E-03
C[T>C]A	1.08E-07	0.00E+00	1.87E-46	6.83E-05	4.20E-46	9.38E-09	1.87E-04	5.83E-04	3.32E-03	1.50E-07	5.19E-03	2.03E-07	2.01E-02	9.56E-03	1.01E-07	1.46E-05	3.96E-09	6.01E-03	6.52E-04	4.69E-03	4.52E-04	1.35E-03	1.43E-06	2.08E-03	7.52E-03
C[T>C]C	0.00E+00	3.93E-04	4.51E-08	1.65E-04	1.55E-05	1.38E-03	2.99E-46	7.69E-04	1.38E-03	3.10E-46	1.03E-02	1.78E-03	1.74E-02	9.66E-07	4.91E-03	9.80E-06	2.14E-07	3.51E-02	6.33E-03	1.01E-06	1.50E-08	1.27E-04	3.44E-03	4.72E-03	9.25E-07
C[T>C]G	1.18E-04	5.74E-07	3.59E-07	6.61E-08	6.54E-07	1.67E-03	6.18E-04	8.44E-04	3.56E-03	9.99E-06	2.15E-02	9.73E-07	2.42E-06	4.81E-04	1.51E-07	2.80E-46	1.14E-07	1.51E-02	3.45E-03	1.26E-04	1.90E-07	6.70E-08	8.16E-05	6.82E-08	4.53E-07
C[T>C]T	2.14E-46	0.00E+00	0.00E+00	7.81E-07	7.74E-08	1.74E-06	7.84E-08	3.70E-04	1.92E-03	2.10E-06	8.34E-03	0.00E+00	2.76E-02	2.35E-03	3.27E-03	1.12E-04	4.31E-46	3.30E-02	8.73E-03	2.07E-07	7.45E-04	1.57E-04	3.62E-03	4.78E-03	6.08E-03
C[T>G]A	1.27E-15	6.81E-06	5.95E-05	2.99E-46	1.26E-04	0.00E+00	6.31E-04	4.98E-05	8.07E-05	0.00E+00	3.31E-04	0.00E+00	2.93E-04	9.60E-05	8.60E-05	2.67E-06	0.00E+00	2.57E-03	3.42E-04	5.67E-04	2.14E-03	4.89E-04	4.38E-03	1.01E-03	9.76E-04
C[T>G]C	2.78E-05	4.88E-04	1.16E-04	5.56E-04	9.99E-04	4.11E-04	7.28E-04	2.45E-04	8.07E-04	1.88E-04	3.37E-03	7.57E-04	1.27E-03	1.28E-07	1.44E-07	4.77E-05	5.34E-04	2.91E-03	1.19E-03	8.82E-03	1.92E-04	2.37E-03	1.72E-02	1.07E-07	6.07E-06
C[T>G]G	2.23E-04	4.47E-04	2.32E-04	5.29E-05	2.02E-03	5.40E-04	1.71E-03	8.51E-04	2.03E-04	1.40E-46	4.93E-03	2.40E-04	1.21E-03	7.13E-08	2.60E-08	0.00E+00	0.00E+00	3.38E-03	1.73E-03	7.61E-03	3.11E-09	4.10E-03	2.71E-02	3.03E-08	2.15E-07
C[T>G]T	2.46E-03	1.97E-06	3.93E-07	0.00E+00	4.04E-03	3.05E-04	7.85E-03	5.36E-04	3.17E-04	1.88E-07	3.62E-46	2.19E-04	1.71E-03	1.84E-07	1.58E-07	0.00E+00	4.50E-08	2.76E-07	8.48E-03	1.30E-07	5.50E-08	0.00E+00	1.03E-07	1.40E-46	1.02E-08
G[C>A]A	2.87E-04	1.31E-04	1.29E-04	8.41E-46	3.83E-04	8.80E-04	4.14E-04	5.80E-04	1.07E-04	2.61E-07	1.87E-46	1.46E-03	9.21E-04	4.42E-08	2.41E-08	0.00E+00	2.59E-07	1.24E-04	3.55E-04	1.85E-08	1.09E-45	4.71E-04	3.12E-08	1.16E-02	1.33E-03
G[C>A]C	1.40E-46	8.00E-04	1.87E-46	1.17E-04	1.89E-03	3.13E-03	7.10E-04	1.40E-46	1.16E-03	3.90E-04	8.06E-04	3.86E-03	1.60E-03	2.34E-46	1.58E-03	9.71E-05	3.04E-04	3.61E-04	1.44E-04	9.92E-03	5.49E-03	3.24E-03	1.08E-02	7.80E-03	6.42E-03
G[C>A]G	0.00E+00	4.77E-04	0.00E+00	1.95E-04	5.74E-04	4.77E-04	0.00E+00	1.29E-04	1.68E-04	4.44E-04	3.08E-04	5.84E-04	1.54E-04	1.06E-08	3.38E-07	9.33E-05	3.10E-46	2.14E-46	1.02E-04	9.67E-03	1.87E-46	8.55E-09	8.90E-04	8.53E-03	1.98E-03
G[C>A]T	9.90E-04	1.56E-03	4.81E-07	2.14E-46	1.16E-02	6.07E-03	6.53E-04	3.48E-03	4.92E-04	3.94E-07	7.76E-05	2.34E-02	7.84E-03	3.48E-07	8.91E-08	0.00E+00	1.19E-08	6.22E-08	0.00E+00	4.62E-03	1.02E-07	1.20E-08	7.06E-07	6.04E-03	1.22E-07
G[C>G]A	3.86E-05	1.78E-04	9.14E-05	1.48E-04	4.19E-04	2.29E-46	3.37E-05	1.17E-04	8.98E-05	4.28E-46	0.00E+00	1.66E-04	1.93E-03	5.42E-04	3.41E-04	3.62E-04	9.78E-04	2.39E-04	3.57E-04	3.60E-04	3.26E-05	2.37E-03	2.70E-03	7.44E-04	1.51E-03
G[C>G]C	6.19E-05	1.90E-04	9.20E-05	3.93E-04	4.13E-26	1.84E-04	1.04E-04	7.37E-04	6.48E-04	1.85E-04	1.57E-03	0.00E+00	3.90E-04	3.10E-46	0.00E+00	1.38E-04	2.14E-46	1.87E-46	0.00E+00	4.57E-03	9.40E-05	2.60E-03	2.71E-03	1.76E-03	4.38E-03
G[C>G]G	0.00E+00	1.38E-05	0.00E+00	5.09E-05	9.76E-04	5.13E-05	8.07E-06	4.28E-05	6.27E-05	1.51E-05	3.60E-05	2.17E-08	0.00E+00	1.40E-46	2.68E-05	7.93E-05	1.98E-09	0.00E+00	6.68E-06	7.78E-04	2.33E-05	2.35E-03	5.54E-03	1.95E-04	1.50E-03
G[C>G]T	9.28E-05	1.77E-04	1.27E-04	2.76E-04	2.29E-46	3.94E-04	9.47E-06	4.20E-46	1.88E-04	9.11E-04	1.40E-46	2.01E-04	9.39E-04	3.43E-05	0.00E+00	3.14E-04	3.61E-04	4.31E-46	6.61E-05	6.56E-04	5.29E-04	2.87E-03	3.03E-03	6.21E-04	2.71E-04
G[C>T]A	2.55E-04	1.11E-06	4.54E-07	6.16E-08	6.03E-07	1.13E-02	1.04E-03	2.77E-03	3.94E-03	6.36E-02	3.69E-04	1.10E-06	7.48E-03	2.34E-03	2.57E-07	6.94E-04	2.81E-07	9.38E-07	4.75E-04	6.29E-04	3.81E-07	2.63E-07	4.93E-03	2.70E-07	6.96E-07
G[C>T]C	3.22E-03	2.59E-02	8.76E-08	1.09E-07	1.88E-07	6.31E-02	1.88E-03	3.51E-07	1.22E-02	5.21E-02	2.49E-03	6.59E-08	5.37E-03	1.33E-02	3.67E-06	1.87E-46	2.40E-05	4.03E-04	1.78E-07	8.26E-03	5.54E-07	3.65E-08	8.29E-07	1.22E-07	2.30E-03
G[C>T]G	5.94E-03	3.54E-02	2.75E-04	5.06E-02	6.11E-03	2.84E-02	5.34E-03	1.35E-02	1.37E-03	3.18E-03	2.24E-03	3.78E-03	1.79E-03	5.98E-03	7.94E-07	2.99E-46	2.81E-03	1.40E-04	2.14E-03	3.85E-03	1.11E-03	6.49E-08	3.52E-06	3.63E-07	2.18E-07
G[C>T]T	2.87E-03	2.22E-03	2.35E-03	2.64E-08	8.18E-06	4.59E-02	4.18E-03	1.62E-03	6.87E-04	3.56E-02	2.14E-07	9.63E-03	3.83E-02	4.70E-02	1.03E-03	0.00E+00	4.31E-03	5.56E-08	0.00E+00	7.06E-04	1.31E-07	8.02E-09	3.53E-08	0.00E+00	1.08E-04
G[T>A]A	9.20E-06	0.00E+00	1.94E-05	1.02E-05	3.74E-03	3.12E-05	7.21E-05	0.00E+00	7.21E-04	0.00E+00	1.74E-04	9.23E-06	1.05E-04	0.00E+00	0.00E+00	8.69E-05	8.90E-06	8.84E-09	3.82E-05	1.54E-04	4.99E-05	1.53E-03	1.36E-07	1.42E-03	5.18E-03
G[T>A]C	0.00E+00	3.46E-04	0.00E+00	2.54E-08	4.97E-07	8.74E-04	0.00E+00	9.09E-04	2.67E-03	8.44E-04	1.20E-03	6.41E-04	1.82E-04	6.48E-04	3.09E-05	1.10E-04	7.55E-05	1.02E-03	6.25E-04	1.23E-03	1.56E-07	1.75E-03	3.22E-08	1.40E-46	1.09E-02
G[T>A]G	0.00E+00	0.00E+00	0.00E+00	0.00E+00	1.35E-03	2.65E-04	0.00E+00	2.81E-04	8.02E-04	1.63E-04	3.69E-04	0.00E+00	1.40E-46	3.68E-04	5.85E-05	2.62E-05	0.00E+00	2.08E-08	2.18E-04	1.55E-03	9.97E-08	2.67E-03	5.32E-06	1.42E-03	5.89E-03
G[T>A]T	1.10E-04	8.68E-05	0.00E+00	1.40E-46	3.70E-03	2.05E-04	7.24E-05	5.30E-04	5.14E-04	0.00E+00	6.00E-04	3.93E-04	4.35E-04	7.88E-04	1.11E-03	1.72E-05	0.00E+00	3.45E-03	9.32E-04	3.04E-03	1.70E-03	1.25E-03	1.00E-03	6.49E-04	4.02E-03
G[T>C]A	4.37E-04	5.18E-04	5.36E-07	2.09E-07	1.57E-02	1.15E-03	2.12E-03	2.08E-03	1.07E-02	2.56E-04	2.32E-06	1.80E-03	1.42E-02	4.12E-07	4.38E-08	0.00E+00	4.28E-46	1.76E-08	0.00E+00	4.69E-07	6.10E-08	0.00E+00	2.68E-04	8.58E-09	1.03E-07
G[T>C]C	2.61E-04	8.58E-04	1.62E-03	6.64E-44	1.02E-07	2.33E-02	3.21E-03	1.47E-03	2.07E-02	1.33E-07	2.35E-06	2.31E-03	6.42E-02	5.22E-07	2.31E-07	0.00E+00	1.76E-08	1.33E-06	1.19E-03	2.03E-07	6.23E-08	7.82E-08	6.71E-07	1.11E-07	4.67E-07
G[T>C]G	6.05E-08	2.97E-04	2.92E-09	3.11E-09	1.52E-02	2.10E-03	1.40E-03	2.18E-03	8.83E-03	6.79E-06	3.98E-03	1.74E-03	1.92E-06	6.84E-03	2.18E-07	2.10E-08	1.40E-07	4.53E-04	6.36E-04	4.23E-07	1.20E-07	0.00E+00	8.30E-03	1.40E-46	4.51E-08
G[T>C]T	6.73E-04	0.00E+00	6.78E-04	1.40E-46	6.49E-08	2.14E-46	2.05E-03	3.10E-46	8.68E-03	0.00E+00	0.00E+00	2.97E-03	1.58E-02	6.52E-04	4.44E-04	0.00E+00	2.56E-03	6.78E-03	8.44E-04	5.42E-03	1.40E-46	1.02E-03	6.00E-03	3.38E-03	1.92E-03
G[T>G]A	1.78E-06	0.00E+00	1.69E-04	0.00E+00	1.66E-03	2.04E-04	3.77E-04	0.00E+00	1.18E-06	0.00E+00	0.00E+00	5.64E-05	2.21E-03	1.60E-05	4.37E-08	6.11E-09	5.72E-09	1.13E-07	3.31E-04	1.09E-04	1.00E-03	1.17E-03	2.64E-03	1.13E-03	7.86E-04
G[T>G]C	1.48E-04	0.00E+00	3.12E-04	1.93E-05	2.21E-03	1.56E-03	6.49E-04	0.00E+00	7.33E-04	0.00E+00	0.00E+00	7.09E-04	6.50E-03	8.28E-09	1.40E-46	3.45E-06	3.27E-08	4.31E-46	7.09E-04	2.79E-04	1.10E-06	1.51E-03	5.83E-03	4.18E-04	1.10E-03
G[T>G]G	4.54E-05	2.32E-05	6.27E-05	0.00E+00	2.32E-03	7.52E-04	3.90E-04	9.90E-06	8.32E-05	0.00E+00	1.22E-04	1.06E-03	5.50E-03	1.40E-46	0.00E+00	2.28E-09	6.83E-09	8.87E-05	8.62E-04	9.22E-04	2.80E-07	3.04E-03	1.11E-02	1.64E-03	1.08E-04
G[T>G]T	4.56E-06	1.51E-04	5.56E-08	1.21E-07	4.10E-03	1.70E-03	8.01E-04	1.96E-04	1.08E-04	1.40E-46	3.21E-04	1.75E-03	4.80E-03	1.16E-07	5.88E-09	0.00E+00	6.28E-08	3.39E-07	2.81E-03	2.15E-04	3.57E-08	4.01E-07	2.53E-03	2.61E-07	9.96E-07
T[C>A]A	3.95E-03	0.00E+00	2.29E-46	0.00E+00	1.12E-08	2.64E-07	2.13E-02	5.61E-46	0.00E+00	0.00E+00	0.00E+00	1.96E-03	4.22E-07	1.40E-46	2.11E-04	6.18E-03	6.29E-07	1.87E-46	1.87E-46	1.67E-07	9.85E-02	1.77E-07	2.05E-06	1.33E-02	8.78E-08
T[C>A]C	1.77E-03	2.65E-04	5.84E-04	2.01E-04	1.13E-03	2.29E-46	1.87E-46	1.84E-03	7.28E-08	8.11E-05	3.43E-04	9.42E-03	4.89E-03	4.62E-04	1.31E-03	2.09E-03	2.20E-03	3.58E-04	1.40E-46	3.19E-02	1.32E-02	4.85E-03	1.86E-02	1.11E-02	5.42E-04
T[C>A]G	7.87E-04	8.68E-05	0.00E+00	1.46E-09	4.51E-09	4.42E-04	1.01E-03	7.86E-05	0.00E+00	2.28E-04	1.74E-04	1.40E-46	9.81E-46	2.21E-04	1.94E-04	6.41E-04	6.82E-09	2.41E-06	1.59E-04	8.52E-03	8.87E-03	1.73E-04	1.29E-02	7.80E-03	1.15E-07
T[C>A]T	1.06E-02	3.34E-07	2.05E-06	4.67E-46	4.46E-07	7.93E-05	2.52E-03	1.24E-04	1.45E-06	1.76E-06	2.04E-06	1.54E-04	9.88E-07	2.80E-04	2.12E-05	1.51E-06	1.20E-03	2.94E-06	1.61E-04	1.22E-03	5.81E-03	1.96E-07	5.78E-07	4.63E-07	5.07E-07
T[C>G]A	0.00E+00	0.00E+00	0.00E+00	1.19E-08	4.20E-08	3.55E-08	0.00E+00	0.00E+00	0.00E+00	0.00E+00	0.00E+00	2.19E-07	3.59E-08	2.21E-09	2.66E-09	1.28E-02	5.38E-08	0.00E+00	1.18E-07	1.02E-07	1.12E-07	1.68E-04	7.95E-07	2.80E-07	1.55E-07
T[C>G]C	0.00E+00	5.93E-46	0.00E+00	5.40E-05	5.68E-04	1.87E-46	2.19E-05	1.40E-46	1.72E-04	0.00E+00	1.87E-46	1.40E-46	3.13E-46	0.00E+00	7.45E-08	5.29E-03	1.30E-04	0.00E+00	5.74E-05	5.40E-05	1.11E-04	2.54E-03	1.75E-04	4.45E-04	8.22E-04
T[C>G]G	0.00E+00	1.68E-05	1.62E-24	1.01E-05	9.06E-04	4.81E-06	0.00E+00	0.00E+00	1.40E-46	8.10E-06	0.00E+00	0.00E+00	1.59E-05	8.18E-05	5.12E-05	1.60E-03	4.50E-06	1.40E-46	8.46E-05	0.00E+00	8.14E-05	3.32E-03	5.99E-03	8.96E-04	1.39E-03
T[C>G]T	3.37E-05	0.00E+00	0.00E+00	0.00E+00	1.40E-46	1.40E-46	8.26E-06	3.25E-05	9.82E-05	0.00E+00	0.00E+00	6.88E-05	3.50E-04	2.80E-46	0.00E+00	1.95E-02	0.00E+00	1.18E-04	3.48E-04	2.50E-05	1.87E-46	6.72E-03	3.10E-46	1.40E-46	5.39E-04
T[C>T]A	1.96E-04	4.71E-07	2.99E-46	4.38E-07	2.39E-03	5.85E-02	4.53E-22	6.89E-04	4.99E-04	5.78E-03	1.86E-07	1.23E-08	4.99E-04	3.29E-03	2.14E-46	3.92E-02	4.64E-02	1.70E-03	1.04E-03	1.64E-45	3.00E-03	5.61E-46	5.31E-46	3.70E-03	7.12E-03
T[C>T]C	2.37E-03	1.75E-03	3.35E-03	4.37E-08	1.01E-03	1.27E-02	6.86E-04	2.23E-03	1.56E-03	1.61E-03	7.23E-08	6.22E-03	7.76E-02	2.54E-08	2.61E-02	4.65E-03	5.58E-02	7.28E-03	5.32E-04	1.17E-02	2.47E-03	3.72E-03	6.83E-03	1.57E-03	1.35E-02
T[C>T]G	6.94E-03	3.47E-03	1.16E-02	1.59E-02	3.62E-03	1.67E-05	5.75E-03	2.15E-03	2.01E-06	9.36E-04	2.35E-03	3.04E-07	8.51E-03	1.58E-02	1.60E-07	6.76E-04	2.88E-03	1.94E-06	5.85E-04	5.13E-03	1.43E-02	2.14E-46	1.08E-06	7.28E-04	5.20E-08
T[C>T]T	6.70E-03	1.63E-45	3.89E-03	1.40E-46	1.87E-46	2.54E-02	1.75E-03	1.65E-03	4.20E-08	2.29E-46	1.47E-05	4.47E-03	9.69E-04	7.80E-02	1.36E-02	1.23E-02	4.88E-02	3.49E-08	4.89E-08	4.43E-08	1.45E-07	5.55E-08	1.42E-07	7.84E-08	2.14E-46
T[T>A]A	1.19E-04	3.99E-09	0.00E+00	3.96E-04	6.15E-03	5.20E-05	3.57E-04	6.80E-05	5.26E-04	5.92E-04	5.40E-04	1.60E-05	7.59E-04	2.29E-46	0.00E+00	1.41E-05	0.00E+00	2.09E-04	7.26E-05	3.06E-03	8.63E-04	1.03E-03	2.09E-03	5.58E-03	7.29E-03
T[T>A]C	1.29E-04	1.64E-05	6.78E-05	5.44E-07	6.52E-03	1.08E-04	3.69E-04	1.25E-04	5.84E-04	6.48E-06	1.40E-46	1.41E-03	2.77E-03	1.71E-06	3.17E-04	3.36E-05	6.51E-04	4.07E-46	4.35E-04	2.21E-03	7.69E-03	2.22E-03	1.59E-03	3.75E-06	5.09E-03
T[T>A]G	1.25E-04	0.00E+00	1.40E-46	0.00E+00	5.44E-03	1.40E-46	2.16E-04	3.70E-05	2.03E-04	6.57E-08	1.11E-04	2.24E-04	7.96E-09	8.41E-46	2.14E-46	1.18E-05	8.88E-06	2.50E-04	2.23E-04	4.12E-03	3.07E-03	1.86E-03	3.16E-03	2.58E-03	3.18E-03
T[T>A]T	5.99E-04	0.00E+00	5.72E-08	8.25E-05	8.39E-03	3.77E-46	5.89E-04	1.87E-46	1.55E-04	7.23E-05	8.62E-06	1.10E-03	1.39E-03	9.95E-04	1.88E-04	7.61E-09	1.88E-04	5.63E-04	4.31E-04	5.97E-03	1.45E-02	1.84E-03	6.00E-03	5.23E-03	5.39E-03
T[T>C]A	3.97E-04	1.55E-27	3.72E-08	3.13E-46	6.18E-04	2.21E-03	6.93E-04	1.10E-03	7.81E-03	2.03E-03	2.34E-46	1.63E-05	7.62E-03	2.67E-02	4.96E-08	7.60E-05	0.00E+00	1.36E-02	4.84E-04	2.13E-03	3.51E-07	4.67E-04	4.57E-03	5.23E-08	3.36E-03
T[T>C]C	1.34E-04	4.81E-06	6.28E-06	1.55E-07	3.08E-03	4.85E-03	4.93E-03	2.25E-03	5.77E-03	1.58E-03	1.67E-03	9.45E-04	1.10E-02	1.56E-03	4.69E-46	7.49E-05	5.24E-05	2.37E-02	3.36E-04	2.74E-03	1.92E-08	3.00E-04	3.79E-03	1.87E-46	2.04E-07
T[T>C]G	5.20E-04	2.82E-07	5.62E-05	5.54E-08	2.14E-07	3.81E-03	2.48E-03	3.75E-04	4.44E-03	3.21E-03	6.85E-03	1.17E-07	4.28E-07	2.15E-02	6.33E-08	0.00E+00	0.00E+00	1.61E-02	2.65E-04	8.72E-08	2.57E-07	0.00E+00	1.63E-07	1.40E-46	0.00E+00
T[T>C]T	7.73E-04	3.58E-07	4.93E-05	1.16E-04	5.53E-03	7.11E-04	4.86E-03	2.63E-03	5.55E-03	2.98E-04	1.05E-07	1.56E-03	3.54E-03	7.85E-04	2.10E-06	2.89E-09	3.46E-07	2.45E-02	2.31E-06	4.42E-03	9.77E-04	2.62E-07	1.72E-06	8.45E-09	9.06E-04
T[T>G]A	1.32E-09	0.00E+00	0.00E+00	0.00E+00	2.42E-05	0.00E+00	4.03E-03	0.00E+00	6.78E-05	0.00E+00	0.00E+00	1.40E-46	3.96E-08	0.00E+00	0.00E+00	4.27E-08	2.64E-09	6.40E-05	1.13E-07	1.63E-03	1.39E-02	1.19E-03	1.23E-04	1.17E-06	5.55E-04
T[T>G]C	2.34E-08	1.20E-04	5.93E-04	9.75E-46	1.59E-03	1.40E-46	1.91E-03	0.00E+00	1.72E-04	1.40E-46	0.00E+00	1.16E-03	7.46E-03	0.00E+00	1.01E-06	5.02E-05	1.29E-03	6.40E-03	1.23E-03	1.87E-46	4.04E-04	1.48E-03	7.78E-03	4.39E-04	2.73E-03
T[T>G]G	1.28E-04	4.63E-06	1.02E-04	7.55E-05	1.33E-03	1.40E-46	4.89E-04	7.34E-05	3.44E-05	4.17E-04	1.68E-04	2.41E-04	1.80E-03	5.08E-04	1.40E-46	2.73E-05	1.73E-04	1.29E-03	3.67E-04	3.86E-04	2.13E-03	2.12E-03	8.30E-03	2.13E-03	2.01E-03
T[T>G]T	2.24E-06	2.82E-07	3.99E-07	0.00E+00	2.19E-06	1.40E-08	7.34E-03	3.42E-06	8.93E-08	9.70E-07	0.00E+00	2.48E-03	7.69E-04	3.70E-07	5.07E-07	0.00E+00	4.55E-07	7.52E-04	2.12E-03	1.29E-07	1.00E-03	5.77E-07	3.96E-07	4.21E-07	2.23E-07
