MutationType	SBS96A	SBS96B	SBS96C	SBS96D	SBS96E	SBS96F	SBS96G	SBS96H	SBS96I	SBS96J	SBS96K	SBS96L	SBS96M	SBS96N	SBS96O	SBS96P	SBS96Q	SBS96R	SBS96S	SBS96T	SBS96U	SBS96V	SBS96W	SBS96X	SBS96Y
A[C>A]A	0.0011837026046123355	0.0	1.4012984643248171e-46	8.284227442345582e-05	0.0029985330649651585	0.0	0.00026839065831154587	1.758171711117029e-05	0.00021359824095270596	0.0	0.0006703640334308148	0.00033558403956703844	0.001452526503233642	1.4012984643248171e-46	9.220855901048709e-09	0.0005828880192325414	7.006492321624085e-46	0.00011774133890867234	0.0003818766213953495	0.0038188223261386156	0.004068767520550409	0.007191317489900939	0.014466538330228217	0.12820358872413634	0.00539021834703135
A[C>A]C	3.994321450591087e-05	6.248187855817378e-05	0.00025174699130730004	3.741341643035412e-05	5.6051938572992686e-46	0.0004940752900438383	0.0009426056793017778	0.0005939050111919642	0.0004384070798550965	0.0006625674606766552	1.9618178500547438e-45	0.015126700606197118	0.0007754843418922519	0.0030430625192821026	0.01305851903744042	6.691403687000274e-05	0.00224436548887752	0.004040496408015315	5.0649233162403104e-05	0.03475252345670014	0.050679073017090556	0.020635453433305882	0.03728536940179765	0.03638385273516178	0.0017059900565072894
A[C>A]G	0.000668618202325888	0.0	0.0	4.640045301584905e-06	0.0002267735078930855	0.0	0.0	6.28976442385465e-05	2.320508792763576e-05	4.126373969484121e-05	0.0003741513493878301	0.0008182580000720918	4.203895392974451e-46	0.0004092308387043886	0.000468454318237832	0.00010311946534784511	0.0	8.629800868220627e-05	0.00016825178754515947	0.009873679839074612	0.011062197576393373	0.011173877375426855	0.006021231331635591	0.013234131361711832	0.005323135558834835
A[C>A]T	0.01631842292845249	1.4012984643248171e-46	7.006492321624085e-46	1.0488699331290263e-08	1.6144054825417698e-06	1.4012984643248171e-46	3.827415639534593e-06	0.003464317927137017	0.00018480018056550308	0.00018119361115509491	2.5993371309596113e-06	0.13035693895071745	2.636124065702461e-07	0.0013447144453600402	0.0058197530710538455	0.0	4.6621875249286404e-09	0.001833265155960362	2.8025969286496343e-46	0.03931258734216954	0.013840711134622551	0.0019983620068970255	1.2869046486230218e-06	0.0007642726813834599	7.103995415036479e-07
A[C>G]A	0.0002760966210189508	0.0013190214292990276	0.00022622435062658042	0.0006527320733994202	0.0018413497600704432	8.407790785948902e-46	0.0007678707654122264	5.2968756062909963e-05	0.00017112856148742138	0.0011851133429445326	0.0	7.351625827141106e-05	0.00027473751251818614	1.45188212627545e-05	2.8025969286496343e-46	0.0014914374391082675	0.0018855876289308072	0.0007862027436203789	0.00013718133268412203	4.600702377501875e-05	4.203895392974451e-46	0.051295841857790944	0.003209216706454754	0.0002454450586810708	0.0
A[C>G]C	1.7570068303029983e-05	0.00017150393541669472	7.048239931464195e-05	0.00079299151111627	9.124088101089e-05	0.00011814487297669984	0.00034701516560744496	0.00011132355721201747	0.0016585876408498734	0.0006034204154275358	0.00015242143999785184	0.0	0.0036566661321558057	0.00018841648852685466	0.0	0.0020332417450845243	6.64345032419078e-05	0.00052776102675125	0.0014354855156852864	0.0063824330689385535	0.0005741930159274489	0.04229151681065559	0.0032019200967624783	0.008987513225383737	0.006224731402471662
A[C>G]G	1.4012984643248171e-46	1.4012984643248171e-46	0.0	2.8025969286496343e-46	2.6282330887283932e-05	0.0	4.206272715236992e-05	7.175518840085715e-06	9.81527136900695e-07	8.64417008415412e-05	0.0001318321577343795	3.134870348731056e-05	0.00018525641644373536	0.00011336940198702905	3.6884161784200845e-05	0.0003875981310699217	3.9145049868238855e-09	0.0001216709540813099	3.783326283155475e-05	0.001535239576967263	8.092351554296328e-05	0.03255073258749093	0.017424510333876243	0.0006418852835508915	4.613339659016446e-05
A[C>G]T	7.774136756779625e-05	0.00021355697625775606	2.4591843331583183e-22	0.0012345274677500128	0.0022190506279002875	0.0002493297681212425	4.2085384484380485e-05	0.0	0.0004788188933162019	0.00031435583950951697	0.000907031842507422	0.0	0.0024951037275637855	0.00012492516543716192	0.0	0.0027484973310492934	0.00026704452466219664	6.691937451250852e-05	7.435004226863384e-05	0.010357061540707946	0.001897268820903264	0.05704049281775951	0.005902971745672403	0.006719802311636158	0.0021007475893334514
A[C>T]A	0.00021126446129073883	1.6455930643159596e-07	0.00020631609494188298	0.0013608695461108766	0.0008433225564658641	0.01365280343112545	4.19175426941365e-05	0.0071099804258665245	0.0019000572394105575	0.07686271619931517	6.443910702813582e-07	0.0018428594975972601	7.998219331284417e-08	0.27906227074563505	0.0025794932217252154	0.0009224120153248805	0.0005130221400463597	0.00102986050136451	0.003709315723341433	0.013856595937193105	0.0016013204120099544	0.0019534858353068784	0.0030918003970668907	0.005012566408112473	0.0016805860216209112
A[C>T]C	0.0018418604391627013	0.007434138373389488	0.0003959682863182934	0.00025839969166554513	0.001283409260213375	0.018195117358118296	0.007064354326575995	0.004276009223190158	0.006702460092492401	0.020377314960489556	0.0019306251895613968	0.04242727228801897	0.00521314499046639	0.12006999581176529	0.1258281140836061	0.0	5.04844365423196e-08	1.3887746952434555e-09	0.00026464198890607804	4.508373550038414e-08	0.00011109287721637884	4.203895392974451e-46	0.0014766965061426163	8.724096289824956e-09	0.00041486199529003895
A[C>T]G	0.013109643336167575	0.004275081098523771	0.000468547375135131	0.7244578570127487	0.04290682925037572	0.03242541690058261	0.0036924109745579527	0.01823716029030038	0.0008756553600961281	0.008789046742307145	6.015532617785436e-07	0.04063733053401393	0.026151117399854908	0.05624825561041576	1.0811304491653573e-07	2.3063113621901722e-05	0.0003087834449866378	0.005576412405616793	0.000987707587597697	0.010622271881493362	0.006492939228133217	9.949219096706201e-45	0.004250118788331747	0.03976245774551899	3.9178640918180465e-07
A[C>T]T	0.0022388176497770474	0.0007144185218280086	0.002379214645088723	0.0003955417167162523	0.004065174284880868	5.047380270184476e-07	0.0085306003173514	0.00010541261872276664	0.0015615170472301544	0.02031149817687492	1.0159870225123769e-07	0.04748009467979273	7.481786767022537e-07	0.12333753344045988	0.053627044707536695	0.0	5.212898522586329e-05	0.006329564913176	0.00017791023926747585	2.802596928649634e-45	0.06191193140525826	5.6051938572992686e-46	0.011499941607775099	6.618994245895909e-11	1.4012984643248171e-46
A[T>A]A	0.0004423940961714834	9.629302439861931e-08	3.916972559636633e-08	1.710038546320902e-08	6.38147816572369e-08	3.068160731345415e-06	0.0006297998397396754	1.4012984643248171e-46	0.0037170354204135946	0.0002840706174552565	0.0	0.0003510184029892116	1.6885246431286306e-06	0.0002443984391483411	4.204726131717962e-07	1.64061024406692e-05	0.00016212186452690958	0.0008748704905542582	7.758307037875057e-06	8.25552677270025e-05	0.0003585246551125465	0.0012117568769546949	1.293761584975073e-07	0.0013397992466053666	0.06528437938541173
A[T>A]C	1.884870464436972e-05	0.0003191750924202097	1.4012984643248171e-46	3.327991819901399e-08	3.825473839924598e-08	0.0010149980947005588	1.4012984643248171e-46	0.002520202362211421	0.010671027121134102	0.00014687721750306082	0.0005007658294118756	1.2690048890817708e-06	0.00020975857545693088	1.6549847856595079e-07	7.117604994277826e-09	4.358240403927738e-05	6.662216037511826e-05	0.0008456743148130385	0.00039238839508470846	0.005479876714957754	7.841559461212455e-05	1.3719998293026947e-07	9.494278643273902e-08	2.5466165425314103e-07	0.11665782332420349
A[T>A]G	0.0	0.0	1.0727395647336379e-07	0.0	0.007479425038700071	0.00016673796926625073	0.0	0.00017324981814113017	0.00021676039905287324	5.6051938572992686e-46	0.00033104051544796675	6.044877518434078e-05	4.389537498354912e-05	0.00044914353638887406	0.0006673399355058507	0.0001562317800278379	0.0003546158051904058	1.4012984643248171e-46	0.001214637391967699	0.0071452056496355	6.132752168923617e-05	0.008802373036380118	0.007250540138729988	0.012833820575767162	0.03629403248050948
A[T>A]T	0.002008498499344569	0.0012137203060646584	7.006492321624085e-46	0.002103293378604576	1.104399417127688e-07	1.1022083157286034e-08	0.0036092835245653985	0.01293877698481083	0.0003650413440482225	0.0005323742516338825	0.013914201548323036	2.8025969286496343e-46	4.203895392974451e-46	0.007528417547655408	1.8216880036222623e-45	0.0	3.584324659300364e-09	0.0019718268741769408	0.0001555846887640655	0.004013393772567042	0.012101433685802476	0.0008768143132328987	0.0024147355929017068	0.005986277386546135	0.05787967406213283
A[T>C]A	4.203895392974451e-46	0.00013808464136673139	5.9599955056910404e-05	0.00011796028336448216	0.008221424090771734	0.0036302590086961573	0.0053252901416271925	0.0017148563172668218	0.04500755253211537	0.003940778115065768	0.007195049553411081	0.0011848544236272573	0.036477127112448215	0.036751791835013134	0.0005998829153782026	0.0	3.298570692606972e-05	0.02650228776037693	0.0	0.012191323842853308	0.010617221146821976	0.006951856520026922	0.06394881983871414	0.0004403897865586259	0.007193671344919039
A[T>C]C	0.0002845088611934443	0.0004292044788599014	0.0001789601519703865	0.0002351909561993931	0.004421490301575659	0.009453625274463206	0.004267878970131278	0.001135564844878445	0.003982912356946144	2.3577795218443499e-07	0.04377255951985717	0.006469800509512425	0.03754684405648732	7.0955790579319e-05	1.401298464324817e-45	0.00022091402750561427	4.203895392974451e-46	0.06758022243157029	0.0007481861626729369	2.2361570373163886e-09	0.003541202033295576	0.005536938466853769	0.04056781679391861	0.0022540414705872537	1.1210387714598537e-45
A[T>C]G	0.00025334199800681746	0.00021321171931192316	2.228013618150726e-05	6.497567037544708e-07	1.3834068113283138e-08	1.7233148673767575e-05	0.004037625908053321	0.0027848659267448285	0.01593643090918704	0.003008267407949461	0.16364604816517386	0.0055776933208107945	0.0015096301092867748	0.004876185770532971	6.813575765818314e-07	4.615368825398036e-05	0.00012020591467063469	0.013759758166193592	0.0	0.0008915542545821608	2.281638444401324e-06	0.0003833078245776278	0.15246049658946959	1.6413773664680776e-07	1.209145125358191e-07
A[T>C]T	0.00019074128940701484	7.006492321624085e-46	5.6051938572992686e-46	9.310592680565961e-24	0.007349216189663821	1.2611686178923354e-45	0.00893521741963923	0.002166360436240211	0.01593922870233655	7.006492321624085e-46	0.0007854087045416236	0.003337700176052749	0.047072048368621465	0.0019265406252702815	0.004307270210006209	0.00010566164094338859	0.0005505550982078944	0.05975799337029457	5.518060061149299e-05	0.02362046092748642	0.00023975882952527173	0.003951668979220812	0.05928864291763887	0.019126305208160943	0.01881017677347927
A[T>G]A	1.8928385969729787e-09	0.0	0.0	0.0	3.248277664624766e-08	2.8066738266829814e-09	0.005155710899271071	0.0	0.00024056570837274193	0.0	0.0	1.9652326955110768e-06	0.0021214042324572803	0.0	0.0	5.3488709090743215e-05	1.7861889745063309e-09	0.002352071779303344	0.0016141667379088176	0.0002550999836273604	0.014815803989768029	0.000753892514237009	0.014920697493529644	0.0032027295368266097	0.001052560359596555
A[T>G]C	9.25697575439699e-05	6.63092578179203e-07	1.4012984643248171e-46	0.0005932787789788563	0.0038780605013016612	2.8025969286496343e-46	0.01538355676457286	1.4012984643248171e-46	0.0031119801923000286	0.0	0.00038973570933080736	0.004042472410947085	0.010092876537237316	0.00040173381567001345	0.0	0.00018617753378293855	2.8025969286496343e-46	0.011650823605918958	0.003982701053610071	0.0008806703612208366	0.0005410816869698465	0.003074168850434944	0.009311091573908924	0.002262526098638773	0.0007286151116318252
A[T>G]G	0.00035697035418706945	8.407790785948902e-46	4.6275384374894204e-05	0.00014832120141363702	3.432837693253532e-05	1.1098602408310399e-05	0.00681979451328516	2.310823733580933e-30	0.00047807483933866025	0.0	0.00024914755504141796	0.003379730269080028	0.002059354237280786	1.4012984643248171e-46	0.0	7.430285040754825e-05	0.0	0.004287512239534408	0.0017569586460012942	5.772752192569897e-05	0.0019061079040369577	0.010449066758155823	0.01080716545575342	0.009859291237455636	0.0010352159355534241
A[T>G]T	0.0021229865540817626	7.086176628945395e-06	2.8025969286496343e-46	0.0	0.0005913421355899118	6.830839083704631e-07	0.08617165833711624	0.0	0.0010009102636104217	1.4012984643248171e-46	6.160671475186064e-08	0.024716366829306936	0.0048803786723169654	2.0204996303618827e-06	1.3055890235591505e-08	5.6669126299979665e-06	0.000351985789272824	0.011907185208866532	0.023730500787496566	0.006533204348977506	9.809089250273719e-46	1.900939636811927e-08	0.00013541208699052731	0.0	1.3640432747763498e-06
C[C>A]A	0.0017713429813738912	5.6051938572992686e-46	0.00120106659172734	6.1693834140896795e-06	2.0370513084344567e-06	0.0022986036958172916	0.0008096223114989698	0.05424904488027096	0.0005143671325640753	1.1210387714598537e-45	0.006746491999365389	0.0011096658185124398	0.0038664962572511285	0.001204384956508875	4.203895392974451e-46	0.0004646166824386455	4.203895392974451e-46	0.0011227701069856267	0.000880231850896962	0.07267268151044845	0.017984244041144848	0.013955010562494864	0.019911090269087488	0.07506253048777581	5.967391416561441e-08
C[C>A]C	2.2358410234346593e-07	7.006492321624085e-46	1.4385745821245752e-07	0.0003917015915000377	0.001747601633871909	0.005323352449948704	0.0013032495975494386	0.04634776022285223	0.00020216538218846835	0.00989379210707284	0.021916110998274972	0.008006903565072322	9.583447422301106e-07	0.004727481793185007	7.752249473469419e-08	2.3990388164918387e-08	1.0184243919297842e-07	3.752340507645613e-07	5.974359810352325e-05	0.22580717584539514	0.00043216862723056694	0.010128320456508178	4.257681325725571e-07	0.006114788633954049	3.705939093379129e-08
C[C>A]G	0.001910251355729997	0.0005189544147015113	0.0	6.098350127103914e-08	0.0008942512629914745	0.0031050927415446237	0.00013472620630636812	0.013793290304829498	8.611478842794895e-05	0.0006826366507169723	0.0108670267652613	0.0017324531798294629	9.808311460801633e-08	0.0035333903976805916	0.0005774862063049113	2.3908904722702574e-08	0.0002485630800947547	4.989100261809654e-08	0.0	0.12526958398520946	2.21203315220464e-08	0.0016003291882988435	0.006857614859349681	0.00419566774328155	0.0004667447784356682
C[C>A]T	0.0037731211388584776	6.776222221560601e-07	1.4825903548398856e-06	3.246855271754612e-07	4.89636894940304e-07	1.3305706772825942e-06	1.075076238521433e-06	0.6855926901102066	4.681281555463101e-06	3.550586306744208e-06	1.2101878212433804e-06	0.028685030552060196	1.5010955252137137e-06	0.0002543684529911161	1.7988603360663546e-06	8.70902294991538e-06	3.999544034627434e-07	1.5039903360047902e-06	0.0	0.0005103805571341302	4.039681726908384e-07	2.786628840567573e-07	1.6203295366779003e-06	3.528568601751658e-07	1.5396900138853198e-06
C[C>G]A	0.0	0.0	0.0	4.3215725648693136e-06	4.4577530570677484e-05	0.0	0.0	0.0	0.0	0.0	0.0	2.9832533618900926e-05	1.4012984643248171e-46	2.276225495734252e-06	0.0002221088157966733	0.005416024103760719	5.6051938572992686e-46	6.704383963551663e-08	0.0009257376838831988	0.0	2.385569359830697e-08	0.05538095124065876	1.3386091950451374e-07	0.0004290005093864124	1.817147600604585e-05
C[C>G]C	1.4012984643248171e-46	0.0	9.93231608390488e-06	0.0	2.1595292309939396e-07	3.589077678043395e-05	2.4023932201089338e-05	0.0	0.0001236763597646018	0.0	0.0	0.0	0.0001288874956173913	0.0	0.0	0.0005275457557274877	2.762339192940999e-08	3.150720147004904e-08	0.0003498844116052169	9.841419057465828e-09	8.050599383579993e-06	0.04907339058314193	0.014176968848744309	6.008288337966405e-08	0.0007255055985977421
C[C>G]G	0.0	4.488199323304798e-09	0.0	1.4012984643248171e-46	3.6026408611888883e-07	3.0853676071274096e-05	0.0	0.00021844969305675476	0.0	3.485051202005707e-05	0.00041466599161452675	0.0	1.4012984643248171e-46	0.0008981829873278002	0.00033939577781438857	2.816890358303681e-07	3.041384530888536e-08	1.4022303673755232e-08	2.8878729790449142e-05	0.002485569038667279	4.7790599637664855e-06	0.037549019520690764	0.019901107251644134	0.00022041154293575004	0.0016546522815474418
C[C>G]T	7.062087242957205e-05	9.297272447383875e-06	3.6746389378095044e-05	7.696348802710418e-09	7.006492321624085e-46	8.659842023917008e-06	1.4012984643248171e-46	0.0	0.00021131092653376983	6.773573021923163e-13	2.245696960017085e-05	0.0	1.4012984643248171e-46	7.198521529971913e-08	2.4794956334517338e-05	0.004092501080594957	2.5156154492833593e-08	6.760874093743041e-05	1.4012984643248171e-46	5.759129417128861e-05	0.0014274798174369607	0.08353539034724236	1.6667411983917192e-08	1.7781505903258222e-07	4.80449430739327e-05
C[C>T]A	0.0	6.794090004405006e-05	0.00010174321942031383	9.888511849567294e-05	0.018838082764705177	0.002571282535791397	1.4012984643248171e-46	0.0026241454179398715	0.0001597137190401554	0.0011927917599678039	0.006580242243853718	0.0	0.0014155370183289051	0.021867990121245386	0.11579973082989455	0.009564027143642306	0.015603203978389501	0.0006535419728606939	0.0061524345772340895	0.04151412770152092	0.00025351555086672306	0.002313591493293643	0.00488475002348423	0.07915615625679492	0.03953553279861808
C[C>T]C	0.00030156447394915633	0.0007896299973936038	1.9249637004430013e-42	3.595876462909745e-07	8.162695780811192e-06	0.006476876742181048	0.001424956306959757	0.009374054305249046	0.015540987058921018	0.011248555232589297	0.002624708481221205	0.0006386680062860251	0.002436284332998184	0.010229775800121388	0.28062034845352174	0.00025849684254026785	0.000304209283228829	0.0014515699389775704	0.0009000956430099905	0.0036272589280542888	0.00020561187993735076	0.0	2.942726775082116e-45	0.007708234712481499	0.00010110698929679531
C[C>T]G	0.0014932812332400403	0.01021039456584041	1.3048055533095694e-07	0.12599554852887423	0.6881591351036604	0.000621454231371422	0.006784860645166191	0.005831726556170329	9.286712346579345e-05	0.008019906964898382	0.007474397367957411	0.01975724302005801	0.02599641674278246	0.011375315712253472	0.03809150312052177	0.00025871063116937875	0.006839165648287349	0.005835239805946928	0.0010665038405932136	0.027324280538596212	0.0074709925577053585	2.1019476964872256e-45	1.829491702665109e-06	0.0022534985208494617	2.4386951986343773e-05
C[C>T]T	0.0001668999298843732	3.8758982555009425e-05	3.6433760072445245e-45	8.407790785948902e-46	0.03178934918001808	0.006985461106523871	0.0028911817353218794	0.004180076706688851	0.00045597950811497866	0.0021812011720612643	0.004514176163326056	0.02449397615428097	0.002316843887388132	0.012154224142432214	0.21803106293082236	0.0020503750038642467	0.002542196175937761	0.02933219347614795	0.002126095775520298	0.0043784335255622866	0.026194806228954804	0.008197939867409331	0.02457715291529894	5.6051938572992686e-46	4.478988273604045e-08
C[T>A]A	4.590908865793608e-05	0.0	0.0	6.202932212318046e-09	0.005384713411331177	7.391184772131965e-05	3.9082521107047795e-05	5.19388442626223e-05	0.00032737345968598676	0.0	1.6021577664560028e-08	0.0	8.026186158076598e-05	0.0	7.8358527389355e-06	0.00023154611083171518	9.624731995359071e-05	3.3744441907401778e-09	0.001075189096854956	0.002504844657696026	0.00033226520754396914	0.004405061085537909	0.00039261325589876603	0.0020752628854666	0.026076744474499945
C[T>A]C	0.0	0.00018476993180881472	0.0	2.675463467083361e-05	0.002921264659408962	0.00042058999970322474	1.4012984643248171e-46	1.1210387714598537e-45	0.0009683251526439562	0.0030207234201952817	0.007059266185387969	0.011571725131943822	1.4012984643248171e-46	1.541428310757299e-45	0.0011865716899791324	0.00014296079798441496	2.942726775082116e-45	2.382207389352189e-45	0.014716650452464819	0.003521167121016333	1.1210387714598537e-45	0.017478275299072265	0.0039470609277486805	4.203895392974451e-46	0.042254547029733656
C[T>A]G	0.00028895282912344555	5.6051938572992686e-46	1.0181579273194075e-05	0.0001258126568473017	0.013500458710768725	1.9157594124408207e-07	0.0001487703346356284	0.0006980670499615371	0.0005595074617303908	2.8025969286496343e-46	0.0016885871198610402	0.0003230144386179745	1.4012984643248171e-46	1.4012984643248171e-46	2.8025969286496343e-46	9.73567369189965e-05	0.0	7.449263961234464e-09	0.0065386590082198385	0.0067891900628325175	0.0052600608310740425	0.024634250765666367	0.012469071282521327	0.0030573350843042134	0.05177601235059228
C[T>A]T	0.0008921057218685746	0.0	0.0	7.3098121333714515e-09	0.007512669265270233	0.0	0.0	0.000376016233349219	0.00015562499797141526	0.0	0.0002509270075279346	0.004854116146452725	9.478292213316309e-08	0.00018916498151497763	0.0048994974233210085	0.0	0.0	1.742517383718223e-08	0.05192051008343697	0.00430000427008963	0.0123624740029868	0.015537090389989317	0.006189580447971821	2.650982935392676e-08	0.019394733286026165
C[T>C]A	1.0841183666343568e-07	0.0	2.8025969286496343e-46	6.857077311774872e-05	9.809089250273719e-46	9.378962317896367e-09	0.00023336108642979525	0.001490226732857991	0.016358898603357375	2.149317026578501e-07	0.05314113162457943	2.0305269572418182e-07	0.020052564144134522	0.010066462161200107	1.1299647439955152e-07	1.9400613018660807e-05	4.922850305177917e-09	0.011455635286267807	0.0023774760658852754	0.008064369377780167	0.0006475321293066827	0.0013524407317527577	2.346822816434724e-06	0.0022734593777258283	0.03212496827504765
C[T>C]C	0.0	0.0005806846773339202	6.743716767232399e-08	0.00023913079238582213	1.555400840516086e-05	0.002093136652456451	4.203895392974451e-46	0.001071342872455716	0.0023508357120704203	5.6051938572992686e-46	0.0631388540815351	0.00544272926854319	0.04034634903073311	9.79359142705416e-07	0.019956997715024016	1.3275057828204411e-05	2.1377377379394602e-07	0.06963730938732623	0.05280694812536239	1.1047207124192937e-06	1.4967127981435624e-08	0.0001284630248164831	0.0034374130632272683	0.014025580187330888	1.316458138944654e-06
C[T>C]G	0.00016820342676950872	1.1597870212654016e-06	7.344213855731141e-07	7.789859566287648e-08	7.207720539597457e-07	0.0020840014108216565	0.0015884750981795647	0.0027457478860014816	0.004967130826739918	1.2930426942148188e-05	0.34687181413173673	1.4362732429162862e-06	4.597517393989392e-06	0.0004821234656063211	3.9214441187596095e-07	2.8025969286496343e-46	1.977315299939164e-07	0.022747056419650136	0.013907379991360358	0.00012706642501143507	2.3739175105674804e-07	6.70270253522176e-08	8.295795717323528e-05	8.602364971466159e-08	7.15526322636606e-07
C[T>C]T	4.203895392974451e-46	0.0	0.0	7.968538199065734e-07	7.94955113292417e-08	1.7362866856274194e-06	7.838416422600858e-08	0.00037007387727499007	0.0037404815552690707	3.622992426244309e-06	0.043050731162043124	0.0	0.037012037634849546	0.0038962990081472526	0.006577569319324539	0.00020483988450018513	7.006492321624085e-46	0.0761510506272316	0.14919430911540985	2.856636683645775e-07	0.001461285557343217	0.00015712819107136511	0.0036196428871420492	0.010076881766565293	0.0069057493811669705
C[T>G]A	1.269579991673318e-15	9.730475721880793e-06	8.838112698867917e-05	4.203895392974451e-46	0.00012634554410624333	0.0	0.011267671175301076	7.235898228827864e-05	9.588722314219922e-05	0.0	0.0007680005930524203	0.0	0.00040646158158779143	0.0001195255303173326	0.00012579443246067966	2.7882617928298716e-06	0.0	0.00548262435477227	0.0006572220649104565	0.0006776235336985792	0.004681589242136397	0.0013260647903280188	0.018191740708425642	0.0029773949887427877	0.001803558007733841
C[T>G]C	4.1410341509617865e-05	0.0008036604027438443	0.00011896143322474018	0.0010421691389638	0.0010617424567895607	0.0005326269892975688	0.004735704639460892	0.0002451027045026422	0.0008546876328182407	0.0001931621827679919	0.00771251164842397	0.003190232959786954	0.0025104876260357402	1.2764191978931194e-07	1.4433475143960094e-07	9.42715540077188e-05	0.0008974664815468714	0.0031065196148119868	0.024318379536271095	0.01600464670918882	0.00019167658174410463	0.005679288483224809	0.05784898742674045	1.0728552979344386e-07	6.0672096878988665e-06
C[T>G]G	0.0005198525585001334	0.0009177105089008819	0.00023194540306050725	7.929927681260551e-05	0.0022168736105442123	0.0005396712728810371	0.011209890083409845	0.0014501911355182528	0.00020283917110646142	1.4012984643248171e-46	0.015166433812009928	0.00034158021767325406	0.0033051646826606886	7.130504400265636e-08	2.5980074269682518e-08	0.0	0.0	0.003381441906094551	0.017555998358875512	0.016538860516445198	3.1069365746816403e-09	0.014128945739839338	0.08810865134000778	3.032641870959196e-08	2.1526500404434046e-07
C[T>G]T	0.008100014258889131	2.189639207017535e-06	1.2990467073592526e-06	0.0	0.004042445307447906	0.0004040564704617111	0.060415532626211646	0.0005614362813275875	0.00041163617107713434	4.2669890660818054e-07	1.401298464324817e-45	0.00021916013921821075	0.002347973147539051	2.701070528132732e-07	2.3157304642751342e-07	0.0	4.499041494909761e-08	5.893973394677232e-07	0.43212199211120605	1.5234443395684139e-07	7.914745765447151e-08	0.0	1.516165866632946e-07	1.4012984643248171e-46	1.0190835553203215e-08
G[C>A]A	0.0008711606624672186	0.00013436612134682947	0.000154905374895975	8.407790785948902e-46	0.0003829838475212455	0.0027915759943425654	0.0013052424934357986	0.0019536418083589526	0.00011025856147170999	3.2970800045717397e-07	2.8025969286496343e-46	0.0068315099311803355	0.002077020472429503	4.4164775658828146e-08	2.4071457005447882e-08	0.0	2.5894225927913796e-07	0.00012559207351614532	0.0008590929817302139	1.9464409994895958e-08	1.541428310757299e-45	0.0005649336638612112	3.3533418708486806e-08	0.21822021454572677	0.001327742350748906
G[C>A]C	1.4012984643248171e-46	0.0016635737323667855	2.8025969286496343e-46	0.00017414147732779383	0.001976259099319577	0.014095956343226135	0.0015827693161554635	1.4012984643248171e-46	0.0035404878261033447	0.0005823343992233277	0.0011960003525018693	0.04023841843008995	0.0029563504736870526	7.006492321624085e-46	0.004754019012671052	0.00020473520562518387	0.00030398569069802763	0.00036132100503891704	0.0001444009132683277	0.022194882854819298	0.012548161076847465	0.021520907524973154	0.025424934830516575	0.03707213252782822	0.024441591813229024
G[C>A]G	0.0	0.0016220076271123997	0.0	0.00028486174780866235	0.001256057067663363	0.001962991105523315	0.0	0.0001288213999941945	0.00027535488188732413	0.000828348589129746	0.0005814424250274897	0.0025484769139438868	0.00025705773732624947	1.0623234913964551e-08	3.3767084914870795e-07	0.00024153900275258877	8.407790785948902e-46	4.203895392974451e-46	0.0001405142964028272	0.017789763468317687	2.8025969286496343e-46	8.553088548524101e-09	0.0011185308489530144	0.060209083254012793	0.0037301129930838784
G[C>A]T	0.0018226879975600254	0.0026612531420084906	1.2214412521416307e-06	4.203895392974451e-46	0.011612959267317535	0.012387599043592702	0.0009794059360871189	0.01248309293659986	0.0004929010389162159	6.34149230904768e-07	8.023857513990151e-05	0.32621308863162995	0.01789966968117369	3.901940146988636e-07	8.911547411116771e-08	0.0	1.4736606246401606e-08	8.298783455984449e-08	0.0	0.004618674420974145	1.7942574004337075e-07	1.777983698048047e-08	1.268336207260745e-06	0.006044976197209451	1.3326711183481167e-07
G[C>G]A	0.00011962179487454705	0.0005007351224776358	0.00016077374893939123	0.0004229797690641135	0.001207568048266694	5.6051938572992686e-46	4.936579061904922e-05	0.00014775039089727217	0.00028482744601205924	5.6051938572992686e-46	0.0	0.0002915176854003221	0.003172257135156542	0.000541794765740633	0.0006110727175837382	0.0010146080545382573	0.0028821481042541563	0.0003155269734634203	0.002250933655886911	0.0003597394796088338	3.259609220549464e-05	0.031578218564391136	0.0060592640773393215	0.0007443472743034363	0.001677416090387851
G[C>G]C	6.192289874888957e-05	0.00019015164580196142	0.000637136455043219	0.002179907896788791	5.337724886519815e-26	0.0005913796356140199	0.00025989479836425745	0.0007372785359621048	0.0031975104531738905	0.0003622407908551395	0.0023191063664853573	0.0	0.0006217059097252786	5.6051938572992686e-46	0.0	0.0004980790203262586	4.203895392974451e-46	2.8025969286496343e-46	0.0	0.026099018938839435	9.401630377396941e-05	0.0305045023560524	0.0027115322649478913	0.0038739263080060484	0.030672500468790533
G[C>G]G	0.0	1.614263383089565e-05	0.0	0.00011356216455169488	0.0011126030920422636	5.132955266162753e-05	8.066323061939329e-06	4.2814700282178816e-05	6.270123412832618e-05	1.5556771993274765e-05	3.600716590881348e-05	2.1704342145767442e-08	0.0	1.4012984643248171e-46	2.6799787883646785e-05	0.0005075183564684949	1.9789721861229737e-09	0.0	8.45891954668332e-06	0.0031403981553779657	2.551500183471944e-05	0.017462176643311976	0.008864461036864668	0.000194817781448368	0.004753367858938873
G[C>G]T	0.0004644485728931613	0.0006191062871948816	0.000183441887202207	0.0008682914878590964	5.6051938572992686e-46	0.00039402921684086325	9.465080074733123e-06	4.203895392974451e-46	0.0012000612972769887	0.003233973018359393	1.4012984643248171e-46	0.00029578688753097995	0.0017181957606226205	3.4626563501660715e-05	0.0	0.001494990607170621	0.0003873558031045832	7.006492321624085e-46	6.611389690078795e-05	0.001209361315704882	0.0009066392874956363	0.061226163432002066	0.0030308404937386514	0.0006214848719537259	0.00042560391511017317
G[C>T]A	0.0003319214126349834	1.5960303358042439e-06	4.835542256387271e-07	7.59429696017833e-08	6.663861311651029e-07	0.01728519032949407	0.0014089137704331733	0.0040954769995948945	0.008250639932359149	0.5056512981653214	0.00037421421052092897	2.377334851644264e-06	0.007479845016081338	0.0023447104491765456	4.123799577371301e-07	0.0014351949357148896	5.095186153883764e-07	1.6002316115759641e-06	0.00047531686723232267	0.0007083657395980936	5.58236189363015e-07	4.782758480814664e-07	0.004933458456514472	4.910375196232053e-07	1.8193776213593083e-06
G[C>T]C	0.012661602946741369	0.05162722785497635	1.2444497912156294e-07	2.0502418038922597e-07	3.15805587547402e-07	0.3914971236342872	0.00284931561342745	3.5108371321257437e-07	0.022845068526743263	0.12578817761117306	0.0027966845856403967	1.1127560384238677e-07	0.0061557299857668115	0.013338911022903943	6.42605508573979e-06	2.8025969286496343e-46	2.477973269776612e-05	0.0004037096954672482	2.3423345396622608e-07	0.008299441957123576	8.145526294356387e-07	3.647547259788553e-08	9.824443026218432e-07	1.2167979548394215e-07	0.0023008226318097513
G[C>T]G	0.01033000620611581	0.8916923642158509	0.00027952868531428977	0.11110437857896613	0.006112353787068514	0.03603258720761744	0.009043596531142098	0.03287881678745342	0.0013767776159596679	0.003178656891362325	0.0032472885659785788	0.003780668961815329	0.00178657425405504	0.005978759384392166	1.2020899475828628e-06	4.203895392974451e-46	0.002810986994541054	0.00014419960393823316	0.004101077683318464	0.00384969818332479	0.0011232828303036513	1.2384164733703073e-07	4.265387610757898e-06	5.586957087189148e-07	3.9062368841769055e-07
G[C>T]T	0.016764881368726493	0.003204791235344828	0.0030692557451743596	2.637111151670979e-08	8.650545987620717e-06	0.22449210435152053	0.007092711750078706	0.0025358648541345266	0.0006867198117904462	0.12509300690410613	2.4458082066303176e-07	0.01876119494230579	0.1109964519739151	0.08160183226846414	0.0014150320904548152	0.0	0.004305442059816755	5.561478815252485e-08	0.0	0.0007063918437438587	2.246601141564497e-07	8.021729769325248e-09	4.3992830711658826e-08	0.0	0.00010829761158674956
G[T>A]A	9.200152271660045e-06	0.0	3.145527297476747e-05	1.0242147028804994e-05	0.0037379733293668948	3.119556640740484e-05	0.0002656045908224769	0.0	0.002147995587438345	0.0	0.00035507597494870423	9.4827583325241e-06	0.0001237014896574351	0.0	0.0	0.00021869301901915604	1.1822281757645215e-05	8.838226506213687e-09	3.817912947852164e-05	0.0001544062315588235	4.9933261470869185e-05	0.0025171314205792326	2.4239126332759043e-07	0.002101490595086375	0.036430534720420835
G[T>A]C	0.0	0.0006683708754320339	0.0	2.7714826700275808e-08	4.967041149939177e-07	0.0034661927144043147	0.0	0.0039444802561862755	0.005150269820143194	0.001217053927925349	0.0017351823641334363	0.0013104264716830016	0.00018163069617003203	0.0008262286661192775	3.150655276868974e-05	0.0002211782251720251	7.548337553373586e-05	0.001130855033476852	0.0017379329400682765	0.001717938744093317	1.5575094494124642e-07	0.0021125318482518194	3.2200935606852e-08	1.4012984643248171e-46	0.07491219423394568
G[T>A]G	0.0	0.0	0.0	0.0	0.0013503538444638251	0.0002649723319336772	0.0	0.00029795966402161865	0.0010249761298041448	0.00037358423287514597	0.0010573752528728164	0.0	1.4012984643248171e-46	0.0006699151568000161	8.16465357843299e-05	5.359946185308217e-05	0.0	2.6840954348017476e-08	0.0004721981105831219	0.004319612242102267	1.186073674830368e-07	0.009692066574169189	5.416391080359517e-06	0.002445177594199777	0.04550800360739231
G[T>A]T	0.0006296829684288241	0.0001935183400156859	0.0	1.4012984643248171e-46	0.0036969412118196487	0.0003885517860709342	8.887456335742172e-05	0.0015548794181086123	0.0006552586681209504	0.0	0.002009005000581965	0.001070036314195022	0.0004968329041730613	0.0007878898642957211	0.005503205014247214	2.485806107870303e-05	0.0	0.0036083268467336895	0.00827160122571513	0.006403089221566916	0.0018445193709339947	0.0025329305986360852	0.0014324811506867263	0.0013621904654428363	0.03279509488493204
G[T>C]A	0.0019425949154538102	0.0005374948810299429	8.822243430017807e-07	4.161814104008954e-07	0.01574751897286717	0.0011571676356968651	0.0027888037641105256	0.004202774577242963	0.2830004051327705	0.0002697381440107449	5.050318037547186e-06	0.0017989395938826647	0.014527738888678953	9.915502985791135e-07	5.378984226922512e-08	0.0	8.407790785948902e-46	2.474788871609235e-08	0.0	1.1532455914675666e-06	6.099371034906653e-08	0.0	0.0002683799011776955	8.581748289770985e-09	1.6411152046202914e-07
G[T>C]C	0.0002710235991038701	0.0008586659985766687	0.0016197610463549949	6.838336505905107e-44	2.592377256860345e-07	0.04439611560273047	0.006568694649661211	0.002592642112813337	0.04585164669333608	1.9426036033109994e-07	5.872751830793277e-06	0.002308569913429892	0.2480362550389998	7.423996265742971e-07	5.813461967818511e-07	0.0	2.444962774461601e-08	3.335880103350064e-06	0.0021326481842208977	4.251708190849968e-07	1.4766280145295241e-07	9.484675782545082e-08	1.4320496632080904e-06	2.593456272848016e-07	1.4370274584507569e-06
G[T>C]G	8.983215487035068e-08	0.00042836820311720203	2.924985409435976e-09	3.1072293182887735e-09	0.015312168615156451	0.0038723344705744013	0.0017688050171955183	0.00866070673109789	0.1838008463382721	7.4630938513564615e-06	0.08301053121685982	0.003536420995519052	2.2244297781526257e-06	0.006838411318798876	7.488710792813435e-07	3.506005192832618e-08	2.3396730028935053e-07	0.00045439023519975306	0.0014721310931690823	4.5227677958337154e-07	1.782003018924172e-07	0.0	0.008452478625977733	1.4012984643248171e-46	6.161513113056572e-08
G[T>C]T	0.003166268579661846	0.0	0.0017595405413601383	1.4012984643248171e-46	6.492799684565397e-08	4.203895392974451e-46	0.03385175447911024	5.6051938572992686e-46	0.15995963662862778	0.0	0.0	0.01625914196483791	0.029185661130736663	0.0006522598210722208	0.0005901046677919908	0.0	0.0025634989142417908	0.010545997985423128	0.004168887715786695	0.005415542796254158	1.2611686178923354e-45	0.0010344478212857666	0.009877152706030757	0.004711505011619011	0.0019185123965144157
G[T>G]A	1.7823517154624825e-06	0.0	0.00016902650354655435	0.0	0.0017976299044676126	0.00020404534880071878	0.003983701730612665	0.0	1.1756449566746597e-06	0.0	0.0	5.712302663596347e-05	0.00466011204989627	1.603697892278433e-05	4.3733390953093473e-08	6.114080264296718e-09	5.720875506654011e-09	1.1585471142439019e-07	0.0011831063206585667	0.00010945452759187901	0.001484260754659772	0.009421981126070022	0.00378479564495251	0.0028065072171784776	0.0023788913269527255
G[T>G]C	0.00021555510293183033	0.0	0.000311734271235764	2.6896673807641493e-05	0.0027481970842927693	0.002627112902700901	0.005491156468633562	0.0	0.0008319125627167523	0.0	0.0	0.0031924428301863374	0.021176234679296614	8.27664763392022e-09	1.4012984643248171e-46	3.465596462604026e-06	7.326503776994287e-08	7.006492321624085e-46	0.009433319745585322	0.00027924734137059205	1.3193689255786013e-06	0.006218801878614499	0.008198914490053255	0.0008251369555068777	0.001601554287100271
G[T>G]G	6.568770331796258e-05	3.200682767783292e-05	6.270341691561043e-05	0.0	0.002325468790240848	0.001033589441794902	0.0014027285881411445	9.898895950755104e-06	0.00013022875740489325	0.0	0.00018235499087495554	0.004073032084374972	0.010826041316613555	1.4012984643248171e-46	0.0	2.276584609717247e-09	6.831916010696659e-09	8.95972731996153e-05	0.0053795939311385155	0.0012317024144024914	3.357295383921155e-07	0.01818179761534111	0.02615175345648595	0.0023182453919893932	0.00010919806441478386
G[T>G]T	6.736557397246656e-06	0.00034981346976579173	8.214332751776965e-08	1.2929796824323603e-07	0.004104904887260119	0.0031410479490318723	0.01250749994069338	0.00029639046469185357	0.00018237641488667579	1.4012984643248171e-46	0.0003212431212887168	0.008034349846002441	0.014394460948824416	1.5654865492820136e-07	5.877573983070761e-09	0.0	7.417447918101061e-08	4.761657692484191e-07	0.10826238468289376	0.00021524884873826977	3.570673925423762e-08	5.018711348725446e-07	0.0025272572111703084	4.199299770135667e-07	2.9840403385605894e-06
T[C>A]A	0.007565546729642847	0.0	5.6051938572992686e-46	0.0	1.120403396726033e-08	2.643986590555869e-07	0.04590099226456914	5.6051938572992686e-46	0.0	0.0	0.0	0.005539667923559932	6.281989726630854e-07	1.4012984643248171e-46	0.00024222108511082752	0.028344136018040443	1.0985738697399937e-06	2.8025969286496343e-46	2.8025969286496343e-46	1.885144470747946e-07	0.4991287291049957	3.6146461539487974e-07	2.644799582185442e-06	0.026254113258514167	1.5943427342790528e-07
T[C>A]C	0.016156255989335476	0.0004880553984548897	0.0008464112146157277	0.00035836700990330426	0.002889348933240399	5.6051938572992686e-46	2.8025969286496343e-46	0.006407099822536111	7.27537155853497e-08	0.00012139333412051201	0.0005631936423014849	0.06573305204510689	0.007306168228387833	0.00046195085160434247	0.0025217861169949175	0.022748779132962228	0.005909538478590548	0.00035835315939038994	1.4012984643248171e-46	0.06260941559448838	0.02034526215866208	0.021739767119288444	0.024277905374765395	0.047167916968464854	0.0006186200771480799
T[C>A]G	0.003615391068160534	0.00012722685933113097	0.0	1.46456624605662e-09	4.51027162284845e-09	0.0008156000869348646	0.0015205356292426586	0.00010755611583590508	0.0	0.0005400171925430186	0.0001747628311278504	1.4012984643248171e-46	9.809089250273719e-46	0.00035959441601107756	0.0002542591537348926	0.005312991864047945	6.821342424245813e-09	2.4192896347585703e-06	0.000516259839059785	0.01636338485404849	0.04910516394302249	0.00017286002403125167	0.022887748600131274	0.026440411619842053	1.1514366633491591e-07
T[C>A]T	0.7577030956745148	5.469130087476515e-07	2.581750362785415e-06	1.401298464324817e-45	4.842615908273729e-07	7.987332625418731e-05	0.005331434818936031	0.0001248177022436959	5.5165093272080416e-06	2.9763080629469164e-06	3.7356589899673056e-06	0.00015490931132262632	2.2084823310473954e-06	0.00028057263166942904	2.1825904199346268e-05	2.5755739329724746e-06	0.0012053458294445818	4.695748226879459e-06	0.00023442179456196756	0.0012251370818262331	0.010567982246289631	3.6497154578540856e-07	2.2597750358954728e-06	9.032699921363019e-07	1.630195603752327e-06
T[C>G]A	0.0	0.0	0.0	2.293780658746414e-08	4.204444508104643e-08	3.552486873559246e-08	0.0	0.0	0.0	0.0	0.0	2.477209960716209e-07	5.019370945547052e-08	2.2073713523695916e-09	3.912657220439542e-09	0.23656944781541825	7.320381776310114e-08	0.0	1.1770243872888386e-07	1.0223481012872071e-07	1.332493511085886e-07	0.00017964030970460954	1.2147034226472898e-06	1.4049474629018731e-06	1.8005756103889324e-07
T[C>G]C	0.0	9.809089250273719e-46	0.0	0.00010390615789219737	0.0008040949280257337	2.8025969286496343e-46	3.9884800207801165e-05	1.4012984643248171e-46	0.0003928175929012451	0.0	2.8025969286496343e-46	1.4012984643248171e-46	7.006492321624085e-46	0.0	7.449735903719556e-08	0.07769740670919419	0.00018486145372094144	0.0	0.00010859984613489359	5.574864782715849e-05	0.00011145181488245726	0.05272104851901531	0.0002641400613356382	0.0004447839222848415	0.004238483650260605
T[C>G]G	0.0	2.3799867062734847e-05	1.617150182890237e-24	1.0139679216081276e-05	0.000928829240729101	4.812522820429876e-06	0.0	0.0	1.4012984643248171e-46	8.10189376352355e-06	0.0	0.0	1.5852604701649397e-05	0.00011545352681423538	0.0001760767394443974	0.02384033203125	4.6217583417274e-06	1.4012984643248171e-46	0.00014329320949855174	0.0	0.0001546662889282402	0.024284562282264232	0.005991436541080475	0.0012363011250272394	0.002530614749207416
T[C>G]T	0.00011131040464533726	0.0	0.0	0.0	1.4012984643248171e-46	1.4012984643248171e-46	8.263705240096897e-06	3.5280273186799606e-05	0.00010249350380036049	0.0	0.0	8.412587062593957e-05	0.00035013160633070586	2.8025969286496343e-46	0.0	0.2989970073103905	0.0	0.00018249162458234798	0.0007397309849693556	2.5026965886354446e-05	2.8025969286496343e-46	0.02539722138740217	8.407790785948902e-46	1.4012984643248171e-46	0.00072793116802643
T[C>T]A	0.0002686769992578775	6.896303148096195e-07	4.203895392974451e-46	4.615057989099114e-07	0.0023868401831634856	0.0625871155411005	4.5317816872927875e-22	0.0008675372460857034	0.000804004188924523	0.02484176463319727	1.864974478849035e-07	1.2282096406579512e-08	0.0004990873858332634	0.0093986651263549	9.809089250273719e-46	0.2388625579358859	0.20851746946573257	0.00341380864600751	0.0036278423754083633	3.9236357001094875e-45	0.009625166561454535	5.6051938572992686e-46	1.2611686178923354e-45	0.004549329603486285	0.02274010567435312
T[C>T]C	0.01650660904124379	0.007965765753760934	0.005122092586297811	4.368649229036237e-08	0.0013966728455102385	0.014603741935729886	0.0011460780573543162	0.0022303234785795213	0.004656793759750144	0.0016065658026093387	1.0776470276141481e-07	0.014620862295851161	0.09456551876616004	2.539706827064947e-08	0.07596177090580909	0.005397978017572314	0.3349248990416527	0.009557625323706987	0.0007282864593435079	0.01619093827903271	0.0024717877213220165	0.007775059292248443	0.009086314628621039	0.00233738524839282	0.013510892775070716
T[C>T]G	0.016484961472451688	0.0034753210835972935	0.9721229910850525	0.022019018205992325	0.010724027383309931	2.0855981102840818e-05	0.012548161993572445	0.00273685660563232	2.950628959297319e-06	0.0009365963247759624	0.004090478247758256	5.146060232164018e-07	0.00851109105664193	0.015819029618818693	1.632954596545905e-07	0.0012671202238834667	0.004247130166345414	1.939919039189303e-06	0.0010602202916516034	0.006038904736477042	0.020708988489923287	4.203895392974451e-46	1.078625427908264e-06	0.0007283808252850577	5.195121275392012e-08
T[C>T]T	0.05353198125958443	2.382207389352189e-45	0.00635407227275665	1.4012984643248171e-46	2.8025969286496343e-46	0.025366169554027353	0.004475844150852027	0.0035277156595839186	4.197423493224051e-08	5.6051938572992686e-46	1.4923393612775726e-05	0.008804039696761735	0.0009689865405675846	0.0780005395412445	0.013570392725674197	0.021778488731865765	0.39507677126675844	3.4923988323498636e-08	5.654224608520053e-08	4.433302649431425e-08	2.915077480736272e-07	1.5677740918818018e-07	1.921123782722134e-07	7.842018021619878e-08	4.203895392974451e-46
T[T>A]A	0.0002777662842788686	3.9899195058978876e-09	0.0	0.0014342409936944022	0.006147518435929556	7.704799489971492e-05	0.0015776008949615061	6.804433651268482e-05	0.0006986202327027513	0.001437112491072412	0.0011623439516711188	1.6039850015658887e-05	0.0007810179280042462	5.6051938572992686e-46	0.0	1.4150043321770055e-05	0.0	0.00030025526648387314	7.256303797475994e-05	0.006758653132669679	0.00189178377877397	0.0010269240476191044	0.0030569347306254714	0.01179588440563748	0.04338915906846523
T[T>A]C	0.00027650554984575136	1.636368251638487e-05	6.777295493520796e-05	5.443959707918111e-07	0.006518761813640595	0.00010802164665619784	0.0011903016941005283	0.0001253231428563595	0.0010735378687968477	6.479852891061455e-06	1.4012984643248171e-46	0.007058933982625604	0.0036746480502188204	1.7125905287684872e-06	0.0004913915382985578	6.690991249342914e-05	0.0007633340563188539	1.1210387714598537e-45	0.002167911869908323	0.0022130876496760264	0.00869859619722888	0.0059420974847171236	0.0023838690017969457	4.698350221588044e-06	0.04206921644508839
T[T>A]G	0.000785305468889419	0.0	1.4012984643248171e-46	0.0	0.0054362453520298	1.4012984643248171e-46	0.0009749493736308068	3.696201019920409e-05	0.0002032735850661993	6.56524548503512e-08	0.00021079205847627236	0.00036461281340081084	7.957031300520612e-09	8.407790785948902e-46	4.203895392974451e-46	1.1784184353680338e-05	8.887816991176578e-06	0.0002508001768774193	0.0010693065938539802	0.004443533284688783	0.004106701835393167	0.004901423706246533	0.005426277589742767	0.007128520708113229	0.01808622640764952
T[T>A]T	0.005569678090978414	0.0	5.71530620163685e-08	0.0001361161117415577	0.008484891381077376	7.006492321624085e-46	0.004296108731068671	2.8025969286496343e-46	0.00023233360843732953	7.232831558212638e-05	8.618503488833085e-06	0.004006718774326146	0.0013919303447664788	0.002770258427153749	0.00027289154240861535	7.611700425513846e-09	0.00018805844010785222	0.0007152784176696514	0.005517715029418469	0.009715698905597491	0.014987959708423659	0.0035425436892637663	0.008497440917290077	0.01445120103435329	0.022208794142312627
T[T>C]A	0.002780247526243329	1.5472531364986308e-27	3.7169715483287294e-08	7.006492321624085e-46	0.0006180796946694045	0.0031091100446900555	0.0012602147579798384	0.0021358398371376097	0.05075284330054046	0.005502947389140899	7.006492321624085e-46	1.6338190471287815e-05	0.008739540435255221	0.03333561406393528	6.872315054806677e-08	0.00011053427297156305	0.0	0.048819421591906574	0.001058545769726038	0.0022693973706140015	5.016792332668274e-07	0.0006983522254927266	0.006843888538764986	1.0164600325879291e-07	0.005220321296771857
T[T>C]C	0.00020868691151463282	5.0696216931100935e-06	7.015356356987468e-06	1.636017543660273e-07	0.0030856832810968625	0.013289713300673611	0.012067371820558037	0.008018663186976482	0.016300005355536933	0.0015868233201899785	0.005239079372586275	0.0009454188261315722	0.033574671810492875	0.0015587949194014073	9.809089250273719e-46	9.043729633049225e-05	5.241465987637639e-05	0.1807764768600464	0.00034096455528924706	0.0027409286281084634	1.918974419368169e-08	0.00029950460884720087	0.005597270477244365	2.8025969286496343e-46	2.0372765447973505e-07
T[T>C]G	0.0034659875091165304	3.158906508815562e-07	7.773551631800047e-05	8.7028533268807e-08	2.1362336610764032e-07	0.0038144317527506835	0.006331195746520279	0.0006549374701307897	0.019920276309414932	0.021564801502972842	0.05390980951488018	1.6484913203385077e-07	4.5785266706843685e-07	0.024402733801684916	6.330327551040682e-08	0.0	0.0	0.0829786298966951	0.0002654793992405757	8.720995765543194e-08	2.829862438602504e-07	0.0	2.941948594070709e-07	1.4012984643248171e-46	0.0
T[T>C]T	0.003138262620996102	4.934193498229433e-07	4.933873155721358e-05	0.00011565524449395071	0.005531970486112314	0.000917112743729831	0.012529713565481871	0.007390360627323389	0.016039240687589995	0.00044787142825271077	1.0535404726397246e-07	0.0019775968608996665	0.003535096889493161	0.0014894076878931629	3.1618776667130533e-06	2.894265804798124e-09	4.3634258304336983e-07	0.19301679469645022	2.3128706743591467e-06	0.0044214580755452815	0.001108130078292623	3.1619621267964246e-07	2.029628703326125e-06	8.454730959783775e-09	0.0012133888605461607
T[T>G]A	1.3233941942303317e-09	0.0	0.0	0.0	2.416696079308167e-05	0.0	0.024221239890903235	0.0	0.00012549105358630185	0.0	0.0	1.4012984643248171e-46	3.963678238960711e-08	0.0	0.0	4.77944894328175e-08	2.6444794798408113e-09	9.22854812710483e-05	1.3699466059335918e-07	0.0016288451419313788	0.056859005349087964	0.006039910733488796	0.00012410007030467797	2.454917603955664e-06	0.0012851746818398624
T[T>G]C	2.3436750495875457e-08	0.00024265718093374744	0.0006216179315458703	1.1210387714598537e-45	0.002392481666174717	1.4012984643248171e-46	0.044023819267749786	0.0	0.00031546475365757943	1.4012984643248171e-46	0.0	0.007463807205203921	0.009919965174049139	0.0	1.4510541689105593e-06	0.00020074014291822096	0.0016858680136266457	0.006400068909915646	0.005451845936477184	2.8025969286496343e-46	0.0004038828029024444	0.002374559151940048	0.018604699848219754	0.0004386127079296642	0.002733458253783283
T[T>G]G	0.0005124497984070331	4.632474519894458e-06	0.00017703005869407207	7.850264009903185e-05	0.0013886851549614221	1.4012984643248171e-46	0.010090862307697535	0.00014926006988389418	5.2229384891688824e-05	0.0009047431114595384	0.00034479683426980046	0.000285027947393246	0.0022126391995698214	0.001161353690258693	1.4012984643248171e-46	5.253448616713285e-05	0.0003532602160987608	0.002488129655830562	0.0020035350404214113	0.000590476964134723	0.00471340267231426	0.013647893053369841	0.02055731937289238	0.00657540641649561	0.003580669454947838
T[T>G]T	5.955607150553988e-06	2.820716417772928e-07	6.333864121188526e-07	0.0	2.285182239347705e-06	1.9004297868718822e-08	0.4520678102970123	3.421841756789945e-06	1.0323546462132072e-07	9.695319022284822e-07	0.0	0.003663573090083716	0.0007693862827210296	3.698893806358683e-07	1.606559249012207e-06	0.0	6.068199269293473e-07	0.0010216235100926952	0.003529121934491286	1.9692361377110502e-07	0.0013941441094402762	1.1993377825092465e-06	7.904449617512909e-07	8.964761491370154e-07	5.894801887507129e-07
