Samples	SBS96A	SBS96B	SBS96C	SBS96D	SBS96E	SBS96F
OGG1_boot	1.57E-01	5.49E-02	2.67E-02	4.46E-02	0.00E+00	1.71E-01
OGG1_boot.1	6.66E-02	5.39E-02	2.80E-02	1.46E-02	3.51E-02	1.14E-01
OGG1_boot.2	6.73E-02	5.38E-02	2.73E-02	1.52E-02	3.45E-02	1.15E-01
OGG1_boot.3	1.53E-01	5.53E-02	2.82E-02	4.59E-02	1.90E-33	1.68E-01
OGG1_boot.4	6.16E-02	5.60E-02	3.12E-02	1.88E-02	3.66E-02	1.06E-01
OGG1_boot.5	6.78E-02	5.32E-02	2.66E-02	1.42E-02	3.39E-02	1.15E-01
OGG1_boot.6	6.37E-02	5.32E-02	2.88E-02	1.59E-02	3.44E-02	1.09E-01
OGG1_boot.7	6.51E-02	5.32E-02	2.81E-02	1.55E-02	3.45E-02	1.11E-01
OGG1_boot.8	6.50E-02	5.43E-02	2.88E-02	1.66E-02	3.47E-02	1.11E-01
OGG1_boot.9	6.08E-02	5.53E-02	3.11E-02	1.84E-02	3.59E-02	1.05E-01
OGG1_boot.10	6.94E-02	5.45E-02	2.61E-02	1.47E-02	3.47E-02	1.17E-01
OGG1_boot.11	1.47E-01	5.52E-02	2.77E-02	4.77E-02	1.01E-54	1.62E-01
OGG1_boot.12	1.51E-01	5.43E-02	2.75E-02	4.57E-02	5.87E-160	1.66E-01
OGG1_boot.13	6.50E-02	5.36E-02	2.83E-02	1.52E-02	3.48E-02	1.11E-01
OGG1_boot.14	1.43E-01	5.49E-02	2.84E-02	4.79E-02	2.91E-53	1.58E-01
OGG1_boot.15	1.40E-01	5.52E-02	2.87E-02	4.78E-02	2.74E-03	1.55E-01
OGG1_boot.16	1.59E-01	5.51E-02	2.68E-02	4.50E-02	0.00E+00	1.73E-01
OGG1_boot.17	1.50E-01	5.58E-02	2.87E-02	4.79E-02	2.58E-25	1.66E-01
OGG1_boot.18	1.49E-01	5.60E-02	2.84E-02	4.84E-02	3.31E-42	1.65E-01
OGG1_boot.19	6.22E-02	5.56E-02	3.05E-02	1.86E-02	3.59E-02	1.07E-01
OGG1_boot.20	1.47E-01	5.49E-02	2.79E-02	4.77E-02	2.05E-110	1.62E-01
OGG1_boot.21	6.75E-02	5.25E-02	2.64E-02	1.44E-02	3.37E-02	1.15E-01
OGG1_boot.22	5.88E-02	5.62E-02	3.23E-02	1.92E-02	3.66E-02	1.02E-01
OGG1_boot.23	1.51E-01	5.49E-02	2.78E-02	4.67E-02	2.78E-96	1.66E-01
OGG1_boot.24	1.39E-01	5.45E-02	2.88E-02	4.91E-02	1.78E-114	1.54E-01
OGG1_boot.25	6.24E-02	5.45E-02	3.07E-02	1.73E-02	3.58E-02	1.07E-01
OGG1_boot.26	6.26E-02	5.45E-02	3.04E-02	1.75E-02	3.60E-02	1.08E-01
OGG1_boot.27	6.87E-02	5.51E-02	2.71E-02	1.50E-02	3.56E-02	1.17E-01
OGG1_boot.28	6.33E-02	5.30E-02	2.86E-02	1.66E-02	3.42E-02	1.08E-01
OGG1_boot.29	1.51E-01	5.42E-02	2.78E-02	4.58E-02	6.01E-121	1.65E-01
OGG1_boot.30	6.89E-02	5.27E-02	2.67E-02	1.33E-02	3.48E-02	1.18E-01
OGG1_boot.31	1.55E-01	5.49E-02	2.71E-02	4.60E-02	0.00E+00	1.71E-01
OGG1_boot.32	6.33E-02	5.49E-02	2.93E-02	1.71E-02	3.58E-02	1.08E-01
OGG1_boot.33	1.52E-01	5.47E-02	2.80E-02	4.59E-02	2.47E-100	1.67E-01
OGG1_boot.34	6.32E-02	5.40E-02	2.91E-02	1.69E-02	3.57E-02	1.08E-01
OGG1_boot.35	6.34E-02	5.39E-02	2.88E-02	1.72E-02	3.44E-02	1.08E-01
OGG1_boot.36	1.51E-01	5.44E-02	2.71E-02	4.61E-02	0.00E+00	1.66E-01
OGG1_boot.37	6.51E-02	5.48E-02	2.88E-02	1.62E-02	3.59E-02	1.11E-01
OGG1_boot.38	6.69E-02	5.30E-02	2.66E-02	1.46E-02	3.44E-02	1.14E-01
OGG1_boot.39	1.51E-01	5.63E-02	2.85E-02	4.68E-02	2.67E-03	1.67E-01
OGG1_boot.40	1.50E-01	5.42E-02	2.81E-02	4.55E-02	5.94E-114	1.64E-01
OGG1_boot.41	6.57E-02	5.37E-02	2.86E-02	1.54E-02	3.49E-02	1.13E-01
OGG1_boot.42	1.46E-01	5.46E-02	2.78E-02	4.68E-02	1.57E-91	1.61E-01
OGG1_boot.43	6.58E-02	5.43E-02	2.79E-02	1.64E-02	3.49E-02	1.12E-01
OGG1_boot.44	6.72E-02	5.50E-02	2.75E-02	1.59E-02	3.53E-02	1.14E-01
OGG1_boot.45	6.48E-02	5.36E-02	2.82E-02	1.58E-02	3.47E-02	1.11E-01
OGG1_boot.46	6.13E-02	5.44E-02	3.02E-02	1.77E-02	3.56E-02	1.05E-01
OGG1_boot.47	6.39E-02	5.42E-02	2.84E-02	1.69E-02	3.49E-02	1.09E-01
OGG1_boot.48	1.45E-01	5.41E-02	2.76E-02	4.68E-02	9.39E-128	1.60E-01
OGG1_boot.49	6.14E-02	5.46E-02	2.93E-02	1.83E-02	3.50E-02	1.05E-01
OGG1_boot.50	1.52E-01	5.44E-02	2.66E-02	4.54E-02	0.00E+00	1.66E-01
OGG1_boot.51	6.76E-02	5.34E-02	2.60E-02	1.52E-02	3.36E-02	1.14E-01
OGG1_boot.52	6.71E-02	5.27E-02	2.63E-02	1.44E-02	3.38E-02	1.14E-01
OGG1_boot.53	6.22E-02	5.48E-02	2.93E-02	1.79E-02	3.53E-02	1.06E-01
OGG1_boot.54	6.45E-02	5.45E-02	2.81E-02	1.67E-02	3.50E-02	1.10E-01
OGG1_boot.55	1.43E-01	5.39E-02	2.77E-02	4.70E-02	3.90E-117	1.58E-01
OGG1_boot.56	6.43E-02	5.37E-02	2.83E-02	1.60E-02	3.48E-02	1.10E-01
OGG1_boot.57	1.51E-01	5.44E-02	2.71E-02	4.60E-02	0.00E+00	1.66E-01
OGG1_boot.58	1.51E-01	5.46E-02	2.62E-02	4.61E-02	0.00E+00	1.66E-01
OGG1_boot.59	6.44E-02	5.48E-02	2.79E-02	1.77E-02	3.48E-02	1.09E-01
OGG1_boot.60	6.14E-02	5.47E-02	2.97E-02	1.85E-02	3.53E-02	1.05E-01
OGG1_boot.61	1.46E-01	5.42E-02	2.71E-02	4.69E-02	0.00E+00	1.61E-01
OGG1_boot.62	6.11E-02	5.41E-02	2.93E-02	1.79E-02	3.49E-02	1.05E-01
OGG1_boot.63	1.48E-01	5.38E-02	2.72E-02	4.60E-02	0.00E+00	1.62E-01
OGG1_boot.64	6.51E-02	5.31E-02	2.71E-02	1.60E-02	3.40E-02	1.11E-01
OGG1_boot.65	1.42E-01	5.46E-02	2.79E-02	4.79E-02	7.85E-56	1.57E-01
OGG1_boot.66	1.49E-01	5.39E-02	2.68E-02	4.57E-02	0.00E+00	1.63E-01
OGG1_boot.67	1.51E-01	5.44E-02	2.67E-02	4.60E-02	0.00E+00	1.65E-01
OGG1_boot.68	1.44E-01	5.37E-02	2.74E-02	4.72E-02	0.00E+00	1.58E-01
OGG1_boot.69	1.48E-01	5.38E-02	2.71E-02	4.54E-02	0.00E+00	1.62E-01
OGG1_boot.70	6.37E-02	5.33E-02	2.79E-02	1.58E-02	3.46E-02	1.09E-01
OGG1_boot.71	6.42E-02	5.39E-02	2.77E-02	1.63E-02	3.44E-02	1.09E-01
OGG1_boot.72	1.44E-01	5.36E-02	2.70E-02	4.66E-02	0.00E+00	1.59E-01
OGG1_boot.73	1.49E-01	5.39E-02	2.72E-02	4.59E-02	0.00E+00	1.63E-01
OGG1_boot.74	1.44E-01	5.40E-02	2.74E-02	4.71E-02	2.62E-130	1.59E-01
OGG1_boot.75	6.41E-02	5.37E-02	2.79E-02	1.60E-02	3.49E-02	1.09E-01
OGG1_boot.76	6.78E-02	5.37E-02	2.62E-02	1.48E-02	3.42E-02	1.15E-01
OGG1_boot.77	1.45E-01	5.41E-02	2.73E-02	4.70E-02	2.27E-155	1.59E-01
OGG1_boot.78	6.65E-02	5.35E-02	2.66E-02	1.54E-02	3.44E-02	1.13E-01
OGG1_boot.79	1.47E-01	5.40E-02	2.69E-02	4.69E-02	0.00E+00	1.61E-01
OGG1_boot.80	1.48E-01	5.42E-02	2.73E-02	4.66E-02	0.00E+00	1.63E-01
OGG1_boot.81	6.67E-02	5.39E-02	2.68E-02	1.57E-02	3.44E-02	1.13E-01
OGG1_boot.82	1.50E-01	5.46E-02	2.70E-02	4.66E-02	0.00E+00	1.65E-01
OGG1_boot.83	6.42E-02	5.32E-02	2.76E-02	1.62E-02	3.41E-02	1.09E-01
OGG1_boot.84	6.54E-02	5.43E-02	2.77E-02	1.62E-02	3.50E-02	1.11E-01
OGG1_boot.85	6.62E-02	5.43E-02	2.75E-02	1.55E-02	3.51E-02	1.13E-01
OGG1_boot.86	6.27E-02	5.42E-02	2.89E-02	1.73E-02	3.49E-02	1.07E-01
OGG1_boot.87	6.30E-02	5.37E-02	2.84E-02	1.67E-02	3.49E-02	1.08E-01
OGG1_boot.88	6.38E-02	5.40E-02	2.81E-02	1.67E-02	3.46E-02	1.09E-01
OGG1_boot.89	1.48E-01	5.45E-02	2.68E-02	4.70E-02	1.30E-145	1.63E-01
OGG1_boot.90	6.38E-02	5.63E-02	2.97E-02	1.92E-02	3.80E-02	1.05E-01
OGG1_boot.91	6.43E-02	5.35E-02	2.76E-02	1.60E-02	3.51E-02	1.09E-01
OGG1_boot.92	1.45E-01	5.46E-02	2.75E-02	4.66E-02	2.78E-62	1.60E-01
OGG1_boot.93	1.44E-01	5.61E-02	2.82E-02	4.66E-02	7.05E-03	1.59E-01
OGG1_boot.94	6.20E-02	5.68E-02	3.12E-02	2.16E-02	3.82E-02	1.01E-01
OGG1_boot.95	1.34E-01	5.69E-02	2.80E-02	4.67E-02	4.30E-03	1.52E-01
OGG1_boot.96	1.18E-01	6.04E-02	2.90E-02	4.57E-02	3.18E-02	1.45E-01
OGG1_boot.97	6.16E-02	5.45E-02	2.96E-02	1.74E-02	3.62E-02	1.05E-01
OGG1_boot.98	8.62E-02	1.21E-01	2.39E-02	0.00E+00	1.42E-01	8.21E-02
OGG1_boot.99	5.10E-02	5.69E-02	9.84E-03	8.57E-02	9.38E-02	8.05E-02
OGG1_boot.100	5.37E-02	5.70E-02	1.01E-02	9.79E-02	9.67E-02	8.03E-02
OGG1_boot.101	5.55E-02	5.72E-02	1.01E-02	7.99E-02	9.19E-02	8.02E-02
OGG1_boot.102	5.07E-02	5.63E-02	1.17E-02	1.08E-01	9.19E-02	7.76E-02
OGG1_boot.103	4.84E-02	5.53E-02	1.27E-02	8.72E-02	9.01E-02	7.66E-02
OGG1_boot.104	1.03E-01	1.18E-01	2.12E-02	1.25E-25	1.68E-01	8.33E-02
OGG1_boot.105	4.92E-02	5.60E-02	1.21E-02	7.31E-02	9.09E-02	7.63E-02
OGG1_boot.106	8.04E-02	1.08E-01	2.53E-02	0.00E+00	1.09E-01	7.32E-02
OGG1_boot.107	6.53E-02	1.10E-01	2.36E-02	0.00E+00	1.48E-01	7.82E-02
OGG1_boot.108	4.99E-02	5.68E-02	9.70E-03	9.13E-02	9.59E-02	8.08E-02
OGG1_boot.109	4.60E-02	5.59E-02	9.68E-03	1.01E-01	1.10E-01	8.16E-02
OGG1_boot.110	5.23E-02	5.70E-02	1.03E-02	9.33E-02	9.31E-02	8.01E-02
OGG1_boot.111	5.03E-02	5.61E-02	1.42E-02	7.08E-02	9.12E-02	7.69E-02
OGG1_boot.112	4.84E-02	5.59E-02	1.19E-02	8.66E-02	9.04E-02	7.69E-02
OGG1_boot.113	5.13E-02	5.77E-02	9.82E-03	9.26E-02	9.60E-02	8.28E-02
OGG1_boot.114	8.56E-02	1.14E-01	2.36E-02	1.24E-72	1.45E-01	7.95E-02
OGG1_boot.115	5.24E-02	5.71E-02	9.31E-03	1.01E-01	9.49E-02	8.12E-02
OGG1_boot.116	6.06E-02	1.02E-01	2.46E-02	0.00E+00	9.22E-02	6.93E-02
OGG1_boot.117	4.74E-02	5.77E-02	1.09E-02	9.62E-02	1.11E-01	8.27E-02
OGG1_boot.118	9.23E-02	1.22E-01	2.31E-02	8.03E-139	9.63E-02	7.85E-02
OGG1_boot.119	8.62E-02	1.08E-01	2.41E-02	2.05E-71	9.26E-02	7.20E-02
OGG1_boot.120	4.98E-02	5.67E-02	1.12E-02	8.40E-02	9.36E-02	7.88E-02
OGG1_boot.121	5.29E-02	5.81E-02	1.05E-02	1.06E-01	9.84E-02	8.32E-02
OGG1_boot.122	8.72E-02	1.11E-01	2.21E-02	5.31E-29	1.13E-01	8.05E-02
OGG1_boot.123	8.93E-02	1.11E-01	2.26E-02	5.14E-29	1.15E-01	8.30E-02
OGG1_boot.124	5.43E-02	5.87E-02	9.84E-03	1.05E-01	9.69E-02	8.40E-02
OGG1_boot.125	8.29E-02	1.08E-01	2.50E-02	0.00E+00	1.04E-01	7.39E-02
OGG1_boot.126	5.17E-02	5.76E-02	9.44E-03	9.30E-02	9.68E-02	8.26E-02
OGG1_boot.127	7.64E-02	1.04E-01	2.44E-02	0.00E+00	9.90E-02	7.33E-02
OGG1_boot.128	8.74E-02	1.11E-01	2.40E-02	0.00E+00	1.10E-01	7.79E-02
OGG1_boot.129	5.04E-02	5.73E-02	1.21E-02	7.38E-02	9.40E-02	7.96E-02
OGG1_boot.130	5.11E-02	5.69E-02	1.10E-02	9.23E-02	9.31E-02	7.99E-02
OGG1_boot.131	6.27E-02	1.06E-01	2.39E-02	0.00E+00	1.00E-01	7.20E-02
OGG1_boot.132	6.36E-02	1.12E-01	2.44E-02	0.00E+00	9.76E-02	7.32E-02
OGG1_boot.133	8.42E-02	1.13E-01	2.31E-02	0.00E+00	1.10E-01	7.76E-02
OGG1_boot.134	5.24E-02	5.75E-02	9.46E-03	1.09E-01	9.60E-02	8.19E-02
OGG1_boot.135	9.63E-02	1.09E-01	2.27E-02	3.69E-28	1.67E-01	8.03E-02
OGG1_boot.136	9.43E-02	1.10E-01	2.35E-02	1.15E-117	9.48E-02	8.06E-02
OGG1_boot.137	7.64E-02	5.95E-02	5.94E-03	1.29E-01	1.21E-01	8.71E-02
OGG1_boot.138	4.79E-02	5.71E-02	9.12E-03	1.02E-01	1.04E-01	8.21E-02
OGG1_real	5.48E-02	5.59E-02	9.66E-03	1.05E-01	9.41E-02	8.23E-02
OGG1_real.1	6.71E-02	1.05E-01	2.20E-02	8.21E-40	1.35E-01	7.73E-02
OGG1_real.2	5.02E-02	5.69E-02	1.07E-02	9.97E-02	9.31E-02	7.99E-02
UNG_boot	2.16E-02	9.06E-02	8.08E-02	2.50E-03	9.38E-02	5.38E-02
UNG_boot.1	2.40E-02	5.65E-02	6.84E-02	1.16E-01	9.79E-02	2.27E-02
UNG_boot.2	3.17E-02	9.15E-02	7.65E-02	4.75E-68	1.03E-01	5.72E-02
UNG_boot.3	2.91E-02	8.47E-02	7.63E-02	0.00E+00	9.43E-02	5.27E-02
UNG_boot.4	2.52E-02	5.34E-02	6.45E-02	1.12E-01	9.36E-02	2.28E-02
UNG_boot.5	2.82E-02	4.99E-02	5.79E-02	1.02E-01	9.14E-02	3.17E-02
UNG_boot.6	2.91E-02	5.01E-02	5.48E-02	1.00E-01	9.42E-02	3.21E-02
UNG_boot.7	1.78E-02	8.94E-02	7.97E-02	2.13E-154	9.50E-02	5.20E-02
UNG_boot.8	2.81E-02	8.00E-02	7.77E-02	0.00E+00	9.39E-02	5.71E-02
UNG_boot.9	3.54E-02	9.33E-02	7.44E-02	2.31E-03	1.04E-01	5.75E-02
UNG_boot.10	3.37E-02	4.92E-02	5.49E-02	9.15E-02	9.48E-02	3.43E-02
UNG_boot.11	3.24E-02	9.10E-02	7.68E-02	6.50E-131	1.03E-01	5.85E-02
UNG_boot.12	2.64E-02	8.99E-02	8.45E-02	2.29E-03	9.52E-02	5.54E-02
UNG_boot.13	2.24E-02	8.78E-02	7.98E-02	3.76E-56	9.50E-02	5.57E-02
UNG_boot.14	2.14E-02	5.19E-02	6.68E-02	1.10E-01	9.34E-02	1.67E-02
UNG_boot.15	1.94E-02	5.14E-02	6.79E-02	1.06E-01	9.03E-02	1.39E-02
UNG_boot.16	2.64E-02	5.15E-02	6.18E-02	1.07E-01	9.52E-02	2.54E-02
UNG_boot.17	2.61E-02	4.83E-02	5.88E-02	1.00E-01	8.95E-02	2.71E-02
UNG_boot.18	2.65E-02	4.65E-02	5.59E-02	9.32E-02	8.86E-02	2.64E-02
UNG_boot.19	2.31E-02	5.41E-02	6.75E-02	1.13E-01	9.48E-02	1.93E-02
UNG_boot.20	3.25E-02	4.96E-02	5.14E-02	9.34E-02	9.49E-02	3.60E-02
UNG_boot.21	2.62E-02	9.56E-02	8.36E-02	4.80E-03	1.01E-01	5.59E-02
UNG_boot.22	2.23E-02	5.16E-02	6.58E-02	1.09E-01	9.30E-02	1.82E-02
UNG_boot.23	3.04E-02	5.15E-02	5.90E-02	1.03E-01	9.83E-02	3.03E-02
UNG_boot.24	2.07E-02	8.88E-02	8.30E-02	0.00E+00	9.32E-02	5.14E-02
UNG_boot.25	3.64E-02	8.75E-02	7.19E-02	0.00E+00	9.76E-02	5.52E-02
UNG_boot.26	3.27E-02	9.10E-02	7.46E-02	3.04E-03	1.00E-01	5.49E-02
UNG_boot.27	2.23E-02	4.69E-02	6.20E-02	1.04E-01	8.52E-02	2.14E-02
UNG_boot.28	3.69E-02	8.51E-02	7.02E-02	0.00E+00	9.96E-02	5.62E-02
UNG_boot.29	2.03E-02	8.63E-02	8.09E-02	0.00E+00	9.29E-02	5.33E-02
UNG_boot.30	2.79E-02	5.09E-02	5.99E-02	1.03E-01	9.52E-02	2.71E-02
UNG_boot.31	2.33E-02	5.23E-02	6.49E-02	1.11E-01	9.40E-02	2.07E-02
UNG_boot.32	3.04E-02	5.34E-02	5.66E-02	1.06E-01	9.96E-02	3.22E-02
UNG_boot.33	2.28E-02	8.90E-02	8.20E-02	3.02E-03	9.47E-02	5.38E-02
UNG_boot.34	3.21E-02	8.77E-02	7.60E-02	0.00E+00	9.75E-02	5.57E-02
UNG_boot.35	2.30E-02	9.48E-02	8.29E-02	2.89E-03	9.96E-02	5.58E-02
UNG_boot.36	3.18E-02	8.82E-02	7.55E-02	0.00E+00	9.71E-02	5.26E-02
UNG_boot.37	3.23E-02	5.20E-02	5.70E-02	1.00E-01	9.96E-02	3.46E-02
UNG_boot.38	2.71E-02	5.27E-02	6.13E-02	1.09E-01	9.72E-02	2.59E-02
UNG_boot.39	2.86E-02	9.23E-02	7.83E-02	5.98E-30	1.01E-01	5.55E-02
UNG_boot.40	2.96E-02	4.77E-02	5.43E-02	9.19E-02	9.12E-02	3.03E-02
UNG_boot.41	2.13E-02	9.30E-02	8.09E-02	1.91E-03	9.84E-02	5.45E-02
UNG_boot.42	2.41E-02	4.92E-02	6.03E-02	1.05E-01	9.01E-02	2.27E-02
UNG_boot.43	2.97E-02	4.84E-02	5.42E-02	9.29E-02	9.27E-02	3.04E-02
UNG_boot.44	3.37E-02	8.86E-02	7.45E-02	7.65E-99	1.01E-01	5.60E-02
UNG_boot.45	2.36E-02	5.06E-02	6.44E-02	1.04E-01	9.22E-02	1.82E-02
UNG_boot.46	2.77E-02	5.12E-02	6.06E-02	1.02E-01	9.64E-02	2.42E-02
UNG_boot.47	2.92E-02	9.24E-02	7.84E-02	2.67E-55	1.00E-01	5.39E-02
UNG_boot.48	2.62E-02	8.66E-02	8.34E-02	0.00E+00	9.47E-02	5.65E-02
UNG_boot.49	3.29E-02	9.03E-02	7.39E-02	3.34E-03	1.02E-01	5.52E-02
UNG_boot.50	2.12E-02	5.13E-02	6.70E-02	1.07E-01	9.03E-02	1.59E-02
UNG_boot.51	2.20E-02	8.44E-02	7.76E-02	0.00E+00	8.91E-02	5.38E-02
UNG_boot.52	1.80E-02	8.42E-02	7.86E-02	0.00E+00	8.58E-02	4.86E-02
UNG_boot.53	2.75E-02	8.82E-02	7.90E-02	0.00E+00	9.65E-02	5.51E-02
UNG_boot.54	2.56E-02	1.01E-01	6.07E-02	0.00E+00	5.77E-02	4.81E-02
UNG_boot.55	2.67E-02	9.56E-02	5.98E-02	2.63E-158	5.77E-02	4.56E-02
UNG_boot.56	2.41E-02	9.79E-02	6.01E-02	0.00E+00	5.61E-02	4.56E-02
UNG_boot.57	2.85E-02	9.47E-02	6.15E-02	0.00E+00	6.13E-02	5.29E-02
UNG_boot.58	2.90E-02	9.38E-02	6.15E-02	0.00E+00	5.91E-02	4.77E-02
UNG_boot.59	2.50E-02	8.92E-02	5.63E-02	0.00E+00	5.15E-02	5.17E-02
UNG_boot.60	2.51E-02	9.34E-02	5.69E-02	9.50E-141	5.42E-02	5.61E-02
UNG_boot.61	2.85E-02	9.78E-02	6.16E-02	0.00E+00	5.96E-02	5.06E-02
UNG_boot.62	2.51E-02	1.06E-01	6.54E-02	0.00E+00	6.24E-02	4.33E-02
UNG_boot.63	2.58E-02	1.01E-01	6.33E-02	0.00E+00	6.05E-02	4.68E-02
UNG_boot.64	2.62E-02	9.94E-02	6.03E-02	3.26E-107	5.69E-02	4.59E-02
UNG_boot.65	2.82E-02	9.23E-02	6.05E-02	0.00E+00	5.81E-02	5.51E-02
UNG_boot.66	2.89E-02	9.34E-02	6.14E-02	0.00E+00	5.81E-02	5.65E-02
UNG_boot.67	2.51E-02	8.85E-02	5.57E-02	0.00E+00	5.24E-02	5.17E-02
UNG_boot.68	2.67E-02	9.33E-02	5.99E-02	0.00E+00	5.77E-02	4.78E-02
UNG_boot.69	2.59E-02	9.28E-02	5.78E-02	0.00E+00	5.64E-02	4.84E-02
UNG_boot.70	2.64E-02	1.02E-01	6.02E-02	3.32E-03	5.62E-02	4.65E-02
UNG_boot.71	2.54E-02	8.83E-02	5.61E-02	0.00E+00	5.26E-02	5.38E-02
UNG_boot.72	2.32E-02	9.93E-02	5.93E-02	2.11E-114	5.52E-02	4.62E-02
UNG_boot.73	2.91E-02	9.26E-02	6.19E-02	0.00E+00	6.09E-02	4.82E-02
UNG_boot.74	2.63E-02	9.22E-02	5.92E-02	0.00E+00	5.71E-02	4.73E-02
UNG_boot.75	2.78E-02	9.82E-02	6.17E-02	0.00E+00	5.91E-02	4.96E-02
UNG_boot.76	2.86E-02	9.80E-02	6.06E-02	0.00E+00	5.85E-02	5.20E-02
UNG_boot.77	2.80E-02	9.40E-02	5.97E-02	0.00E+00	5.73E-02	5.02E-02
UNG_boot.78	2.67E-02	9.72E-02	5.93E-02	3.36E-146	5.55E-02	5.22E-02
UNG_boot.79	2.70E-02	9.45E-02	6.02E-02	0.00E+00	5.67E-02	5.18E-02
UNG_boot.80	2.55E-02	1.04E-01	6.28E-02	6.97E-157	6.31E-02	4.27E-02
UNG_boot.81	2.64E-02	9.07E-02	5.91E-02	0.00E+00	5.56E-02	5.02E-02
UNG_boot.82	2.69E-02	9.21E-02	5.87E-02	0.00E+00	5.46E-02	4.93E-02
UNG_boot.83	2.61E-02	9.96E-02	5.97E-02	8.88E-99	5.83E-02	5.05E-02
UNG_boot.84	2.86E-02	1.04E-01	6.23E-02	0.00E+00	6.09E-02	5.25E-02
UNG_boot.85	2.51E-02	8.71E-02	5.51E-02	0.00E+00	5.15E-02	5.41E-02
UNG_boot.86	3.04E-02	1.02E-01	6.29E-02	0.00E+00	5.96E-02	5.37E-02
UNG_boot.87	2.68E-02	9.52E-02	5.97E-02	0.00E+00	5.76E-02	4.91E-02
UNG_boot.88	3.07E-02	1.04E-01	6.46E-02	0.00E+00	6.37E-02	5.69E-02
UNG_boot.89	2.55E-02	9.91E-02	6.17E-02	0.00E+00	5.83E-02	4.73E-02
UNG_boot.90	2.59E-02	1.07E-01	6.27E-02	2.10E-84	6.13E-02	5.07E-02
UNG_boot.91	2.87E-02	9.97E-02	6.27E-02	0.00E+00	6.09E-02	5.09E-02
UNG_boot.92	2.59E-02	1.03E-01	6.30E-02	0.00E+00	6.06E-02	4.81E-02
UNG_boot.93	2.80E-02	1.00E-01	6.25E-02	0.00E+00	5.92E-02	5.89E-02
UNG_boot.94	2.65E-02	9.26E-02	5.83E-02	0.00E+00	5.31E-02	5.28E-02
UNG_boot.95	2.95E-02	9.94E-02	6.16E-02	0.00E+00	5.90E-02	5.28E-02
UNG_boot.96	2.60E-02	9.19E-02	5.82E-02	0.00E+00	5.25E-02	4.98E-02
UNG_boot.97	2.29E-02	9.94E-02	6.20E-02	0.00E+00	5.74E-02	4.36E-02
UNG_boot.98	2.73E-02	9.75E-02	6.10E-02	0.00E+00	5.67E-02	5.34E-02
UNG_boot.99	2.51E-02	9.44E-02	5.84E-02	0.00E+00	5.33E-02	5.62E-02
UNG_boot.100	2.02E-02	9.73E-02	6.18E-02	0.00E+00	5.36E-02	4.01E-02
UNG_boot.101	2.68E-02	9.86E-02	6.05E-02	0.00E+00	5.79E-02	4.95E-02
UNG_boot.102	2.77E-02	1.03E-01	6.19E-02	1.54E-124	6.09E-02	4.54E-02
UNG_boot.103	2.83E-02	1.01E-01	6.31E-02	3.24E-95	6.12E-02	5.12E-02
UNG_boot.104	3.04E-02	1.04E-01	6.33E-02	0.00E+00	6.40E-02	4.76E-02
UNG_boot.105	2.49E-02	1.02E-01	6.33E-02	0.00E+00	6.12E-02	4.65E-02
UNG_boot.106	1.92E-02	8.22E-02	5.34E-02	0.00E+00	4.49E-02	4.92E-02
UNG_boot.107	2.92E-02	1.01E-01	6.36E-02	0.00E+00	5.97E-02	5.35E-02
UNG_boot.108	2.39E-02	9.47E-02	5.72E-02	0.00E+00	5.30E-02	5.58E-02
UNG_boot.109	2.02E-02	8.21E-02	5.19E-02	0.00E+00	4.64E-02	5.12E-02
UNG_boot.110	2.52E-02	1.06E-01	6.41E-02	0.00E+00	6.09E-02	4.88E-02
UNG_boot.111	2.48E-02	9.64E-02	5.81E-02	2.36E-153	5.39E-02	5.73E-02
UNG_boot.112	3.05E-02	1.04E-01	6.41E-02	0.00E+00	6.25E-02	5.66E-02
UNG_boot.113	2.77E-02	9.38E-02	5.97E-02	0.00E+00	5.65E-02	4.97E-02
UNG_boot.114	2.13E-02	8.63E-02	5.58E-02	0.00E+00	5.12E-02	5.14E-02
UNG_boot.115	2.27E-02	9.17E-02	5.66E-02	0.00E+00	5.46E-02	5.08E-02
UNG_boot.116	2.30E-02	8.80E-02	5.79E-02	0.00E+00	5.23E-02	5.34E-02
UNG_boot.117	2.77E-02	9.13E-02	5.97E-02	0.00E+00	5.56E-02	5.81E-02
UNG_boot.118	2.63E-02	9.36E-02	6.04E-02	0.00E+00	5.60E-02	5.01E-02
UNG_boot.119	2.60E-02	9.08E-02	5.94E-02	0.00E+00	5.51E-02	6.04E-02
UNG_boot.120	2.13E-02	8.70E-02	5.44E-02	0.00E+00	5.09E-02	5.07E-02
UNG_boot.121	3.04E-02	9.49E-02	6.50E-02	0.00E+00	5.99E-02	5.10E-02
UNG_boot.122	3.03E-02	1.01E-01	6.34E-02	0.00E+00	6.18E-02	5.23E-02
UNG_boot.123	2.95E-02	9.67E-02	6.26E-02	0.00E+00	5.74E-02	6.25E-02
UNG_boot.124	2.65E-02	8.97E-02	5.87E-02	0.00E+00	5.47E-02	5.04E-02
UNG_boot.125	2.95E-02	1.05E-01	6.60E-02	0.00E+00	6.23E-02	5.15E-02
UNG_boot.126	2.84E-02	9.79E-02	6.36E-02	0.00E+00	6.15E-02	4.91E-02
UNG_boot.127	2.35E-02	8.52E-02	5.60E-02	0.00E+00	5.17E-02	5.46E-02
UNG_boot.128	2.09E-02	8.57E-02	5.30E-02	0.00E+00	4.96E-02	5.20E-02
UNG_boot.129	2.95E-02	1.13E-01	6.80E-02	0.00E+00	6.78E-02	4.54E-02
UNG_boot.130	2.02E-02	8.98E-02	5.60E-02	0.00E+00	5.34E-02	5.36E-02
UNG_boot.131	1.98E-02	8.72E-02	5.07E-02	0.00E+00	4.89E-02	5.25E-02
UNG_boot.132	2.86E-02	9.67E-02	6.16E-02	0.00E+00	5.79E-02	5.87E-02
UNG_boot.133	2.76E-02	9.10E-02	5.76E-02	0.00E+00	5.27E-02	6.23E-02
UNG_boot.134	2.75E-02	8.81E-02	6.03E-02	0.00E+00	5.36E-02	5.29E-02
UNG_boot.135	2.61E-02	9.26E-02	6.03E-02	0.00E+00	5.52E-02	5.16E-02
UNG_boot.136	3.10E-02	1.01E-01	6.59E-02	0.00E+00	6.08E-02	5.16E-02
UNG_boot.137	2.74E-02	9.01E-02	5.94E-02	0.00E+00	5.83E-02	5.15E-02
UNG_boot.138	2.78E-02	8.90E-02	6.00E-02	0.00E+00	5.47E-02	6.06E-02
UNG_boot.139	2.48E-02	9.52E-02	5.66E-02	4.58E-101	5.41E-02	5.28E-02
UNG_boot.140	2.12E-02	8.36E-02	5.29E-02	0.00E+00	4.91E-02	5.05E-02
UNG_boot.141	2.99E-02	1.01E-01	6.36E-02	0.00E+00	6.12E-02	5.55E-02
UNG_boot.142	2.31E-02	9.21E-02	5.81E-02	0.00E+00	5.28E-02	5.70E-02
UNG_boot.143	2.09E-02	9.18E-02	5.46E-02	0.00E+00	5.33E-02	5.29E-02
UNG_boot.144	2.03E-02	8.82E-02	5.74E-02	0.00E+00	5.08E-02	5.14E-02
UNG_boot.145	2.69E-02	9.41E-02	5.99E-02	0.00E+00	5.73E-02	5.14E-02
UNG_boot.146	2.81E-02	9.93E-02	6.35E-02	0.00E+00	6.07E-02	5.06E-02
UNG_boot.147	3.19E-02	1.03E-01	6.60E-02	0.00E+00	6.49E-02	5.99E-02
UNG_boot.148	2.80E-02	8.98E-02	6.11E-02	0.00E+00	5.58E-02	5.73E-02
UNG_boot.149	3.06E-02	9.47E-02	6.47E-02	0.00E+00	6.12E-02	6.15E-02
UNG_boot.150	2.94E-02	9.65E-02	6.16E-02	0.00E+00	6.04E-02	4.88E-02
UNG_boot.151	2.82E-02	1.10E-01	6.37E-02	3.80E-04	6.12E-02	4.91E-02
UNG_boot.152	5.65E-02	1.05E-01	5.83E-02	1.17E-01	4.93E-02	4.00E-02
UNG_boot.153	6.39E-02	1.00E-01	4.13E-02	1.10E-01	4.61E-02	6.79E-02
UNG_boot.154	7.59E-02	1.09E-01	4.31E-02	1.08E-01	4.42E-02	8.06E-02
UNG_real	4.07E-01	1.02E-01	5.29E-02	6.68E-02	7.58E-02	5.68E-02
UNG_real.1	6.45E-03	8.31E-02	7.51E-02	8.57E-02	6.97E-02	6.59E-02
UNG_real.2	1.36E-02	1.15E-01	5.68E-02	8.85E-02	9.16E-03	6.80E-02
ATP2B4_boot	5.48E-02	1.56E-01	2.54E-02	1.15E-01	4.38E-02	8.94E-02
ATP2B4_boot.1	5.84E-02	1.18E-01	2.68E-02	1.18E-01	6.11E-02	1.14E-01
ATP2B4_boot.2	2.27E-02	8.68E-02	5.96E-02	1.03E-01	8.06E-02	7.74E-02
ATP2B4_boot.3	5.99E-02	1.07E-01	4.57E-02	8.08E-02	9.58E-02	8.26E-02
ATP2B4_boot.4	3.18E-02	1.03E-01	5.68E-02	9.22E-02	3.08E-02	9.16E-02
ATP2B4_boot.5	7.35E-02	1.13E-01	3.85E-02	1.29E-01	5.66E-02	6.33E-02
ATP2B4_boot.6	7.36E-02	1.31E-01	3.39E-02	1.25E-01	5.69E-02	6.61E-02
ATP2B4_boot.7	3.00E-02	8.49E-02	4.97E-02	1.10E-01	8.23E-02	9.61E-02
ATP2B4_boot.8	5.74E-02	1.18E-01	2.74E-02	1.22E-01	5.72E-02	1.09E-01
ATP2B4_boot.9	3.58E-02	9.69E-02	4.35E-02	9.36E-02	2.91E-02	9.16E-02
ATP2B4_boot.10	2.53E-02	9.05E-02	7.84E-02	1.15E-01	8.80E-02	8.92E-02
ATP2B4_boot.11	5.54E-02	1.19E-01	2.72E-02	1.18E-01	5.35E-02	9.71E-02
ATP2B4_boot.12	3.24E-02	8.90E-02	5.49E-02	1.20E-01	9.09E-02	1.00E-01
ATP2B4_boot.13	2.69E-02	9.09E-02	5.14E-02	1.18E-01	8.66E-02	9.32E-02
ATP2B4_boot.14	2.38E-02	9.57E-02	5.83E-02	1.18E-01	8.84E-02	8.56E-02
ATP2B4_boot.15	2.90E-02	8.94E-02	5.03E-02	1.10E-01	8.45E-02	1.02E-01
ATP2B4_boot.16	2.59E-02	8.99E-02	5.16E-02	1.13E-01	8.71E-02	9.66E-02
ATP2B4_boot.17	6.49E-02	1.09E-01	4.23E-02	1.20E-01	5.35E-02	5.84E-02
ATP2B4_boot.18	2.49E-02	9.20E-02	5.57E-02	1.16E-01	8.53E-02	8.60E-02
ATP2B4_boot.19	2.31E-02	8.86E-02	5.64E-02	1.08E-01	8.13E-02	8.03E-02
ATP2B4_boot.20	6.94E-02	1.14E-01	4.41E-02	1.24E-01	5.67E-02	6.43E-02
ATP2B4_boot.21	5.68E-02	1.14E-01	4.44E-02	8.38E-02	9.44E-02	8.02E-02
ATP2B4_boot.22	5.80E-02	1.07E-01	4.32E-02	7.70E-02	9.07E-02	7.69E-02
ATP2B4_boot.23	3.25E-02	9.36E-02	5.25E-02	1.19E-01	8.97E-02	1.14E-01
ATP2B4_boot.24	5.03E-02	1.09E-01	4.46E-02	7.60E-02	8.65E-02	7.08E-02
ATP2B4_boot.25	5.53E-02	1.23E-01	2.54E-02	1.28E-01	5.79E-02	1.08E-01
ATP2B4_boot.26	5.59E-02	1.23E-01	2.92E-02	1.19E-01	5.42E-02	1.06E-01
ATP2B4_boot.27	5.67E-02	1.25E-01	3.35E-02	1.22E-01	5.53E-02	1.07E-01
ATP2B4_boot.28	5.50E-02	1.25E-01	3.15E-02	1.31E-01	6.03E-02	1.16E-01
ATP2B4_boot.29	4.76E-02	1.11E-01	4.50E-02	7.70E-02	8.28E-02	6.74E-02
ATP2B4_boot.30	5.20E-02	1.08E-01	4.76E-02	7.78E-02	8.77E-02	7.19E-02
ATP2B4_boot.31	5.75E-02	1.16E-01	4.59E-02	8.75E-02	1.01E-01	8.52E-02
ATP2B4_boot.32	5.37E-02	1.07E-01	4.53E-02	7.67E-02	8.94E-02	7.29E-02
ATP2B4_boot.33	5.46E-02	1.17E-01	2.74E-02	1.14E-01	5.15E-02	9.06E-02
ATP2B4_boot.34	3.92E-02	9.97E-02	5.28E-02	1.08E-01	3.68E-02	1.00E-01
ATP2B4_boot.35	5.77E-02	1.03E-01	4.55E-02	8.49E-02	9.53E-02	7.80E-02
ATP2B4_boot.36	5.61E-02	1.17E-01	2.71E-02	1.16E-01	4.98E-02	9.40E-02
ATP2B4_boot.37	2.60E-02	9.50E-02	5.26E-02	1.15E-01	8.14E-02	8.29E-02
ATP2B4_boot.38	6.00E-02	9.75E-02	3.38E-02	1.05E-01	5.06E-02	5.05E-02
ATP2B4_boot.39	2.53E-02	9.02E-02	5.54E-02	1.13E-01	8.63E-02	9.21E-02
ATP2B4_boot.40	2.63E-02	9.08E-02	8.74E-02	1.13E-01	8.64E-02	9.82E-02
ATP2B4_boot.41	3.29E-02	9.50E-02	4.22E-02	9.70E-02	3.31E-02	9.61E-02
ATP2B4_boot.42	5.88E-02	1.04E-01	4.05E-02	8.12E-02	9.54E-02	8.09E-02
ATP2B4_boot.43	7.49E-02	1.22E-01	3.29E-02	1.33E-01	5.80E-02	6.86E-02
ATP2B4_boot.44	2.46E-02	9.16E-02	7.78E-02	1.16E-01	8.74E-02	8.40E-02
ATP2B4_boot.45	5.48E-02	1.05E-01	4.31E-02	7.44E-02	8.82E-02	7.19E-02
ATP2B4_boot.46	5.74E-02	1.02E-01	4.38E-02	7.52E-02	8.89E-02	7.44E-02
ATP2B4_boot.47	5.70E-02	1.20E-01	4.82E-02	8.03E-02	9.83E-02	7.79E-02
ATP2B4_boot.48	5.68E-02	1.27E-01	3.27E-02	1.24E-01	5.71E-02	1.11E-01
ATP2B4_boot.49	2.31E-02	8.83E-02	5.67E-02	1.08E-01	8.39E-02	8.36E-02
ATP2B4_boot.50	5.83E-02	1.03E-01	4.12E-02	7.89E-02	9.29E-02	7.89E-02
ATP2B4_boot.51	3.02E-02	8.61E-02	4.09E-02	8.97E-02	2.39E-02	8.32E-02
ATP2B4_boot.52	5.53E-02	1.15E-01	2.90E-02	1.14E-01	5.00E-02	9.27E-02
ATP2B4_boot.53	2.29E-02	9.10E-02	5.57E-02	1.13E-01	8.66E-02	8.69E-02
ATP2B4_boot.54	2.45E-02	9.06E-02	5.54E-02	1.14E-01	8.28E-02	8.59E-02
ATP2B4_boot.55	5.84E-02	1.15E-01	7.69E-02	8.50E-02	1.03E-01	8.39E-02
ATP2B4_boot.56	7.34E-02	1.16E-01	3.57E-02	1.30E-01	5.55E-02	6.55E-02
ATP2B4_boot.57	7.83E-02	1.24E-01	3.25E-02	1.30E-01	5.74E-02	7.19E-02
ATP2B4_boot.58	7.29E-02	1.14E-01	3.39E-02	1.29E-01	5.56E-02	6.53E-02
ATP2B4_boot.59	2.52E-02	8.59E-02	5.19E-02	1.04E-01	8.10E-02	8.68E-02
ATP2B4_boot.60	3.17E-02	9.24E-02	5.46E-02	1.18E-01	9.03E-02	1.07E-01
ATP2B4_boot.61	3.12E-02	9.92E-02	4.44E-02	9.46E-02	2.89E-02	8.85E-02
ATP2B4_boot.62	3.31E-02	9.73E-02	5.10E-02	8.90E-02	2.68E-02	9.14E-02
ATP2B4_boot.63	2.30E-02	8.63E-02	5.50E-02	9.91E-02	7.80E-02	7.94E-02
ATP2B4_boot.64	5.51E-02	1.07E-01	4.22E-02	7.97E-02	8.94E-02	7.56E-02
ATP2B4_boot.65	6.12E-02	1.01E-01	4.57E-02	1.09E-01	5.23E-02	5.45E-02
ATP2B4_boot.66	5.25E-02	1.12E-01	4.75E-02	7.97E-02	8.97E-02	7.12E-02
ATP2B4_boot.67	4.23E-02	1.04E-01	5.58E-02	1.02E-01	3.89E-02	1.12E-01
ATP2B4_boot.68	4.10E-02	1.04E-01	5.37E-02	1.01E-01	3.48E-02	1.08E-01
ATP2B4_boot.69	5.67E-02	1.18E-01	2.64E-02	1.17E-01	5.22E-02	9.88E-02
ATP2B4_boot.70	2.32E-02	9.25E-02	5.63E-02	1.16E-01	8.81E-02	8.79E-02
ATP2B4_boot.71	3.28E-02	9.89E-02	4.11E-02	9.06E-02	3.53E-02	9.05E-02
ATP2B4_boot.72	6.72E-02	1.08E-01	3.29E-02	1.20E-01	5.61E-02	5.99E-02
ATP2B4_boot.73	7.82E-02	1.19E-01	3.85E-02	1.30E-01	5.94E-02	6.76E-02
ATP2B4_boot.74	4.09E-02	9.50E-02	5.03E-02	1.07E-01	3.44E-02	1.04E-01
ATP2B4_boot.75	3.23E-02	9.79E-02	5.42E-02	8.67E-02	2.56E-02	8.74E-02
ATP2B4_boot.76	5.77E-02	1.05E-01	4.24E-02	8.03E-02	9.58E-02	7.99E-02
ATP2B4_boot.77	2.97E-02	8.94E-02	5.06E-02	1.10E-01	8.45E-02	1.04E-01
ATP2B4_boot.78	5.74E-02	1.03E-01	4.17E-02	8.18E-02	9.46E-02	7.94E-02
ATP2B4_boot.79	5.61E-02	1.24E-01	3.51E-02	1.21E-01	5.42E-02	1.04E-01
ATP2B4_boot.80	2.28E-02	8.72E-02	5.30E-02	1.05E-01	8.00E-02	8.36E-02
ATP2B4_boot.81	3.01E-02	9.37E-02	5.41E-02	1.17E-01	9.03E-02	1.05E-01
ATP2B4_boot.82	5.67E-02	1.10E-01	4.55E-02	8.42E-02	9.12E-02	7.65E-02
ATP2B4_boot.83	6.78E-02	1.06E-01	3.53E-02	1.16E-01	5.80E-02	5.84E-02
ATP2B4_boot.84	3.57E-02	9.52E-02	4.94E-02	8.93E-02	2.35E-02	9.22E-02
ATP2B4_boot.85	2.18E-02	8.72E-02	5.72E-02	1.04E-01	8.03E-02	7.81E-02
ATP2B4_boot.86	2.79E-02	8.81E-02	5.40E-02	9.85E-02	7.81E-02	8.15E-02
ATP2B4_boot.87	3.22E-02	9.08E-02	5.37E-02	1.23E-01	9.22E-02	1.05E-01
ATP2B4_boot.88	8.76E-02	6.40E-02	3.32E-02	5.56E-02	3.16E-02	1.08E-01
ATP2B4_boot.89	6.22E-02	8.73E-02	4.85E-02	1.64E-06	8.35E-02	5.91E-02
ATP2B4_boot.90	7.10E-02	7.64E-02	4.93E-02	5.44E-02	5.17E-02	8.87E-02
ATP2B4_boot.91	5.03E-02	5.81E-02	2.62E-02	6.91E-02	7.63E-02	6.82E-02
ATP2B4_boot.92	3.93E-02	8.21E-02	1.34E-01	3.01E-02	3.84E-02	2.45E-02
ATP2B4_boot.93	2.73E-02	9.25E-02	6.73E-02	3.00E-02	3.48E-02	4.45E-02
ATP2B4_boot.94	5.86E-02	1.22E-01	2.67E-02	1.36E-01	7.43E-02	1.20E-01
ATP2B4_boot.95	5.67E-02	1.11E-01	4.57E-02	8.09E-02	9.27E-02	7.58E-02
ATP2B4_boot.96	2.37E-02	8.96E-02	5.64E-02	1.11E-01	8.59E-02	8.58E-02
ATP2B4_boot.97	2.48E-02	9.22E-02	5.48E-02	1.20E-01	9.00E-02	9.07E-02
ATP2B4_boot.98	6.61E-02	1.10E-01	3.91E-02	1.24E-01	5.49E-02	6.34E-02
ATP2B4_boot.99	3.22E-02	9.29E-02	3.97E-02	9.34E-02	3.39E-02	8.91E-02
ATP2B4_boot.100	6.20E-02	8.62E-02	5.04E-02	0.00E+00	8.45E-02	5.76E-02
ATP2B4_boot.101	5.18E-02	5.89E-02	2.90E-02	7.11E-02	8.51E-02	7.72E-02
ATP2B4_boot.102	5.01E-02	5.73E-02	2.63E-02	6.79E-02	7.79E-02	6.98E-02
ATP2B4_boot.103	6.09E-02	8.67E-02	4.99E-02	2.67E-42	8.16E-02	5.75E-02
ATP2B4_boot.104	5.08E-02	5.83E-02	2.60E-02	6.93E-02	7.88E-02	7.10E-02
ATP2B4_boot.105	4.98E-02	5.78E-02	2.49E-02	6.79E-02	7.66E-02	6.82E-02
ATP2B4_boot.106	4.87E-02	5.63E-02	2.44E-02	6.81E-02	7.67E-02	7.14E-02
ATP2B4_boot.107	5.07E-02	5.70E-02	2.71E-02	6.84E-02	7.91E-02	7.20E-02
ATP2B4_boot.108	4.81E-02	5.63E-02	2.53E-02	6.61E-02	7.40E-02	6.57E-02
ATP2B4_boot.109	5.01E-02	5.78E-02	2.60E-02	6.79E-02	7.64E-02	6.88E-02
ATP2B4_boot.110	5.23E-02	5.85E-02	2.66E-02	7.00E-02	8.10E-02	7.70E-02
ATP2B4_boot.111	5.65E-02	8.32E-02	5.18E-02	5.49E-03	8.11E-02	5.58E-02
ATP2B4_boot.112	6.08E-02	8.76E-02	5.21E-02	2.63E-38	8.15E-02	5.62E-02
ATP2B4_boot.113	5.44E-02	5.93E-02	2.87E-02	7.05E-02	8.17E-02	7.50E-02
ATP2B4_boot.114	5.72E-02	8.51E-02	5.00E-02	0.00E+00	8.30E-02	5.84E-02
ATP2B4_boot.115	5.43E-02	8.23E-02	5.50E-02	5.21E-90	7.86E-02	5.64E-02
ATP2B4_boot.116	5.84E-02	8.71E-02	5.12E-02	8.13E-42	8.22E-02	5.98E-02
ATP2B4_boot.117	5.57E-02	8.23E-02	5.52E-02	0.00E+00	7.76E-02	5.72E-02
ATP2B4_boot.118	6.00E-02	9.19E-02	4.81E-02	0.00E+00	8.48E-02	5.86E-02
ATP2B4_boot.119	4.93E-02	5.82E-02	3.27E-02	7.18E-02	8.80E-02	7.45E-02
ATP2B4_boot.120	6.35E-02	8.86E-02	4.95E-02	2.06E-38	8.36E-02	5.79E-02
ATP2B4_boot.121	4.90E-02	5.70E-02	2.90E-02	6.81E-02	7.72E-02	7.15E-02
ATP2B4_boot.122	5.29E-02	5.89E-02	2.75E-02	7.03E-02	8.29E-02	7.71E-02
ATP2B4_boot.123	5.40E-02	7.91E-02	5.67E-02	3.76E-43	8.08E-02	5.27E-02
ATP2B4_boot.124	5.66E-02	7.97E-02	5.60E-02	4.58E-03	7.85E-02	5.42E-02
ATP2B4_boot.125	4.63E-02	5.52E-02	2.38E-02	6.61E-02	7.42E-02	6.56E-02
ATP2B4_boot.126	5.06E-02	5.76E-02	2.49E-02	6.82E-02	7.77E-02	7.10E-02
ATP2B4_boot.127	5.36E-02	5.99E-02	3.57E-02	7.19E-02	9.19E-02	7.42E-02
ATP2B4_boot.128	4.64E-02	5.58E-02	2.36E-02	6.74E-02	7.65E-02	6.77E-02
ATP2B4_boot.129	6.60E-02	8.90E-02	4.98E-02	8.90E-39	8.63E-02	5.89E-02
ATP2B4_boot.130	5.35E-02	5.91E-02	2.86E-02	7.10E-02	8.10E-02	7.56E-02
ATP2B4_boot.131	5.95E-02	8.39E-02	5.02E-02	0.00E+00	8.05E-02	5.76E-02
ATP2B4_boot.132	4.95E-02	5.70E-02	3.21E-02	6.98E-02	8.12E-02	6.83E-02
ATP2B4_boot.133	5.29E-02	8.16E-02	5.24E-02	4.88E-65	8.06E-02	5.67E-02
ATP2B4_boot.134	5.25E-02	5.92E-02	2.71E-02	7.06E-02	8.18E-02	7.78E-02
ATP2B4_boot.135	4.60E-02	5.58E-02	2.36E-02	6.79E-02	7.73E-02	6.70E-02
ATP2B4_boot.136	6.46E-02	8.63E-02	4.74E-02	2.81E-51	8.39E-02	5.96E-02
ATP2B4_boot.137	5.04E-02	5.79E-02	3.40E-02	7.04E-02	8.82E-02	7.07E-02
ATP2B4_boot.138	5.01E-02	5.70E-02	2.92E-02	6.85E-02	8.06E-02	7.16E-02
ATP2B4_boot.139	6.09E-02	8.43E-02	5.63E-02	7.57E-03	8.12E-02	5.58E-02
ATP2B4_boot.140	6.38E-02	8.76E-02	4.77E-02	5.71E-38	8.41E-02	5.91E-02
ATP2B4_boot.141	5.23E-02	5.82E-02	2.52E-02	6.90E-02	7.87E-02	7.72E-02
ATP2B4_boot.142	5.64E-02	8.14E-02	5.88E-02	1.06E-02	7.89E-02	5.27E-02
ATP2B4_boot.143	4.92E-02	5.73E-02	2.54E-02	6.76E-02	7.52E-02	6.81E-02
ATP2B4_boot.144	5.05E-02	5.77E-02	2.81E-02	6.97E-02	8.23E-02	7.67E-02
ATP2B4_boot.145	5.20E-02	5.85E-02	2.53E-02	6.97E-02	8.03E-02	7.40E-02
ATP2B4_boot.146	4.74E-02	5.68E-02	2.42E-02	6.73E-02	7.52E-02	6.59E-02
ATP2B4_boot.147	4.83E-02	5.62E-02	2.55E-02	6.61E-02	7.39E-02	6.70E-02
ATP2B4_boot.148	5.74E-02	8.19E-02	5.84E-02	1.04E-02	7.97E-02	5.26E-02
ATP2B4_boot.149	4.90E-02	5.69E-02	2.67E-02	6.73E-02	7.53E-02	6.76E-02
ATP2B4_boot.150	5.68E-02	7.94E-02	5.68E-02	5.24E-03	7.75E-02	5.41E-02
ATP2B4_boot.151	5.27E-02	5.88E-02	2.80E-02	7.01E-02	8.07E-02	7.59E-02
ATP2B4_boot.152	4.86E-02	5.63E-02	2.54E-02	6.67E-02	7.42E-02	6.77E-02
ATP2B4_boot.153	5.22E-02	5.84E-02	2.58E-02	6.93E-02	7.72E-02	7.62E-02
ATP2B4_boot.154	5.27E-02	5.90E-02	3.03E-02	6.85E-02	7.66E-02	7.37E-02
ATP2B4_boot.155	5.97E-02	8.39E-02	5.60E-02	9.52E-03	8.16E-02	5.46E-02
ATP2B4_boot.156	4.85E-02	5.85E-02	3.33E-02	7.25E-02	8.62E-02	7.34E-02
ATP2B4_boot.157	5.88E-02	8.51E-02	4.70E-02	6.38E-57	8.29E-02	6.02E-02
ATP2B4_boot.158	5.94E-02	9.00E-02	5.05E-02	3.81E-33	8.29E-02	5.66E-02
ATP2B4_boot.159	5.24E-02	5.86E-02	3.49E-02	7.08E-02	8.30E-02	7.23E-02
ATP2B4_boot.160	4.73E-02	5.51E-02	2.71E-02	6.56E-02	7.31E-02	6.48E-02
ATP2B4_boot.161	5.90E-02	8.91E-02	4.70E-02	2.29E-41	8.48E-02	6.04E-02
ATP2B4_boot.162	4.97E-02	5.68E-02	2.96E-02	6.82E-02	7.73E-02	7.06E-02
ATP2B4_boot.163	5.69E-02	8.66E-02	4.89E-02	1.20E-46	8.15E-02	5.91E-02
ATP2B4_boot.164	5.08E-02	5.78E-02	2.59E-02	6.82E-02	7.82E-02	7.35E-02
ATP2B4_boot.165	6.08E-02	8.52E-02	5.16E-02	0.00E+00	8.49E-02	5.62E-02
ATP2B4_boot.166	6.18E-02	8.84E-02	5.11E-02	1.77E-39	8.31E-02	5.78E-02
ATP2B4_boot.167	6.33E-02	8.60E-02	5.02E-02	1.73E-79	8.32E-02	5.91E-02
ATP2B4_boot.168	5.65E-02	8.52E-02	5.03E-02	0.00E+00	8.36E-02	5.79E-02
ATP2B4_boot.169	5.55E-02	8.29E-02	5.18E-02	0.00E+00	8.03E-02	5.73E-02
ATP2B4_boot.170	4.97E-02	5.70E-02	2.87E-02	6.77E-02	7.57E-02	7.09E-02
ATP2B4_boot.171	4.74E-02	5.61E-02	2.36E-02	6.75E-02	7.68E-02	6.87E-02
ATP2B4_boot.172	5.64E-02	8.48E-02	5.23E-02	0.00E+00	8.13E-02	5.71E-02
ATP2B4_boot.173	6.00E-02	8.59E-02	5.28E-02	5.72E-03	8.59E-02	5.40E-02
ATP2B4_boot.174	5.96E-02	8.65E-02	5.08E-02	2.84E-39	8.09E-02	5.65E-02
ATP2B4_boot.175	5.12E-02	5.80E-02	2.69E-02	6.95E-02	7.96E-02	7.34E-02
ATP2B4_boot.176	5.13E-02	5.76E-02	2.69E-02	6.81E-02	7.66E-02	7.29E-02
ATP2B4_boot.177	5.31E-02	7.88E-02	5.66E-02	0.00E+00	7.82E-02	5.49E-02
ATP2B4_boot.178	5.55E-02	5.99E-02	2.87E-02	7.29E-02	8.85E-02	8.11E-02
ATP2B4_boot.179	5.14E-02	7.90E-02	5.79E-02	2.63E-88	8.32E-02	5.22E-02
ATP2B4_boot.180	6.40E-02	8.94E-02	4.97E-02	6.51E-03	8.72E-02	5.84E-02
ATP2B4_boot.181	5.97E-02	6.40E-02	2.83E-02	7.16E-02	8.68E-02	8.61E-02
ATP2B4_boot.182	5.93E-02	8.80E-02	4.38E-02	4.52E-61	8.51E-02	6.13E-02
ATP2B4_boot.183	4.98E-02	5.69E-02	2.74E-02	6.77E-02	7.51E-02	7.21E-02
ATP2B4_boot.184	5.26E-02	5.84E-02	2.84E-02	7.08E-02	8.09E-02	7.33E-02
ATP2B4_boot.185	5.02E-02	5.78E-02	2.65E-02	6.90E-02	7.84E-02	7.10E-02
ATP2B4_boot.186	5.24E-02	5.97E-02	3.39E-02	6.92E-02	8.02E-02	7.39E-02
ATP2B4_boot.187	5.06E-02	6.02E-02	3.73E-02	7.25E-02	9.03E-02	7.25E-02
ATP2B4_boot.188	5.09E-02	5.76E-02	2.58E-02	6.81E-02	7.63E-02	7.34E-02
ATP2B4_boot.189	6.28E-02	8.97E-02	4.53E-02	3.61E-43	8.64E-02	5.99E-02
ATP2B4_boot.190	4.91E-02	5.65E-02	2.71E-02	6.76E-02	7.41E-02	6.86E-02
ATP2B4_boot.191	5.25E-02	5.87E-02	2.62E-02	7.05E-02	8.26E-02	7.97E-02
ATP2B4_boot.192	6.07E-02	8.92E-02	4.86E-02	1.34E-40	8.30E-02	5.74E-02
ATP2B4_boot.193	5.68E-02	8.34E-02	5.06E-02	0.00E+00	8.50E-02	5.90E-02
ATP2B4_boot.194	5.07E-02	5.85E-02	2.86E-02	6.93E-02	7.73E-02	7.29E-02
ATP2B4_boot.195	6.26E-02	8.45E-02	5.42E-02	6.70E-03	8.28E-02	5.68E-02
ATP2B4_boot.196	4.19E-02	7.85E-02	6.80E-02	9.19E-03	8.05E-02	4.62E-02
ATP2B4_boot.197	4.50E-02	5.38E-02	2.84E-02	6.29E-02	7.11E-02	5.77E-02
ATP2B4_boot.198	7.17E-02	9.48E-02	5.16E-02	5.57E-02	5.11E-02	9.68E-02
ATP2B4_boot.199	6.86E-02	6.96E-02	4.06E-02	4.17E-02	4.30E-02	9.76E-02
ATP2B4_boot.200	7.42E-02	6.28E-02	4.99E-02	3.30E-02	4.75E-02	1.05E-01
ATP2B4_boot.201	7.67E-02	8.34E-02	4.87E-02	4.23E-02	5.93E-02	1.00E-01
ATP2B4_boot.202	7.55E-02	7.88E-02	4.73E-02	3.81E-02	5.42E-02	1.12E-01
ATP2B4_boot.203	6.12E-02	6.73E-02	4.00E-02	2.81E-02	4.19E-02	9.07E-02
ATP2B4_boot.204	7.36E-02	1.04E-01	5.55E-02	5.89E-02	6.33E-02	8.87E-02
ATP2B4_boot.205	7.86E-02	8.16E-02	4.75E-02	3.77E-02	5.45E-02	1.21E-01
ATP2B4_boot.206	7.78E-02	7.77E-02	4.99E-02	3.58E-02	5.87E-02	1.16E-01
ATP2B4_boot.207	7.90E-02	8.51E-02	5.20E-02	4.01E-02	5.92E-02	1.13E-01
ATP2B4_boot.208	5.38E-02	6.66E-02	4.64E-02	3.13E-02	4.16E-02	8.70E-02
ATP2B4_boot.209	7.05E-02	6.87E-02	4.40E-02	2.55E-02	4.65E-02	9.97E-02
ATP2B4_boot.210	7.46E-02	7.67E-02	5.21E-02	3.56E-02	5.63E-02	1.11E-01
ATP2B4_boot.211	7.11E-02	7.02E-02	4.06E-02	2.85E-02	4.64E-02	9.69E-02
ATP2B4_boot.212	7.74E-02	8.77E-02	5.05E-02	5.55E-02	5.08E-02	1.02E-01
ATP2B4_boot.213	8.17E-02	7.50E-02	4.64E-02	5.63E-02	5.84E-02	9.46E-02
ATP2B4_boot.214	8.16E-02	9.14E-02	5.74E-02	4.01E-02	6.66E-02	1.20E-01
ATP2B4_boot.215	7.05E-02	6.95E-02	3.90E-02	3.59E-02	4.25E-02	9.75E-02
ATP2B4_boot.216	6.31E-02	6.59E-02	4.86E-02	2.67E-02	5.08E-02	9.93E-02
ATP2B4_boot.217	7.79E-02	1.11E-01	5.63E-02	4.90E-02	7.92E-02	9.70E-02
ATP2B4_boot.218	6.25E-02	6.60E-02	4.87E-02	3.19E-02	4.82E-02	9.35E-02
ATP2B4_boot.219	8.47E-02	9.68E-02	5.33E-02	5.13E-02	6.63E-02	1.14E-01
ATP2B4_boot.220	8.35E-02	8.74E-02	4.73E-02	3.97E-02	6.15E-02	1.25E-01
ATP2B4_boot.221	7.37E-02	6.73E-02	3.71E-02	2.79E-02	4.16E-02	9.98E-02
ATP2B4_boot.222	7.43E-02	8.21E-02	4.91E-02	3.71E-02	5.83E-02	9.96E-02
ATP2B4_boot.223	7.70E-02	8.95E-02	4.88E-02	5.17E-02	6.22E-02	1.00E-01
ATP2B4_boot.224	7.29E-02	7.43E-02	4.68E-02	3.92E-02	4.49E-02	1.05E-01
ATP2B4_boot.225	7.24E-02	7.81E-02	4.86E-02	4.88E-02	4.66E-02	9.95E-02
ATP2B4_boot.226	7.82E-02	8.77E-02	5.10E-02	4.07E-02	5.89E-02	1.20E-01
ATP2B4_boot.227	6.58E-02	6.70E-02	4.05E-02	2.56E-02	4.30E-02	9.38E-02
ATP2B4_boot.228	7.89E-02	9.54E-02	5.26E-02	4.09E-02	6.46E-02	1.10E-01
ATP2B4_boot.229	8.02E-02	9.32E-02	5.13E-02	4.20E-02	6.32E-02	1.10E-01
ATP2B4_boot.230	7.49E-02	7.04E-02	5.07E-02	3.44E-02	4.88E-02	1.08E-01
ATP2B4_boot.231	8.10E-02	9.08E-02	4.95E-02	4.88E-02	6.08E-02	1.14E-01
ATP2B4_boot.232	6.91E-02	7.16E-02	4.65E-02	3.24E-02	4.32E-02	1.02E-01
ATP2B4_boot.233	6.28E-02	7.20E-02	4.48E-02	3.14E-02	4.12E-02	9.56E-02
ATP2B4_boot.234	7.17E-02	6.97E-02	4.29E-02	4.51E-02	4.76E-02	9.67E-02
ATP2B4_boot.235	7.48E-02	7.27E-02	4.49E-02	4.56E-02	5.35E-02	1.01E-01
ATP2B4_boot.236	8.61E-02	7.63E-02	4.45E-02	5.38E-02	4.62E-02	1.18E-01
ATP2B4_boot.237	8.89E-02	8.71E-02	4.62E-02	4.37E-02	6.22E-02	1.23E-01
ATP2B4_boot.238	7.25E-02	6.80E-02	4.11E-02	2.94E-02	4.46E-02	1.01E-01
ATP2B4_boot.239	8.13E-02	8.89E-02	5.21E-02	3.76E-02	6.54E-02	1.16E-01
ATP2B4_boot.240	8.24E-02	7.66E-02	5.26E-02	4.49E-02	6.26E-02	9.57E-02
ATP2B4_boot.241	7.77E-02	8.15E-02	4.88E-02	3.76E-02	5.84E-02	1.16E-01
ATP2B4_boot.242	7.13E-02	8.35E-02	4.90E-02	4.38E-02	5.02E-02	1.01E-01
ATP2B4_boot.243	7.92E-02	9.59E-02	5.21E-02	4.86E-02	6.66E-02	1.03E-01
ATP2B4_boot.244	7.73E-02	8.15E-02	4.85E-02	3.87E-02	5.75E-02	1.15E-01
ATP2B4_boot.245	7.24E-02	7.75E-02	4.74E-02	3.43E-02	5.82E-02	9.77E-02
ATP2B4_boot.246	6.59E-02	6.94E-02	4.34E-02	3.85E-02	4.63E-02	9.31E-02
ATP2B4_boot.247	8.02E-02	9.07E-02	5.10E-02	4.10E-02	6.15E-02	1.13E-01
ATP2B4_boot.248	7.73E-02	8.41E-02	5.39E-02	4.20E-02	5.36E-02	1.09E-01
ATP2B4_boot.249	7.76E-02	8.96E-02	5.12E-02	4.07E-02	5.88E-02	1.23E-01
ATP2B4_boot.250	7.48E-02	7.16E-02	4.71E-02	4.10E-02	5.79E-02	9.06E-02
ATP2B4_boot.251	7.76E-02	9.49E-02	5.60E-02	4.03E-02	6.47E-02	1.14E-01
ATP2B4_boot.252	7.66E-02	8.43E-02	4.87E-02	4.55E-02	4.88E-02	1.14E-01
ATP2B4_boot.253	7.52E-02	7.64E-02	5.30E-02	4.22E-02	6.30E-02	9.35E-02
ATP2B4_boot.254	8.61E-02	8.70E-02	4.90E-02	3.85E-02	6.38E-02	1.21E-01
ATP2B4_boot.255	7.43E-02	7.48E-02	4.52E-02	3.30E-02	5.50E-02	1.07E-01
ATP2B4_boot.256	7.82E-02	9.13E-02	5.19E-02	4.47E-02	5.68E-02	1.10E-01
ATP2B4_boot.257	5.98E-02	6.93E-02	4.40E-02	3.20E-02	4.26E-02	9.28E-02
ATP2B4_boot.258	8.04E-02	7.83E-02	4.62E-02	5.94E-02	4.79E-02	1.08E-01
ATP2B4_boot.259	6.83E-02	6.46E-02	4.07E-02	2.45E-02	4.19E-02	9.44E-02
ATP2B4_boot.260	5.95E-02	7.05E-02	4.69E-02	3.11E-02	4.34E-02	9.01E-02
ATP2B4_boot.261	8.28E-02	7.87E-02	4.35E-02	4.99E-02	5.19E-02	1.21E-01
ATP2B4_boot.262	5.44E-02	6.34E-02	4.33E-02	3.67E-02	4.58E-02	8.10E-02
ATP2B4_boot.263	7.09E-02	7.49E-02	5.06E-02	4.25E-02	4.75E-02	9.35E-02
ATP2B4_boot.264	8.10E-02	8.73E-02	4.84E-02	4.41E-02	5.78E-02	1.21E-01
ATP2B4_boot.265	8.08E-02	8.28E-02	4.61E-02	3.97E-02	5.57E-02	1.20E-01
ATP2B4_boot.266	7.93E-02	9.38E-02	5.09E-02	4.94E-02	5.58E-02	1.27E-01
ATP2B4_boot.267	6.70E-02	6.94E-02	4.63E-02	3.06E-02	5.67E-02	1.00E-01
ATP2B4_boot.268	6.42E-02	6.96E-02	4.45E-02	3.15E-02	4.39E-02	9.45E-02
ATP2B4_boot.269	8.52E-02	8.39E-02	5.30E-02	5.94E-02	6.80E-02	9.75E-02
ATP2B4_boot.270	7.41E-02	7.53E-02	4.45E-02	3.66E-02	4.45E-02	1.09E-01
ATP2B4_boot.271	7.42E-02	9.44E-02	4.96E-02	5.42E-02	5.00E-02	1.04E-01
ATP2B4_boot.272	7.60E-02	7.71E-02	4.75E-02	3.73E-02	5.87E-02	1.05E-01
ATP2B4_boot.273	8.11E-02	8.13E-02	5.13E-02	4.50E-02	5.99E-02	1.05E-01
ATP2B4_boot.274	8.34E-02	7.84E-02	4.56E-02	3.69E-02	5.84E-02	1.18E-01
ATP2B4_boot.275	7.20E-02	8.89E-02	5.19E-02	5.15E-02	5.19E-02	9.24E-02
ATP2B4_boot.276	8.71E-02	7.87E-02	4.99E-02	5.15E-02	5.08E-02	1.12E-01
ATP2B4_boot.277	8.40E-02	8.33E-02	4.97E-02	6.78E-02	4.93E-02	1.17E-01
ATP2B4_boot.278	6.77E-02	7.02E-02	4.26E-02	3.65E-02	4.60E-02	9.58E-02
ATP2B4_boot.279	8.68E-02	7.83E-02	4.66E-02	5.69E-02	5.02E-02	1.11E-01
ATP2B4_boot.280	6.66E-02	7.36E-02	4.83E-02	2.92E-02	4.96E-02	1.02E-01
ATP2B4_boot.281	7.03E-02	7.35E-02	4.61E-02	2.83E-02	4.98E-02	9.94E-02
ATP2B4_boot.282	6.35E-02	7.81E-02	4.63E-02	3.70E-02	4.51E-02	1.01E-01
ATP2B4_boot.283	7.82E-02	7.60E-02	4.90E-02	3.26E-02	5.36E-02	1.16E-01
ATP2B4_boot.284	7.81E-02	8.87E-02	4.99E-02	5.63E-02	4.91E-02	1.10E-01
ATP2B4_boot.285	7.73E-02	7.74E-02	4.77E-02	3.68E-02	5.68E-02	1.12E-01
ATP2B4_boot.286	6.24E-02	6.69E-02	4.86E-02	2.58E-02	4.92E-02	9.31E-02
ATP2B4_boot.287	6.95E-02	9.12E-02	5.48E-02	4.65E-02	5.83E-02	8.74E-02
ATP2B4_boot.288	7.30E-02	7.29E-02	5.39E-02	3.12E-02	6.46E-02	9.87E-02
ATP2B4_boot.289	7.59E-02	7.51E-02	4.45E-02	4.45E-02	4.77E-02	1.13E-01
ATP2B4_boot.290	7.48E-02	7.34E-02	4.65E-02	3.15E-02	4.67E-02	1.07E-01
ATP2B4_boot.291	7.11E-02	7.35E-02	4.53E-02	4.22E-02	5.23E-02	9.97E-02
ATP2B4_boot.292	8.80E-02	8.04E-02	4.79E-02	6.24E-02	5.58E-02	1.16E-01
ATP2B4_boot.293	7.80E-02	7.78E-02	4.63E-02	5.27E-02	5.41E-02	1.06E-01
ATP2B4_real	7.54E-02	7.24E-02	4.88E-02	5.09E-02	4.99E-02	9.66E-02
ATP2B4_real.1	7.96E-02	7.54E-02	4.73E-02	5.25E-02	5.29E-02	9.14E-02
ATP2B4_real.2	7.69E-02	7.38E-02	4.75E-02	4.84E-02	6.18E-02	9.06E-02
ATP2B4_real.3	3.91E-02	8.33E-02	1.49E-01	1.88E-02	4.51E-02	5.94E-02
ATP2B4_real.4	5.03E-02	1.12E-01	9.37E-02	1.83E-02	4.82E-02	3.20E-02
ATP2B4_real.5	5.05E-02	1.19E-01	1.10E-01	2.15E-02	5.32E-02	2.88E-02
EXO1_boot	1.16E-02	6.87E-02	6.99E-02	4.54E-03	2.29E-02	4.22E-02
EXO1_boot.1	1.20E-02	6.73E-02	4.99E-02	6.49E-03	2.48E-02	4.46E-02
EXO1_boot.2	9.78E-03	6.86E-02	4.68E-02	6.87E-03	2.30E-02	3.26E-02
EXO1_boot.3	1.08E-02	6.86E-02	5.29E-02	6.11E-03	2.38E-02	4.92E-02
EXO1_boot.4	1.23E-02	6.84E-02	5.29E-02	5.26E-03	2.43E-02	4.47E-02
EXO1_boot.5	1.10E-02	6.83E-02	5.25E-02	8.22E-03	2.53E-02	4.52E-02
EXO1_boot.6	1.03E-02	7.17E-02	6.61E-02	5.16E-03	2.22E-02	6.25E-02
EXO1_boot.7	1.19E-02	6.77E-02	5.66E-02	3.23E-03	2.34E-02	4.72E-02
EXO1_boot.8	1.06E-02	6.93E-02	5.16E-02	9.72E-03	2.47E-02	4.56E-02
EXO1_boot.9	1.17E-02	6.78E-02	4.99E-02	6.03E-03	2.50E-02	4.47E-02
EXO1_boot.10	1.22E-02	6.84E-02	5.30E-02	1.75E-03	2.24E-02	3.73E-02
EXO1_boot.11	9.86E-03	5.04E-02	6.73E-02	2.92E-03	2.16E-02	6.32E-02
EXO1_boot.12	1.06E-02	7.12E-02	5.97E-02	3.43E-03	2.28E-02	6.31E-02
EXO1_boot.13	1.04E-02	6.85E-02	5.14E-02	7.33E-03	2.34E-02	5.39E-02
EXO1_boot.14	1.10E-02	6.80E-02	5.17E-02	6.51E-03	2.44E-02	4.68E-02
EXO1_boot.15	1.11E-02	6.86E-02	5.46E-02	5.79E-03	2.41E-02	4.77E-02
EXO1_boot.16	1.17E-02	6.87E-02	4.99E-02	7.43E-03	2.50E-02	4.46E-02
EXO1_boot.17	1.09E-02	7.20E-02	6.23E-02	4.43E-03	2.28E-02	6.86E-02
EXO1_boot.18	1.34E-02	7.06E-02	6.44E-02	8.10E-03	2.44E-02	4.24E-02
EXO1_boot.19	1.18E-02	7.15E-02	6.24E-02	3.41E-03	2.22E-02	6.84E-02
EXO1_boot.20	9.18E-03	6.77E-02	4.47E-02	6.82E-03	2.27E-02	3.12E-02
EXO1_boot.21	1.08E-02	6.78E-02	5.14E-02	6.74E-03	2.43E-02	4.78E-02
EXO1_boot.22	1.04E-02	6.96E-02	6.93E-02	5.62E-03	2.28E-02	4.08E-02
EXO1_boot.23	9.66E-03	6.71E-02	4.56E-02	7.60E-03	2.46E-02	4.90E-02
EXO1_boot.24	1.13E-02	6.74E-02	4.87E-02	5.76E-03	2.46E-02	4.61E-02
EXO1_boot.25	1.14E-02	6.73E-02	5.39E-02	5.42E-03	2.44E-02	4.72E-02
EXO1_boot.26	1.21E-02	6.82E-02	5.48E-02	5.70E-03	2.35E-02	4.92E-02
EXO1_boot.27	1.07E-02	6.87E-02	4.53E-02	9.05E-03	2.54E-02	4.65E-02
EXO1_boot.28	1.13E-02	6.80E-02	5.30E-02	5.13E-03	2.33E-02	5.22E-02
EXO1_boot.29	1.33E-02	6.92E-02	6.51E-02	5.58E-03	2.32E-02	4.51E-02
EXO1_boot.30	1.30E-02	6.99E-02	5.88E-02	5.26E-03	2.29E-02	6.00E-02
EXO1_boot.31	1.17E-02	6.87E-02	5.09E-02	4.25E-03	2.32E-02	3.25E-02
EXO1_boot.32	1.06E-02	6.83E-02	5.16E-02	7.10E-03	2.39E-02	4.96E-02
EXO1_boot.33	1.02E-02	6.90E-02	6.58E-02	5.79E-03	2.31E-02	4.08E-02
EXO1_boot.34	1.06E-02	6.79E-02	4.85E-02	6.03E-03	2.46E-02	4.74E-02
EXO1_boot.35	1.13E-02	6.73E-02	5.56E-02	3.08E-03	2.29E-02	4.98E-02
EXO1_boot.36	1.04E-02	6.79E-02	4.98E-02	7.29E-03	2.48E-02	4.76E-02
EXO1_boot.37	1.26E-02	6.90E-02	4.85E-02	8.54E-03	2.53E-02	4.37E-02
EXO1_boot.38	9.63E-03	6.84E-02	4.47E-02	5.74E-03	2.39E-02	3.11E-02
EXO1_boot.39	1.15E-02	6.78E-02	5.33E-02	6.78E-03	2.43E-02	4.67E-02
EXO1_boot.40	1.08E-02	6.83E-02	5.10E-02	6.61E-03	2.40E-02	4.80E-02
EXO1_boot.41	1.18E-02	6.86E-02	5.80E-02	6.50E-03	2.37E-02	4.41E-02
EXO1_boot.42	1.02E-02	6.90E-02	6.16E-02	7.53E-03	2.33E-02	4.67E-02
EXO1_boot.43	1.25E-02	7.00E-02	7.32E-02	3.75E-03	2.26E-02	3.79E-02
EXO1_boot.44	1.33E-02	6.83E-02	4.45E-02	8.18E-03	2.59E-02	4.31E-02
EXO1_boot.45	1.30E-02	6.90E-02	7.31E-02	6.87E-03	2.32E-02	3.59E-02
EXO1_boot.46	1.49E-02	6.92E-02	6.09E-02	6.82E-03	2.33E-02	4.06E-02
EXO1_boot.47	1.55E-02	7.07E-02	7.49E-02	4.31E-03	2.39E-02	3.45E-02
EXO1_boot.48	1.57E-02	6.99E-02	6.10E-02	3.35E-03	2.32E-02	4.67E-02
EXO1_boot.49	1.42E-02	6.84E-02	5.00E-02	6.79E-03	2.53E-02	4.27E-02
EXO1_boot.50	1.41E-02	6.82E-02	5.78E-02	4.52E-03	2.38E-02	4.34E-02
EXO1_boot.51	1.36E-02	6.87E-02	6.68E-02	5.94E-03	2.36E-02	4.03E-02
EXO1_boot.52	1.47E-02	6.84E-02	5.68E-02	5.69E-03	2.42E-02	4.18E-02
EXO1_boot.53	1.57E-02	6.90E-02	5.55E-02	4.27E-03	2.51E-02	4.11E-02
EXO1_boot.54	1.45E-02	6.90E-02	4.67E-02	7.77E-03	2.58E-02	4.26E-02
EXO1_boot.55	1.66E-02	6.99E-02	6.14E-02	3.57E-03	2.47E-02	3.93E-02
EXO1_boot.56	1.21E-02	6.88E-02	6.90E-02	6.31E-03	2.26E-02	4.26E-02
EXO1_boot.57	1.37E-02	6.95E-02	5.61E-02	8.17E-03	2.42E-02	4.24E-02
EXO1_boot.58	1.27E-02	6.76E-02	5.39E-02	5.87E-03	2.38E-02	4.69E-02
EXO1_boot.59	1.42E-02	6.76E-02	6.53E-02	4.66E-03	2.34E-02	3.80E-02
EXO1_boot.60	1.26E-02	6.71E-02	5.32E-02	4.38E-03	2.33E-02	5.16E-02
EXO1_boot.61	1.47E-02	6.94E-02	6.66E-02	3.83E-03	2.39E-02	3.86E-02
EXO1_boot.62	1.30E-02	6.76E-02	5.25E-02	6.86E-03	2.40E-02	4.47E-02
EXO1_boot.63	1.53E-02	6.93E-02	5.90E-02	5.39E-03	2.46E-02	4.04E-02
EXO1_boot.64	1.51E-02	6.93E-02	5.09E-02	8.37E-03	2.56E-02	4.21E-02
EXO1_boot.65	1.23E-02	6.91E-02	6.82E-02	6.46E-03	2.34E-02	4.19E-02
EXO1_boot.66	1.30E-02	6.86E-02	5.23E-02	8.60E-03	2.44E-02	4.33E-02
EXO1_boot.67	1.36E-02	6.92E-02	6.43E-02	7.25E-03	2.40E-02	4.07E-02
EXO1_boot.68	1.55E-02	6.87E-02	5.26E-02	6.66E-03	2.53E-02	4.12E-02
EXO1_boot.69	1.45E-02	6.90E-02	7.20E-02	6.66E-03	2.34E-02	3.62E-02
EXO1_boot.70	1.38E-02	6.86E-02	5.64E-02	7.92E-03	2.43E-02	4.28E-02
EXO1_boot.71	1.56E-02	6.87E-02	5.35E-02	5.69E-03	2.49E-02	4.11E-02
EXO1_boot.72	1.20E-02	6.74E-02	5.36E-02	6.35E-03	2.38E-02	4.78E-02
EXO1_boot.73	1.23E-02	6.77E-02	5.36E-02	4.60E-03	2.37E-02	4.93E-02
EXO1_boot.74	1.37E-02	6.75E-02	5.65E-02	4.17E-03	2.33E-02	4.67E-02
EXO1_boot.75	1.45E-02	7.00E-02	5.76E-02	6.40E-03	2.31E-02	3.88E-02
EXO1_boot.76	1.37E-02	6.75E-02	4.65E-02	7.85E-03	2.52E-02	4.31E-02
EXO1_boot.77	1.33E-02	6.90E-02	6.09E-02	6.26E-03	2.34E-02	4.46E-02
EXO1_boot.78	1.42E-02	6.94E-02	5.72E-02	4.73E-03	2.26E-02	3.96E-02
EXO1_boot.79	1.21E-02	6.83E-02	6.94E-02	6.33E-03	2.33E-02	3.84E-02
EXO1_boot.80	1.47E-02	6.98E-02	6.11E-02	5.37E-03	2.39E-02	4.56E-02
EXO1_boot.81	1.44E-02	6.88E-02	6.29E-02	5.58E-03	2.36E-02	4.13E-02
EXO1_boot.82	1.43E-02	6.83E-02	6.45E-02	4.39E-03	2.36E-02	4.06E-02
EXO1_boot.83	1.37E-02	6.93E-02	6.29E-02	8.28E-03	2.38E-02	4.00E-02
EXO1_boot.84	1.51E-02	6.90E-02	6.03E-02	6.77E-03	2.39E-02	4.06E-02
EXO1_boot.85	1.44E-02	6.85E-02	5.97E-02	5.20E-03	2.41E-02	4.12E-02
EXO1_real	1.09E-02	6.81E-02	6.01E-02	6.09E-03	2.36E-02	4.52E-02
EXO1_real.1	1.43E-02	6.84E-02	5.98E-02	6.28E-03	2.40E-02	4.16E-02
RNF168_boot	1.57E-02	7.20E-02	5.92E-02	1.39E-02	2.73E-02	4.21E-02
RNF168_boot.1	1.66E-02	7.21E-02	7.35E-02	1.11E-02	2.46E-02	3.58E-02
RNF168_boot.2	1.53E-02	6.88E-02	4.42E-02	1.26E-02	2.79E-02	4.17E-02
RNF168_boot.3	1.37E-02	7.33E-02	4.98E-02	1.36E-02	2.85E-02	4.17E-02
RNF168_boot.4	1.61E-02	7.10E-02	4.89E-02	1.54E-02	3.03E-02	4.29E-02
RNF168_boot.5	1.56E-02	6.84E-02	5.23E-02	1.23E-02	2.50E-02	4.23E-02
RNF168_boot.6	1.82E-02	7.01E-02	5.11E-02	9.64E-03	2.73E-02	4.23E-02
RNF168_boot.7	3.84E-02	6.76E-02	3.80E-02	7.91E-02	4.08E-02	2.76E-02
RNF168_boot.8	3.62E-03	7.95E-02	7.10E-02	7.73E-02	6.02E-02	7.89E-02
RNF168_boot.9	1.00E-26	8.49E-02	3.86E-02	9.74E-02	4.29E-27	5.82E-02
RNF168_boot.10	2.17E-03	1.09E-01	5.80E-02	7.40E-02	5.55E-02	5.30E-02
RNF168_boot.11	1.00E-26	7.33E-02	3.74E-02	9.00E-02	5.71E-27	7.76E-02
RNF168_boot.12	5.02E-03	9.17E-02	6.76E-02	7.83E-02	6.14E-02	5.99E-02
RNF168_boot.13	1.14E-01	6.17E-02	3.19E-02	1.38E-01	1.66E-02	6.22E-02
RNF168_boot.14	1.16E-01	6.46E-02	3.46E-02	1.39E-01	1.69E-02	6.77E-02
RNF168_boot.15	1.69E-03	7.76E-02	6.29E-02	7.22E-02	5.80E-02	9.68E-02
RNF168_boot.16	1.20E-11	7.81E-02	3.60E-02	8.87E-02	6.54E-27	6.42E-02
RNF168_boot.17	3.86E-03	7.73E-02	5.59E-02	7.42E-02	5.63E-02	8.81E-02
RNF168_boot.18	1.05E-01	6.81E-02	3.62E-02	1.31E-01	1.75E-02	6.67E-02
RNF168_boot.19	1.01E-26	8.06E-02	3.97E-02	8.90E-02	5.08E-27	6.35E-02
RNF168_boot.20	6.45E-28	1.54E-01	5.75E-02	7.16E-02	4.59E-02	4.80E-02
RNF168_boot.21	4.93E-04	7.96E-02	4.19E-02	8.70E-02	2.44E-27	6.41E-02
RNF168_boot.22	5.40E-28	7.71E-02	3.83E-02	1.01E-01	3.98E-27	6.20E-02
RNF168_boot.23	8.60E-02	1.19E-01	3.54E-02	1.22E-01	1.82E-02	7.09E-02
RNF168_boot.24	8.43E-04	7.93E-02	6.74E-02	7.28E-02	5.44E-02	9.41E-02
RNF168_boot.25	1.75E-03	7.92E-02	5.77E-02	7.68E-02	5.55E-02	9.15E-02
RNF168_boot.26	9.32E-02	7.55E-02	1.19E-01	1.43E-01	1.71E-02	5.72E-02
RNF168_boot.27	5.47E-03	7.72E-02	6.28E-02	7.55E-02	5.80E-02	8.19E-02
RNF168_boot.28	6.63E-02	9.86E-02	3.65E-02	1.14E-01	4.04E-02	6.40E-02
RNF168_boot.29	5.58E-03	8.51E-02	6.50E-02	7.95E-02	6.23E-02	6.07E-02
RNF168_boot.30	2.32E-03	7.87E-02	6.45E-02	7.52E-02	5.65E-02	8.72E-02
RNF168_boot.31	1.00E-26	7.90E-02	3.78E-02	1.49E-01	5.24E-27	5.52E-02
RNF168_boot.32	1.31E-03	7.92E-02	6.20E-02	7.15E-02	5.81E-02	1.03E-01
RNF168_boot.33	2.75E-02	6.49E-02	8.38E-02	1.02E-01	4.18E-02	1.95E-02
RNF168_boot.34	3.77E-02	7.50E-02	8.45E-02	9.04E-02	4.48E-02	3.40E-02
RNF168_boot.35	2.35E-03	7.89E-02	6.15E-02	7.51E-02	5.54E-02	9.04E-02
RNF168_boot.36	0.00E+00	8.10E-02	6.19E-02	7.54E-02	5.38E-02	9.65E-02
RNF168_boot.37	2.81E-02	6.60E-02	7.64E-02	8.27E-02	3.76E-02	3.15E-02
RNF168_boot.38	1.00E-26	8.38E-02	6.87E-02	7.07E-02	6.04E-02	1.11E-01
RNF168_boot.39	7.05E-03	8.20E-02	5.82E-02	8.34E-02	6.44E-02	6.34E-02
RNF168_boot.40	4.37E-02	7.43E-02	8.59E-02	9.74E-02	4.48E-02	3.54E-02
RNF168_boot.41	3.06E-02	6.66E-02	8.74E-02	8.19E-02	3.73E-02	3.16E-02
RNF168_boot.42	5.91E-03	7.65E-02	6.46E-02	7.43E-02	5.85E-02	7.98E-02
RNF168_boot.43	3.70E-02	6.98E-02	8.12E-02	9.18E-02	4.12E-02	3.02E-02
RNF168_boot.44	3.11E-20	7.77E-02	3.82E-02	1.47E-01	4.45E-27	4.58E-02
RNF168_boot.45	3.05E-120	8.04E-02	6.60E-02	7.54E-02	5.65E-02	9.15E-02
RNF168_boot.46	2.96E-03	7.89E-02	6.54E-02	7.91E-02	5.94E-02	7.84E-02
RNF168_boot.47	1.02E-01	1.12E-01	3.74E-02	1.32E-01	1.35E-02	9.06E-02
RNF168_boot.48	4.27E-03	1.21E-01	6.45E-02	7.40E-02	5.66E-02	5.14E-02
RNF168_boot.49	6.78E-28	1.34E-01	6.01E-02	7.29E-02	5.26E-02	5.22E-02
RNF168_boot.50	3.99E-04	8.51E-02	4.16E-02	8.75E-02	2.42E-27	6.51E-02
RNF168_boot.51	3.21E-02	6.89E-02	3.75E-02	9.66E-02	3.65E-02	3.34E-02
RNF168_boot.52	6.17E-28	1.45E-01	5.87E-02	7.18E-02	4.63E-02	5.10E-02
RNF168_boot.53	1.00E-26	8.40E-02	3.86E-02	1.02E-01	4.52E-27	6.80E-02
RNF168_boot.54	1.38E-01	6.31E-02	3.07E-02	1.66E-01	1.65E-02	6.02E-02
RNF168_boot.55	9.96E-27	1.04E-01	6.50E-02	1.09E-01	8.58E-02	1.21E-01
RNF168_boot.56	1.10E-01	6.95E-02	4.18E-02	1.37E-01	1.65E-02	6.33E-02
RNF168_boot.57	1.00E-26	1.17E-01	6.27E-02	1.03E-01	6.84E-02	1.19E-01
RNF168_boot.58	1.04E-26	7.96E-02	3.14E-02	1.55E-01	4.35E-27	3.86E-02
RNF168_boot.59	1.00E-26	8.29E-02	3.91E-02	1.05E-01	3.41E-27	6.74E-02
RNF168_boot.60	1.00E-26	7.36E-02	3.80E-02	1.02E-01	4.76E-27	8.25E-02
RNF168_boot.61	1.42E-01	5.96E-02	5.32E-02	1.82E-01	9.89E-03	4.94E-02
RNF168_boot.62	1.00E-26	1.88E-01	7.06E-02	7.16E-02	5.72E-02	5.19E-02
RNF168_boot.63	1.33E-26	8.06E-02	3.93E-02	1.44E-01	1.02E-26	6.24E-02
RNF168_boot.64	1.00E-26	8.50E-02	6.97E-02	7.35E-02	5.23E-02	1.02E-01
RNF168_boot.65	1.49E-01	5.83E-02	3.89E-02	1.76E-01	1.75E-02	5.30E-02
RNF168_boot.66	0.00E+00	1.49E-01	6.85E-02	7.49E-02	5.37E-02	4.74E-02
RNF168_boot.67	1.25E-01	6.47E-02	3.73E-02	1.49E-01	1.68E-02	6.02E-02
RNF168_boot.68	1.23E-01	6.93E-02	3.99E-02	1.52E-01	1.79E-02	6.19E-02
RNF168_boot.69	2.82E-02	6.76E-02	8.86E-02	8.39E-02	3.26E-02	3.01E-02
RNF168_boot.70	1.00E-26	8.54E-02	6.91E-02	7.27E-02	5.64E-02	1.08E-01
RNF168_boot.71	2.16E-02	7.26E-02	8.23E-02	1.13E-01	4.53E-02	6.29E-02
RNF168_boot.72	2.72E-02	6.60E-02	9.37E-02	8.60E-02	2.92E-02	2.91E-02
RNF168_boot.73	1.00E-26	8.25E-02	4.07E-02	1.62E-01	3.62E-27	4.06E-02
RNF168_boot.74	2.36E-02	6.80E-02	7.44E-02	9.98E-02	4.30E-02	2.32E-02
RNF168_boot.75	1.00E-26	7.58E-02	3.90E-02	9.59E-02	4.26E-27	7.22E-02
RNF168_boot.76	2.98E-03	7.81E-02	6.44E-02	7.32E-02	5.47E-02	9.10E-02
RNF168_boot.77	1.48E-01	6.22E-02	3.77E-02	1.68E-01	1.53E-02	5.02E-02
RNF168_boot.78	9.94E-27	7.92E-02	3.58E-02	1.33E-01	4.54E-27	6.51E-02
RNF168_boot.79	1.00E-26	8.54E-02	7.21E-02	7.45E-02	5.39E-02	1.03E-01
RNF168_boot.80	2.80E-02	6.25E-02	4.09E-02	9.31E-02	4.36E-02	2.99E-02
RNF168_boot.81	9.94E-27	1.06E-01	3.87E-02	1.11E-01	1.02E-26	5.83E-02
RNF168_boot.82	1.14E-01	7.31E-02	3.76E-02	1.44E-01	1.62E-02	5.75E-02
RNF168_boot.83	1.38E-01	6.45E-02	3.65E-02	1.61E-01	1.57E-02	5.72E-02
RNF168_boot.84	2.85E-27	7.21E-02	3.69E-02	1.05E-01	5.87E-27	6.34E-02
RNF168_boot.85	1.46E-01	6.24E-02	4.22E-02	1.89E-01	9.93E-03	4.99E-02
RNF168_boot.86	1.00E-26	7.90E-02	5.95E-02	7.09E-02	5.55E-02	1.04E-01
RNF168_boot.87	1.41E-01	5.99E-02	5.54E-03	1.95E-01	9.97E-03	4.63E-02
RNF168_boot.88	1.00E-26	9.21E-02	6.83E-02	6.99E-02	7.24E-02	1.20E-01
RNF168_boot.89	1.01E-26	1.04E-01	6.40E-02	1.04E-01	7.43E-02	1.20E-01
RNF168_boot.90	1.08E-01	6.81E-02	4.22E-02	1.40E-01	1.70E-02	6.25E-02
RNF168_boot.91	4.71E-03	1.03E-01	6.72E-02	7.83E-02	5.97E-02	5.45E-02
RNF168_boot.92	9.23E-37	8.12E-02	4.77E-02	9.64E-02	4.34E-27	6.79E-02
RNF168_boot.93	1.14E-01	7.47E-02	5.71E-02	1.40E-01	1.72E-02	6.25E-02
RNF168_boot.94	2.36E-02	6.73E-02	7.65E-02	9.58E-02	4.41E-02	2.09E-02
RNF168_boot.95	2.58E-02	6.97E-02	7.27E-02	9.98E-02	3.77E-02	2.28E-02
RNF168_boot.96	2.13E-02	6.14E-02	7.84E-02	9.95E-02	4.54E-02	1.22E-26
RNF168_boot.97	1.00E-26	8.35E-02	6.18E-02	7.49E-02	5.49E-02	1.08E-01
RNF168_boot.98	1.31E-01	7.10E-02	3.66E-02	1.56E-01	1.55E-02	5.40E-02
RNF168_boot.99	3.66E-03	7.99E-02	6.76E-02	7.86E-02	5.88E-02	8.26E-02
RNF168_boot.100	1.00E-26	8.90E-02	3.95E-02	1.25E-01	5.26E-27	5.92E-02
RNF168_boot.101	1.57E-01	5.80E-02	3.96E-02	1.84E-01	1.57E-02	4.53E-02
RNF168_boot.102	2.11E-01	6.19E-02	9.44E-02	1.01E-26	6.68E-02	4.62E-02
RNF168_boot.103	1.90E-01	1.07E-01	4.07E-03	2.24E-02	1.87E-02	1.54E-01
RNF168_boot.104	1.96E-02	2.57E-02	6.49E-02	7.12E-02	1.03E-01	2.39E-02
RNF168_boot.105	6.96E-03	6.99E-02	5.61E-02	1.35E-02	2.14E-02	5.00E-02
RNF168_boot.106	1.46E-02	7.07E-02	5.60E-02	1.28E-02	2.45E-02	4.19E-02
RNF168_boot.107	1.19E-01	6.86E-02	4.09E-02	1.49E-01	1.70E-02	6.36E-02
RNF168_boot.108	9.97E-27	1.00E-01	6.17E-02	1.05E-01	9.82E-02	1.19E-01
RNF168_boot.109	5.59E-28	1.58E-01	6.61E-02	7.35E-02	5.27E-02	4.70E-02
RNF168_boot.110	3.05E-02	6.69E-02	9.06E-02	8.79E-02	4.03E-02	2.83E-02
RNF168_boot.111	1.00E-26	8.07E-02	3.83E-02	9.73E-02	3.39E-27	6.56E-02
RNF168_boot.112	4.05E-01	2.69E-02	2.72E-14	1.14E-01	1.47E-26	7.23E-01
RNF168_boot.113	1.32E-01	9.38E-02	1.28E-03	2.38E-02	2.94E-02	1.32E-01
RNF168_boot.114	1.25E-01	9.24E-02	4.01E-03	2.63E-02	3.05E-02	1.20E-01
RNF168_boot.115	2.55E-01	3.11E-02	2.97E-02	3.43E-02	9.67E-27	4.84E-02
RNF168_boot.116	1.80E-01	1.13E-01	1.21E-15	2.26E-02	1.97E-02	1.58E-01
RNF168_boot.117	8.67E-02	9.83E-02	1.06E-02	2.50E-02	2.08E-02	1.26E-01
RNF168_boot.118	1.58E-01	1.01E-01	1.99E-02	2.43E-02	2.05E-02	1.32E-01
RNF168_boot.119	1.61E-01	1.10E-01	2.17E-01	2.28E-02	2.06E-02	1.55E-01
RNF168_boot.120	8.65E-02	1.03E-01	4.91E-05	2.65E-02	2.59E-02	1.20E-01
RNF168_boot.121	2.17E-01	1.09E-01	3.30E-02	2.26E-02	2.16E-02	1.50E-01
RNF168_boot.122	1.48E-01	1.04E-01	7.09E-04	2.30E-02	1.86E-02	1.49E-01
RNF168_boot.123	2.83E-01	2.98E-02	2.69E-02	3.50E-02	9.66E-27	5.06E-02
RNF168_boot.124	2.69E-01	3.17E-02	3.02E-02	3.50E-02	9.67E-27	5.17E-02
RNF168_boot.125	9.67E-02	1.01E-01	3.30E-03	2.58E-02	2.70E-02	1.20E-01
RNF168_boot.126	4.25E-01	2.68E-02	2.46E-02	5.03E-02	9.34E-27	3.90E-02
RNF168_boot.127	2.14E-01	5.02E-02	3.07E-02	4.16E-02	9.86E-27	5.38E-02
RNF168_boot.128	3.55E-01	4.48E-02	3.92E-07	5.12E-02	1.27E-26	4.09E-02
RNF168_boot.129	2.69E-01	2.93E-02	4.59E-02	3.32E-02	1.28E-26	4.88E-02
RNF168_boot.130	2.03E-01	5.02E-02	2.74E-02	4.00E-02	9.83E-27	4.98E-02
RNF168_boot.131	1.28E-01	1.03E-01	8.27E-03	2.38E-02	1.96E-02	1.42E-01
RNF168_boot.132	3.64E-01	2.95E-02	7.59E-18	3.82E-02	1.28E-26	4.62E-02
RNF168_boot.133	1.02E-01	9.92E-02	2.42E-03	2.39E-02	1.92E-02	1.31E-01
RNF168_boot.134	6.25E-02	8.75E-02	8.52E-02	2.75E-02	2.89E-02	1.06E-01
RNF168_boot.135	2.66E-01	3.10E-02	2.86E-02	3.51E-02	9.67E-27	4.79E-02
RNF168_boot.136	1.71E-01	5.24E-02	1.64E-02	4.25E-02	1.01E-26	5.82E-02
RNF168_boot.137	1.55E-01	1.12E-01	3.09E-03	2.25E-02	1.90E-02	1.55E-01
RNF168_boot.138	1.82E-01	1.11E-01	1.27E-01	2.31E-02	1.95E-02	1.45E-01
RNF168_boot.139	7.89E-02	9.06E-02	2.78E-02	2.54E-02	3.04E-02	1.20E-01
RNF168_boot.140	1.35E-01	1.06E-01	1.09E-02	2.37E-02	1.96E-02	1.41E-01
RNF168_boot.141	3.01E-01	4.59E-02	2.60E-02	3.49E-02	9.53E-27	4.59E-02
RNF168_boot.142	1.11E-01	9.46E-02	4.25E-02	2.43E-02	2.97E-02	1.30E-01
RNF168_boot.143	3.18E-01	3.09E-02	2.88E-02	4.02E-02	9.67E-27	4.84E-02
RNF168_boot.144	1.25E-01	9.34E-02	1.67E-10	2.48E-02	2.22E-02	1.23E-01
RNF168_boot.145	4.27E-01	4.21E-02	5.91E-26	4.17E-02	1.26E-26	4.06E-02
RNF168_boot.146	2.56E-01	1.34E-01	1.45E-10	2.03E-02	2.05E-02	2.16E-01
RNF168_boot.147	2.12E-01	1.21E-01	1.18E-09	2.16E-02	2.10E-02	1.74E-01
RNF168_boot.148	1.96E-01	5.03E-02	2.92E-02	3.43E-02	9.85E-27	5.11E-02
RNF168_boot.149	1.12E-01	9.71E-02	3.07E-02	2.52E-02	2.95E-02	1.24E-01
RNF168_boot.150	1.26E-01	1.04E-01	1.48E-03	2.51E-02	1.97E-02	1.33E-01
RNF168_boot.151	2.14E-01	4.97E-02	2.82E-02	3.43E-02	9.67E-27	5.02E-02
RNF168_boot.152	2.29E-01	3.23E-02	2.90E-02	4.06E-02	9.68E-27	4.95E-02
RNF168_boot.153	7.35E-02	9.14E-02	1.23E-02	2.64E-02	2.86E-02	1.14E-01
RNF168_boot.154	2.58E-01	3.05E-02	2.97E-02	4.60E-02	9.66E-27	4.48E-02
RNF168_boot.155	6.84E-02	8.84E-02	6.85E-02	2.49E-02	2.37E-02	1.12E-01
RNF168_boot.156	7.61E-02	8.22E-02	1.58E-05	2.55E-02	2.30E-02	1.07E-01
RNF168_boot.157	1.01E-01	8.84E-02	2.31E-02	2.54E-02	2.35E-02	1.10E-01
RNF168_boot.158	1.80E-01	9.33E-02	1.53E-03	2.44E-02	2.22E-02	1.17E-01
RNF168_boot.159	7.15E-02	8.94E-02	3.26E-02	2.45E-02	3.05E-02	1.16E-01
RNF168_boot.160	1.83E-01	3.23E-02	2.99E-02	3.49E-02	9.91E-27	5.29E-02
RNF168_boot.161	1.06E-01	6.20E-02	3.80E-02	2.83E-02	2.84E-02	9.67E-02
RNF168_boot.162	2.16E-01	3.06E-02	2.86E-02	3.29E-02	9.66E-27	5.47E-02
RNF168_boot.163	1.31E-01	9.46E-02	2.52E-02	2.41E-02	2.28E-02	1.19E-01
RNF168_boot.164	7.60E-02	8.91E-02	2.23E-03	2.44E-02	3.05E-02	1.17E-01
RNF168_boot.165	1.54E-01	9.61E-02	4.88E-02	2.37E-02	2.21E-02	1.23E-01
RNF168_boot.166	1.48E-01	9.90E-02	1.06E-02	2.35E-02	2.12E-02	1.26E-01
RNF168_boot.167	2.51E-01	3.02E-02	7.54E-05	4.52E-02	1.27E-26	5.00E-02
RNF168_boot.168	6.69E-02	8.68E-02	3.15E-02	2.66E-02	2.75E-02	1.04E-01
RNF168_boot.169	3.04E-01	2.80E-02	6.67E-20	4.14E-02	1.28E-26	4.14E-02
RNF168_boot.170	1.93E-01	5.14E-02	3.07E-02	3.46E-02	9.92E-27	5.20E-02
RNF168_boot.171	7.70E-02	5.55E-02	5.08E-02	2.61E-02	2.78E-02	1.04E-01
RNF168_boot.172	3.76E-02	5.41E-02	3.66E-02	2.60E-02	2.91E-02	1.03E-01
RNF168_boot.173	1.86E-01	3.23E-02	3.14E-02	3.41E-02	9.91E-27	5.24E-02
RNF168_boot.174	6.87E-02	8.66E-02	2.57E-03	2.45E-02	2.18E-02	1.11E-01
RNF168_boot.175	2.12E-01	3.05E-02	2.90E-02	3.27E-02	9.83E-27	5.49E-02
RNF168_boot.176	1.30E-01	9.68E-02	6.52E-03	2.38E-02	2.16E-02	1.25E-01
RNF168_boot.177	2.25E-01	4.95E-02	2.98E-02	3.26E-02	9.67E-27	4.98E-02
RNF168_boot.178	2.62E-01	2.99E-02	1.67E-10	3.14E-02	1.28E-26	5.21E-02
RNF168_boot.179	1.89E-01	5.14E-02	3.00E-02	3.45E-02	9.90E-27	5.65E-02
RNF168_boot.180	1.83E-01	5.20E-02	3.01E-02	3.58E-02	9.93E-27	5.28E-02
RNF168_boot.181	1.84E-01	3.35E-02	3.13E-02	3.70E-02	1.00E-26	5.64E-02
RNF168_boot.182	1.24E-01	9.84E-02	6.50E-03	2.33E-02	2.05E-02	1.25E-01
RNF168_boot.183	6.93E-02	8.72E-02	3.50E-07	1.08E-26	2.11E-02	1.13E-01
RNF168_boot.184	2.55E-01	2.97E-02	9.89E-03	4.45E-02	9.63E-27	4.52E-02
RNF168_boot.185	2.48E-01	2.98E-02	7.95E-03	4.49E-02	1.27E-26	5.05E-02
RNF168_boot.186	2.34E-01	3.12E-02	2.97E-02	4.57E-02	9.67E-27	5.09E-02
RNF168_boot.187	7.87E-02	9.48E-02	4.20E-02	2.48E-02	2.24E-02	1.18E-01
RNF168_boot.188	8.86E-02	8.91E-02	4.27E-03	2.50E-02	3.09E-02	1.14E-01
RNF168_boot.189	2.68E-01	4.73E-02	2.99E-02	4.44E-02	9.65E-27	4.87E-02
RNF168_boot.190	7.71E-02	9.09E-02	1.68E-03	8.61E-01	2.06E-02	1.20E-01
RNF168_boot.191	2.43E-01	3.06E-02	3.95E-02	4.57E-02	9.67E-27	5.03E-02
RNF168_boot.192	2.28E-01	4.98E-02	3.00E-02	3.31E-02	9.68E-27	5.41E-02
RNF168_boot.193	7.54E-02	9.22E-02	4.32E-03	2.46E-02	3.01E-02	1.17E-01
RNF168_boot.194	2.55E-01	2.93E-02	2.82E-10	4.51E-02	1.28E-26	4.60E-02
RNF168_boot.195	8.06E-02	9.35E-02	2.51E-03	2.40E-02	2.99E-02	1.20E-01
RNF168_boot.196	1.28E-01	1.10E-01	2.31E-03	2.21E-02	1.96E-02	1.41E-01
RNF168_boot.197	7.81E-02	9.17E-02	3.45E-03	2.38E-02	3.01E-02	1.19E-01
RNF168_boot.198	1.85E-01	1.15E-01	2.22E-13	2.08E-02	2.04E-02	1.63E-01
RNF168_boot.199	1.41E-01	9.76E-02	2.11E-02	2.40E-02	2.09E-02	1.20E-01
RNF168_boot.200	7.18E-02	8.93E-02	3.15E-03	2.48E-02	2.16E-02	1.13E-01
RNF168_boot.201	2.19E-01	3.02E-02	3.96E-13	4.53E-02	1.26E-26	5.38E-02
RNF168_boot.202	1.11E-01	8.32E-02	2.75E-02	2.62E-02	2.38E-02	1.05E-01
RNF168_boot.203	7.31E-02	8.74E-02	2.22E-02	2.40E-02	2.14E-02	1.17E-01
RNF168_boot.204	3.01E-01	4.62E-02	1.17E-14	4.52E-02	9.66E-27	4.28E-02
RNF168_boot.205	2.17E-01	4.95E-02	2.96E-02	4.54E-02	9.68E-27	4.66E-02
RNF168_boot.206	1.31E-01	9.47E-02	3.09E-02	2.38E-02	2.10E-02	1.20E-01
RNF168_boot.207	2.47E-01	2.99E-02	1.42E-02	3.17E-02	9.66E-27	4.89E-02
RNF168_boot.208	2.52E-01	4.84E-02	2.44E-17	4.55E-02	1.27E-26	5.20E-02
RNF168_real	8.18E-02	8.42E-02	4.09E-02	2.62E-02	3.03E-02	1.11E-01
RNF168_real.1	1.28E-01	4.03E-02	4.25E-02	7.57E-02	9.21E-02	2.40E-02
RNF168_real.2	1.57E-02	4.25E-02	4.54E-02	7.08E-02	8.01E-02	2.38E-02
MLH1_boot	8.32E-03	7.54E-02	1.08E-01	7.50E-27	7.13E-02	5.51E-02
MLH1_boot.1	1.09E-02	3.30E-02	9.82E-02	9.34E-02	9.83E-02	9.83E-28
MLH1_boot.2	8.17E-03	6.46E-02	1.06E-01	7.52E-27	7.05E-02	4.79E-02
MLH1_boot.3	7.57E-03	6.88E-02	1.09E-01	6.53E-27	6.98E-02	2.91E-02
MLH1_boot.4	5.83E-03	7.46E-02	1.04E-01	6.55E-27	7.17E-02	2.67E-02
MLH1_boot.5	1.23E-02	3.27E-02	1.03E-01	9.21E-02	1.05E-01	7.93E-28
MLH1_boot.6	7.19E-03	6.23E-02	1.02E-01	9.10E-02	1.15E-01	9.38E-28
MLH1_boot.7	7.76E-03	6.39E-02	1.10E-01	6.98E-27	7.22E-02	5.64E-02
MLH1_boot.8	7.98E-03	7.44E-02	1.11E-01	7.53E-27	7.16E-02	4.46E-02
MLH1_boot.9	1.15E-02	3.24E-02	1.00E-01	9.19E-02	1.01E-01	7.29E-28
MLH1_boot.10	1.06E-02	5.19E-02	9.98E-02	9.06E-02	1.41E-01	7.85E-28
MLH1_boot.11	8.13E-03	7.40E-02	1.09E-01	6.98E-27	7.27E-02	3.36E-02
MLH1_boot.12	6.86E-03	7.24E-02	1.12E-01	7.32E-27	7.15E-02	2.59E-02
MLH1_boot.13	7.81E-03	7.14E-02	1.07E-01	7.41E-27	6.78E-02	3.18E-02
MLH1_boot.14	1.13E-02	3.23E-02	1.03E-01	9.14E-02	1.44E-01	6.97E-28
MLH1_boot.15	1.08E-02	5.06E-02	1.03E-01	9.05E-02	1.14E-01	6.36E-28
MLH1_boot.16	7.99E-03	6.65E-02	1.02E-01	6.51E-27	6.88E-02	5.07E-02
MLH1_boot.17	7.94E-03	7.00E-02	1.03E-01	6.73E-27	6.97E-02	3.12E-02
MLH1_boot.18	1.16E-02	3.26E-02	9.78E-02	9.21E-02	9.73E-02	7.14E-28
MLH1_boot.19	1.22E-02	3.34E-02	9.95E-02	9.28E-02	9.76E-02	7.91E-28
MLH1_boot.20	8.05E-03	6.97E-02	1.01E-01	6.71E-27	6.93E-02	2.91E-02
MLH1_boot.21	8.55E-03	6.87E-02	9.70E-02	6.90E-27	6.61E-02	4.92E-02
MLH1_boot.22	8.48E-03	6.53E-02	9.91E-02	6.93E-27	6.98E-02	4.92E-02
MLH1_boot.23	3.96E-03	7.02E-02	9.74E-02	7.23E-27	7.03E-02	2.77E-02
MLH1_boot.24	8.89E-03	4.90E-02	9.72E-02	9.19E-02	1.08E-01	1.12E-27
MLH1_boot.25	1.23E-02	3.28E-02	9.70E-02	9.21E-02	9.91E-02	7.97E-28
MLH1_boot.26	1.20E-02	3.30E-02	9.30E-02	9.26E-02	1.01E-01	8.86E-28
MLH1_boot.27	5.62E-03	6.00E-02	9.32E-02	9.15E-02	1.26E-01	6.37E-28
MLH1_boot.28	1.07E-02	3.13E-02	9.72E-02	8.93E-02	1.33E-01	6.06E-26
MLH1_boot.29	1.02E-02	3.06E-02	9.55E-02	8.89E-02	1.21E-01	5.69E-28
MLH1_boot.30	1.24E-02	3.22E-02	9.63E-02	9.18E-02	1.06E-01	9.15E-28
MLH1_boot.31	1.14E-02	3.25E-02	9.92E-02	9.21E-02	1.27E-01	7.08E-28
MLH1_boot.32	1.23E-02	5.16E-02	9.44E-02	8.96E-02	1.07E-01	1.40E-10
MLH1_boot.33	8.63E-03	4.87E-02	9.34E-02	9.25E-02	1.03E-01	1.25E-27
MLH1_boot.34	1.30E-02	3.30E-02	9.51E-02	9.18E-02	9.62E-02	8.74E-28
MLH1_boot.35	6.19E-03	7.25E-02	9.96E-02	6.84E-27	7.33E-02	4.77E-02
MLH1_boot.36	1.14E-02	5.03E-02	1.00E-01	9.08E-02	1.10E-01	7.07E-28
MLH1_boot.37	8.88E-03	7.41E-02	1.05E-01	7.58E-27	7.27E-02	4.71E-02
MLH1_boot.38	1.00E-02	3.13E-02	9.87E-02	8.91E-02	1.11E-01	5.66E-28
MLH1_boot.39	1.51E-02	3.09E-02	1.04E-01	8.93E-02	1.23E-01	5.69E-28
MLH1_boot.40	7.62E-03	6.75E-02	1.10E-01	6.46E-27	7.25E-02	5.74E-02
MLH1_boot.41	9.56E-03	3.77E-02	9.89E-02	8.80E-02	1.41E-01	3.91E-03
MLH1_boot.42	4.11E-03	7.30E-02	9.98E-02	7.09E-27	6.76E-02	2.63E-02
MLH1_boot.43	7.39E-03	7.46E-02	1.08E-01	6.66E-27	7.34E-02	2.66E-02
MLH1_boot.44	1.03E-02	3.20E-02	1.03E-01	9.22E-02	1.09E-01	6.93E-28
MLH1_boot.45	6.83E-03	6.93E-02	1.08E-01	7.16E-27	6.98E-02	2.54E-02
MLH1_boot.46	7.03E-03	6.99E-02	1.06E-01	6.41E-27	6.56E-02	2.57E-02
MLH1_boot.47	7.56E-03	7.25E-02	1.06E-01	7.18E-27	6.70E-02	5.68E-02
MLH1_boot.48	7.17E-03	7.14E-02	1.06E-01	7.22E-27	7.04E-02	2.58E-02
MLH1_boot.49	1.10E-02	5.09E-02	9.81E-02	9.05E-02	1.35E-01	6.51E-28
MLH1_boot.50	1.12E-02	5.16E-02	9.63E-02	8.98E-02	1.32E-01	6.72E-28
MLH1_boot.51	7.12E-03	6.86E-02	1.09E-01	7.26E-27	7.13E-02	2.63E-02
MLH1_boot.52	1.01E-02	3.17E-02	9.82E-02	8.94E-02	1.15E-01	5.78E-28
MLH1_real	7.64E-03	6.77E-02	1.10E-01	7.39E-27	7.03E-02	2.89E-02
MLH1_real.1	8.32E-03	6.95E-02	1.02E-01	6.68E-27	6.95E-02	3.19E-02
MLH1_real.2	1.07E-02	5.14E-02	1.01E-01	9.04E-02	1.14E-01	6.22E-28
MSH2_boot	1.36E-02	3.59E-02	1.05E-01	9.63E-02	1.32E-01	9.50E-28
MSH2_boot.1	1.23E-02	3.69E-02	1.05E-01	9.90E-02	1.15E-01	1.21E-27
MSH2_boot.2	9.24E-03	6.88E-02	1.04E-01	6.46E-27	7.35E-02	4.47E-02
MSH2_boot.3	8.78E-03	7.09E-02	1.07E-01	5.87E-27	7.62E-02	4.43E-02
MSH2_boot.4	9.00E-03	6.93E-02	1.07E-01	5.49E-27	7.60E-02	4.48E-02
MSH2_boot.5	8.73E-03	6.74E-02	1.05E-01	6.35E-27	7.13E-02	4.66E-02
MSH2_boot.6	8.81E-03	6.76E-02	1.05E-01	5.49E-27	7.43E-02	4.38E-02
MSH2_boot.7	9.08E-03	6.74E-02	1.03E-01	5.85E-27	7.07E-02	4.45E-02
MSH2_boot.8	1.33E-02	3.66E-02	1.12E-01	9.75E-02	9.33E-02	9.20E-28
MSH2_boot.9	1.36E-02	3.61E-02	1.08E-01	9.65E-02	9.43E-02	9.51E-28
MSH2_boot.10	8.95E-03	7.08E-02	1.08E-01	5.65E-27	7.65E-02	4.46E-02
MSH2_boot.11	1.24E-02	3.63E-02	1.09E-01	9.70E-02	1.00E-01	9.23E-28
MSH2_boot.12	1.30E-02	3.59E-02	1.09E-01	9.67E-02	9.49E-02	8.87E-28
MSH2_boot.13	1.37E-02	3.74E-02	1.13E-01	9.85E-02	9.21E-02	9.60E-28
MSH2_boot.14	1.47E-02	3.76E-02	1.10E-01	9.78E-02	9.14E-02	1.11E-27
MSH2_boot.15	9.35E-03	6.87E-02	1.07E-01	5.59E-27	7.74E-02	4.51E-02
MSH2_boot.16	9.42E-03	6.72E-02	1.03E-01	6.14E-27	7.11E-02	4.48E-02
MSH2_boot.17	9.12E-03	7.09E-02	1.09E-01	5.47E-27	7.67E-02	4.51E-02
MSH2_boot.18	8.47E-03	6.81E-02	1.12E-01	5.44E-27	7.57E-02	4.76E-02
MSH2_boot.19	8.74E-03	6.80E-02	1.09E-01	5.41E-27	7.50E-02	4.53E-02
MSH2_boot.20	1.31E-02	3.52E-02	1.06E-01	9.54E-02	9.60E-02	8.83E-28
MSH2_boot.21	6.89E-03	7.50E-02	1.10E-01	8.14E-27	7.12E-02	5.19E-02
MSH2_boot.22	7.39E-03	7.67E-02	1.18E-01	6.18E-27	7.38E-02	4.60E-02
MSH2_boot.23	1.14E-02	3.57E-02	1.14E-01	9.73E-02	9.87E-02	7.20E-28
MSH2_boot.24	1.09E-02	3.44E-02	1.13E-01	9.55E-02	1.03E-01	6.66E-28
MSH2_boot.25	7.16E-03	7.51E-02	1.13E-01	6.34E-27	7.33E-02	5.23E-02
MSH2_boot.26	1.23E-02	3.62E-02	1.16E-01	9.78E-02	9.64E-02	8.06E-28
MSH2_boot.27	8.61E-03	7.20E-02	1.11E-01	6.44E-27	7.63E-02	3.83E-02
MSH2_boot.28	8.33E-03	7.20E-02	1.13E-01	7.06E-27	7.28E-02	4.77E-02
MSH2_boot.29	1.20E-02	3.55E-02	1.10E-01	9.69E-02	9.83E-02	7.74E-28
MSH2_boot.30	1.37E-02	3.67E-02	1.15E-01	9.84E-02	1.02E-01	8.11E-28
MSH2_boot.31	7.83E-03	6.24E-02	1.10E-01	9.68E-02	9.75E-02	1.05E-27
MSH2_boot.32	7.96E-03	6.84E-02	1.10E-01	5.71E-27	7.57E-02	4.41E-02
MSH2_boot.33	1.21E-02	3.63E-02	1.12E-01	9.78E-02	1.51E-01	8.05E-28
MSH2_boot.34	1.12E-02	3.49E-02	1.07E-01	9.53E-02	9.98E-02	8.13E-28
MSH2_real	9.09E-03	6.90E-02	1.07E-01	5.54E-27	7.63E-02	4.48E-02
MSH2_real.1	7.75E-03	7.26E-02	1.14E-01	6.66E-27	7.33E-02	4.36E-02
MSH6_boot	8.52E-03	6.94E-02	1.05E-01	7.42E-27	6.85E-02	3.33E-02
MSH6_boot.1	1.22E-02	3.31E-02	1.01E-01	9.28E-02	1.09E-01	7.93E-28
MSH6_boot.2	8.31E-03	6.87E-02	1.05E-01	7.28E-27	7.08E-02	3.13E-02
MSH6_boot.3	0.00E+00	5.48E-02	4.65E-02	3.75E-38	2.68E-02	3.98E-02
MSH6_boot.4	1.79E-03	5.60E-02	4.90E-02	0.00E+00	2.70E-02	4.08E-02
MSH6_boot.5	1.41E-03	5.53E-02	4.86E-02	1.08E-37	2.66E-02	4.23E-02
MSH6_boot.6	2.51E-03	5.66E-02	4.92E-02	0.00E+00	2.73E-02	3.89E-02
MSH6_boot.7	2.72E-03	5.63E-02	4.86E-02	0.00E+00	2.88E-02	3.95E-02
MSH6_boot.8	2.14E-03	5.64E-02	4.99E-02	0.00E+00	2.71E-02	4.01E-02
MSH6_boot.9	1.97E-03	5.59E-02	4.90E-02	0.00E+00	2.72E-02	3.94E-02
MSH6_boot.10	2.63E-03	5.73E-02	4.96E-02	0.00E+00	2.89E-02	3.84E-02
MSH6_boot.11	3.13E-03	5.59E-02	4.80E-02	0.00E+00	2.87E-02	3.87E-02
MSH6_boot.12	2.20E-03	5.71E-02	5.02E-02	0.00E+00	2.79E-02	3.86E-02
MSH6_boot.13	3.27E-03	5.59E-02	4.74E-02	0.00E+00	2.89E-02	3.89E-02
MSH6_boot.14	3.29E-03	5.58E-02	4.62E-02	0.00E+00	2.93E-02	3.94E-02
MSH6_boot.15	2.45E-03	5.60E-02	4.84E-02	0.00E+00	2.83E-02	3.99E-02
MSH6_boot.16	1.63E-03	5.53E-02	4.83E-02	0.00E+00	2.68E-02	4.11E-02
MSH6_boot.17	0.00E+00	5.49E-02	4.69E-02	2.50E-40	2.60E-02	4.32E-02
MSH6_boot.18	2.94E-03	5.58E-02	4.80E-02	0.00E+00	2.99E-02	3.85E-02
MSH6_boot.19	1.54E-03	5.58E-02	4.86E-02	0.00E+00	2.71E-02	4.10E-02
MSH6_boot.20	2.04E-03	5.69E-02	5.05E-02	0.00E+00	2.75E-02	4.00E-02
MSH6_boot.21	2.44E-03	5.61E-02	4.94E-02	0.00E+00	2.75E-02	4.02E-02
MSH6_boot.22	2.72E-03	5.60E-02	4.81E-02	0.00E+00	2.94E-02	3.92E-02
MSH6_boot.23	3.67E-03	5.72E-02	4.86E-02	0.00E+00	2.88E-02	3.91E-02
MSH6_boot.24	0.00E+00	5.50E-02	4.69E-02	4.90E-41	2.61E-02	4.32E-02
MSH6_boot.25	2.30E-03	5.67E-02	5.05E-02	0.00E+00	2.68E-02	4.08E-02
MSH6_boot.26	0.00E+00	5.51E-02	4.80E-02	4.32E-39	2.68E-02	4.18E-02
MSH6_boot.27	2.15E-03	5.60E-02	4.83E-02	0.00E+00	2.87E-02	4.04E-02
MSH6_boot.28	3.32E-03	5.63E-02	4.76E-02	0.00E+00	2.93E-02	3.80E-02
MSH6_boot.29	0.00E+00	5.55E-02	4.79E-02	8.60E-39	2.56E-02	4.67E-02
MSH6_boot.30	0.00E+00	5.60E-02	4.97E-02	8.04E-37	2.67E-02	4.31E-02
MSH6_boot.31	0.00E+00	5.58E-02	4.76E-02	5.64E-40	2.62E-02	4.50E-02
MSH6_boot.32	1.50E-03	5.53E-02	4.82E-02	0.00E+00	2.61E-02	4.35E-02
MSH6_boot.33	0.00E+00	5.58E-02	4.68E-02	7.00E-37	2.58E-02	4.56E-02
MSH6_boot.34	0.00E+00	5.50E-02	4.75E-02	6.33E-37	2.58E-02	4.30E-02
MSH6_boot.35	0.00E+00	5.51E-02	4.69E-02	9.90E-40	2.68E-02	4.15E-02
MSH6_boot.36	0.00E+00	5.56E-02	4.91E-02	1.15E-36	2.61E-02	4.45E-02
MSH6_boot.37	1.41E-03	5.56E-02	4.83E-02	6.39E-38	2.62E-02	4.42E-02
MSH6_boot.38	0.00E+00	5.59E-02	4.96E-02	9.79E-37	2.64E-02	4.31E-02
MSH6_boot.39	1.93E-03	5.59E-02	4.88E-02	0.00E+00	2.68E-02	4.08E-02
MSH6_boot.40	2.30E-03	5.63E-02	4.87E-02	0.00E+00	2.88E-02	4.04E-02
MSH6_boot.41	0.00E+00	5.57E-02	4.93E-02	1.91E-37	2.62E-02	4.41E-02
MSH6_boot.42	2.70E-03	5.76E-02	5.00E-02	8.38E-117	2.97E-02	3.93E-02
MSH6_boot.43	0.00E+00	5.53E-02	4.79E-02	1.82E-39	2.62E-02	4.43E-02
MSH6_boot.44	0.00E+00	5.59E-02	4.91E-02	8.99E-37	2.67E-02	4.29E-02
MSH6_boot.45	2.10E-03	5.58E-02	4.77E-02	0.00E+00	2.80E-02	4.27E-02
MSH6_boot.46	4.15E-03	5.77E-02	4.83E-02	2.32E-125	3.11E-02	3.76E-02
MSH6_boot.47	1.73E-03	5.59E-02	4.92E-02	0.00E+00	2.65E-02	4.12E-02
MSH6_boot.48	4.87E-03	5.72E-02	4.65E-02	7.03E-163	3.22E-02	3.72E-02
MSH6_boot.49	0.00E+00	5.55E-02	4.86E-02	3.58E-38	2.62E-02	4.34E-02
MSH6_boot.50	0.00E+00	5.63E-02	4.98E-02	0.00E+00	2.63E-02	4.34E-02
MSH6_boot.51	1.90E-03	5.65E-02	4.99E-02	0.00E+00	2.68E-02	4.16E-02
MSH6_boot.52	1.69E-03	5.62E-02	4.84E-02	0.00E+00	2.89E-02	4.12E-02
MSH6_boot.53	2.26E-03	5.67E-02	4.91E-02	0.00E+00	2.95E-02	3.93E-02
MSH6_boot.54	0.00E+00	5.53E-02	4.88E-02	2.27E-38	2.63E-02	4.41E-02
MSH6_boot.55	4.60E-03	5.79E-02	4.88E-02	0.00E+00	3.03E-02	3.74E-02
MSH6_boot.56	1.59E-03	5.58E-02	4.93E-02	0.00E+00	2.65E-02	4.34E-02
MSH6_boot.57	0.00E+00	5.60E-02	4.92E-02	8.10E-37	2.70E-02	4.19E-02
MSH6_boot.58	0.00E+00	5.58E-02	4.96E-02	0.00E+00	2.64E-02	4.32E-02
MSH6_boot.59	2.56E-03	5.70E-02	4.93E-02	0.00E+00	2.86E-02	3.95E-02
MSH6_boot.60	2.72E-03	5.73E-02	4.76E-02	3.29E-116	3.09E-02	3.74E-02
MSH6_boot.61	0.00E+00	5.48E-02	4.81E-02	8.09E-41	2.52E-02	4.61E-02
MSH6_boot.62	0.00E+00	5.60E-02	4.93E-02	3.05E-37	2.70E-02	4.26E-02
MSH6_boot.63	3.99E-03	5.79E-02	4.95E-02	0.00E+00	3.03E-02	3.79E-02
MSH6_boot.64	1.61E-03	5.58E-02	4.92E-02	0.00E+00	2.65E-02	4.17E-02
MSH6_boot.65	1.61E-03	5.75E-02	5.12E-02	0.00E+00	2.80E-02	3.93E-02
MSH6_boot.66	2.35E-03	5.67E-02	4.97E-02	0.00E+00	2.71E-02	3.90E-02
MSH6_boot.67	1.53E-03	5.65E-02	4.98E-02	0.00E+00	2.73E-02	3.98E-02
MSH6_boot.68	1.59E-03	5.67E-02	5.01E-02	0.00E+00	2.71E-02	4.11E-02
MSH6_boot.69	2.98E-03	5.67E-02	4.76E-02	0.00E+00	2.96E-02	3.77E-02
MSH6_boot.70	2.12E-03	5.67E-02	5.02E-02	0.00E+00	2.76E-02	4.05E-02
MSH6_boot.71	2.27E-03	5.71E-02	4.93E-02	0.00E+00	2.93E-02	3.97E-02
MSH6_boot.72	1.52E-03	5.61E-02	4.81E-02	0.00E+00	2.84E-02	4.12E-02
MSH6_boot.73	2.18E-03	5.73E-02	4.91E-02	0.00E+00	2.99E-02	3.88E-02
MSH6_boot.74	0.00E+00	5.59E-02	4.97E-02	1.93E-37	2.66E-02	4.21E-02
MSH6_boot.75	2.02E-03	5.72E-02	4.96E-02	0.00E+00	2.90E-02	4.02E-02
MSH6_boot.76	3.58E-03	5.83E-02	4.89E-02	0.00E+00	3.05E-02	3.66E-02
MSH6_boot.77	2.61E-03	5.72E-02	4.96E-02	0.00E+00	2.85E-02	4.01E-02
MSH6_boot.78	1.98E-03	5.56E-02	4.80E-02	0.00E+00	2.69E-02	4.03E-02
MSH6_boot.79	2.93E-03	5.66E-02	4.88E-02	0.00E+00	2.92E-02	3.82E-02
MSH6_boot.80	2.40E-03	5.64E-02	4.82E-02	0.00E+00	2.92E-02	3.83E-02
MSH6_boot.81	3.20E-03	5.73E-02	5.08E-02	0.00E+00	2.74E-02	3.92E-02
MSH6_boot.82	0.00E+00	5.60E-02	4.90E-02	0.00E+00	2.69E-02	4.07E-02
MSH6_boot.83	2.42E-03	5.80E-02	4.98E-02	0.00E+00	2.99E-02	3.82E-02
MSH6_boot.84	0.00E+00	5.64E-02	4.95E-02	0.00E+00	2.69E-02	4.06E-02
MSH6_boot.85	0.00E+00	5.53E-02	4.80E-02	0.00E+00	2.69E-02	4.03E-02
MSH6_boot.86	3.36E-03	5.82E-02	4.90E-02	0.00E+00	3.05E-02	3.69E-02
MSH6_boot.87	1.94E-03	5.74E-02	4.92E-02	1.16E-157	2.95E-02	3.84E-02
MSH6_boot.88	2.53E-03	5.68E-02	4.89E-02	0.00E+00	2.97E-02	3.86E-02
MSH6_boot.89	2.26E-03	5.74E-02	5.10E-02	0.00E+00	2.77E-02	3.96E-02
MSH6_boot.90	1.51E-03	5.61E-02	4.79E-02	0.00E+00	2.91E-02	4.09E-02
MSH6_boot.91	0.00E+00	5.57E-02	4.82E-02	7.16E-37	2.68E-02	4.21E-02
MSH6_boot.92	1.77E-03	5.56E-02	4.79E-02	0.00E+00	2.71E-02	3.91E-02
MSH6_boot.93	3.70E-03	5.87E-02	4.94E-02	0.00E+00	3.07E-02	3.69E-02
MSH6_boot.94	0.00E+00	5.52E-02	4.75E-02	3.73E-38	2.67E-02	4.13E-02
MSH6_boot.95	2.86E-03	5.77E-02	4.81E-02	0.00E+00	3.05E-02	3.79E-02
MSH6_boot.96	0.00E+00	5.61E-02	4.92E-02	0.00E+00	2.69E-02	4.00E-02
MSH6_boot.97	3.89E-03	5.90E-02	4.94E-02	3.96E-97	3.05E-02	3.73E-02
MSH6_boot.98	1.74E-03	5.64E-02	4.84E-02	0.00E+00	2.87E-02	4.00E-02
MSH6_boot.99	2.44E-03	5.73E-02	4.92E-02	0.00E+00	2.94E-02	3.82E-02
MSH6_boot.100	0.00E+00	5.60E-02	4.86E-02	0.00E+00	2.73E-02	4.08E-02
MSH6_boot.101	9.99E-27	1.93E-01	1.18E-01	6.91E-02	9.44E-02	6.93E-02
MSH6_boot.102	9.94E-27	7.92E-02	5.16E-02	1.97E-01	9.92E-27	6.97E-02
MSH6_boot.103	1.65E-01	9.12E-02	6.49E-02	2.16E-01	2.29E-03	4.58E-02
MSH6_real	9.99E-27	1.00E-01	1.15E-01	6.44E-02	9.40E-02	1.27E-01
MSH6_real.1	1.65E-01	8.41E-02	6.53E-02	2.19E-01	1.43E-02	5.02E-02
MSH6_real.2	1.00E-26	1.86E-01	1.17E-01	7.00E-02	4.70E-02	6.73E-02
MSH6_real.3	1.00E-26	1.05E-01	1.18E-01	9.40E-02	9.01E-02	1.35E-01
MSH6_real.4	9.99E-27	1.93E-01	1.19E-01	6.91E-02	6.64E-02	7.17E-02
MSH6_real.5	1.00E-26	9.60E-02	1.15E-01	6.82E-02	4.79E-02	1.20E-01
MSH6_real.6	1.55E-02	8.30E-02	7.86E-02	1.12E-01	4.73E-02	8.15E-02
PMS1_boot	2.40E-02	8.86E-02	6.09E-02	9.87E-02	8.12E-02	8.15E-02
PMS1_boot.1	4.17E-01	1.11E-01	5.12E-02	7.13E-02	8.68E-02	6.50E-02
PMS1_boot.2	2.43E-02	8.94E-02	6.08E-02	1.01E-01	8.23E-02	8.28E-02
PMS1_boot.3	2.48E-02	9.05E-02	6.70E-02	1.19E-01	9.19E-02	7.37E-02
PMS1_boot.4	2.44E-02	8.91E-02	6.34E-02	9.99E-02	8.22E-02	8.08E-02
PMS1_boot.5	2.70E-02	9.36E-02	6.48E-02	1.26E-01	9.64E-02	7.65E-02
PMS1_boot.6	2.53E-02	8.90E-02	6.92E-02	9.46E-02	8.01E-02	7.42E-02
PMS1_boot.7	2.45E-02	8.92E-02	6.41E-02	1.08E-01	8.99E-02	7.37E-02
PMS1_boot.8	6.22E-02	1.00E-01	4.79E-02	1.11E-01	5.38E-02	5.22E-02
PMS1_boot.9	5.57E-02	1.09E-01	3.99E-02	1.10E-01	4.59E-02	7.76E-02
PMS1_boot.10	2.69E-02	9.26E-02	6.87E-02	1.04E-01	8.83E-02	7.82E-02
PMS1_boot.11	5.19E-02	1.08E-01	4.74E-02	7.15E-02	8.95E-02	6.97E-02
PMS1_boot.12	2.81E-02	8.90E-02	6.41E-02	1.01E-01	8.02E-02	7.91E-02
PMS1_boot.13	2.83E-02	9.55E-02	5.27E-02	8.67E-02	2.57E-02	8.17E-02
PMS1_boot.14	4.91E-02	1.11E-01	5.07E-02	6.95E-02	8.72E-02	6.65E-02
PMS1_boot.15	2.64E-02	9.22E-02	7.00E-02	9.67E-02	8.30E-02	7.78E-02
PMS1_boot.16	2.48E-02	9.02E-02	6.28E-02	9.77E-02	8.82E-02	7.65E-02
PMS1_boot.17	2.28E-02	1.00E-01	5.49E-02	8.78E-02	2.68E-02	7.62E-02
PMS1_boot.18	4.71E-02	1.13E-01	5.17E-02	7.35E-02	8.66E-02	6.55E-02
PMS1_boot.19	2.56E-02	8.99E-02	6.01E-02	1.14E-01	8.55E-02	7.60E-02
PMS1_boot.20	5.97E-02	1.06E-01	4.57E-02	1.12E-01	4.61E-02	7.32E-02
PMS1_boot.21	2.14E-02	9.34E-02	7.12E-02	1.07E-01	9.25E-02	7.31E-02
PMS1_boot.22	5.74E-02	1.09E-01	3.78E-02	1.11E-01	4.69E-02	7.56E-02
PMS1_boot.23	2.36E-02	9.25E-02	6.77E-02	1.03E-01	9.19E-02	7.27E-02
PMS1_boot.24	2.61E-02	9.45E-02	5.29E-02	8.56E-02	2.64E-02	8.05E-02
PMS1_boot.25	5.48E-02	1.06E-01	4.65E-02	1.05E-01	5.37E-02	4.99E-02
PMS1_boot.26	5.58E-02	1.06E-01	4.70E-02	1.05E-01	5.51E-02	5.17E-02
PMS1_boot.27	5.66E-02	1.08E-01	3.95E-02	1.14E-01	4.90E-02	7.46E-02
PMS1_boot.28	2.73E-02	9.35E-02	6.72E-02	9.88E-02	8.36E-02	8.35E-02
PMS1_boot.29	4.16E-01	1.10E-01	4.90E-02	7.28E-02	8.58E-02	6.42E-02
PMS1_boot.30	4.60E-02	1.12E-01	5.33E-02	7.21E-02	8.49E-02	6.47E-02
PMS1_boot.31	5.35E-02	9.91E-02	4.75E-02	9.96E-02	5.10E-02	4.69E-02
PMS1_boot.32	1.79E-02	8.70E-02	7.47E-02	1.02E-01	8.27E-02	7.29E-02
PMS1_boot.33	2.64E-02	8.49E-02	6.37E-02	9.44E-02	7.83E-02	7.36E-02
PMS1_boot.34	2.48E-02	1.01E-01	5.55E-02	8.59E-02	2.73E-02	7.55E-02
PMS1_boot.35	2.38E-02	8.42E-02	7.05E-02	9.31E-02	7.86E-02	7.31E-02
PMS1_boot.36	2.88E-02	9.51E-02	5.28E-02	8.58E-02	2.46E-02	8.06E-02
PMS1_boot.37	2.47E-02	8.79E-02	7.19E-02	9.47E-02	7.97E-02	7.48E-02
PMS1_boot.38	9.19E-02	1.04E-01	4.39E-02	1.01E-01	4.56E-02	6.99E-02
PMS1_boot.39	5.30E-02	1.01E-01	5.22E-02	9.88E-02	5.25E-02	4.45E-02
PMS1_boot.40	2.65E-02	8.85E-02	6.93E-02	1.03E-01	8.34E-02	7.86E-02
PMS1_boot.41	2.45E-02	8.70E-02	7.18E-02	9.35E-02	7.84E-02	7.37E-02
PMS1_real	4.73E-02	1.09E-01	4.95E-02	7.34E-02	8.71E-02	6.67E-02
PMS1_real.1	5.74E-02	1.03E-01	4.38E-02	1.06E-01	5.39E-02	5.20E-02
PMS1_real.2	5.93E-02	1.07E-01	3.95E-02	1.07E-01	4.71E-02	7.44E-02
PMS2_boot	9.76E-27	3.46E-01	1.03E-01	1.03E-01	8.31E-02	9.59E-02
PMS2_boot.1	1.30E-26	8.95E-02	3.89E-02	1.75E-01	1.28E-26	1.06E-01
PMS2_boot.2	9.94E-03	2.82E-01	5.40E-02	3.26E-02	3.16E-02	2.34E-02
PMS2_boot.3	1.39E-02	5.74E-02	7.82E-02	1.06E-01	4.16E-02	7.53E-02
PMS2_boot.4	1.39E-02	3.23E-01	5.29E-02	3.19E-02	1.36E-01	2.54E-02
PMS2_boot.5	1.64E-01	1.21E-01	3.02E-03	2.33E-01	3.91E-14	8.06E-02
PMS2_boot.6	1.05E-02	3.10E-01	5.29E-02	1.37E-01	7.14E-02	2.39E-02
PMS2_boot.7	1.31E-26	7.98E-02	3.81E-02	1.61E-01	9.67E-27	1.22E-01
PMS2_boot.8	1.40E-02	1.82E+00	5.44E-02	1.13E-01	9.46E-02	2.80E-01
PMS2_boot.9	9.84E-27	2.56E-01	7.68E-02	1.09E-01	4.60E-02	5.72E-02
PMS2_boot.10	1.61E-01	1.20E-01	3.53E-02	2.17E-01	4.91E-23	8.29E-02
PMS2_boot.11	1.50E-02	8.89E-02	7.58E-02	1.26E-01	2.52E-02	7.35E-02
PMS2_boot.12	9.90E-27	1.12E-01	7.83E-02	1.10E-01	8.34E-02	1.42E-01
PMS2_boot.13	1.42E-02	5.32E-02	7.80E-02	1.08E-01	3.13E-02	7.45E-02
PMS2_boot.14	1.59E-01	1.15E-01	4.58E-02	2.08E-01	7.15E-03	8.11E-02
PMS2_boot.15	1.29E-26	3.24E-01	8.51E-02	1.09E-01	3.88E-02	1.07E-01
PMS2_boot.16	1.27E-26	3.47E-01	8.05E-02	1.05E-01	7.58E-02	1.19E-01
PMS2_boot.17	9.83E-27	1.14E-01	3.09E-02	1.90E-01	9.70E-27	1.28E-01
PMS2_boot.18	1.31E-26	5.90E-02	3.17E-02	1.88E-01	9.70E-27	6.26E-01
PMS2_boot.19	9.81E-27	3.34E-01	1.05E-01	1.06E-01	3.86E-02	1.03E-01
PMS2_boot.20	1.31E-26	3.34E-01	7.78E-02	1.08E-01	4.47E-02	1.07E-01
PMS2_boot.21	9.83E-27	1.18E-01	3.85E-02	1.82E-01	9.69E-27	1.22E-01
PMS2_boot.22	1.48E-01	8.70E-02	4.90E-02	2.18E-01	5.58E-23	2.89E-02
PMS2_boot.23	8.13E-03	3.14E-01	5.76E-02	1.27E-01	6.75E-02	2.42E-02
PMS2_boot.24	1.53E-01	4.50E-02	3.27E-02	2.18E-01	6.82E-03	4.65E-02
PMS2_boot.25	1.46E-01	7.56E-02	4.75E-02	2.15E-01	1.73E-08	3.21E-02
PMS2_boot.26	9.83E-27	1.16E-01	4.29E-02	1.88E-01	3.55E-27	1.30E-01
PMS2_boot.27	1.61E-26	3.53E-01	1.04E-01	1.06E-01	8.41E-02	1.29E-01
PMS2_boot.28	1.58E-01	8.05E-02	4.12E-02	2.11E-01	1.63E-08	2.77E-02
PMS2_boot.29	1.47E-26	3.40E-01	8.20E-02	1.07E-01	8.23E-02	1.14E-01
PMS2_boot.30	7.06E-03	3.37E-01	5.41E-02	3.19E-02	1.45E-01	2.14E-02
PMS2_boot.31	7.58E-03	3.06E-01	5.55E-02	3.16E-02	1.45E-01	2.21E-02
PMS2_boot.32	1.00E-02	6.48E-02	7.72E-02	1.07E-01	4.05E-02	8.35E-02
PMS2_boot.33	1.31E-26	1.08E-01	3.61E-02	1.92E-01	9.70E-27	6.26E-01
PMS2_boot.34	1.48E-26	3.42E-01	8.10E-02	1.04E-01	6.75E-02	1.12E-01
PMS2_boot.35	9.81E-27	1.12E-01	7.83E-02	1.10E-01	6.13E-02	1.43E-01
PMS2_boot.36	9.81E-27	2.72E-01	7.68E-02	1.13E-01	8.22E-02	7.63E-02
PMS2_boot.37	1.42E-02	5.19E-02	1.01E-01	1.02E-01	2.60E-02	7.05E-02
PMS2_boot.38	5.03E-01	3.58E-02	7.82E-22	1.65E-02	1.36E-26	3.58E-02
PMS2_boot.39	9.33E-03	1.02E-01	1.39E-01	1.26E-26	8.89E-02	6.16E-02
PMS2_boot.40	1.88E-01	1.47E-01	1.57E-04	1.89E-02	1.91E-02	2.68E-01
PMS2_boot.41	8.28E-03	2.55E-02	7.91E-02	6.37E-02	2.78E-01	8.84E-03
PMS2_boot.42	3.64E-03	5.92E-02	3.69E-02	1.73E-02	1.84E-02	6.63E-02
PMS2_boot.43	5.27E-03	6.09E-02	3.50E-02	1.54E-02	1.86E-02	6.23E-02
PMS2_boot.44	1.60E-01	2.27E+00	3.64E-02	2.14E-01	7.78E-03	4.50E-02
PMS2_boot.45	1.31E-02	3.11E-01	5.25E-02	1.31E-01	8.49E-02	2.49E-02
PMS2_boot.46	1.28E-26	3.26E-01	1.02E-01	1.11E-01	9.26E-02	8.73E-02
PMS2_boot.47	9.71E-27	1.17E-01	1.02E-01	1.08E-01	8.60E-02	1.50E-01
PMS2_real	9.79E-27	1.10E-01	7.94E-02	1.10E-01	9.00E-02	1.43E-01
PMS2_real.1	1.12E-02	6.56E-02	7.84E-02	1.05E-01	4.08E-02	7.90E-02
PMS2_real.2	1.31E-26	1.29E-01	3.11E-02	1.68E-01	9.78E-27	1.19E-01
