MutationType	SBS96A	SBS96B	SBS96C	SBS96D	SBS96E	SBS96F	SBS96G	SBS96H
A[C>A]A	7.33E-06	7.54E-03	6.62E-03	4.88E-03	1.74E-05	6.34E-04	1.62E-02	6.08E-04
A[C>A]C	1.13E-05	7.36E-06	1.35E-02	9.53E-06	2.65E-02	5.82E-03	3.35E-02	1.50E-02
A[C>A]G	2.41E-06	3.82E-05	8.17E-03	2.19E-06	5.08E-03	1.21E-03	1.12E-03	9.66E-04
A[C>A]T	3.43E-06	1.38E-05	2.60E-06	2.72E-06	4.99E-03	1.21E-03	7.52E-03	6.26E-03
A[C>G]A	4.73E-06	8.46E-04	2.80E-06	4.96E-06	1.50E-02	1.36E-05	1.10E-02	9.67E-04
A[C>G]C	3.12E-06	8.18E-03	3.18E-02	4.83E-06	7.35E-04	1.13E-03	1.12E-03	9.67E-04
A[C>G]G	5.44E-06	5.70E-03	3.85E-06	1.70E-02	9.53E-04	2.09E-02	4.24E-03	9.22E-03
A[C>G]T	3.07E-06	1.05E-02	4.37E-06	1.51E-02	9.49E-04	5.29E-03	8.48E-03	6.36E-03
A[C>T]A	9.75E-06	2.24E-02	2.87E-02	2.77E-02	1.45E-05	7.84E-06	6.96E-06	2.18E-02
A[C>T]C	2.50E-06	1.14E-02	4.04E-06	4.55E-06	6.66E-03	1.92E-04	1.01E-03	8.73E-03
A[C>T]G	1.11E-05	1.16E-05	1.22E-05	4.34E-02	8.09E-06	8.60E-06	1.09E-05	1.24E-05
A[C>T]T	9.52E-06	2.48E-02	1.65E-02	5.56E-03	1.37E-05	1.66E-02	1.04E-04	4.84E-06
A[T>A]A	5.71E-03	5.66E-03	1.35E-02	3.14E-03	1.13E-03	9.76E-04	9.54E-04	9.67E-04
A[T>A]C	8.25E-03	3.95E-05	8.33E-06	5.04E-06	1.71E-02	1.60E-02	7.57E-04	1.10E-05
A[T>A]G	4.60E-06	1.27E-02	1.25E-02	8.01E-03	5.31E-03	3.08E-02	5.15E-03	9.70E-04
A[T>A]T	4.97E-03	8.46E-04	7.17E-03	2.95E-06	4.76E-03	1.21E-03	7.27E-04	9.67E-04
A[T>C]A	2.03E-02	7.22E-06	1.35E-02	6.13E-06	1.32E-05	2.78E-02	6.31E-03	8.61E-03
A[T>C]C	3.69E-06	8.45E-04	3.98E-03	3.10E-06	7.20E-04	1.21E-03	4.26E-03	5.53E-03
A[T>C]G	1.00E-05	8.48E-04	2.77E-02	1.09E-05	8.81E-03	3.16E-02	1.13E-02	1.03E-02
A[T>C]T	8.60E-03	1.14E-02	9.48E-06	8.98E-03	2.09E-02	7.14E-03	1.88E-02	3.93E-02
A[T>G]A	4.22E-06	8.46E-04	4.35E-06	2.40E-06	5.29E-03	1.21E-03	1.17E-02	2.27E-05
A[T>G]C	1.46E-06	8.45E-04	2.12E-06	9.64E-07	1.13E-03	1.21E-03	1.12E-03	9.66E-04
A[T>G]G	1.46E-06	8.45E-04	2.12E-06	9.64E-07	1.13E-03	1.21E-03	1.12E-03	9.66E-04
A[T>G]T	1.34E-06	6.39E-03	2.22E-06	9.56E-07	1.13E-03	9.52E-04	1.12E-03	9.66E-04
C[C>A]A	8.60E-03	8.47E-04	8.59E-03	3.41E-06	1.73E-05	1.07E-02	1.09E-02	1.13E-05
C[C>A]C	4.78E-06	8.46E-04	6.25E-06	4.88E-03	1.70E-02	8.06E-03	9.60E-04	6.07E-04
C[C>A]G	4.85E-06	5.38E-03	1.18E-02	5.20E-06	5.08E-03	1.46E-04	9.11E-03	9.67E-04
C[C>A]T	3.69E-03	1.05E-05	1.26E-02	5.50E-06	5.00E-03	8.16E-03	6.04E-03	5.91E-03
C[C>G]A	6.20E-06	9.46E-03	9.52E-03	4.63E-06	1.40E-02	9.81E-04	7.29E-03	3.69E-06
C[C>G]C	4.40E-03	3.07E-06	2.22E-02	7.67E-06	5.91E-03	6.62E-04	5.12E-03	5.89E-03
C[C>G]G	6.13E-06	8.46E-04	1.25E-02	3.76E-06	1.29E-02	6.04E-05	9.59E-04	9.67E-04
C[C>G]T	7.16E-03	2.61E-06	4.64E-03	5.36E-06	9.52E-04	1.50E-02	1.12E-03	9.67E-04
C[C>T]A	1.86E-02	4.77E-06	2.70E-02	9.94E-06	1.84E-02	9.78E-03	1.07E-05	2.85E-05
C[C>T]C	1.12E-05	8.47E-04	9.71E-06	9.31E-03	3.82E-06	3.68E-02	7.74E-06	2.88E-02
C[C>T]G	3.00E-02	1.13E-05	1.10E-05	1.02E-05	1.06E-05	1.03E-05	8.64E-06	1.10E-05
C[C>T]T	6.59E-06	1.39E-02	4.64E-06	8.98E-03	1.88E-02	1.49E-02	8.77E-06	2.95E-02
C[T>A]A	5.73E-03	8.46E-04	4.89E-06	2.06E-06	1.20E-02	1.04E-03	7.53E-04	9.67E-04
C[T>A]C	3.84E-06	8.45E-04	4.93E-06	3.29E-06	5.02E-03	8.02E-04	1.02E-02	6.52E-03
C[T>A]G	6.61E-06	3.78E-06	8.23E-06	4.95E-03	1.77E-02	4.38E-03	1.04E-02	7.17E-03
C[T>A]T	4.65E-06	9.92E-06	7.56E-03	8.21E-03	4.75E-03	1.48E-02	9.60E-03	1.07E-02
C[T>C]A	6.87E-06	8.46E-04	5.99E-06	9.31E-03	7.22E-04	1.41E-02	7.56E-04	1.17E-02
C[T>C]C	9.24E-03	8.45E-04	3.09E-06	4.06E-03	1.53E-02	2.85E-04	1.12E-03	4.06E-06
C[T>C]G	1.50E-02	1.96E-02	4.15E-06	4.32E-06	9.04E-03	8.00E-03	2.18E-02	3.47E-06
C[T>C]T	4.21E-03	8.28E-06	7.56E-03	9.76E-03	7.22E-04	1.41E-02	7.02E-04	6.07E-04
C[T>G]A	4.21E-03	8.45E-04	4.21E-06	1.89E-06	1.13E-03	1.21E-03	4.93E-03	9.67E-04
C[T>G]C	3.39E-03	5.58E-03	7.09E-03	3.22E-06	8.95E-03	1.11E-03	1.12E-03	4.56E-03
C[T>G]G	7.93E-06	1.12E-05	7.56E-03	6.96E-03	8.89E-04	2.46E-02	8.00E-05	1.00E-05
C[T>G]T	1.22E-02	1.29E-02	7.09E-03	3.22E-06	1.10E-02	6.34E-04	6.72E-04	1.32E-02
G[C>A]A	1.97E-02	1.96E-02	7.73E-06	9.19E-06	3.37E-04	3.15E-02	1.82E-02	1.24E-02
G[C>A]C	5.88E-06	8.46E-04	6.09E-06	3.61E-06	5.90E-03	1.11E-02	7.54E-04	9.31E-06
G[C>A]G	6.79E-03	1.78E-02	6.72E-06	1.19E-05	4.49E-04	9.87E-04	1.64E-02	4.15E-04
G[C>A]T	3.31E-06	1.08E-04	1.62E-02	1.92E-02	9.53E-04	8.81E-04	9.10E-03	1.01E-02
G[C>G]A	6.00E-06	2.14E-06	3.82E-06	6.15E-06	9.50E-03	2.02E-02	1.12E-03	9.66E-04
G[C>G]C	5.67E-03	4.22E-03	9.52E-03	1.56E-06	1.13E-03	1.08E-03	7.81E-04	9.67E-04
G[C>G]G	6.29E-06	8.46E-04	1.76E-02	9.02E-03	1.13E-03	1.21E-03	5.02E-03	9.67E-04
G[C>G]T	4.30E-03	5.01E-04	5.06E-06	1.74E-02	3.33E-04	1.21E-03	5.53E-03	4.56E-03
G[C>T]A	8.91E-03	8.53E-06	1.82E-02	2.07E-02	5.31E-03	8.82E-04	1.95E-02	7.41E-04
G[C>T]C	1.08E-02	1.01E-05	5.58E-06	9.85E-03	1.31E-02	3.41E-02	1.85E-02	5.93E-03
G[C>T]G	4.98E-02	1.01E-01	1.10E-05	2.38E-02	1.19E-05	1.40E-05	1.20E-05	9.84E-06
G[C>T]T	1.36E-02	1.49E-02	5.77E-03	3.56E-06	9.16E-03	7.37E-03	7.61E-04	1.21E-02
G[T>A]A	1.78E-06	1.07E-04	2.61E-06	1.07E-06	7.20E-04	1.21E-03	5.47E-03	7.14E-03
G[T>A]C	5.74E-06	8.45E-04	6.04E-06	2.83E-06	7.21E-04	7.22E-03	1.12E-03	9.67E-04
G[T>A]G	4.09E-06	4.23E-03	4.88E-06	3.74E-06	1.13E-03	6.31E-04	1.00E-02	7.17E-03
G[T>A]T	4.40E-03	4.44E-03	3.97E-06	3.76E-06	1.13E-03	8.96E-03	7.97E-04	7.39E-04
G[T>C]A	3.39E-03	1.86E-02	7.36E-06	7.71E-06	5.02E-03	7.27E-04	6.59E-03	1.85E-04
G[T>C]C	1.35E-02	5.24E-03	3.98E-03	4.93E-03	8.59E-03	1.02E-02	7.61E-04	3.40E-04
G[T>C]G	9.81E-06	1.79E-02	7.09E-03	4.55E-03	8.18E-03	1.35E-02	1.01E-03	2.75E-05
G[T>C]T	3.28E-06	1.14E-05	7.34E-03	3.64E-06	8.13E-03	8.14E-03	1.03E-02	5.54E-03
G[T>G]A	3.43E-06	8.45E-04	2.00E-06	3.03E-06	8.13E-03	1.21E-03	1.01E-03	5.54E-03
G[T>G]C	6.34E-06	9.46E-03	7.33E-06	6.20E-06	3.71E-06	1.14E-02	1.12E-03	9.67E-04
G[T>G]G	3.84E-06	8.99E-06	1.16E-02	1.01E-02	6.65E-03	7.97E-03	4.96E-03	9.82E-06
G[T>G]T	2.00E-06	8.46E-04	6.62E-03	2.72E-06	9.48E-04	1.04E-03	4.86E-03	1.06E-02
T[C>A]A	7.97E-06	1.33E-02	6.48E-06	3.57E-06	9.82E-03	1.23E-02	4.44E-03	2.02E-02
T[C>A]C	7.32E-06	5.67E-03	1.21E-02	5.07E-03	6.29E-03	2.85E-02	1.83E-02	6.06E-06
T[C>A]G	5.71E-03	1.02E-05	3.48E-02	7.24E-06	7.37E-04	7.04E-03	7.54E-04	9.68E-04
T[C>A]T	9.20E-06	1.50E-02	9.52E-03	5.06E-03	9.70E-03	6.63E-04	1.85E-02	9.68E-04
T[C>G]A	3.17E-06	1.55E-02	8.68E-06	3.28E-02	5.93E-03	1.93E-02	4.90E-03	1.48E-02
T[C>G]C	1.77E-02	1.53E-02	5.62E-06	4.67E-06	1.53E-02	1.33E-02	1.34E-02	8.30E-06
T[C>G]G	4.00E-03	1.48E-05	1.18E-02	9.26E-03	6.25E-03	8.01E-04	1.12E-03	1.06E-02
T[C>G]T	7.17E-03	2.18E-02	9.42E-06	2.81E-02	7.33E-02	1.04E-04	2.40E-02	9.74E-06
T[C>T]A	1.09E-05	1.18E-05	6.14E-02	1.51E-02	7.48E-06	6.23E-06	9.04E-06	3.96E-02
T[C>T]C	1.18E-02	9.01E-06	9.63E-06	1.56E-02	5.57E-02	1.26E-05	1.99E-02	6.10E-04
T[C>T]G	5.12E-02	1.25E-05	1.01E-05	1.14E-05	9.19E-06	1.12E-05	8.03E-06	6.76E-02
T[C>T]T	2.54E-02	9.64E-06	1.21E-05	1.51E-02	8.46E-06	9.33E-06	3.97E-02	6.97E-06
T[T>A]A	4.21E-03	5.58E-03	3.76E-06	3.10E-06	1.13E-03	9.80E-04	5.49E-03	9.67E-04
T[T>A]C	2.41E-06	1.07E-04	5.66E-03	2.35E-06	8.07E-03	9.74E-04	1.01E-03	7.14E-03
T[T>A]G	4.12E-06	3.41E-03	3.46E-06	4.06E-03	1.13E-03	1.11E-03	4.96E-03	9.67E-04
T[T>A]T	5.74E-03	8.46E-04	1.01E-05	5.31E-06	7.22E-04	1.48E-02	7.59E-04	9.67E-04
T[T>C]A	1.40E-06	8.46E-04	2.18E-02	4.55E-03	1.13E-03	8.49E-04	1.12E-03	9.67E-04
T[T>C]C	4.30E-03	5.20E-03	1.48E-02	2.05E-06	9.52E-04	1.21E-03	6.74E-04	6.25E-03
T[T>C]G	4.26E-06	8.46E-04	3.77E-06	2.80E-06	1.13E-03	4.35E-03	4.95E-03	4.83E-03
T[T>C]T	7.27E-06	8.47E-04	1.42E-02	6.79E-06	6.29E-03	8.85E-04	1.38E-02	9.69E-04
T[T>G]A	3.04E-06	5.58E-03	3.06E-06	3.13E-06	1.13E-03	1.21E-03	1.12E-03	9.67E-04
T[T>G]C	1.56E-06	8.46E-04	6.62E-03	4.87E-03	8.15E-03	6.59E-04	1.12E-03	6.07E-04
T[T>G]G	1.46E-06	8.45E-04	2.12E-06	9.64E-07	1.13E-03	1.21E-03	1.12E-03	9.66E-04
T[T>G]T	7.07E-03	3.41E-03	4.76E-06	6.36E-06	7.23E-04	8.08E-03	6.03E-03	1.61E-02
