MutationType	SBS96A	SBS96B	SBS96C	SBS96D	SBS96E	SBS96F	SBS96G	SBS96H
A[C>A]A	8.613007194071542e-05	0.01105357343367359	0.00672077632334549	0.004965295767760836	0.00011788476258516312	0.0007483353576390073	0.04532989654835547	0.0006994487004703843
A[C>A]C	5.589456075085764e-05	7.913427507446613e-05	0.013538634325232123	6.557672204507981e-05	0.06464414164802293	0.006008397867481108	0.038193523293739415	0.015104015819451888
A[C>A]G	0.0001009568411973305	0.00014211423331289552	0.008276989042497008	9.954107663361356e-05	0.006213361483241897	0.0024608393039670775	0.002296798442694126	0.0010724456478783395
A[C>A]T	9.936816204572096e-05	0.00011843146930914372	0.00010971780648105778	9.801336418604478e-05	0.006832866436889162	0.0024614979076432062	0.009344320194941247	0.006568407583108638
A[C>G]A	9.154184663202613e-05	0.000942320726608159	0.00010302881419193	9.033286769408733e-05	0.016919706299086103	0.00012539383315015584	0.022939914624294032	0.0010629926982801408
A[C>G]C	9.836645913310348e-05	0.012306995894323335	0.03191869076617877	9.435879837838002e-05	0.0010649719006323721	0.00178537443625828	0.0022843872672694944	0.0010674275799829047
A[C>G]G	9.059712647285778e-05	0.005807898332568584	9.846459433902056e-05	0.017080550582977593	0.0010570095459115692	0.033103103342727994	0.006369223928049905	0.009776015514944447
A[C>G]T	9.165079245576635e-05	0.013801715865702136	9.998443856602534e-05	0.022265974418405676	0.0011126885467092507	0.005436258623376489	0.013751384444185532	0.006461294172913768
A[C>T]A	6.792547064833343e-05	0.032784448638813045	0.07572248120777658	0.027780043109396503	8.45631827814941e-05	7.921442229417153e-05	8.381265215575694e-05	0.032619996284120135
A[C>T]C	9.743753689690493e-05	0.022800318150257227	0.00010155191121157259	9.27581117139198e-05	0.007033981835411396	0.00032268663417198693	0.0020418914071342444	0.013859763580694563
A[C>T]G	4.052764342645787e-05	3.725100055476105e-05	4.031004132230009e-05	0.5294621706008911	6.793377096983022e-05	7.432294969476061e-05	3.970953620751061e-05	5.8680857723159005e-05
A[C>T]T	8.058904887775498e-05	0.037786787765071495	0.022967363661155104	0.008167241574119544	8.994480249384651e-05	0.02907645190061885	0.0002524124320189003	8.943058346631006e-05
A[T>A]A	0.00581188217838644	0.006272164875554154	0.013568964791193138	0.003239112223673146	0.0017809040087740867	0.0016328124547726475	0.0015376325405668466	0.0010686073364922777
A[T>A]C	0.008328619894746226	0.0001313891880272422	8.735280061955564e-05	8.2099992869189e-05	0.022885728793698944	0.0419131501330412	0.0008585373132518725	0.00010068226329167374
A[T>A]G	8.009249577298761e-05	0.012831452426325995	0.012621095933718606	0.008078903719501795	0.005404154001735151	0.06161460405201069	0.005232929395788233	0.001043684456453775
A[T>A]T	0.005070686303224647	0.0009454411730985158	0.007279467118496541	9.749433302204124e-05	0.0058290361914259846	0.0024574878872954285	0.0012353428297501522	0.0010685146153264213
A[T>C]A	0.03031527947423456	8.52873836265644e-05	0.013549850398339914	7.182908611866879e-05	9.591929301677737e-05	0.046762652672623514	0.009529239168841741	0.012855677895322515
A[T>C]C	9.907163039315491e-05	0.0009479337502853013	0.0040892596392950505	9.920540833263658e-05	0.0008395258184464183	0.0024604378442745654	0.006029617614694871	0.006082935484300833
A[T>C]G	7.11457506440638e-05	0.0009274518363877604	0.05219885616461397	6.7594042775454e-05	0.008892369789464283	0.03167129408757319	0.012883235307617725	0.010368549761295753
A[T>C]T	0.00867193358571967	0.01163292526407531	8.5564499386237e-05	0.009039540537287394	0.021005783658256404	0.007587287422575173	0.02866499188968703	0.05313526380210334
A[T>G]A	9.585147126927041e-05	0.0009451259531488177	0.00010532138476264663	9.87795865512453e-05	0.00636820897270809	0.002457422166480683	0.01933332806365797	0.00012492031019064597
A[T>G]C	0.00010292408696841449	0.0009497392733464949	0.00011161649235873483	0.00010202544435742312	0.00178451523752301	0.0024623589881230144	0.00229931235226104	0.0010730459260230418
A[T>G]G	0.00010292408696841449	0.0009497392733464949	0.00011161649235873483	0.00010202544435742312	0.00178451523752301	0.0024623589881230144	0.00229931235226104	0.0010730459260230418
A[T>G]T	0.00010215342917945236	0.010577426030795322	0.00011084867219324224	0.00010202200792264193	0.0017831510725955014	0.0016964991751592605	0.002297943721350748	0.0010722414088377263
C[C>A]A	0.01289619681010663	0.0009360970667330548	0.008685721787333022	9.202074797940441e-05	0.00011465731877251528	0.016950104068382644	0.020626267131592612	9.913842295645736e-05
C[C>A]C	9.519978193566203e-05	0.0009451417558011599	9.97873747110134e-05	0.004965312554486445	0.026958162205846747	0.009015901281964033	0.0015305610420909943	0.0007008405144006246
C[C>A]G	9.298247096012346e-05	0.005521689732267987	0.017306162428940296	9.264934597013053e-05	0.006915192448650487	0.0002602440887130797	0.010757933030981803	0.001065163807652425
C[C>A]T	0.00377864463662263	0.00011210379816475324	0.01885258240363328	8.801750846032519e-05	0.006119039432087447	0.008493153136078036	0.007992180637666024	0.006210638106131228
C[C>G]A	9.282968640036415e-05	0.010463546076789499	0.009623269610165153	9.194435697281733e-05	0.014145346916484414	0.001585493836319074	0.012842055279907071	9.945410420186818e-05
C[C>G]C	0.00448830486566294	9.399522896273993e-05	0.05267465507640736	8.376395489904099e-05	0.006991728884167969	0.0007873196504078805	0.005480327786062844	0.006762122588042985
C[C>G]G	9.097307010961231e-05	0.0009434056075406261	0.017545004106432317	9.253569733118639e-05	0.02443073645699769	0.00018258228956256062	0.0015383164303784725	0.0010641718828992453
C[C>G]T	0.007263271682313643	9.973627456929534e-05	0.004745797622308601	9.486157687206287e-05	0.0010681581632525194	0.016829565831721995	0.002290530845129979	0.0010643415327649564
C[C>T]A	0.03604013950101361	8.768599764152896e-05	0.03399567538363044	7.21033600541432e-05	0.03622640930188936	0.009874892378866207	9.529820272291545e-05	0.0001085175546904793
C[C>T]C	6.492964359949838e-05	0.0009290588775911601	8.135078187478939e-05	0.009373041184028352	8.88176029548049e-05	0.08771986749998177	8.599341454100795e-05	0.02998335657430289
C[C>T]G	0.4414360225200653	5.382614772315719e-05	6.40909674956447e-05	4.691914946306497e-05	5.221208816692524e-05	6.280453826548182e-05	5.9269297344144435e-05	3.953361411674905e-05
C[C>T]T	8.220692034228705e-05	0.019674234073318076	9.384680161019787e-05	0.009047920597004122	0.03676510018740373	0.01573433423654933	8.632160279375967e-05	0.0434175445985602
C[T>A]A	0.0058331802378233984	0.0009465977789659518	0.0001051498438755516	9.873427261481993e-05	0.01948476403413224	0.0016655403473123443	0.0008902353212761227	0.0010694026022974867
C[T>A]C	9.666641126386822e-05	0.0009481583219894674	0.00010611894031171687	9.580949554219842e-05	0.00588801363192033	0.0010926027527602856	0.012686149223009124	0.009974235227855389
C[T>A]G	8.58694653288694e-05	9.696577908471226e-05	8.699129830347374e-05	0.00503351392399054	0.04201682225684635	0.004529510222346289	0.010553391838402603	0.008269165917045029
C[T>A]T	8.89393068064237e-05	9.80214805167634e-05	0.007652377081103623	0.008292998459000955	0.0051249163578177106	0.016750164410768775	0.015235806863711333	0.010790348250520766
C[T>C]A	8.831583836581558e-05	0.0009443163318792358	0.00010141947059310042	0.0093986512045376	0.0008274728315882385	0.02313450377623667	0.0008608404357801191	0.011846712681654025
C[T>C]C	0.013954922304765204	0.0009476833816734143	0.00010723152008722537	0.004153997913090279	0.02356176334360498	0.00043758469400927423	0.0022963337702094576	9.889870852930471e-05
C[T>C]G	0.02650238363239623	0.01969580931618111	9.56887066422496e-05	8.671627729199827e-05	0.00913069433408964	0.009354234227066627	0.04290948279594886	8.831036684568972e-05
C[T>C]T	0.004290689845765883	0.00010738440541899764	0.00765215297751638	0.013982331056104158	0.0008207259328628424	0.024793282344035106	0.001097836869303137	0.0007011111887550214
C[T>G]A	0.004307109054934699	0.0009484239126322791	0.00010867493183468469	0.00010014407525886782	0.0017817757521697785	0.0024586061495938337	0.006071547618194018	0.0010698378879169467
C[T>G]C	0.003490585205872776	0.005678079659264768	0.007193664167425595	9.793106510187499e-05	0.010176421639334876	0.0018881608462834264	0.002295513157150708	0.004690366677823477
C[T>G]G	8.550545098842121e-05	9.984932585211936e-05	0.007660378186483285	0.013686103843065211	0.0014232952999009285	0.04588838944255258	0.00019850273856718558	8.857833149704675e-05
C[T>G]T	0.01794772959983675	0.017925266722158995	0.007183976262604119	9.541580293443985e-05	0.011161299706145655	0.000746691158565227	0.0007838048324629199	0.019857010412670205
G[C>A]A	0.0197424969439453	0.019692863074305934	8.747243700781837e-05	7.196446632633524e-05	0.00041511011477268767	0.03232637768014683	0.04343303661060745	0.016646279545966536
G[C>A]C	9.454001155972946e-05	0.0009465118186199106	0.00010082246226374991	9.387794707436115e-05	0.006768599070346682	0.025095983004575828	0.000885810078762006	0.00011045826176996343
G[C>A]G	0.0068794497703493105	0.024246297594800126	0.00010129466245416552	8.282824550178702e-05	0.000538405802763009	0.0015383732345071622	0.023223943557968595	0.0005080993663113987
G[C>A]T	8.918900566641241e-05	0.00019573752106225584	0.024324664943560493	0.01930260237932089	0.0010558147005212959	0.0010230972846329677	0.014225298312521773	0.015216653127208702
G[C>G]A	9.520241546852048e-05	0.0001018968781863805	0.00010617101361276582	9.380151823279448e-05	0.010625167209946084	0.02286027423251653	0.0022932721134566237	0.0010715241565776522
G[C>G]C	0.008609593836445129	0.004846110355720157	0.009630902086064453	9.905592742143199e-05	0.0017791519465390592	0.0022110694233560936	0.0011651307882857508	0.0010699887170630973
G[C>G]G	9.2674028564943e-05	0.0009419034562597517	0.017715438851882936	0.009114712923474145	0.0017739758586685639	0.0024574275201302955	0.0051590513277915305	0.0010666132242477034
G[C>G]T	0.004405702474468853	0.0006036787410266698	0.00010716120377765037	0.017454144966905005	0.0004566201641864609	0.0024593006128270645	0.007150112125236774	0.005632669374608668
G[C>T]A	0.012738627224098308	8.1638974006637e-05	0.03492892482263414	0.028057657236422527	0.0054032601459766735	0.0010085511305078399	0.019631966478482355	0.0008175908643352159
G[C>T]C	0.010858124428386873	8.205076642866515e-05	8.812373926048167e-05	0.009926461216358007	0.0185706844793458	0.051770124250469965	0.027993785490252776	0.00601468982604274
G[C>T]G	0.07333869041920593	0.4494592974700936	6.05298509793073e-05	0.02389563730973805	3.661436532098605e-05	4.20298738049496e-05	5.04663619586676e-05	5.9775181125587554e-05
G[C>T]T	0.013666271368128946	0.01505010497494368	0.008711186288201134	8.956598903751001e-05	0.013430039200102328	0.007684753822832136	0.0010186538464040495	0.016540605040063383
G[T>A]A	0.00010215956208412536	0.00021026976028224454	0.00010996168930432759	0.00010166319261770696	0.0008467337873298674	0.0024611493630800397	0.00790699441495235	0.008251287552411668
G[T>A]C	9.798359860724304e-05	0.0009492900680925231	0.00010692686337279155	9.954322304110974e-05	0.000834234132344136	0.009850948772509582	0.002298007498757215	0.0010697026518755592
G[T>A]G	9.450948346056975e-05	0.005184646622365108	0.0001010213338304311	9.427968616364524e-05	0.0017734692213707604	0.000792958647798514	0.02024921649208409	0.00827499108563643
G[T>A]T	0.004499586305610137	0.0053975882998202	0.00010689559858292341	9.569076646585018e-05	0.001780168597906595	0.015038728068611817	0.0012921082037792076	0.0008397330217121635
G[T>C]A	0.0034890903436462393	0.027039715924911435	9.997097040468362e-05	8.947997266659514e-05	0.005845914031124266	0.001186150839930633	0.011675672134879278	0.00028639143783948384
G[T>C]C	0.01356513088248903	0.005342453189950902	0.0040805869299219925	0.005023800258641131	0.013499896344728767	0.016136792305769632	0.0010210167594777886	0.0004345595640188549
G[T>C]G	8.572579699830384e-05	0.023282449541875395	0.007176843042907421	0.004633003127673873	0.008274277037162391	0.015616749807668385	0.0016247203988314141	0.00011944863181270193
G[T>C]T	9.484606562182307e-05	0.0001080928894225508	0.010706365477381042	9.242643354809844e-05	0.009017986438266234	0.008958819109102479	0.01140959758486133	0.006627010443480685
G[T>G]A	9.785561196622439e-05	0.0009469078577239998	0.00010946300171781332	9.715727501315996e-05	0.009021920817758655	0.0024589480679424016	0.0016306194032949862	0.006634184578433633
G[T>G]C	9.362684504594654e-05	0.010467181113926926	9.863280247373041e-05	9.112177540373522e-05	0.00011022308390238323	0.018829609082604292	0.002291841834085062	0.0010661186970537528
G[T>G]G	8.949059410952031e-05	0.00010258688052999787	0.02181680326029891	0.010214785457355902	0.007747355464380235	0.009741088130249409	0.005529942235443741	0.00010668347313185223
G[T>G]T	0.000100116798421368	0.000943053733499255	0.006731409340136452	9.824447333812713e-05	0.0011192076010047459	0.0016655534855090082	0.0064841098894248715	0.011772895062313183
T[C>A]A	7.821208255336387e-05	0.013501246726809768	9.13427702471381e-05	8.894526690710336e-05	0.009921049439799389	0.0184347344955313	0.004601335336337798	0.04321162762935273
T[C>A]C	7.761105825920822e-05	0.006637852554194979	0.018191360865239405	0.005135583152152989	0.00637455912110454	0.042597267169912814	0.028008653429901643	8.473501475236844e-05
T[C>A]G	0.005796295761570036	9.186800982661226e-05	0.05602490872406633	8.717065320524852e-05	0.0010612626592774177	0.009033105319394963	0.0008811561856418848	0.0010611395322484896
T[C>A]T	8.042198951443424e-05	0.015117720320995431	0.009617881505255355	0.005145892358086712	0.011587566106391023	0.0007743504604150076	0.024644403647835135	0.0010565541560936254
T[C>G]A	9.08519134100061e-05	0.020932128066124277	8.73685745318653e-05	0.032899696639651664	0.006103412989614298	0.020282443040923682	0.005541664791599033	0.02635656933271093
T[C>G]C	0.029855751252034678	0.020407480807989486	9.219558269251138e-05	8.619792824902107e-05	0.01650996870084782	0.013537638544949004	0.020106070247129536	8.34263631986687e-05
T[C>G]G	0.004093799179827329	0.00010907938121818006	0.011883307193056681	0.00935212453114218	0.006791638606227934	0.0009163742281089072	0.002287059431546368	0.015722558438574195
T[C>G]T	0.007218855290375359	0.02184361321196775	7.454618880728959e-05	0.042158314322023216	0.13191230240481672	0.00017151707625089329	0.036125248473911145	7.148966028580617e-05
T[C>T]A	5.410827787919459e-05	5.369189707380428e-05	0.21569282766176912	0.015148029761539306	7.118077719496796e-05	6.898154097143561e-05	6.354460092552471e-05	0.05898323039353013
T[C>T]C	0.011823127812112944	7.071864970384923e-05	6.091101320180314e-05	0.020342430940682	0.17405793668876868	6.528217045342899e-05	0.020005519983169507	0.000674199384206986
T[C>T]G	0.07686160216612166	4.244057427555958e-05	6.227646108527551e-05	3.444724256809195e-05	6.0945884983709674e-05	6.417561617126921e-05	4.745581372844754e-05	0.3527524471785
T[C>T]T	0.025415388289997766	6.458574844145915e-05	6.073442411889118e-05	0.015154972842356073	6.746676222064707e-05	6.863772478027386e-05	0.17630517647703528	5.858874064870179e-05
T[T>A]A	0.004306052847823594	0.005681341150921071	0.00010701748979045079	9.832889918470755e-05	0.0017796791362343356	0.001588428059767466	0.007439091363630723	0.0010689813148928805
T[T>A]C	9.792565033421852e-05	0.00020918146474286915	0.005771274187281961	9.7280722548021e-05	0.009964486773242243	0.0016374807360989506	0.0016312605002894998	0.008249769324902446
T[T>A]G	9.843245352385566e-05	0.004341697022027802	0.00010889610057347454	0.0041602227509429214	0.0017819600543589331	0.002084718617697945	0.006200987065676599	0.0010707042325520887
T[T>A]T	0.005823911817174121	0.0009449434946873225	0.00010088837052535382	9.373346656502691e-05	0.0008258684661996085	0.024209123905893647	0.0009007098138681613	0.0010634137579472736
T[T>C]A	0.00010143298859475181	0.0009448855322261807	0.02191628058353672	0.004647350578306941	0.001782970880594803	0.0012919180509925355	0.002289763410226442	0.0010707217770686839
T[T>C]C	0.0044051409902749585	0.005837725129094906	0.019305548629927217	9.829176342464052e-05	0.0010658088394848164	0.002456235913996352	0.0009432854865735862	0.0067184183993958865
T[T>C]G	9.779411557246931e-05	0.000944227418221999	0.00010552726162131876	9.884836545097642e-05	0.001779839050868759	0.0054952204678556885	0.006554838990268763	0.005913704604608938
T[T>C]T	8.436388343397993e-05	0.0009332391557109077	0.02094333295681281	8.805624238448218e-05	0.0063793779296247525	0.0009807384638406802	0.026411505290525383	0.0010469086970260832
T[T>G]A	0.00010055626189569012	0.005681426059163641	0.00010911618082900531	9.929562802426516e-05	0.0017808302232879213	0.0024589209089754148	0.002297110768995481	0.001070301754225511
T[T>G]C	0.000102014493313618	0.0009458695611101575	0.006731833480444038	0.004973894366412423	0.010044371382537064	0.0008146725362166762	0.002295645336562302	0.000708065896469634
T[T>G]G	0.00010292408696841449	0.0009497392733464949	0.00011161649235873483	0.00010202544435742312	0.00178451523752301	0.0024623589881230144	0.00229931235226104	0.0010730459260230418
T[T>G]T	0.007165773961241939	0.004336805082857609	0.00010191012188442983	8.923308159864973e-05	0.0008197722170734778	0.008195412391796709	0.008081935874361078	0.023925671113829594
