Samples	SBS96A	SBS96B	SBS96C
EXO1_0_real_train1	0.6716989634076851	0.32830103659231497	5.04e-322
OGG1_0_real_train1	4.9e-322	4.35e-322	1.0
RNF168_0_real_train1	0.7986241331433797	0.20137586685662032	5.04e-322
UNG_0_real_train1	0.7259118600849673	0.2535777230951514	0.020510416819881142
ATP2B4_0_real_train1	0.7041966850994459	0.024614569830472853	0.2711887450700812
ATP2B4_1_real_train1	0.4933328472686316	0.06214419412640914	0.4445229586049592
MLH1_0_real_train1	7.6e-322	1.0	5.04e-322
MSH2_0_real_train1	2.016e-321	1.0	1.7534373244494312e-59
MSH6_0_real_train1	1.324e-321	1.0	2.11e-321
MSH6_1_real_train1	1.32e-321	1.0	2.5741190089507093e-123
PMS1_0_real_train1	0.5731616629750926	0.2326952566812724	0.19414308034363478
PMS2_0_real_train1	0.18992821493878206	0.8100717850612179	1.067e-321
EXO1_0_multinomial_train1	0.6983053936636527	0.3016946063363473	5.04e-322
RNF168_0_multinomial_train1	0.8486542495785023	0.15134575042149762	4.84e-322
RNF168_0_multinomial_train1.1	0.9393267699447517	0.06067323005524825	5.7e-322
EXO1_0_multinomial_train1.1	0.6273953846868605	0.37260461531313943	4.9e-322
RNF168_0_multinomial_train1.2	0.8367471092980969	0.163252890701903	5.83e-322
RNF168_0_multinomial_train1.3	0.7701172044948554	0.22988279550514462	6.37e-322
RNF168_0_multinomial_train1.4	0.8355177225303212	0.16448227746967886	6.6e-322
RNF168_0_multinomial_train1.5	0.7577746274178164	0.24222537258218366	3.9e-322
RNF168_0_multinomial_train1.6	0.7960847034204313	0.2039152965795688	5.7e-322
RNF168_0_multinomial_train1.7	0.6885969259457414	0.31140307405425843	4.2e-322
RNF168_0_multinomial_train1.8	0.8673315045932372	0.13266849540676276	7.86e-322
EXO1_0_multinomial_train1.2	0.6728022360808552	0.3271977639191447	4.64e-322
EXO1_0_multinomial_train1.3	0.6869134283441003	0.31308657165589976	5.3e-322
RNF168_0_multinomial_train1.9	0.8171188986381888	0.18288110136181113	3.8e-322
EXO1_0_multinomial_train1.4	0.685037256392987	0.3149627436070131	5.24e-322
EXO1_0_multinomial_train1.5	0.6648106983174131	0.335189301682587	5e-322
EXO1_0_multinomial_train1.6	0.6870087593913994	0.3129912406086007	4.9e-322
EXO1_0_multinomial_train1.7	0.6462234523270178	0.3537765476729822	5.4e-322
EXO1_0_multinomial_train1.8	0.6661429575620424	0.33385704243795755	4.9e-322
RNF168_0_multinomial_train1.10	0.8806291336740749	0.11937086632592518	6.4955756565e-314
EXO1_0_multinomial_train1.9	0.6053836852571641	0.39461631474283587	5.6e-322
RNF168_0_multinomial_train1.11	0.7062247488675208	0.2937752511324792	3.85e-322
RNF168_0_multinomial_train1.12	0.7678818604844959	0.2321181395155042	4.64e-322
EXO1_0_multinomial_train1.10	0.612656539862082	0.3873434601379181	5.63e-322
EXO1_0_multinomial_train1.11	0.6405678461934918	0.3594321538065083	4.94e-322
RNF168_0_multinomial_train1.13	0.6052841533349791	0.394715846665021	6.4e-322
RNF168_0_multinomial_train1.14	0.8059136399432523	0.19408636005674768	6.2e-322
RNF168_0_multinomial_train1.15	0.6850716489785422	0.31492835102145783	3.9e-322
RNF168_0_multinomial_train1.16	0.8233128921148458	0.17668710788515418	6.27e-322
EXO1_0_multinomial_train1.12	0.7543538674462775	0.24564613255372242	6.77e-322
RNF168_0_multinomial_train1.17	0.7656319674174665	0.2343680325825336	4.4e-322
EXO1_0_multinomial_train1.13	0.7387243560793029	0.2612756439206973	7.36e-322
RNF168_0_multinomial_train1.18	0.9230480141054432	0.0769519858945568	6.27e-322
EXO1_0_multinomial_train1.14	0.6716444257658776	0.32835557423412254	5.04e-322
RNF168_0_multinomial_train1.19	0.749473721719934	0.2505262782800659	4.15e-322
RNF168_0_multinomial_train1.20	0.6588357310214767	0.34116426897852337	2.4e-322
EXO1_0_multinomial_train1.15	0.6683712367556138	0.33162876324438634	4.8e-322
RNF168_0_multinomial_train1.21	0.8161159088403858	0.1838840911596142	9.54e-322
RNF168_0_multinomial_train1.22	0.7811221284205452	0.21887787157945485	8.5e-322
EXO1_0_multinomial_train1.16	0.6290160579701678	0.3709839420298323	5.34e-322
EXO1_0_multinomial_train1.17	0.6437599709977296	0.35624002900227036	5.24e-322
RNF168_0_multinomial_train1.23	0.7539424830717067	0.2460575169282932	6.2e-322
EXO1_0_multinomial_train1.18	0.644368063552141	0.35563193644785884	5.14e-322
RNF168_0_multinomial_train1.24	0.7870201615634722	0.21297983843652776	3.2e-322
RNF168_0_multinomial_train1.25	0.7900296394251684	0.20997036057483168	3.3e-322
RNF168_0_multinomial_train1.26	0.7575850004380889	0.24241499956191112	4e-322
RNF168_0_multinomial_train1.27	0.9151007497723095	0.08489925022769064	9.83e-322
RNF168_0_multinomial_train1.28	0.730100812980174	0.26989918701982585	3.7e-322
EXO1_0_multinomial_train1.19	0.627481313640796	0.37251868635920404	5.14e-322
RNF168_0_multinomial_train1.29	0.7005057101085624	0.29949428989143745	3.7e-322
EXO1_0_multinomial_train1.20	0.6803098038824577	0.31969019611754235	4.7e-322
RNF168_0_multinomial_train1.30	0.8147302838662391	0.18526971613376092	4.7e-322
RNF168_0_multinomial_train1.31	0.7686613174021287	0.23133868259787113	5.4e-322
RNF168_0_multinomial_train1.32	0.7887660195127786	0.21123398048722147	5.43e-322
RNF168_0_multinomial_train1.33	0.8916881786156231	0.1083118213843769	4.5e-322
EXO1_0_multinomial_train1.21	0.6758299616907861	0.3241700383092137	5.6e-322
RNF168_0_multinomial_train1.34	0.8858607967761709	0.11413920322382903	4.15e-322
EXO1_0_multinomial_train1.22	0.6643182220786552	0.33568177792134474	4.6e-322
EXO1_0_multinomial_train1.23	0.6995923250077682	0.30040767499223175	4.8e-322
RNF168_0_multinomial_train1.35	0.7600599637769976	0.2399400362230024	4.64e-322
RNF168_0_multinomial_train1.36	0.8423171564000892	0.1576828435999109	5.2e-322
EXO1_0_multinomial_train1.24	0.7407153673066513	0.2592846326933488	5.1e-322
RNF168_0_multinomial_train1.37	0.7843263651192387	0.21567363488076116	3.6e-322
EXO1_0_multinomial_train1.25	0.6919181718007712	0.30808182819922864	6.97e-322
RNF168_0_multinomial_train1.38	0.8879201882762062	0.11207981172379361	4.7e-322
EXO1_0_multinomial_train1.26	0.6445365803066658	0.3554634196933342	5.5e-322
EXO1_0_multinomial_train1.27	0.6933955401288112	0.30660445987118873	4.84e-322
EXO1_0_multinomial_train1.28	0.6853113953699717	0.3146886046300282	5.3e-322
EXO1_0_multinomial_train1.29	0.7084526276757614	0.2915473723242385	4.8e-322
EXO1_0_multinomial_train1.30	0.6783611457477003	0.3216388542522996	4.84e-322
RNF168_0_multinomial_train1.39	0.7113559187395528	0.2886440812604471	6.8e-322
RNF168_0_multinomial_train1.40	0.964704361213364	0.03529563878663602	8.74e-322
EXO1_0_multinomial_train1.31	0.6243112447194108	0.37568875528058915	5.14e-322
EXO1_0_multinomial_train1.32	0.6708495076488625	0.3291504923511375	5.2e-322
EXO1_0_multinomial_train1.33	0.6734206326834931	0.32657936731650683	4.94e-322
RNF168_0_multinomial_train1.41	0.8760759533869876	0.12392404661301248	4.9e-322
RNF168_0_multinomial_train1.42	0.8183643358970192	0.18163566410298074	4.6e-322
EXO1_0_multinomial_train1.34	0.6693106388581194	0.33068936114188063	4.74e-322
RNF168_0_multinomial_train1.43	0.868010832574942	0.13198916742505795	5.14e-322
EXO1_0_multinomial_train1.35	0.7388868787507785	0.2611131212492216	4.74e-322
EXO1_0_multinomial_train1.36	0.6630174193400753	0.33698258065992465	5.2e-322
RNF168_0_multinomial_train1.44	0.8891892255370548	0.11081077446294534	6.13e-322
EXO1_0_multinomial_train1.37	0.6483135906111872	0.35168640938881274	5.4e-322
RNF168_0_multinomial_train1.45	0.8682650081822456	0.13173499181775453	5e-322
RNF168_0_multinomial_train1.46	0.8115142513714353	0.1884857486285647	5.73e-322
RNF168_0_multinomial_train1.47	0.7446564185488249	0.255343581451175	3.36e-322
RNF168_0_multinomial_train1.48	0.8035177494415341	0.19648225055846605	3.6e-322
RNF168_0_multinomial_train1.49	0.7887878613297665	0.2112121386702335	6.4e-322
RNF168_0_multinomial_train1.50	0.7024438371191511	0.29755616288084885	5.7e-322
EXO1_0_multinomial_train1.38	0.7508512255336244	0.24914877446637557	4.7e-322
RNF168_0_multinomial_train1.51	0.7725992424612602	0.22740075753873965	3.66e-322
RNF168_0_multinomial_train1.52	0.6940460952127309	0.305953904787269	6.5e-322
EXO1_0_multinomial_train1.39	0.6530122143351392	0.34698778566486077	6.87e-322
EXO1_0_multinomial_train1.40	0.6657781376097294	0.3342218623902706	7.66e-322
RNF168_0_multinomial_train1.53	0.8613901966383406	0.1386098033616594	5.8e-322
EXO1_0_multinomial_train1.41	0.5987936213986238	0.40120637860137615	5.04e-322
EXO1_0_multinomial_train1.42	0.696433233838158	0.3035667661618419	4.9e-322
RNF168_0_multinomial_train1.54	0.9511194727484744	0.04888052725152573	6.6e-322
OGG1_0_multinomial_train1	5.4e-322	4.2e-322	1.0
UNG_0_multinomial_train1	0.5148972118500795	0.41647000276847024	0.06863278538145008
UNG_0_multinomial_train1.1	0.6064421549386141	0.27099817790489744	0.12255966715648846
UNG_0_multinomial_train1.2	0.740428540420431	0.22627595113095114	0.03329550844861777
OGG1_0_multinomial_train1.1	5.73e-322	8.94e-322	0.9999999999999999
UNG_0_multinomial_train1.3	0.6787221447947518	0.27814858556187794	0.04312926964337033
OGG1_0_multinomial_train1.2	4.5e-322	7.07e-322	1.0
OGG1_0_multinomial_train1.3	3.75e-322	3.9e-322	1.0
UNG_0_multinomial_train1.4	0.7629213938323798	0.2138912485365754	0.02318735763104491
UNG_0_multinomial_train1.5	0.7690669811400519	0.23093301885994805	8.158066506428035e-168
OGG1_0_multinomial_train1.4	3e-322	1.9e-322	1.0
OGG1_0_multinomial_train1.5	4.25e-322	6.6e-322	1.0
UNG_0_multinomial_train1.6	0.5831703491086989	0.3953963417873462	0.02143330910395477
UNG_0_multinomial_train1.7	0.35884648323255175	0.35532178151199784	0.2858317352554502
UNG_0_multinomial_train1.8	0.768475340394961	0.23152465960503898	2.1163405112385648e-66
OGG1_0_multinomial_train1.6	4.15e-322	6.5e-322	1.0
UNG_0_multinomial_train1.9	0.7252314990382313	0.27476850096176864	7.124629071710701e-32
OGG1_0_multinomial_train1.7	4.6e-322	4.1e-322	1.0
UNG_0_multinomial_train1.10	0.8426034606047255	0.1573965393952745	1.5488832340257465e-244
OGG1_0_multinomial_train1.8	6e-322	4.64e-322	1.0
UNG_0_multinomial_train1.11	0.8262528027383678	0.1737471972616321	6.7961345204928e-17
OGG1_0_multinomial_train1.9	5.4e-322	4.2e-322	1.0
OGG1_0_multinomial_train1.10	5.24e-322	4.1e-322	1.0
OGG1_0_multinomial_train1.11	3.9e-322	4.05e-322	0.9999999999999999
UNG_0_multinomial_train1.12	0.7252534166778545	0.2747465833221455	7.6e-322
UNG_0_multinomial_train1.13	0.7685729877848024	0.2288343635506288	0.002592648664568684
UNG_0_multinomial_train1.14	0.6959614253230668	0.30403857467693324	9.7e-322
OGG1_0_multinomial_train1.12	3.95e-322	4.15e-322	0.9999999999999999
OGG1_0_multinomial_train1.13	5.7e-322	6.67e-322	0.9999999999999999
UNG_0_multinomial_train1.15	0.6405655455965145	0.27882406932270615	0.08061038508077939
UNG_0_multinomial_train1.16	0.6745949747493503	0.22112094074746746	0.10428408450318222
UNG_0_multinomial_train1.17	0.6974765190760932	0.23717706256281434	0.0653464183610926
OGG1_0_multinomial_train1.14	4.25e-322	3.8e-322	1.0
UNG_0_multinomial_train1.18	0.7853713159868414	0.21462868401315852	6.672992215727398e-52
OGG1_0_multinomial_train1.15	7.36e-322	6.97e-322	0.9999999999999999
UNG_0_multinomial_train1.19	0.684923210698208	0.2682338865113002	0.046842902790491796
OGG1_0_multinomial_train1.16	5.8e-322	6.8e-322	1.0
UNG_0_multinomial_train1.20	0.6489662421331055	0.30213067518731684	0.04890308267957749
UNG_0_multinomial_train1.21	0.5963214227751044	0.3396044045196701	0.06407417270522547
OGG1_0_multinomial_train1.17	4e-322	4.2e-322	1.0
UNG_0_multinomial_train1.22	0.7431801753921232	0.25681982460787683	9.330373746771941e-117
UNG_0_multinomial_train1.23	0.7394463230304655	0.2605536769695345	8.129472399545464e-227
UNG_0_multinomial_train1.24	0.684312046583273	0.2625303538261976	0.05315759959052918
OGG1_0_multinomial_train1.18	6.47e-322	6.77e-322	0.9999999999999999
UNG_0_multinomial_train1.25	0.8967111527631099	0.09162894178271302	0.01165990545417691
OGG1_0_multinomial_train1.19	5.9e-322	6.87e-322	1.0
UNG_0_multinomial_train1.26	0.5450755146811337	0.4141260396223687	0.0407984456964976
OGG1_0_multinomial_train1.20	6.47e-322	6.77e-322	1.0
UNG_0_multinomial_train1.27	0.8587202631274395	0.14127973687256062	2.732622205882795e-119
OGG1_0_multinomial_train1.21	5.742737177522384e-225	1.58e-321	1.0
OGG1_0_multinomial_train1.22	4.64e-322	4.15e-322	0.9999999999999999
UNG_0_multinomial_train1.28	0.7253055822992029	0.274694417700797	2.646963274205103e-58
UNG_0_multinomial_train1.29	0.6250047155725906	0.28154457127486016	0.09345071315254927
OGG1_0_multinomial_train1.23	3.9e-322	4.05e-322	1.0
OGG1_0_multinomial_train1.24	3.75e-322	5.9e-322	1.0
OGG1_0_multinomial_train1.25	3.55775950129668e-260	6.8e-322	0.9999999999999999
OGG1_0_multinomial_train1.26	4.05e-322	3.66e-322	0.9999999999999999
UNG_0_multinomial_train1.30	0.5655674604201864	0.3168651068677715	0.11756743271204217
OGG1_0_multinomial_train1.27	4.64e-322	4.15e-322	1.0
OGG1_0_multinomial_train1.28	5.4e-322	6.37e-322	1.0
UNG_0_multinomial_train1.31	0.7945059937259117	0.18301924033486536	0.02247476593922293
UNG_0_multinomial_train1.32	0.5714495759170586	0.3251017111692388	0.10344871291370257
UNG_0_multinomial_train1.33	0.7732837814698941	0.22671621853010598	1.3958007365802122e-181
OGG1_0_multinomial_train1.29	7.229126763992834e-299	6.8e-322	1.0
OGG1_0_multinomial_train1.30	5.3e-322	8.3e-322	1.0
UNG_0_multinomial_train1.34	0.5551609800274833	0.33895343034177605	0.10588558963074067
OGG1_0_multinomial_train1.31	5.4e-322	6.3e-322	1.0
UNG_0_multinomial_train1.35	0.6057606658010448	0.3565769853345427	0.037662348864412575
UNG_0_multinomial_train1.36	0.8087344727193837	0.1912655272806163	1.4905624914978193e-126
UNG_0_multinomial_train1.37	0.6669391245100127	0.3330608754899873	2.3223952974847196e-251
OGG1_0_multinomial_train1.32	6.13e-322	9.63e-322	1.0
UNG_0_multinomial_train1.38	0.7640257082844535	0.23597429171554646	1.1820426077211248e-34
OGG1_0_multinomial_train1.33	2.6080826165741124e-299	7.1e-322	1.0
OGG1_0_multinomial_train1.34	5.73e-322	6.77e-322	1.0
OGG1_0_multinomial_train1.35	6.7e-322	6.97e-322	1.0
OGG1_0_multinomial_train1.36	3.8e-322	3.95e-322	1.0
OGG1_0_multinomial_train1.37	4.45e-322	3.95e-322	1.0
OGG1_0_multinomial_train1.38	3.8e-322	3.95e-322	1.0
UNG_0_multinomial_train1.39	0.6749035823510133	0.3153550805245303	0.00974133712445638
OGG1_0_multinomial_train1.39	6.9e-322	1.927e-321	1.0
UNG_0_multinomial_train1.40	0.6594524253630749	0.3405475746369252	9.54e-322
OGG1_0_multinomial_train1.40	5.63e-322	6.6e-322	1.0
OGG1_0_multinomial_train1.41	4e-322	4.2e-322	1.0
UNG_0_multinomial_train1.41	0.7355430640368693	0.2644569359631308	3.0870844632171404e-224
OGG1_0_multinomial_train1.42	4.55e-322	4.05e-322	1.0
UNG_0_multinomial_train1.42	0.7176127347259877	0.2823872652740124	6.2e-322
OGG1_0_multinomial_train1.43	5.53e-322	4.3e-322	1.0
OGG1_0_multinomial_train1.44	6.27e-322	6.57e-322	1.0
OGG1_0_multinomial_train1.45	6.23e-322	4.3e-322	1.0
OGG1_0_multinomial_train1.46	5.014111057336892e-305	7.07e-322	1.0
UNG_0_multinomial_train1.43	0.4815415772443621	0.36156675755748713	0.15689166519815073
OGG1_0_multinomial_train1.47	6.2e-322	4.3e-322	1.0
OGG1_0_multinomial_train1.48	6.37e-322	8.84e-322	1.0
OGG1_0_multinomial_train1.49	6.37e-322	6.6e-322	1.0
OGG1_0_multinomial_train1.50	4.05e-322	6.37e-322	1.0
UNG_0_multinomial_train1.44	0.5612704508051454	0.3329124370278171	0.1058171121670375
OGG1_0_multinomial_train1.51	5.04e-322	9.04e-322	1.0
OGG1_0_multinomial_train1.52	4.64e-322	4.15e-322	1.0
ATP2B4_0_multinomial_train1	0.4623667365725498	0.16011783396569784	0.3775154294617524
ATP2B4_1_multinomial_train1	0.5646115559091627	0.08704019749784851	0.3483482465929887
ATP2B4_0_multinomial_train1.1	0.7979099816707036	3.3304206867790004e-109	0.20209001832929624
ATP2B4_1_multinomial_train1.1	0.5398195806134025	4.1058523706236295e-105	0.46018041938659754
ATP2B4_1_multinomial_train1.2	0.41350061644686087	0.023880325694315786	0.5626190578588233
ATP2B4_1_multinomial_train1.3	0.7997246473087438	1.233752687303113e-133	0.20027535269125604
ATP2B4_0_multinomial_train1.2	0.7711315703130691	1.96e-321	0.22886842968693075
ATP2B4_1_multinomial_train1.4	0.21718544901589287	0.11145692901163667	0.6713576219724704
ATP2B4_0_multinomial_train1.3	0.8551443285900088	1.843e-321	0.14485567140999123
ATP2B4_0_multinomial_train1.4	0.7319596663869572	0.04891019680953444	0.2191301368035083
ATP2B4_0_multinomial_train1.5	0.6222585943298855	0.07337066572589804	0.30437073994421643
ATP2B4_0_multinomial_train1.6	0.7620209031578834	0.02590299238338752	0.21207610445872901
ATP2B4_1_multinomial_train1.5	0.17928838180301981	0.0922636314440995	0.7284479867528808
ATP2B4_0_multinomial_train1.7	0.42491844275548013	0.11539431637082968	0.45968724087369006
ATP2B4_1_multinomial_train1.6	0.1341599046603589	0.11168347590982686	0.7541566194298142
ATP2B4_1_multinomial_train1.7	0.2939177713195768	0.13198212345871688	0.5741001052217064
ATP2B4_1_multinomial_train1.8	0.5440421800207269	0.13859837029972952	0.31735944967954355
ATP2B4_1_multinomial_train1.9	0.41247759271413226	0.04062512437098049	0.5468972829148873
ATP2B4_1_multinomial_train1.10	0.3815239519160941	0.11435518259055102	0.5041208654933549
ATP2B4_1_multinomial_train1.11	0.5291053582855465	0.06792186725465786	0.4029727744597957
ATP2B4_1_multinomial_train1.12	0.5264051628146568	0.06004441115024868	0.4135504260350944
ATP2B4_1_multinomial_train1.13	0.5132862764424442	3.762624043806242e-58	0.4867137235575558
ATP2B4_0_multinomial_train1.8	0.7978790993314557	0.010870874572508816	0.19125002609603545
ATP2B4_1_multinomial_train1.14	0.16002456307094293	0.16108217543246886	0.6788932614965884
ATP2B4_1_multinomial_train1.15	0.4569236452492514	0.07211374252814819	0.4709626122226005
ATP2B4_0_multinomial_train1.9	0.526175623231978	0.11881152438800092	0.3550128523800211
ATP2B4_0_multinomial_train1.10	0.8017432837807705	1.25e-321	0.1982567162192294
ATP2B4_0_multinomial_train1.11	0.7690811348368043	0.03933245924431414	0.19158640591888149
ATP2B4_1_multinomial_train1.16	0.15817092314898643	0.1787468748489781	0.6630822020020355
ATP2B4_0_multinomial_train1.12	0.8130184792395135	0.014613323232995232	0.17236819752749125
ATP2B4_0_multinomial_train1.13	0.8937579553418448	3.0035094152136282e-217	0.10624204465815536
ATP2B4_0_multinomial_train1.14	0.6165501681197969	0.07696742378234764	0.30648240809785554
ATP2B4_0_multinomial_train1.15	0.7564850511121557	4.994523973580749e-123	0.24351494888784436
ATP2B4_1_multinomial_train1.17	0.5585233113372461	0.06955577396958532	0.37192091469316857
ATP2B4_1_multinomial_train1.18	0.27430812096971435	0.07174026707853437	0.6539516119517512
ATP2B4_1_multinomial_train1.19	0.278231150447432	0.08895671146709261	0.6328121380854754
ATP2B4_1_multinomial_train1.20	0.4212635003644136	0.1164658263426656	0.4622706732929207
ATP2B4_0_multinomial_train1.16	0.7024111042785257	0.0119367020407319	0.2856521936807423
ATP2B4_1_multinomial_train1.21	0.5251639279766971	0.05177318729757668	0.42306288472572623
ATP2B4_1_multinomial_train1.22	0.5731723909286157	0.005036770892899607	0.4217908381784848
ATP2B4_0_multinomial_train1.17	0.7125653737775223	0.041717240930791	0.2457173852916867
ATP2B4_0_multinomial_train1.18	0.46364716560363406	0.07792169362923008	0.4584311407671359
ATP2B4_1_multinomial_train1.23	0.09299641709597585	0.16018955860693093	0.7468140242970932
ATP2B4_1_multinomial_train1.24	0.6069736160715542	0.03406473517342674	0.3589616487550192
ATP2B4_0_multinomial_train1.19	0.5649970780817999	0.06273406978307024	0.37226885213512984
ATP2B4_1_multinomial_train1.25	0.5763953322004984	0.08759666055675454	0.3360080072427469
ATP2B4_0_multinomial_train1.20	0.5999835168264946	0.062384065238345505	0.33763241793516
ATP2B4_0_multinomial_train1.21	0.3332405756874072	0.10109700039795491	0.565662423914638
ATP2B4_0_multinomial_train1.22	0.5808713854229379	0.03648326034576899	0.38264535423129303
ATP2B4_0_multinomial_train1.23	0.7354131047522071	0.02931735997722582	0.23526953527056715
ATP2B4_0_multinomial_train1.24	0.7983839065252483	1.3302950092512282e-154	0.2016160934747518
ATP2B4_1_multinomial_train1.26	0.7368690068544733	1.17e-321	0.2631309931455268
ATP2B4_0_multinomial_train1.25	0.5826424652707176	0.027491559237723763	0.3898659754915587
ATP2B4_1_multinomial_train1.27	0.5215178705312158	2.759529510782417e-46	0.47848212946878416
ATP2B4_0_multinomial_train1.26	0.8622994588169515	1.546e-321	0.13770054118304845
ATP2B4_1_multinomial_train1.28	0.46635691543144575	0.0928504476850219	0.4407926368835324
ATP2B4_0_multinomial_train1.27	0.6946810476549722	0.09462137565910007	0.21069757668592778
ATP2B4_1_multinomial_train1.29	0.5792891910290972	0.10080275292029912	0.31990805605060385
ATP2B4_0_multinomial_train1.28	0.6439569334699842	0.06967669149908284	0.28636637503093293
ATP2B4_0_multinomial_train1.29	0.6150599215325774	0.007192962861711703	0.37774711560571084
ATP2B4_0_multinomial_train1.30	0.4859098421917041	0.05903189613559868	0.45505826167269714
ATP2B4_0_multinomial_train1.31	0.8532974557026912	0.06238648701681132	0.08431605728049744
ATP2B4_1_multinomial_train1.30	0.7288584167716623	4.1452558127667723e-81	0.27114158322833787
ATP2B4_1_multinomial_train1.31	0.4880413154539134	0.029836932411576936	0.4821217521345097
ATP2B4_1_multinomial_train1.32	0.639529714649227	6.0390795584211596e-179	0.3604702853507731
ATP2B4_0_multinomial_train1.32	0.7753425163668295	7.667658943837613e-153	0.22465748363317062
ATP2B4_0_multinomial_train1.33	0.7153708134424731	1.3920978185294367e-05	0.28461526557934147
ATP2B4_0_multinomial_train1.34	0.6588849210312906	0.05902615336820834	0.2820889256005009
ATP2B4_0_multinomial_train1.35	0.8793278384993285	0.013710666742185337	0.10696149475848629
ATP2B4_1_multinomial_train1.33	0.5839975558086158	0.03170932518788416	0.38429311900349994
ATP2B4_1_multinomial_train1.34	0.5072886458495154	0.079739947926216	0.4129714062242687
ATP2B4_1_multinomial_train1.35	0.3419362059397995	0.13918431971698375	0.5188794743432168
ATP2B4_1_multinomial_train1.36	0.37665176612451	0.1666745305371528	0.45667370333833723
ATP2B4_0_multinomial_train1.36	0.6323744275653322	1.256321180943067e-116	0.3676255724346677
ATP2B4_0_multinomial_train1.37	0.8822669843809235	4.57730873195485e-197	0.11773301561907643
ATP2B4_1_multinomial_train1.37	0.1316934037868998	0.18157813335455678	0.6867284628585433
ATP2B4_1_multinomial_train1.38	0.656191208375835	0.07326311779176296	0.27054567383240197
ATP2B4_1_multinomial_train1.39	0.38332381820612743	0.1340195480502402	0.4826566337436323
ATP2B4_1_multinomial_train1.40	0.3767048053404135	0.022557261077640955	0.6007379335819456
ATP2B4_1_multinomial_train1.41	0.4373949030175139	0.07622179317806757	0.48638330380441863
ATP2B4_1_multinomial_train1.42	0.30542697979697087	0.058819406278562913	0.6357536139244662
ATP2B4_0_multinomial_train1.38	0.8063713039250202	0.03893661536400085	0.1546920807109788
ATP2B4_0_multinomial_train1.39	0.6811047439492546	0.06694949280568271	0.2519457632450626
ATP2B4_0_multinomial_train1.40	0.5358320351332371	0.04522165067788024	0.4189463141888826
ATP2B4_1_multinomial_train1.43	0.31159662326377685	0.13146288211719462	0.5569404946190284
ATP2B4_0_multinomial_train1.41	0.8187007395523009	4.685922589161057e-103	0.1812992604476992
ATP2B4_0_multinomial_train1.42	0.6509843858558215	1.4922960505673155e-39	0.3490156141441785
ATP2B4_0_multinomial_train1.43	0.7693079048021596	1.6358963440106836e-215	0.2306920951978404
ATP2B4_0_multinomial_train1.44	0.8224400726967115	0.041022935077322076	0.13653699222596657
ATP2B4_1_multinomial_train1.44	0.5401282350239565	1.0757196357210672e-250	0.4598717649760437
ATP2B4_0_multinomial_train1.45	0.6338106226634426	0.042322750500398694	0.3238666268361588
ATP2B4_1_multinomial_train1.45	0.48953078290405105	0.01835931541061816	0.49210990168533075
ATP2B4_0_multinomial_train1.46	0.8043985112165899	5.4644127459393744e-86	0.19560148878340994
ATP2B4_0_multinomial_train1.47	0.7464423467419212	0.04480309451543883	0.20875455874263998
ATP2B4_0_multinomial_train1.48	0.7771455713983579	0.009820190556692138	0.21303423804494984
ATP2B4_1_multinomial_train1.46	0.7956461706826089	1.909051309485554e-296	0.20435382931739124
ATP2B4_1_multinomial_train1.47	0.6542441892213269	0.031965098203707465	0.3137907125749655
ATP2B4_1_multinomial_train1.48	0.34667559288639516	0.11905873152363812	0.5342656755899668
PMS1_0_multinomial_train1	0.5440033320576533	0.287773447697188	0.1682232202451587
MSH6_1_multinomial_train1	1.887e-321	0.9999986165549518	1.38344504802106e-06
MSH6_0_multinomial_train1	1.546e-321	1.0	7.138603059730023e-289
MSH2_0_multinomial_train1	9.209755126092896e-299	1.0	2.9713877209858843e-47
MSH6_0_multinomial_train1.1	1.324e-321	1.0	5.985260227068466e-245
MLH1_0_multinomial_train1	7.86e-322	1.0	5.2e-322
MSH6_1_multinomial_train1.1	1.25e-321	0.992267899367515	0.007732100632484999
MLH1_0_multinomial_train1.1	1.04e-321	0.9999999999999999	1.285e-321
PMS1_0_multinomial_train1.1	0.6831402855421593	0.20467427947316058	0.1121854349846802
PMS1_0_multinomial_train1.2	0.6779884202643013	0.2527372576467804	0.06927432208891815
MSH6_1_multinomial_train1.2	1.013e-321	1.0	1.517e-321
MSH6_1_multinomial_train1.3	7.7e-322	1.0	7.66e-322
PMS1_0_multinomial_train1.3	0.4831388326673226	0.27953620237502	0.23732496495765734
PMS1_0_multinomial_train1.4	0.5930552644907102	0.23630822626707976	0.17063650924221008
PMS2_0_multinomial_train1	0.14271688579331143	0.8572831142066886	1.19e-321
MSH6_1_multinomial_train1.4	1.285e-321	0.9940366452059839	0.005963354794015989
MSH6_0_multinomial_train1.2	1.31e-321	0.9999999999999999	2.34e-321
PMS1_0_multinomial_train1.5	0.5370833752257625	0.2199432561637539	0.24297336861048358
PMS1_0_multinomial_train1.6	0.46548179836753945	0.24787158335341444	0.2866466182790462
PMS1_0_multinomial_train1.7	0.7253567040175181	0.17878433257949083	0.09585896340299106
MSH6_1_multinomial_train1.5	1.53e-321	0.9871456270469903	0.012854372953009886
MLH1_0_multinomial_train1.2	4.8e-322	1.0	2.4e-322
PMS1_0_multinomial_train1.8	0.672093975544704	0.28099453995057766	0.046911484504718486
PMS1_0_multinomial_train1.9	0.39566497664074296	0.2668713054784892	0.33746371788076773
MLH1_0_multinomial_train1.3	5.14e-322	0.9999999999999999	5.1e-322
MSH2_0_multinomial_train1.1	8.0600788966e-314	0.9969237747590669	0.0030762252409331278
MSH6_1_multinomial_train1.6	1.57e-321	1.0	4.009806722249658e-154
MSH2_0_multinomial_train1.2	1.56e-321	1.0	2.07e-321
PMS1_0_multinomial_train1.10	0.5260422143855953	0.3132663877708215	0.16069139784358333
MSH6_0_multinomial_train1.3	1.566e-321	0.9999999999999999	2.33e-321
MLH1_0_multinomial_train1.4	7.5e-322	1.0	5e-322
MSH2_0_multinomial_train1.3	2.01e-321	1.0	1.4157796962451782e-255
MSH6_1_multinomial_train1.7	1.947e-321	0.9999999999999999	2.4247604873776942e-76
MLH1_0_multinomial_train1.5	1.04e-321	1.0	7.76e-322
MLH1_0_multinomial_train1.6	1.033e-321	1.0	5.14e-322
MLH1_0_multinomial_train1.7	5e-322	1.0	5e-322
MSH6_1_multinomial_train1.8	1.537e-321	0.9918245167854381	0.008175483214562015
PMS1_0_multinomial_train1.11	0.6427729004871209	0.1880129818655926	0.16921411764728647
PMS1_0_multinomial_train1.12	0.5197624208241631	0.2018336409366358	0.2784039382392012
MSH2_0_multinomial_train1.4	1.986e-321	1.0	2.223e-321
PMS2_0_multinomial_train1.1	0.17791721057110077	0.8220827894288991	1.51e-321
MLH1_0_multinomial_train1.8	7.46e-322	1.0	4.9e-322
PMS1_0_multinomial_train1.13	0.7006168005491341	0.1596164021557583	0.13976679729510755
MSH6_1_multinomial_train1.9	2.095e-321	0.9859380581702158	0.014061941829784099
MSH2_0_multinomial_train1.5	1.51e-321	0.9999999999999999	3.1901225303364334e-297
MLH1_0_multinomial_train1.9	1.334e-321	1.0	1.06e-321
MSH6_0_multinomial_train1.4	1.665e-321	1.0	1.2756978373282375e-218
PMS2_0_multinomial_train1.2	0.17067668396095656	0.8293233160390434	1.136e-321
MLH1_0_multinomial_train1.10	7.56e-322	0.9999999999999999	5e-322
MSH6_0_multinomial_train1.5	1.86e-321	1.0	7.417568869159479e-84
PMS2_0_multinomial_train1.3	0.16884536278613166	0.8311546372138683	1.057e-321
MSH2_0_multinomial_train1.6	1.986e-321	0.9999999999999999	6.330100350826216e-64
MSH2_0_multinomial_train1.7	1.47e-321	1.0	6.89859309435718e-36
MLH1_0_multinomial_train1.11	5e-322	1.0	5e-322
MSH6_1_multinomial_train1.10	1.546e-321	0.9936601259897759	0.006339874010224054
PMS2_0_multinomial_train1.4	0.21345665695078314	0.786543343049217	1.003e-321
MSH6_1_multinomial_train1.11	1.645e-321	0.9923421806707995	0.007657819329200354
MSH6_1_multinomial_train1.12	1.344e-321	1.0	2.583044023729331e-128
MSH6_0_multinomial_train1.6	1.057e-321	0.9999999999999999	7.9e-322
MSH6_0_multinomial_train1.7	1.013e-321	1.0	1.26e-321
MSH2_0_multinomial_train1.8	2.253e-321	0.990731115974985	0.00926888402501505
MLH1_0_multinomial_train1.12	7.2e-322	1.0	7.2e-322
PMS1_0_multinomial_train1.14	0.692513917222	0.20484238137186792	0.10264370140613208
MSH6_0_multinomial_train1.8	1.334e-321	1.0	2.13e-321
MSH6_0_multinomial_train1.9	1.324e-321	0.9999999999999999	2.11e-321
MLH1_0_multinomial_train1.13	5.1e-322	1.0	5.1e-322
MSH2_0_multinomial_train1.9	1.95e-321	1.0	5.22975129859729e-42
MLH1_0_multinomial_train1.14	7.9e-322	1.0	5.3e-322
PMS2_0_multinomial_train1.5	0.19379690929682292	0.8062030907031771	1.097e-321
PMS1_0_multinomial_train1.15	0.6000435578655323	0.24734577263218893	0.15261066950227864
MLH1_0_multinomial_train1.15	7.56e-322	1.0	7.5e-322
MLH1_0_multinomial_train1.16	7.86e-322	0.9999999999999999	5.2e-322
MSH2_0_multinomial_train1.10	2.802261044155622e-273	0.9946714959672132	0.0053285040327868865
MSH6_0_multinomial_train1.10	1.57e-321	0.9920168900155355	0.007983109984464389
MSH6_0_multinomial_train1.11	1.344e-321	1.0	1.6e-321
PMS1_0_multinomial_train1.16	0.5299844798116702	0.25328350955818607	0.21673201063014355
PMS2_0_multinomial_train1.6	0.20960455140756487	0.7903954485924353	6.87e-322
PMS1_0_multinomial_train1.17	0.2590724291917515	0.3421655157144073	0.3987620550938413
MSH6_1_multinomial_train1.13	1.527e-321	1.0	4.877456599862249e-84
MLH1_0_multinomial_train1.17	1.057e-321	1.0	1.05e-321
PMS1_0_multinomial_train1.18	0.6596203786665229	0.19757102302473706	0.14280859830873988
PMS1_0_multinomial_train1.19	0.5540522664721909	0.32648619570182513	0.1194615378259839
PMS2_0_multinomial_train1.7	0.21938903425194312	0.7806109657480568	9.93e-322
MLH1_0_multinomial_train1.18	7.7e-322	1.0	7.66e-322
PMS1_0_multinomial_train1.20	0.521447192920495	0.1946855488531408	0.28386725822636416
MSH6_0_multinomial_train1.12	1.63e-321	1.0	1.4491162463063474e-214
PMS1_0_multinomial_train1.21	0.5254676185960976	0.28730034257574333	0.18723203882815892
MSH6_0_multinomial_train1.13	1.29e-321	1.0	2.05e-321
MSH2_0_multinomial_train1.11	1.54e-321	0.9957272674416089	0.004272732558391144
MSH6_0_multinomial_train1.14	1.067e-321	1.0	1.59e-321
MSH2_0_multinomial_train1.12	1.705e-321	0.9999999999999999	9.638760227960374e-174
PMS2_0_multinomial_train1.8	0.2209440825763134	0.7790559174236866	1.01e-321
MSH2_0_multinomial_train1.13	1.517e-321	0.9999999999999999	6.74852833698931e-295
PMS1_0_multinomial_train1.22	0.5171588157109307	0.25557201774384264	0.22726916654522655
OGG1_1_real_train2	5.8e-322	4.55e-322	1.0
RNF168_1_real_train2	0.6918696047856285	0.3081303952143714	3.7e-322
UNG_1_real_train2	0.5897674142354766	0.38483479759567324	0.02539778816884997
ATP2B4_2_real_train2	0.6590355849229823	1.2233697065995e-123	0.34096441507701764
ATP2B4_3_real_train2	0.6650637079668916	6.327720410916309e-138	0.33493629203310826
MLH1_1_real_train2	1.99e-321	0.9999999999999999	1.7e-321
MSH6_2_real_train2	2.17e-321	1.0	9.038400336466995e-25
MSH6_3_real_train2	8.2e-322	1.0	8.15e-322
PMS1_1_real_train2	0.6297646548585627	0.22418701444332628	0.14604833069811082
PMS2_1_real_train2	0.12023672194469405	0.8797632780553061	4.1e-322
OGG1_1_multinomial_train2	6.57e-322	4.55e-322	0.9999999999999999
UNG_1_multinomial_train2	0.5252568743391063	0.4443173068082955	0.030425818852598107
UNG_1_multinomial_train2.1	0.6079979631218525	0.3920020368775321	6.15418047340542e-13
OGG1_1_multinomial_train2.1	3.2e-322	2e-322	1.0
UNG_1_multinomial_train2.2	0.5447742161985485	0.38588262875835516	0.06934315504309657
UNG_1_multinomial_train2.3	0.5842163760145673	0.34695966485737767	0.06882395912805507
UNG_1_multinomial_train2.4	0.3288686445774923	0.4481515801472552	0.22297977527525256
UNG_1_multinomial_train2.5	0.6576544790991649	0.34234552090083514	1.6233739917211347e-44
UNG_1_multinomial_train2.6	0.515431629412474	0.44591993373448197	0.038648436853043824
UNG_1_multinomial_train2.7	0.43216317079811334	0.5335760172858044	0.034260811916082275
UNG_1_multinomial_train2.8	0.4771890784298032	0.41165955944241084	0.11115136212778615
OGG1_1_multinomial_train2.2	5.8e-322	4.55e-322	1.0
OGG1_1_multinomial_train2.3	4.84e-322	2.17e-322	0.9999999999999999
UNG_1_multinomial_train2.9	0.5179236640277143	0.3759699781416846	0.10610635783060092
OGG1_1_multinomial_train2.4	5.63e-322	4.4e-322	1.0
OGG1_1_multinomial_train2.5	5.83e-322	4.55e-322	1.0
OGG1_1_multinomial_train2.6	1.6448553412500115e-262	7.5e-322	1.0
OGG1_1_multinomial_train2.7	5e-322	4.45e-322	1.0
OGG1_1_multinomial_train2.8	6.9e-322	4.8e-322	0.9999999999999999
UNG_1_multinomial_train2.10	0.6267404098053427	0.37325959019465726	3.0347975105795482e-164
OGG1_1_multinomial_train2.9	6.2e-322	4.84e-322	1.0
UNG_1_multinomial_train2.11	0.6609965183347281	0.32116059933483904	0.017842882330432956
UNG_1_multinomial_train2.12	0.6238394450353181	0.3564792112210175	0.01968134374366459
OGG1_1_multinomial_train2.10	5e-322	4.5e-322	1.0
OGG1_1_multinomial_train2.11	6.6e-322	4.64e-322	1.0
UNG_1_multinomial_train2.13	0.5267861778227466	0.42370758684053716	0.04950623533671629
UNG_1_multinomial_train2.14	0.6297286982678288	0.37027130171208483	2.0086222489312942e-11
UNG_1_multinomial_train2.15	0.5312508864651247	0.41186038992105795	0.05688872361381727
UNG_1_multinomial_train2.16	0.4557166784965514	0.453438872318503	0.09084444918494568
OGG1_1_multinomial_train2.12	5.5e-322	4.3e-322	1.0
UNG_1_multinomial_train2.17	0.49347406866742416	0.4552272430339481	0.05129868829862768
OGG1_1_multinomial_train2.13	6.57e-322	2.3e-322	1.0
UNG_1_multinomial_train2.18	0.5542956856490204	0.40672703812362276	0.038977276227356715
OGG1_1_multinomial_train2.14	5.4e-322	4.25e-322	1.0
UNG_1_multinomial_train2.19	0.41255678030465676	0.48315482520366093	0.10428839449168223
UNG_1_multinomial_train2.20	0.5632199461299334	0.40941021608424555	0.027369837785821166
OGG1_1_multinomial_train2.15	3.95e-322	2.08e-322	1.0
UNG_1_multinomial_train2.21	0.5892797623064617	0.41072023769353827	4.924824452415007e-248
UNG_1_multinomial_train2.22	0.501347093062432	0.4531521115759554	0.045500795361612695
OGG1_1_multinomial_train2.16	6.9e-322	4.84e-322	1.0
OGG1_1_multinomial_train2.17	5.9e-322	4.6e-322	1.0
UNG_1_multinomial_train2.23	0.6843813894647379	0.31561861053526213	3.169170808270562e-88
OGG1_1_multinomial_train2.18	5.8e-322	4.55e-322	0.9999999999999999
UNG_1_multinomial_train2.24	0.5544494403572677	0.3761534871335826	0.06939707250914949
UNG_1_multinomial_train2.25	0.3342232321768606	0.516208552872246	0.14956821495089345
UNG_1_multinomial_train2.26	0.6554535035707179	0.33273421497748373	0.011812281451798438
UNG_1_multinomial_train2.27	0.7099276795838685	0.28659071650366863	0.003481603912462734
UNG_1_multinomial_train2.28	0.5941321717401162	0.35867698998182085	0.04719083827806302
OGG1_1_multinomial_train2.19	4.64e-322	4.2e-322	1.0
UNG_1_multinomial_train2.29	0.5902649284672422	0.3838421520840727	0.02589291944868512
OGG1_1_multinomial_train2.20	4.15e-322	2.17e-322	1.0
UNG_1_multinomial_train2.30	0.6479256631077228	0.35207433689227724	8.065301818704346e-110
UNG_1_multinomial_train2.31	0.5456364360418315	0.4543635639581684	3.0469640959084435e-120
UNG_1_multinomial_train2.32	0.6081476053068429	0.39185239469315697	8.967937546043707e-46
UNG_1_multinomial_train2.33	0.5178065119057602	0.4385571399596722	0.04363634813456737
OGG1_1_multinomial_train2.21	4.8e-322	4.3e-322	1.0
UNG_1_multinomial_train2.34	0.6901555793707402	0.30984442062925976	5.549197277702958e-83
OGG1_1_multinomial_train2.22	6.6e-322	4.64e-322	1.0
OGG1_1_multinomial_train2.23	6.77e-322	4.74e-322	1.0
UNG_1_multinomial_train2.35	0.5768715295286436	0.3674951275342521	0.05563334293710424
UNG_1_multinomial_train2.36	0.5553799924544779	0.4180473281665478	0.02657267937897433
OGG1_1_multinomial_train2.24	7e-322	4.9e-322	1.0
UNG_1_multinomial_train2.37	0.6216626847469304	0.37833731525306963	8.6e-322
OGG1_1_multinomial_train2.25	4.9e-322	4.4e-322	1.0
UNG_1_multinomial_train2.38	0.5789771478380962	0.37230770320236195	0.048715148959541876
OGG1_1_multinomial_train2.26	5e-322	4.45e-322	1.0
OGG1_1_multinomial_train2.27	7.46e-322	4.64e-322	1.0
OGG1_1_multinomial_train2.28	5.0434e-320	4.45e-322	0.9999999999999999
OGG1_1_multinomial_train2.29	7.46e-322	4.64e-322	1.0
OGG1_1_multinomial_train2.30	5.9e-322	4.6e-322	1.0
UNG_1_multinomial_train2.39	0.6785266105702232	0.3214733894297767	6.727552617169491e-85
UNG_1_multinomial_train2.40	0.7021005217062849	0.2665774282020541	0.03132205009166103
OGG1_1_multinomial_train2.31	1.42455742220257e-309	6.87e-322	0.9999999999999999
OGG1_1_multinomial_train2.32	5.83e-322	4.55e-322	1.0
OGG1_1_multinomial_train2.33	2.163058784203027e-250	7.2e-322	1.0
UNG_1_multinomial_train2.41	0.6747909400543041	0.32520905994569604	2.526711751093528e-189
UNG_1_multinomial_train2.42	0.5612249409585586	0.43877505904144126	2.716620130467926e-210
OGG1_1_multinomial_train2.34	4.74e-322	2.1e-322	1.0
UNG_1_multinomial_train2.43	0.4017344517972718	0.49891192494703174	0.09935362325569635
OGG1_1_multinomial_train2.35	5.63e-322	4.4e-322	1.0
OGG1_1_multinomial_train2.36	1.570496e-318	4.8e-322	0.9999999999999999
UNG_1_multinomial_train2.44	0.6450895778346604	0.3325976375693754	0.022312784595964332
OGG1_1_multinomial_train2.37	6.2e-322	4.84e-322	1.0
UNG_1_multinomial_train2.45	0.5923389346040995	0.40766106539590047	1.0273883782899368e-98
UNG_1_multinomial_train2.46	0.5580391111795601	0.44196088882044005	1.801852801620251e-144
UNG_1_multinomial_train2.47	0.5955737280495611	0.3664249635250061	0.03800130842543272
UNG_1_multinomial_train2.48	0.6279854338666779	0.3720145661333221	3.342972692965889e-85
UNG_1_multinomial_train2.49	0.6280301167167166	0.37196988328328323	2.1233443035353865e-34
UNG_1_multinomial_train2.50	0.507063326163961	0.44990765764720175	0.04302901618883726
OGG1_1_multinomial_train2.38	5.73e-322	4.55e-322	1.0
UNG_1_multinomial_train2.51	0.7052102684085757	0.29478973159142424	3.2400807626784263e-78
UNG_1_multinomial_train2.52	0.5682707430168248	0.3862489444203883	0.045480312562786736
OGG1_1_multinomial_train2.39	9.34302e-318	4.8e-322	1.0
OGG1_1_multinomial_train2.40	5.9e-322	4.64e-322	1.0
UNG_1_multinomial_train2.53	0.7088107814535349	0.291189218546465	5.773452307818736e-29
OGG1_1_multinomial_train2.41	2.732670188901887e-290	7.4e-322	1.0
OGG1_1_multinomial_train2.42	5.83e-322	4.55e-322	1.0
UNG_1_multinomial_train2.54	0.6889954678488036	0.30451522208983783	0.006489310061358451
RNF168_1_multinomial_train2	0.7035603786784366	0.29643962132156354	5.1e-322
RNF168_1_multinomial_train2.1	0.6580018570633067	0.3419981429366933	3.85e-322
RNF168_1_multinomial_train2.2	0.6772830626732649	0.32271693732673523	6e-322
RNF168_1_multinomial_train2.3	0.6177043959104357	0.3822956040895642	2e-322
RNF168_1_multinomial_train2.4	0.7421198702346823	0.2578801297653177	3.95e-322
RNF168_1_multinomial_train2.5	0.6910862229213041	0.30891377707869594	3.7e-322
RNF168_1_multinomial_train2.6	0.6968558822229394	0.30314411777706063	1.9e-322
RNF168_1_multinomial_train2.7	0.8474362881343824	0.1525637118656176	3.75e-322
RNF168_1_multinomial_train2.8	0.6904785409345584	0.30952145906544165	1.83e-322
RNF168_1_multinomial_train2.9	0.7670710749397142	0.23292892506028573	1.63e-322
RNF168_1_multinomial_train2.10	0.6834029821717795	0.31659701782822053	4.15e-322
RNF168_1_multinomial_train2.11	0.7030687579199755	0.29693124208002447	3.36e-322
RNF168_1_multinomial_train2.12	0.7201756453123829	0.27982435468761707	3.56e-322
RNF168_1_multinomial_train2.13	0.5447413965159842	0.45525860348401576	3.56e-322
RNF168_1_multinomial_train2.14	0.6729097097140742	0.3270902902859258	5.3e-322
RNF168_1_multinomial_train2.15	0.6888610714501053	0.3111389285498945	3.4e-322
RNF168_1_multinomial_train2.16	0.7679553498819907	0.2320446501180093	4.4e-322
RNF168_1_multinomial_train2.17	0.8218876935477493	0.17811230645225065	5.34e-322
RNF168_1_multinomial_train2.18	0.7387767012900894	0.26122329870991057	8.2e-322
RNF168_1_multinomial_train2.19	0.6990469412446934	0.30095305875530654	5.8e-322
RNF168_1_multinomial_train2.20	0.7522878617464523	0.2477121382535477	3.6e-322
RNF168_1_multinomial_train2.21	0.6797145340092077	0.32028546599079216	4.05e-322
RNF168_1_multinomial_train2.22	0.8165430133653262	0.1834569866346739	5.5e-322
RNF168_1_multinomial_train2.23	0.6387378643309009	0.36126213566909915	4.05e-322
RNF168_1_multinomial_train2.24	0.7966906632450425	0.20330933675495763	3.6e-322
RNF168_1_multinomial_train2.25	0.5855700641797629	0.414429935820237	2.67e-322
RNF168_1_multinomial_train2.26	0.745793973531261	0.2542060264687389	5.3e-322
RNF168_1_multinomial_train2.27	0.6687407426950056	0.33125925730499434	3.1e-322
RNF168_1_multinomial_train2.28	0.6963815563278914	0.3036184436721086	3.2e-322
RNF168_1_multinomial_train2.29	0.737069682848474	0.26293031715152604	2.03e-322
RNF168_1_multinomial_train2.30	0.8795264895863517	0.12047351041364826	6.27e-322
RNF168_1_multinomial_train2.31	0.6807338426807168	0.31926615731928326	3.9e-322
RNF168_1_multinomial_train2.32	0.7646755537645448	0.23532444623545537	3.5e-322
RNF168_1_multinomial_train2.33	0.7528924049824472	0.2471075950175529	3.6e-322
RNF168_1_multinomial_train2.34	0.7161071783485927	0.2838928216514073	5.3e-322
RNF168_1_multinomial_train2.35	0.6937215636657592	0.30627843633424084	2.2e-322
RNF168_1_multinomial_train2.36	0.6929112959146057	0.30708870408539435	3.66e-322
RNF168_1_multinomial_train2.37	0.6565549610193546	0.3434450389806454	4.3e-322
RNF168_1_multinomial_train2.38	0.7287093978593222	0.27129060214067774	3.8e-322
RNF168_1_multinomial_train2.39	0.5712797409667892	0.42872025903321065	2.03e-322
RNF168_1_multinomial_train2.40	0.693263906959479	0.3067360930405211	3.95e-322
RNF168_1_multinomial_train2.41	0.6696824292790927	0.3303175707209074	2e-322
RNF168_1_multinomial_train2.42	0.6745577675645102	0.3254422324354897	4.5e-322
RNF168_1_multinomial_train2.43	0.6117630809102038	0.3882369190897963	4.8e-322
RNF168_1_multinomial_train2.44	0.6243640022717669	0.3756359977282329	4.1e-322
RNF168_1_multinomial_train2.45	0.711651526063293	0.28834847393670704	3.26e-322
RNF168_1_multinomial_train2.46	0.7306511358654033	0.2693488641345965	5.1e-322
RNF168_1_multinomial_train2.47	0.7654056740661027	0.2345943259338973	5.14e-322
RNF168_1_multinomial_train2.48	0.7121617714147519	0.28783822858524827	3.4e-322
RNF168_1_multinomial_train2.49	0.6757269252376443	0.3242730747623556	3.5e-322
RNF168_1_multinomial_train2.50	0.7149814629909041	0.2850185370090959	3.6e-322
RNF168_1_multinomial_train2.51	0.709903509494823	0.2900964905051772	3.36e-322
RNF168_1_multinomial_train2.52	0.5810740415045645	0.4189259584954354	1.93e-322
RNF168_1_multinomial_train2.53	0.7719183256424736	0.22808167435752633	3.9e-322
RNF168_1_multinomial_train2.54	0.7878740845894509	0.212125915410549	4.84e-322
RNF168_1_multinomial_train2.55	0.6337260243226004	0.3662739756773997	1.9e-322
RNF168_1_multinomial_train2.56	0.6505695444647221	0.3494304555352778	2.37e-322
RNF168_1_multinomial_train2.57	0.7239803384914699	0.27601966150852997	3.46e-322
RNF168_1_multinomial_train2.58	0.7397563337023048	0.26024366629769513	5.4e-322
RNF168_1_multinomial_train2.59	0.5992572242023617	0.40074277579763823	3.75e-322
RNF168_1_multinomial_train2.60	0.5925162743516632	0.40748372564833674	3.8e-322
RNF168_1_multinomial_train2.61	0.6883723147169467	0.31162768528305324	3.8e-322
RNF168_1_multinomial_train2.62	0.7025198860734163	0.29748011392658374	3.26e-322
RNF168_1_multinomial_train2.63	0.689898644124249	0.3101013558757511	3.95e-322
RNF168_1_multinomial_train2.64	0.7131247251112744	0.28687527488872544	5.14e-322
RNF168_1_multinomial_train2.65	0.6437751089219599	0.3562248910780401	4e-322
RNF168_1_multinomial_train2.66	0.6644585261829171	0.3355414738170829	3.36e-322
RNF168_1_multinomial_train2.67	0.7323946526144111	0.26760534738558894	6.23e-322
RNF168_1_multinomial_train2.68	0.7730494713238467	0.2269505286761534	3.2e-322
RNF168_1_multinomial_train2.69	0.6342944077832207	0.3657055922167793	2e-322
RNF168_1_multinomial_train2.70	0.7425997145105798	0.2574002854894201	3.46e-322
RNF168_1_multinomial_train2.71	0.576696753274931	0.423303246725069	2.03e-322
RNF168_1_multinomial_train2.72	0.7521411099753548	0.24785889002464528	1.7e-322
RNF168_1_multinomial_train2.73	0.6582264918159365	0.3417735081840635	3.95e-322
RNF168_1_multinomial_train2.74	0.7207568335606083	0.27924316643939173	3.56e-322
RNF168_1_multinomial_train2.75	0.5464340428079452	0.45356595719205484	2.3e-322
RNF168_1_multinomial_train2.76	0.6589799584091343	0.3410200415908658	4.1e-322
RNF168_1_multinomial_train2.77	0.6947969304538262	0.30520306954617377	4.05e-322
RNF168_1_multinomial_train2.78	0.5426502409526452	0.4573497590473547	3.75e-322
RNF168_1_multinomial_train2.79	0.706883786900774	0.293116213099226	4e-322
RNF168_1_multinomial_train2.80	0.7819887287017848	0.21801127129821507	3.7e-322
RNF168_1_multinomial_train2.81	0.6593393496619353	0.3406606503380647	3.6e-322
RNF168_1_multinomial_train2.82	0.7516991346353915	0.24830086536460858	4.1e-322
RNF168_1_multinomial_train2.83	0.6650092108088393	0.33499078919116076	2.3e-322
RNF168_1_multinomial_train2.84	0.6593764416281709	0.34062355837182917	3.95e-322
RNF168_1_multinomial_train2.85	0.7461044157867449	0.25389558421325503	4.9e-322
RNF168_1_multinomial_train2.86	0.574671504254471	0.425328495745529	3.6e-322
RNF168_1_multinomial_train2.87	0.5434332768798306	0.4565667231201693	2.17e-322
RNF168_1_multinomial_train2.88	0.6888693884572761	0.3111306115427241	3.75e-322
RNF168_1_multinomial_train2.89	0.7089472112581432	0.29105278874185675	3.26e-322
RNF168_1_multinomial_train2.90	0.7142138528178252	0.2857861471821748	3.75e-322
RNF168_1_multinomial_train2.91	0.5792222712381069	0.4207777287618931	2.03e-322
RNF168_1_multinomial_train2.92	0.7051433333526977	0.29485666664730226	2e-322
RNF168_1_multinomial_train2.93	0.5674854684632649	0.4325145315367353	3.95e-322
RNF168_1_multinomial_train2.94	0.7280156011424437	0.27198439885755626	1.9e-322
RNF168_1_multinomial_train2.95	0.6816515919012366	0.3183484080987634	3.75e-322
RNF168_1_multinomial_train2.96	0.6424711111906893	0.3575288888093105	3.5e-322
RNF168_1_multinomial_train2.97	0.810689994535879	0.18931000546412113	3.3e-322
RNF168_1_multinomial_train2.98	0.6780989460552933	0.3219010539447066	4.15e-322
ATP2B4_2_multinomial_train2	0.6489966473799611	2.14e-321	0.3510033526200389
ATP2B4_2_multinomial_train2.1	0.6654089399487491	2.3208033855083376e-18	0.33459106005125083
ATP2B4_3_multinomial_train2	0.488220338853006	0.028226128177931364	0.48355353296906256
ATP2B4_3_multinomial_train2.1	0.5862430990891088	0.006823270136201072	0.40693363077469025
ATP2B4_2_multinomial_train2.2	0.6240153191848813	1.3e-321	0.3759846808151187
ATP2B4_2_multinomial_train2.3	0.5733380323557039	1.117e-321	0.4266619676442962
ATP2B4_3_multinomial_train2.2	0.521165885646314	1.2627965320631205e-133	0.47883411435368595
ATP2B4_3_multinomial_train2.3	0.6288245226814007	0.015980284021629484	0.35519519329697
ATP2B4_2_multinomial_train2.4	0.7000060098621688	7.569644607598801e-274	0.2999939901378314
ATP2B4_3_multinomial_train2.4	0.6260216232666039	3.603753644803039e-244	0.3739783767333962
ATP2B4_2_multinomial_train2.5	0.6559186427130028	9.092230602124795e-245	0.3440813572869972
ATP2B4_2_multinomial_train2.6	0.626117376692009	0.03148694595762711	0.342395677350364
ATP2B4_3_multinomial_train2.5	0.45362589022141	0.006211330009002565	0.5401627797695876
ATP2B4_2_multinomial_train2.7	0.6256845471373069	5.216915434844913e-184	0.37431545286269313
ATP2B4_3_multinomial_train2.6	0.7656025335118719	1.4039510378904475e-302	0.23439746648812823
ATP2B4_3_multinomial_train2.7	0.6103437838479093	0.03876194165489702	0.3508942744971936
ATP2B4_3_multinomial_train2.8	0.7112758100780089	3.4865683852018357e-183	0.2887241899219911
ATP2B4_2_multinomial_train2.8	0.615833823711819	9.159378917740032e-145	0.3841661762881811
ATP2B4_2_multinomial_train2.9	0.6318188226041939	3.699692819311785e-145	0.3681811773958062
ATP2B4_3_multinomial_train2.9	0.6121338796780115	0.05717919744581426	0.3306869228761744
ATP2B4_3_multinomial_train2.10	0.6273956745578965	0.003503192677405058	0.3691011327646986
ATP2B4_3_multinomial_train2.11	0.7088397376428703	1.68e-321	0.2911602623571296
ATP2B4_2_multinomial_train2.10	0.8154938809443594	9.344482314021345e-201	0.18450611905564074
ATP2B4_2_multinomial_train2.11	0.5175210382587994	0.07296488354164231	0.40951407819955815
ATP2B4_2_multinomial_train2.12	0.5776325669029434	0.0652333507852144	0.35713408231184224
ATP2B4_2_multinomial_train2.13	0.661436364009726	3.630315127406361e-12	0.33856363598664374
ATP2B4_2_multinomial_train2.14	0.5540558126790058	3.1503291325121567e-167	0.4459441873209941
ATP2B4_3_multinomial_train2.12	0.7527289434477663	1.1137530652303823e-194	0.2472710565522336
ATP2B4_3_multinomial_train2.13	0.8222942677987648	2.036e-321	0.1777057322012352
ATP2B4_3_multinomial_train2.14	0.7214245309788292	1.0021196468106656e-273	0.2785754690211707
ATP2B4_3_multinomial_train2.15	0.7342692950249146	0.0491157881628141	0.2166149168122713
ATP2B4_2_multinomial_train2.15	0.7127655427847955	1.69e-321	0.28723445721520446
ATP2B4_2_multinomial_train2.16	0.6448679231748906	2.7410283846786815e-100	0.35513207682510955
ATP2B4_3_multinomial_train2.16	0.5081720002127014	8.970884060394567e-56	0.4918279997872985
ATP2B4_2_multinomial_train2.17	0.6406132598822172	4.770191161977875e-158	0.35938674011778277
ATP2B4_3_multinomial_train2.17	0.6828849442769185	0.0038862459397869835	0.3132288097832944
ATP2B4_3_multinomial_train2.18	0.7506670091268585	5.473791286719257e-144	0.24933299087314154
ATP2B4_2_multinomial_train2.18	0.5476934925153034	0.03748428262368735	0.41482222486100945
ATP2B4_3_multinomial_train2.19	0.4779498298077951	0.056780579079648515	0.4652695911125565
ATP2B4_3_multinomial_train2.20	0.4400295798761077	0.020559806667355577	0.5394106134565367
ATP2B4_3_multinomial_train2.21	0.4557669350872525	4.554358801671778e-133	0.5442330649127474
ATP2B4_2_multinomial_train2.19	0.6897141300253978	2.0107774627868528e-25	0.31028586997460217
ATP2B4_3_multinomial_train2.22	0.5164229750895422	0.09487418288155032	0.3887028420289076
ATP2B4_3_multinomial_train2.23	0.5780151904413424	0.015370926089974627	0.40661388346868294
ATP2B4_3_multinomial_train2.24	0.5009894169981858	0.071551117232906	0.42745946576890836
ATP2B4_3_multinomial_train2.25	0.6054046330723991	1.5243707850899184e-34	0.394595366927601
ATP2B4_3_multinomial_train2.26	0.32207039164001383	0.16775682466365668	0.5101727836963293
ATP2B4_2_multinomial_train2.20	0.46443598451331686	5.284038927510587e-265	0.5355640154866832
ATP2B4_2_multinomial_train2.21	0.5856927490252686	1.4606696512537361e-83	0.41430725097473126
ATP2B4_3_multinomial_train2.27	0.650666153109495	1.6244483234428738e-59	0.349333846890505
ATP2B4_3_multinomial_train2.28	0.49448065570745703	0.04996777954565087	0.4555515647468922
ATP2B4_3_multinomial_train2.29	0.5382820746721562	0.01743764733540582	0.44428027799243786
ATP2B4_2_multinomial_train2.22	0.7615468276586562	1.4222342636108162e-221	0.2384531723413439
ATP2B4_2_multinomial_train2.23	0.7098164443139339	7.61559012926215e-17	0.29018355568606613
ATP2B4_2_multinomial_train2.24	0.7723724608845164	1.655e-321	0.2276275391154836
ATP2B4_2_multinomial_train2.25	0.8527265915361011	8.8e-322	0.14727340846389875
ATP2B4_2_multinomial_train2.26	0.5634207318251472	6.165299103091036e-294	0.436579268174853
ATP2B4_3_multinomial_train2.30	0.6175735410177995	1.94e-321	0.3824264589822005
ATP2B4_3_multinomial_train2.31	0.6771917453728264	5.0498662709935614e-26	0.32280825462717344
ATP2B4_3_multinomial_train2.32	0.6709443751304132	5.1399909946471194e-304	0.3290556248695869
ATP2B4_2_multinomial_train2.27	0.6387886140599208	1.734e-321	0.3612113859400792
ATP2B4_2_multinomial_train2.28	0.43586909649747047	0.024064451782671827	0.5400664517198577
ATP2B4_3_multinomial_train2.33	0.5564233095460448	1.2238643646250211e-164	0.4435766904539552
ATP2B4_2_multinomial_train2.29	0.671025340374765	9.74765257523039e-106	0.3289746596252348
ATP2B4_2_multinomial_train2.30	0.7566654373339993	0.01783709945986156	0.2254974632061392
ATP2B4_3_multinomial_train2.34	0.566085229201785	5.054334088747132e-102	0.43391477079821494
ATP2B4_3_multinomial_train2.35	0.632303263565718	1.2644665971343626e-125	0.36769673643428197
ATP2B4_2_multinomial_train2.31	0.6829305334761218	1.047e-321	0.31706946652387813
ATP2B4_3_multinomial_train2.36	0.7347601461446427	2.078628446467954e-96	0.2652398538553572
ATP2B4_2_multinomial_train2.32	0.7100414752999187	2.2045935482085854e-206	0.28995852470008127
ATP2B4_2_multinomial_train2.33	0.6773226082973012	4.874926094754701e-268	0.3226773917026989
ATP2B4_2_multinomial_train2.34	0.6724356535475244	0.0034501830231188964	0.32411416342935667
ATP2B4_3_multinomial_train2.37	0.6597799309233894	1.85e-321	0.34022006907661045
ATP2B4_3_multinomial_train2.38	0.7629882699509005	5.6723253064029676e-11	0.23701172999237607
ATP2B4_2_multinomial_train2.35	0.5950852591795706	2.515e-321	0.4049147408204293
ATP2B4_3_multinomial_train2.39	0.7293019965257843	0.002044751011021518	0.2686532524631941
ATP2B4_2_multinomial_train2.36	0.8460963802762749	1.537e-321	0.153903619723725
ATP2B4_2_multinomial_train2.37	0.699011467399056	7.430227228038429e-200	0.30098853260094416
ATP2B4_3_multinomial_train2.40	0.6812119211422547	5.935301165879437e-175	0.31878807885774535
ATP2B4_2_multinomial_train2.38	0.4263877906379309	0.10996975794909071	0.4636424514129782
ATP2B4_3_multinomial_train2.41	0.6538741079009889	0.011326354002570819	0.3347995380964403
ATP2B4_2_multinomial_train2.39	0.7373554690074369	0.04198757038002783	0.22065696061253515
ATP2B4_3_multinomial_train2.42	0.5338622409760811	1.477e-321	0.46613775902391885
ATP2B4_2_multinomial_train2.40	0.7052531090860645	1.19e-321	0.2947468909139353
ATP2B4_2_multinomial_train2.41	0.631177173975634	2.668773806974746e-94	0.36882282602436595
ATP2B4_2_multinomial_train2.42	0.44157513160807327	0.008918576539986761	0.5495062918519399
ATP2B4_2_multinomial_train2.43	0.7564019184774751	1.65e-321	0.24359808152252496
ATP2B4_3_multinomial_train2.43	0.5921978976736139	1.457e-321	0.40780210232638614
ATP2B4_2_multinomial_train2.44	0.5248879220845984	6.25539853461114e-246	0.47511207791540155
ATP2B4_3_multinomial_train2.44	0.695639150198553	8.670052453520815e-132	0.3043608498014468
ATP2B4_2_multinomial_train2.45	0.5700450036307312	1.477e-321	0.4299549963692688
ATP2B4_2_multinomial_train2.46	0.6974375322762771	0.00017799859966913763	0.30238446912405365
ATP2B4_2_multinomial_train2.47	0.6937975163967306	0.0018919256556765396	0.304310557947593
ATP2B4_2_multinomial_train2.48	0.8197293537805393	4.642407171405085e-244	0.18027064621946073
ATP2B4_3_multinomial_train2.45	0.6987088594517639	8.825799173585035e-296	0.30129114054823597
ATP2B4_3_multinomial_train2.46	0.49568788307692585	4.721278270911439e-70	0.5043121169230742
ATP2B4_2_multinomial_train2.49	0.5771826309315156	0.006274608443019273	0.4165427606254651
ATP2B4_2_multinomial_train2.50	0.7661680282215366	1.97e-321	0.23383197177846327
MSH6_2_multinomial_train2	2.085e-321	0.9898912261746836	0.010108773825316228
MSH6_2_multinomial_train2.1	1.86e-321	1.0	8.387815001858705e-127
MSH6_2_multinomial_train2.2	1.27e-321	1.0	2.5929311773745247e-254
PMS2_1_multinomial_train2	0.1746574252235849	0.8253425747764149	4.2e-322
MSH6_2_multinomial_train2.3	1.9e-321	0.9998708536680131	0.0001291463319868257
MLH1_1_multinomial_train2	7.537313688654293e-256	1.0	2.643e-321
MLH1_1_multinomial_train2.1	2.02e-321	0.9999999999999999	1.146e-321
MSH6_3_multinomial_train2	1.087e-321	1.0	8.05e-322
MSH6_2_multinomial_train2.4	1.033e-321	1.0	1.285e-321
MLH1_1_multinomial_train2.2	1.793e-321	0.9999999999999999	1.19e-321
MSH6_3_multinomial_train2.1	7.8e-322	1.0	7.76e-322
PMS2_1_multinomial_train2.1	0.1973733568049661	0.8026266431950337	7.1e-322
MSH6_3_multinomial_train2.2	1.13e-321	0.9999999999999999	5.63e-322
MLH1_1_multinomial_train2.3	1.5537330821081193e-274	1.0	2.337e-321
MSH6_3_multinomial_train2.3	8.1e-322	0.9999999999999999	8.05e-322
MLH1_1_multinomial_train2.4	2.8289318126123815e-220	1.0	1.2337076744951692e-109
MSH6_3_multinomial_train2.4	8.2e-322	1.0	5.43e-322
PMS2_1_multinomial_train2.2	0.1354612843990401	0.8645387156009599	4.35e-322
PMS2_1_multinomial_train2.3	0.11359025161622724	0.8864097483837726	7.9e-322
MSH6_2_multinomial_train2.5	2.67e-321	0.9941600188602097	0.005839981139790433
MSH6_2_multinomial_train2.6	1.32e-321	0.9942278701819478	0.005772129818052038
MSH6_2_multinomial_train2.7	1.97e-321	1.0	3.970466840549405e-110
MSH6_3_multinomial_train2.5	8.1e-322	1.0	5.4e-322
PMS1_1_multinomial_train2	0.7562911791219389	0.18047851767211445	0.06323030320594678
PMS1_1_multinomial_train2.1	0.6834777281296868	0.18581320120178324	0.13070907066852988
MLH1_1_multinomial_train2.5	1.927e-321	1.0	1.09e-321
PMS2_1_multinomial_train2.4	0.1316642367213706	0.8683357632786294	4.05e-322
PMS2_1_multinomial_train2.5	0.08442758660688446	0.9155724133931156	4.35e-322
MSH6_3_multinomial_train2.6	8.2e-322	1.0	5.43e-322
MSH6_2_multinomial_train2.8	1.927e-321	1.0	1.2797718033971992e-171
MLH1_1_multinomial_train2.6	2.006e-321	1.0	1.43e-321
MSH6_3_multinomial_train2.7	1.117e-321	0.9999999999999999	8.35e-322
PMS2_1_multinomial_train2.6	0.13943170243853337	0.8605682975614668	3.85e-322
PMS1_1_multinomial_train2.2	0.7832601050204223	0.21231469571986702	0.0044251992597106864
PMS2_1_multinomial_train2.7	0.14489246408639295	0.8551075359136071	4e-322
PMS2_1_multinomial_train2.8	0.17951045011377453	0.8204895498862255	3.6e-322
MSH6_2_multinomial_train2.9	1.87e-321	0.9790361970640237	0.020963802935976234
MLH1_1_multinomial_train2.7	2.3986899060899465e-305	0.9999999999999999	2.31e-321
PMS1_1_multinomial_train2.3	0.6160152567219982	0.31494687277507477	0.06903787050292719
MSH6_3_multinomial_train2.8	1.087e-321	1.0	1.08e-321
MLH1_1_multinomial_train2.8	1.71e-321	1.0	1.3478904039753494e-295
PMS1_1_multinomial_train2.4	0.6597818852086391	0.23827784856688372	0.10194026622447704
MSH6_3_multinomial_train2.9	1.12e-321	1.0	8.35e-322
MSH6_3_multinomial_train2.10	8.1e-322	0.9999999999999999	8.05e-322
MSH6_2_multinomial_train2.10	1.314e-321	0.9999999999999999	1.823e-321
MSH6_3_multinomial_train2.11	1.413e-321	1.0	1.41e-321
PMS2_1_multinomial_train2.9	0.09125390079136686	0.9087460992086331	8.35e-322
MSH6_3_multinomial_train2.12	8.3e-322	1.0	8.25e-322
MSH6_3_multinomial_train2.13	1.11e-321	1.0	8.25e-322
MLH1_1_multinomial_train2.9	1.480098353952171e-222	1.0	3.7322141387170387e-35
PMS1_1_multinomial_train2.5	0.4512908699148517	0.332199959901228	0.21650917018392007
PMS1_1_multinomial_train2.6	0.7462460634362809	0.15283854489069207	0.1009153916730272
MSH6_3_multinomial_train2.14	1.344e-321	1.0	1.6e-321
PMS2_1_multinomial_train2.10	0.10209526554972206	0.8979047344502781	4.25e-322
MSH6_2_multinomial_train2.11	2.204e-321	0.9999999999999999	2.1651629684605734e-170
MSH6_2_multinomial_train2.12	1.873e-321	0.9887550742954495	0.011244925704550653
PMS2_1_multinomial_train2.11	0.12801517201020438	0.8719848279897956	3.9e-322
MSH6_2_multinomial_train2.13	1.625e-321	1.0	1.0951277298245592e-93
PMS2_1_multinomial_train2.12	0.10977375967931956	0.8902262403206804	4.05e-322
MSH6_2_multinomial_train2.14	2.2e-321	0.9943014570017831	0.005698542998216804
PMS2_1_multinomial_train2.13	0.10067823038753454	0.8993217696124655	4.4e-322
MLH1_1_multinomial_train2.10	1.63e-321	0.9999999999999999	8.05e-322
MSH6_3_multinomial_train2.15	1.087e-321	1.0	1.08e-321
MLH1_1_multinomial_train2.11	2.357e-321	1.0	1.17e-321
PMS1_1_multinomial_train2.7	0.6606430828601889	0.28007098997271335	0.05928592716709769
MLH1_1_multinomial_train2.12	1.057e-321	1.0	7.86e-322
MSH6_2_multinomial_train2.15	2.16e-321	0.9906201120886311	0.009379887911368878
MSH6_3_multinomial_train2.16	8e-322	1.0	5.3e-322
MLH1_1_multinomial_train2.13	2.515e-321	0.9999999999999999	1.947e-321
MLH1_1_multinomial_train2.14	1.176e-321	0.9999999999999999	8.8e-322
PMS2_1_multinomial_train2.14	0.1072492995170228	0.8927507004829772	8.45e-322
MSH6_3_multinomial_train2.17	8.1e-322	0.9999999999999999	8.05e-322
MSH6_2_multinomial_train2.16	1.58e-321	0.9999999999999999	2.357e-321
PMS1_1_multinomial_train2.8	0.5657751680975893	0.23409288844848083	0.20013194345392973
PMS2_1_multinomial_train2.15	0.1282461229205342	0.8717538770794659	7.7e-322
PMS2_1_multinomial_train2.16	0.1731862233820408	0.8268137766179592	7.9e-322
MSH6_2_multinomial_train2.17	2.456e-321	0.9817411006689191	0.018258899331080894
MLH1_1_multinomial_train2.15	2.564e-321	1.0	1.42e-321
MLH1_1_multinomial_train2.16	3.2111458641133915e-303	1.0	2.213e-321
PMS2_1_multinomial_train2.17	0.06981781589715634	0.9301821841028438	4.5e-322
MSH6_3_multinomial_train2.18	7.9e-322	1.0	5.3e-322
MSH6_2_multinomial_train2.18	1.907e-321	0.9999999999999999	4.769681302896393e-80
MSH6_3_multinomial_train2.19	1.1e-321	0.9999999999999999	8.2e-322
PMS1_1_multinomial_train2.9	0.7404492137475096	0.16170183296291202	0.09784895328957835
MSH6_3_multinomial_train2.20	7.86e-322	1.0	5.2e-322
PMS1_1_multinomial_train2.10	0.6361326335165723	0.17416028143573153	0.1897070850476962
MSH6_2_multinomial_train2.19	1.36e-321	0.9999999999999999	1.354e-321
MSH6_2_multinomial_train2.20	1.314e-321	1.0	1.823e-321
PMS1_1_multinomial_train2.11	0.7517088472203806	0.19043240791962132	0.057858744859998104
MSH6_2_multinomial_train2.21	2.07e-321	0.982006229372696	0.017993770627304017
MSH6_3_multinomial_train2.21	1.17e-321	1.0	1.166e-321
MSH6_3_multinomial_train2.22	8.1e-322	0.9999999999999999	8.1e-322
MLH1_1_multinomial_train2.17	1.98e-321	1.0	1.41e-321
MLH1_1_multinomial_train2.18	1.695e-321	1.0	1.12e-321
PMS2_1_multinomial_train2.18	0.11521436613265341	0.8847856338673467	4.35e-322
EXO1_1_real_train3	0.723945938145017	0.27605406185498316	6.47e-322
OGG1_2_real_train3	9.515138951988512e-254	7.2e-322	1.0
RNF168_2_real_train3	0.69327303513731	0.3067269648626901	5.8e-322
UNG_2_real_train3	0.5073911859779953	0.3635051499715819	0.1291036640504228
ATP2B4_4_real_train3	0.49016116289591083	0.04115304971100946	0.46868578739307964
ATP2B4_5_real_train3	0.25985059890920265	0.11467514831142835	0.6254742527793691
MLH1_2_real_train3	8e-322	1.0	5.3e-322
MSH2_1_real_train3	7.2e-322	0.9999999999999999	4.8e-322
MSH6_4_real_train3	1.6e-321	0.9999999999999999	1.59e-321
MSH6_5_real_train3	6.334411898314912e-304	0.9976980858977719	0.002301914102228136
MSH6_6_real_train3	1.03e-321	1.0	1.793e-321
PMS1_2_real_train3	0.4602188466610081	0.3213115279480978	0.21846962539089396
PMS2_2_real_train3	0.20319939734319967	0.7968006026568002	1.077e-321
EXO1_1_multinomial_train3	0.6946434454263155	0.3053565545736843	7.4e-322
RNF168_2_multinomial_train3	0.6529477281875375	0.3470522718124624	5.6e-322
RNF168_2_multinomial_train3.1	0.744388996484757	0.25561100351524313	8.5e-322
EXO1_1_multinomial_train3.1	0.7117508485164679	0.2882491514835322	6.23e-322
RNF168_2_multinomial_train3.2	0.7690432568641106	0.23095674313588938	6.87e-322
RNF168_2_multinomial_train3.3	0.7068054521861769	0.2931945478138231	5.9e-322
RNF168_2_multinomial_train3.4	0.6884291383297683	0.3115708616702317	5.9e-322
RNF168_2_multinomial_train3.5	0.6189882252253783	0.38101177477462167	8.9e-322
RNF168_2_multinomial_train3.6	0.7238112541352131	0.27618874586478703	6.1e-322
RNF168_2_multinomial_train3.7	0.6189095417653161	0.38109045823468396	4.3e-322
RNF168_2_multinomial_train3.8	0.7177420426513499	0.28225795734865006	7.5e-322
EXO1_1_multinomial_train3.2	0.7117213865935252	0.2882786134064747	6.67e-322
EXO1_1_multinomial_train3.3	0.6859418991418358	0.31405810085816416	6.37e-322
RNF168_2_multinomial_train3.9	0.6149263456490018	0.38507365435099816	6.6e-322
EXO1_1_multinomial_train3.4	0.7588380441063427	0.2411619558936574	7.7e-322
EXO1_1_multinomial_train3.5	0.7247989083599041	0.27520109164009576	4.6e-322
EXO1_1_multinomial_train3.6	0.6931768564602553	0.3068231435397447	6.8e-322
EXO1_1_multinomial_train3.7	0.7193773798123269	0.2806226201876732	6.27e-322
EXO1_1_multinomial_train3.8	0.6880482553244976	0.31195174467550235	7.36e-322
RNF168_2_multinomial_train3.10	0.6870845897162153	0.31291541028378456	7.46e-322
EXO1_1_multinomial_train3.9	0.7454837543675531	0.2545162456324469	1.003e-321
RNF168_2_multinomial_train3.11	0.6925445623146388	0.3074554376853612	5.53e-322
RNF168_2_multinomial_train3.12	0.6917865629496835	0.3082134370503166	5.9e-322
EXO1_1_multinomial_train3.10	0.6963951318127632	0.30360486818723686	6.23e-322
EXO1_1_multinomial_train3.11	0.7193200551564971	0.28067994484350284	5.9e-322
RNF168_2_multinomial_train3.13	0.6721032363748456	0.32789676362515435	4.1e-322
RNF168_2_multinomial_train3.14	0.6823539768774525	0.31764602312254747	5.5e-322
RNF168_2_multinomial_train3.15	0.7304263129623613	0.2695736870376386	6.9e-322
RNF168_2_multinomial_train3.16	0.7333041753096475	0.26669582469035236	5.63e-322
EXO1_1_multinomial_train3.12	0.7296491933705889	0.2703508066294112	6.37e-322
RNF168_2_multinomial_train3.17	0.7530935755675903	0.2469064244324097	1.33e-321
EXO1_1_multinomial_train3.13	0.6777188384740499	0.3222811615259502	7.16e-322
RNF168_2_multinomial_train3.18	0.6688276869735308	0.3311723130264692	7.95e-322
EXO1_1_multinomial_train3.14	0.7313689375961385	0.26863106240386164	6.67e-322
RNF168_2_multinomial_train3.19	0.7060770813049896	0.2939229186950104	5.73e-322
RNF168_2_multinomial_train3.20	0.7788792181987021	0.22112078180129807	6.8e-322
EXO1_1_multinomial_train3.15	0.7266906592567242	0.273309340743276	6.9e-322
RNF168_2_multinomial_train3.21	0.6088183590673634	0.39118164093263663	4.8e-322
RNF168_2_multinomial_train3.22	0.690627992899834	0.309372007100166	5.8e-322
EXO1_1_multinomial_train3.16	0.7423895436605428	0.25761045633945706	6.27e-322
EXO1_1_multinomial_train3.17	0.716651678252469	0.28334832174753094	6.8e-322
RNF168_2_multinomial_train3.23	0.621118279976539	0.378881720023461	4.2e-322
EXO1_1_multinomial_train3.18	0.7052351565019854	0.2947648434980147	6.23e-322
RNF168_2_multinomial_train3.24	0.6828014906616823	0.31719850933831784	5.4e-322
RNF168_2_multinomial_train3.25	0.6770158567855038	0.3229841432144962	5.43e-322
RNF168_2_multinomial_train3.26	0.7397693895705446	0.26023061042945544	7.5e-322
RNF168_2_multinomial_train3.27	0.7134511686626914	0.28654883133730846	6.13e-322
RNF168_2_multinomial_train3.28	0.6320278789864862	0.3679721210135139	3.9e-322
EXO1_1_multinomial_train3.19	0.7050699820595436	0.2949300179404562	6.77e-322
RNF168_2_multinomial_train3.29	0.6707407981331563	0.32925920186684354	4.25e-322
EXO1_1_multinomial_train3.20	0.7060064474337109	0.2939935525662893	8.5e-322
RNF168_2_multinomial_train3.30	0.7362137566495486	0.2637862433504514	5.73e-322
RNF168_2_multinomial_train3.31	0.655048956336117	0.3449510436638829	5.83e-322
RNF168_2_multinomial_train3.32	0.6364324556034782	0.36356754439652167	8.1e-322
RNF168_2_multinomial_train3.33	0.6265658256973341	0.37343417430266584	8.65e-322
EXO1_1_multinomial_train3.21	0.7734488369533186	0.22655116304668144	5.93e-322
RNF168_2_multinomial_train3.34	0.6255742363848256	0.37442576361517427	6.2e-322
EXO1_1_multinomial_train3.22	0.6815238367120575	0.31847616328794254	4.6e-322
EXO1_1_multinomial_train3.23	0.7288963640449495	0.27110363595505055	6.6e-322
RNF168_2_multinomial_train3.35	0.7171255119583305	0.2828744880416695	5.43e-322
RNF168_2_multinomial_train3.36	0.6821037416364102	0.31789625836358976	4.55e-322
EXO1_1_multinomial_train3.24	0.7425874708604285	0.25741252913957147	5.8e-322
RNF168_2_multinomial_train3.37	0.6643334961959461	0.33566650380405383	9.6e-322
EXO1_1_multinomial_train3.25	0.6867942493442674	0.3132057506557327	8.84e-322
RNF168_2_multinomial_train3.38	0.7057420780095462	0.2942579219904539	6e-322
EXO1_1_multinomial_train3.26	0.7788952278240798	0.22110477217592028	5.83e-322
EXO1_1_multinomial_train3.27	0.7351147893901269	0.264885210609873	8.55e-322
EXO1_1_multinomial_train3.28	0.7096075318844292	0.29039246811557073	6.23e-322
EXO1_1_multinomial_train3.29	0.7336272687262364	0.26637273127376354	6.23e-322
EXO1_1_multinomial_train3.30	0.7771527343433273	0.22284726565667282	7.9e-322
RNF168_2_multinomial_train3.39	0.731769472900725	0.26823052709927486	1.07e-321
RNF168_2_multinomial_train3.40	0.6429869678713034	0.3570130321286968	7.56e-322
EXO1_1_multinomial_train3.31	0.7729929937322859	0.22700700626771414	8.15e-322
EXO1_1_multinomial_train3.32	0.7632790274326192	0.23672097256738087	5.83e-322
EXO1_1_multinomial_train3.33	0.6812114316491477	0.31878856835085234	6.37e-322
RNF168_2_multinomial_train3.41	0.6574021913101118	0.3425978086898883	5.73e-322
RNF168_2_multinomial_train3.42	0.6483421611997084	0.3516578388002917	4.3e-322
EXO1_1_multinomial_train3.34	0.7676751335830764	0.2323248664169236	6.03e-322
RNF168_2_multinomial_train3.43	0.6510763263012832	0.3489236736987167	5.14e-322
EXO1_1_multinomial_train3.35	0.728567862539333	0.271432137460667	8.4e-322
EXO1_1_multinomial_train3.36	0.7751503236956617	0.2248496763043383	6.2e-322
RNF168_2_multinomial_train3.44	0.7552626864436952	0.2447373135563047	5.93e-322
EXO1_1_multinomial_train3.37	0.7220299717837699	0.27797002821622996	6.57e-322
RNF168_2_multinomial_train3.45	0.6643160212868816	0.3356839787131184	7.9e-322
RNF168_2_multinomial_train3.46	0.6397166840221941	0.36028331597780605	6.13e-322
RNF168_2_multinomial_train3.47	0.706815451579105	0.2931845484208952	8.8e-322
RNF168_2_multinomial_train3.48	0.6682536962392182	0.33174630376078185	7.6e-322
RNF168_2_multinomial_train3.49	0.6648385008390889	0.33516149916091104	7.9e-322
RNF168_2_multinomial_train3.50	0.6738763726080041	0.32612362739199596	7.2e-322
EXO1_1_multinomial_train3.38	0.7072853308363365	0.2927146691636636	8.25e-322
RNF168_2_multinomial_train3.51	0.6225169716547275	0.37748302834527236	6.6e-322
RNF168_2_multinomial_train3.52	0.691869916370774	0.30813008362922606	6.03e-322
EXO1_1_multinomial_train3.39	0.7349943139002637	0.26500568609973624	6.37e-322
EXO1_1_multinomial_train3.40	0.6688256966815902	0.3311743033184099	4.8e-322
RNF168_2_multinomial_train3.53	0.7306147509261265	0.26938524907387346	5.43e-322
EXO1_1_multinomial_train3.41	0.6997273805275617	0.30027261947243844	6.3e-322
EXO1_1_multinomial_train3.42	0.6943342672645711	0.3056657327354288	6.5e-322
RNF168_2_multinomial_train3.54	0.7282350606834449	0.27176493931655504	7.26e-322
OGG1_2_multinomial_train3	8.16315e-319	4.74e-322	0.9999999999999999
OGG1_2_multinomial_train3.1	5.6e-322	5e-322	1.0
UNG_2_multinomial_train3	0.49643926144347805	0.36125313408456405	0.14230760447195798
OGG1_2_multinomial_train3.2	3.265369117473682e-307	7.4e-322	1.0
UNG_2_multinomial_train3.1	0.3445632899256455	0.46896239222195946	0.1864743178523951
OGG1_2_multinomial_train3.3	5.874228514800535e-174	9.4e-322	1.0
UNG_2_multinomial_train3.2	0.5429348543245873	0.36580940956725816	0.0912557361081545
UNG_2_multinomial_train3.3	0.576818051761092	0.36836299480104606	0.05481895343786181
UNG_2_multinomial_train3.4	0.3078216202315056	0.43690210555527287	0.25527627421322163
UNG_2_multinomial_train3.5	0.3766108901853861	0.4337965005166249	0.18959260929798888
UNG_2_multinomial_train3.6	0.7431790805141086	0.25682091948589136	3.4942983515466967e-50
UNG_2_multinomial_train3.7	0.30834810334759927	0.43572714183737404	0.2559247548150266
OGG1_2_multinomial_train3.4	3.2686760631172247e-166	1.03e-321	1.0
UNG_2_multinomial_train3.8	0.5953156800736019	0.33116209944712943	0.07352222047926865
UNG_2_multinomial_train3.9	0.49725529673128654	0.3541005815645296	0.14864412170418398
UNG_2_multinomial_train3.10	0.4560078288355005	0.4099343246244226	0.13405784654007682
UNG_2_multinomial_train3.11	0.4868544485907871	0.4045059121092601	0.10863963929995296
OGG1_2_multinomial_train3.5	8.920771667404621e-300	7.3e-322	0.9999999999999999
OGG1_2_multinomial_train3.6	6.3e-322	4.4e-322	1.0
OGG1_2_multinomial_train3.7	6e-322	6.23e-322	1.0
UNG_2_multinomial_train3.12	0.3938381637615933	0.4860678559177971	0.12009398032060964
OGG1_2_multinomial_train3.8	6.5e-322	4.55e-322	1.0
UNG_2_multinomial_train3.13	0.4625819191342071	0.42134614563191924	0.11607193523387375
OGG1_2_multinomial_train3.9	3.685309976128193e-189	9.63e-322	1.0
UNG_2_multinomial_train3.14	0.7179739794241269	0.23627089520225186	0.04575512537362141
UNG_2_multinomial_train3.15	0.5698545392037813	0.4124765628654879	0.01766889793073068
OGG1_2_multinomial_train3.10	1.6731908997001223e-247	1.01e-321	0.9999999999999999
UNG_2_multinomial_train3.16	0.5460783075869248	0.2768146900037159	0.17710700240935937
UNG_2_multinomial_train3.17	0.2775050347558734	0.4660489074782561	0.2564460577658705
UNG_2_multinomial_train3.18	0.5716423695752089	0.2963636626015564	0.13199396782323464
UNG_2_multinomial_train3.19	0.48103258522041126	0.3862202222114877	0.13274719256810094
UNG_2_multinomial_train3.20	0.5194279541466446	0.40337416223131084	0.07719788362204465
UNG_2_multinomial_train3.21	0.32820388057891836	0.4482842287258815	0.2235118906952003
OGG1_2_multinomial_train3.11	7.1e-322	6.67e-322	1.0
OGG1_2_multinomial_train3.12	6.1e-322	4.74e-322	1.0
UNG_2_multinomial_train3.22	0.28430974607515097	0.5003421203986942	0.21534813352615484
UNG_2_multinomial_train3.23	0.30144283987175235	0.4875514249301368	0.21100573519811083
OGG1_2_multinomial_train3.13	2.3341057793047946e-204	9.4e-322	1.0
OGG1_2_multinomial_train3.14	2.894414288746663e-245	9.63e-322	1.0
UNG_2_multinomial_train3.24	0.592777592373805	0.31349617313207356	0.09372623449412146
OGG1_2_multinomial_train3.15	3.526177921048808e-163	4.20821819893967e-276	1.0
OGG1_2_multinomial_train3.16	3.699871420024396e-167	7.76e-322	1.0
OGG1_2_multinomial_train3.17	1.0194451900197775e-140	1.196e-321	1.0
OGG1_2_multinomial_train3.18	1.1781898402458858e-290	4.9e-322	1.0
OGG1_2_multinomial_train3.19	1.4363083580896862e-213	7.3e-322	1.0
UNG_2_multinomial_train3.25	0.5307978739093338	0.3755054643194526	0.09369666177121358
OGG1_2_multinomial_train3.20	2.6027097602294646e-240	7.4e-322	1.0
OGG1_2_multinomial_train3.21	5.73e-322	4.45e-322	1.0
UNG_2_multinomial_train3.26	0.548611064238216	0.319205894175209	0.13218304158657504
OGG1_2_multinomial_train3.22	4.3075119918447254e-206	7.2e-322	1.0
OGG1_2_multinomial_train3.23	5.63e-322	4.4e-322	0.9999999999999999
OGG1_2_multinomial_train3.24	7.531342680397145e-288	4.74e-322	1.0
UNG_2_multinomial_train3.27	0.6589382713541571	0.275123750919505	0.06593797772633793
UNG_2_multinomial_train3.28	0.5286657689143578	0.387042258974968	0.08429197211067416
UNG_2_multinomial_train3.29	0.4676393379652758	0.41908753270725135	0.11327312932747305
OGG1_2_multinomial_train3.25	5.6461e-319	4.74e-322	1.0
OGG1_2_multinomial_train3.26	8.8595728883497e-310	4.84e-322	1.0
UNG_2_multinomial_train3.30	0.6604353792903316	0.3395646207096683	6.490050782951874e-44
UNG_2_multinomial_train3.31	0.49390009655696243	0.4362328064677148	0.06986709697532281
UNG_2_multinomial_train3.32	0.39538470062511144	0.4909118706042537	0.11370342877063476
OGG1_2_multinomial_train3.27	4.552262253079768e-198	1.16e-321	1.0
OGG1_2_multinomial_train3.28	1.8162231442793522e-303	7.1e-322	1.0
OGG1_2_multinomial_train3.29	3.297088465226806e-231	7.86e-322	1.0
OGG1_2_multinomial_train3.30	1.2625805123060062e-109	3.760390197463105e-263	1.0
OGG1_2_multinomial_train3.31	5.865e-321	1.067e-321	1.0
OGG1_2_multinomial_train3.32	6.7e-322	4.64e-322	1.0
UNG_2_multinomial_train3.33	0.4513330467506732	0.36952051086540655	0.17914644238392027
UNG_2_multinomial_train3.34	0.4498824014487679	0.4617188944599525	0.0883987040912796
UNG_2_multinomial_train3.35	0.33370678633121353	0.4121695937593801	0.2541236199094063
OGG1_2_multinomial_train3.33	7.3e-322	6.87e-322	1.0
UNG_2_multinomial_train3.36	0.4663069232275717	0.42758302650387486	0.1061100502685536
UNG_2_multinomial_train3.37	0.36414601438384137	0.43216399878228007	0.20368998683387868
OGG1_2_multinomial_train3.34	5.273428783515443e-210	7.8e-322	1.0
OGG1_2_multinomial_train3.35	9.259961576945957e-236	7.3e-322	1.0
UNG_2_multinomial_train3.38	0.5285303688769959	0.42426978242575214	0.04719984869725214
UNG_2_multinomial_train3.39	0.41442493624041576	0.3855320048801267	0.2000430588794575
UNG_2_multinomial_train3.40	0.4505452252709403	0.4036765760911238	0.14577819863793598
UNG_2_multinomial_train3.41	0.2886913288018449	0.45550679405094263	0.2558018771472125
OGG1_2_multinomial_train3.36	1.4582606176495154e-242	7.7e-322	1.0
OGG1_2_multinomial_train3.37	3.4939846803694e-311	6.97e-322	0.9999999999999999
UNG_2_multinomial_train3.42	0.21555671626136366	0.44366542511518414	0.3407778586234522
UNG_2_multinomial_train3.43	0.5490094698098674	0.3662361331371461	0.08475439705298657
UNG_2_multinomial_train3.44	0.42905233829307526	0.43611220294521236	0.13483545876171235
OGG1_2_multinomial_train3.38	3.735465010883604e-83	1.03e-321	1.0
OGG1_2_multinomial_train3.39	1.2411228785962025e-130	1.02e-321	0.9999999999999999
UNG_2_multinomial_train3.45	0.4690856536842989	0.3961672235196303	0.13474712279607098
UNG_2_multinomial_train3.46	0.46624297856172925	0.42384055315449337	0.1099164682837774
OGG1_2_multinomial_train3.40	7.07e-322	4.4e-322	1.0
OGG1_2_multinomial_train3.41	6.13e-322	4.25e-322	1.0
UNG_2_multinomial_train3.47	0.5908097564079291	0.2577558578309499	0.1514343857611209
OGG1_2_multinomial_train3.42	7.07494793632383e-272	7.2e-322	0.9999999999999999
OGG1_2_multinomial_train3.43	1.1461605231249085e-166	6.87e-322	1.0
OGG1_2_multinomial_train3.44	3.232957977429905e-73	4.6217691109574944e-07	0.9999995378230888
UNG_2_multinomial_train3.48	0.49642175695603086	0.4087035808985044	0.09487466214546489
UNG_2_multinomial_train3.49	0.6259735651246917	0.29092998944061366	0.08309644543469452
UNG_2_multinomial_train3.50	0.4435531136685652	0.38187892645817006	0.17456795987326468
UNG_2_multinomial_train3.51	0.6366485947785964	0.25965335866810907	0.10369804655329451
OGG1_2_multinomial_train3.45	5.913258727412604e-188	9.73e-322	1.0
ATP2B4_4_multinomial_train3	0.505423083582623	0.031296807945783725	0.4632801084715933
ATP2B4_5_multinomial_train3	0.4621042944796858	0.11677746747533722	0.42111823804497694
ATP2B4_4_multinomial_train3.1	2.920217116192882e-154	0.13229461512569168	0.8677053848743081
ATP2B4_4_multinomial_train3.2	0.44001136921715867	0.09122319337028209	0.46876543741255927
ATP2B4_5_multinomial_train3.1	0.03456548710265918	0.1909666355709941	0.7744678773263467
ATP2B4_5_multinomial_train3.2	8.75686957356148e-117	0.041334695548276394	0.9586653044517235
ATP2B4_4_multinomial_train3.3	0.607708010562918	0.0033984871360703732	0.38889350230101144
ATP2B4_4_multinomial_train3.4	0.5500543324967687	0.05387666470158907	0.39606900280164226
ATP2B4_5_multinomial_train3.3	1.2298598362061644e-155	0.14232104372087687	0.8576789562791232
ATP2B4_5_multinomial_train3.4	0.34227711054910936	0.18787895817784261	0.469843931273048
ATP2B4_5_multinomial_train3.5	0.5638902172451374	0.009269154557356312	0.4268406281975063
ATP2B4_4_multinomial_train3.5	0.430599836511973	7.66e-322	0.5694001634880271
ATP2B4_5_multinomial_train3.6	0.6194768270708356	0.12267937410415655	0.25784379882500796
ATP2B4_4_multinomial_train3.6	0.6032957776799994	0.04654574002449799	0.35015848229550256
ATP2B4_4_multinomial_train3.7	0.5449027587824713	0.12834952318594395	0.3267477180315847
ATP2B4_4_multinomial_train3.8	0.521924817718173	6.312675702101833e-71	0.47807518228182694
ATP2B4_5_multinomial_train3.7	0.033291247617626266	0.24538346634876326	0.7213252860336103
ATP2B4_4_multinomial_train3.9	0.2382148073738415	0.06148470321411576	0.7003004894120426
ATP2B4_5_multinomial_train3.8	0.08159223871604496	0.1759541681932655	0.7424535930906895
ATP2B4_5_multinomial_train3.9	0.40266128394477313	2.265946168794666e-123	0.5973387160552268
ATP2B4_4_multinomial_train3.10	0.6193243254017626	1.84e-321	0.3806756745982375
ATP2B4_5_multinomial_train3.10	0.4767465149965574	0.039891791109179335	0.4833616938942634
ATP2B4_4_multinomial_train3.11	0.46887575976227475	0.01598876893860178	0.5151354712991234
ATP2B4_4_multinomial_train3.12	1.39942981930537e-06	0.2116756727076272	0.7883229278625535
ATP2B4_5_multinomial_train3.11	0.28745363769029775	3.3859567835419585e-225	0.7125463623097021
ATP2B4_4_multinomial_train3.13	0.4287014060723549	0.009639143030516474	0.5616594508971287
ATP2B4_5_multinomial_train3.12	0.20175796940702528	0.09024390062666651	0.7079981299663082
ATP2B4_4_multinomial_train3.14	0.33994650868431886	0.12490625143751945	0.5351472398781618
ATP2B4_5_multinomial_train3.13	0.1340925376187638	0.2559774674967228	0.6099299948845134
ATP2B4_4_multinomial_train3.15	0.500562828550948	2.05e-321	0.4994371714490519
ATP2B4_4_multinomial_train3.16	0.45818773058235535	0.05355274105798364	0.48825952835966113
ATP2B4_5_multinomial_train3.14	1.575858558147082e-73	0.028241131068956277	0.9717588689310438
ATP2B4_4_multinomial_train3.17	0.8428932114024587	0.024884781983117395	0.13222200661442388
ATP2B4_4_multinomial_train3.18	0.6330424585178767	2.1807299931816977e-118	0.3669575414821234
ATP2B4_5_multinomial_train3.15	1.8133930834738591e-125	0.21009542777005685	0.7899045722299433
ATP2B4_5_multinomial_train3.16	0.40665536310719913	0.049803736380282106	0.5435409005125187
ATP2B4_4_multinomial_train3.19	0.5342594839627024	4.5484649613825354e-132	0.4657405160372976
ATP2B4_5_multinomial_train3.17	7.063553719950322e-98	0.23067917559073509	0.7693208244092649
ATP2B4_5_multinomial_train3.18	0.1198875660598291	0.16362968862750674	0.7164827453126641
ATP2B4_4_multinomial_train3.20	0.5590653825153	0.03509789497367828	0.4058367225110218
ATP2B4_5_multinomial_train3.19	0.06488873231483369	0.21519130354859453	0.7199199641365718
ATP2B4_4_multinomial_train3.21	0.18229324015346374	0.15317814275638728	0.664528617090149
ATP2B4_5_multinomial_train3.20	0.29916776223427893	0.10398546793927778	0.5968467698264435
ATP2B4_4_multinomial_train3.22	0.30335393397801164	0.03047542958145548	0.6661706364405328
ATP2B4_5_multinomial_train3.21	0.7612896815184835	1.0197458785679632e-81	0.23871031848151641
ATP2B4_5_multinomial_train3.22	0.8032046644741151	2.1984172660995838e-151	0.19679533552588485
ATP2B4_4_multinomial_train3.23	0.5977362046571766	9.63e-322	0.40226379534282336
ATP2B4_4_multinomial_train3.24	0.43718177160553223	1.0546703053467165e-165	0.5628182283944676
ATP2B4_5_multinomial_train3.23	0.3916173664661541	0.1054326425605982	0.5029499909732478
ATP2B4_4_multinomial_train3.25	0.3043888682359069	0.10419444132020426	0.5914166904438889
ATP2B4_5_multinomial_train3.24	0.2706209263925428	0.2111236940313014	0.5182553795761559
ATP2B4_4_multinomial_train3.26	0.46640962012736065	0.07443344335783367	0.45915693651480577
ATP2B4_5_multinomial_train3.25	0.31568445591436844	0.1895705728024838	0.49474497128314776
ATP2B4_5_multinomial_train3.26	9.68348754444263e-65	0.18570630825678952	0.8142936917432104
ATP2B4_4_multinomial_train3.27	0.6882605235063941	0.034683827236550745	0.27705564925705506
ATP2B4_5_multinomial_train3.27	0.6760772594820381	0.08953051396607137	0.2343922265518904
ATP2B4_4_multinomial_train3.28	0.5985920543447394	0.01632582498256339	0.3850821206726973
ATP2B4_4_multinomial_train3.29	0.4238490169738154	0.0031132502884004894	0.573037732737784
ATP2B4_5_multinomial_train3.28	0.06837214582537801	0.14143396913291031	0.7901938850417116
ATP2B4_5_multinomial_train3.29	0.16543779376919981	0.10565706887861409	0.7289051373521862
ATP2B4_4_multinomial_train3.30	0.00010027931080420989	0.2164229300950633	0.7834767905941324
ATP2B4_5_multinomial_train3.30	6.062887567160155e-105	0.19597837652972702	0.804021623470273
ATP2B4_5_multinomial_train3.31	0.13562802180563438	0.14236506687025494	0.7220069113241108
ATP2B4_5_multinomial_train3.32	0.423174028213962	0.04854613427388432	0.5282798375121538
ATP2B4_5_multinomial_train3.33	0.29346185955859766	7.232181923208106e-162	0.7065381404414024
ATP2B4_4_multinomial_train3.31	0.5302158396526775	0.008626521396431197	0.4611576389508915
ATP2B4_4_multinomial_train3.32	0.44106062356852727	0.11539366229020773	0.4435457141412651
ATP2B4_5_multinomial_train3.34	0.39348150562063017	0.13860696304980172	0.4679115313295681
ATP2B4_4_multinomial_train3.33	0.5546308880907147	3.17303981e-315	0.44536911190928513
ATP2B4_4_multinomial_train3.34	0.5269440619589005	2.386953337778059e-187	0.4730559380410995
ATP2B4_4_multinomial_train3.35	0.5613639487842754	5.9881075665656e-216	0.4386360512157247
ATP2B4_5_multinomial_train3.35	0.08018010917811531	0.07675055680478367	0.8430693340171009
ATP2B4_5_multinomial_train3.36	0.20810304903610216	0.10643380791994822	0.6854631430439496
ATP2B4_4_multinomial_train3.36	0.7270341051373173	2.6887241857792993e-30	0.2729658948626828
ATP2B4_5_multinomial_train3.37	0.00029957239301436374	0.2680783052725825	0.731622122334403
ATP2B4_5_multinomial_train3.38	0.08878263255578318	0.18000831618557825	0.7312090512586387
ATP2B4_5_multinomial_train3.39	0.46180206173203964	0.10714711512095819	0.43105082314700227
ATP2B4_5_multinomial_train3.40	0.31778753430330636	0.14381915952931884	0.5383933061673749
ATP2B4_5_multinomial_train3.41	3.863786042668643e-94	0.09029669502084486	0.9097033049791552
ATP2B4_4_multinomial_train3.37	0.24511386817987169	0.08215350482625193	0.6727326269938765
ATP2B4_5_multinomial_train3.42	0.5555466438528243	0.09379843915011574	0.3506549169970599
ATP2B4_5_multinomial_train3.43	0.3533667518589989	0.12353888755408468	0.5230943605869164
ATP2B4_5_multinomial_train3.44	0.05879651321871856	0.24141206428071393	0.6997914225005677
ATP2B4_5_multinomial_train3.45	0.513758915463639	0.11896820367849296	0.3672728808578681
ATP2B4_4_multinomial_train3.38	0.5048594687365322	1.82e-321	0.49514053126346774
ATP2B4_5_multinomial_train3.46	0.20449119462025184	0.04216262358296919	0.7533461817967788
ATP2B4_5_multinomial_train3.47	0.382487676112667	3.7968978074142806e-17	0.6175123238873328
ATP2B4_5_multinomial_train3.48	0.43871746144095297	0.019926227591296083	0.5413563109677508
ATP2B4_5_multinomial_train3.49	0.2578126966959651	0.14881225780431254	0.5933750454997223
ATP2B4_5_multinomial_train3.50	0.7343717238474944	0.029214222173068658	0.23641405397943685
ATP2B4_5_multinomial_train3.51	9.548846607656118e-148	0.14537438425442692	0.8546256157455729
ATP2B4_5_multinomial_train3.52	0.704310393602452	0.13324033455551007	0.16244927184203795
ATP2B4_4_multinomial_train3.39	0.4598642968176674	0.06504444986330529	0.47509125331902735
ATP2B4_5_multinomial_train3.53	0.10847407599336657	0.16215511262957902	0.7293708113770544
ATP2B4_4_multinomial_train3.40	0.5883781846734533	0.11159604485749539	0.30002577046905143
ATP2B4_4_multinomial_train3.41	0.23901617895572363	0.03839541389890443	0.7225884071453719
ATP2B4_4_multinomial_train3.42	0.6740128270001992	0.019939826111505615	0.30604734688829527
ATP2B4_4_multinomial_train3.43	0.5557900529731516	0.09859521256186878	0.34561473446497953
PMS2_2_multinomial_train3	0.15125167953047677	0.8487483204695232	1.18e-321
PMS1_2_multinomial_train3	0.6879482151058827	0.2208873433030368	0.09116444159108048
PMS1_2_multinomial_train3.1	0.5602808027514713	0.2699970461940584	0.16972215105447022
MLH1_2_multinomial_train3	7.8e-322	1.0	5.2e-322
MSH6_5_multinomial_train3	9.130271908277102e-308	1.0	4.855807607429269e-19
MSH6_4_multinomial_train3	1.047e-321	0.9999999999999999	1.047e-321
MLH1_2_multinomial_train3.1	7.76e-322	0.9999999999999999	7.7e-322
MSH2_1_multinomial_train3	4.45e-322	1.0	2.2e-322
MSH6_6_multinomial_train3	1.003e-321	0.9999999999999999	7.5e-322
MSH6_4_multinomial_train3.1	1.83e-321	1.0	1.556e-321
MLH1_2_multinomial_train3.2	8.1e-322	1.0	5.4e-322
MSH6_4_multinomial_train3.2	7.7e-322	0.9999999999999999	5.1e-322
MSH6_5_multinomial_train3.1	1.0419242175910954e-242	0.9996428036258115	0.0003571963741885273
MSH6_4_multinomial_train3.3	1.59e-321	0.9999999999999999	1.843e-321
MSH6_5_multinomial_train3.2	5.0721012888404205e-185	0.9961553030268085	0.0038446969731915593
MSH6_4_multinomial_train3.4	2.3126886767901347e-265	1.0	1.4688473332237975e-37
MSH2_1_multinomial_train3.1	7.26e-322	1.0	4.8e-322
MSH6_6_multinomial_train3.1	1.023e-321	1.0	1.275e-321
MSH6_5_multinomial_train3.3	2.115e-321	1.0	5.370004729190702e-26
PMS2_2_multinomial_train3.1	0.18862929943202195	0.811370700567978	7.66e-322
MSH6_6_multinomial_train3.2	1.25e-321	1.0	4.580654100211616e-245
MSH6_4_multinomial_train3.5	1.38e-321	1.0	1.097e-321
MSH6_4_multinomial_train3.6	1.314e-321	1.0	1.833e-321
MSH6_5_multinomial_train3.4	1.28e-321	1.0	1.58489159800353e-274
MLH1_2_multinomial_train3.3	7.9e-322	1.0	5.2e-322
MSH6_5_multinomial_train3.5	2.39e-321	0.9929517464713494	0.007048253528650597
MSH6_5_multinomial_train3.6	2.154e-321	0.9999999999999999	4.911899580570292e-96
MSH6_4_multinomial_train3.7	1.31e-321	1.0	1.56e-321
MSH2_1_multinomial_train3.2	9.83e-322	1.0	7.3e-322
MLH1_2_multinomial_train3.4	5.24e-322	1.0	2.57e-322
MSH6_5_multinomial_train3.7	1.25e-321	1.0	2.243e-321
PMS1_2_multinomial_train3.2	0.7083458281327676	0.22793820773031875	0.06371596413691348
MSH6_4_multinomial_train3.8	1.334e-321	1.0	7.95e-322
MSH2_1_multinomial_train3.3	6.9e-322	1.0	4.6e-322
MSH6_5_multinomial_train3.8	2.283e-321	0.9963268906876819	0.00367310931231796
PMS2_2_multinomial_train3.2	0.20756257909486212	0.7924374209051379	6.9e-322
MSH6_6_multinomial_train3.3	1.24e-321	1.0	1.724e-321
MSH6_5_multinomial_train3.9	2.564e-321	0.9933041746984077	0.006695825301592254
MSH6_4_multinomial_train3.9	1.285e-321	0.9999999999999999	1.537e-321
MSH6_5_multinomial_train3.10	2.32e-321	0.990107670958321	0.009892329041679178
MSH2_1_multinomial_train3.4	7.16e-322	1.0	4.74e-322
PMS1_2_multinomial_train3.3	0.4177599731050343	0.3315119188641568	0.2507281080308091
MSH6_6_multinomial_train3.4	1.546e-321	0.9969066177456886	0.0030933822543115492
MSH6_5_multinomial_train3.11	2.406e-321	1.0	5.91896335572425e-75
MSH6_5_multinomial_train3.12	1.57e-321	1.0	1.823e-321
MSH6_4_multinomial_train3.10	2.2e-321	1.0	1.9044296551502393e-208
MSH6_4_multinomial_train3.11	2.8447024073798156e-280	0.991697018388011	0.00830298161198904
MSH6_6_multinomial_train3.5	9.93e-322	1.0	1.24e-321
PMS2_2_multinomial_train3.3	0.17591777643845308	0.8240822235615468	1.11e-321
MSH6_5_multinomial_train3.13	2.633e-321	0.9912432203358794	0.008756779664120563
PMS1_2_multinomial_train3.4	0.5156400297744319	0.27540626957825154	0.20895370064731655
PMS2_2_multinomial_train3.4	0.20386145724907587	0.7961385427509241	6.9e-322
PMS2_2_multinomial_train3.5	0.19045693335911248	0.8095430666408874	1.097e-321
MSH6_4_multinomial_train3.12	1.85e-321	1.0	1.843e-321
MSH6_4_multinomial_train3.13	1.383e-321	1.0	1.374e-321
MLH1_2_multinomial_train3.5	8.5e-322	1.0	8.45e-322
MSH6_6_multinomial_train3.6	1.3e-321	1.0	1.55e-321
PMS1_2_multinomial_train3.5	0.30955624789228453	0.38195715921220563	0.30848659289550995
MSH6_6_multinomial_train3.7	1.304e-321	0.9999999999999999	2.337e-321
PMS2_2_multinomial_train3.6	0.18511896787208884	0.8148810321279112	1.12e-321
MLH1_2_multinomial_train3.6	7.66e-322	1.0	5.1e-322
MLH1_2_multinomial_train3.7	8.1e-322	0.9999999999999999	5.34e-322
MSH6_4_multinomial_train3.14	1.364e-321	1.0	1.08e-321
MSH6_4_multinomial_train3.15	1.5794688146286104e-279	1.0	7.005119976002166e-181
MSH2_1_multinomial_train3.5	9.7e-322	0.9999999999999999	9.63e-322
MSH6_6_multinomial_train3.8	1.047e-321	1.0	1.304e-321
MSH6_5_multinomial_train3.14	2.085e-321	1.0	1.3201498360476542e-302
MSH6_5_multinomial_train3.15	2.39e-321	0.9999999999999999	7.34489991013581e-185
MLH1_2_multinomial_train3.8	5.14e-322	1.0	5.1e-322
MSH6_5_multinomial_train3.16	2.124e-321	1.0	4.53880445675269e-298
PMS1_2_multinomial_train3.6	0.5273528712054516	0.3230267083764691	0.14962042041807938
MSH6_5_multinomial_train3.17	1.764e-321	0.9981695705454378	0.0018304294545622964
PMS1_2_multinomial_train3.7	0.2914915907041004	0.42793006429619806	0.28057834499970147
MSH6_6_multinomial_train3.9	1.013e-321	1.0	1.01e-321
MLH1_2_multinomial_train3.9	1.097e-321	0.9999999999999999	8.2e-322
MSH6_4_multinomial_train3.16	1.65e-321	1.0	1.64e-321
MSH6_6_multinomial_train3.10	1.023e-321	1.0	1.275e-321
PMS2_2_multinomial_train3.7	0.17812072111645483	0.8218792788835452	7.76e-322
MSH6_6_multinomial_train3.11	1.225e-321	1.0	1.4151470771644456e-290
MSH6_5_multinomial_train3.18	2.61e-321	0.9999948467593966	5.153240603341576e-06
MSH6_5_multinomial_train3.19	5.912123373737954e-273	0.9903349993630028	0.009665000636997224
MSH6_5_multinomial_train3.20	2.347e-321	0.9982324947653025	0.0017675052346976484
MSH2_1_multinomial_train3.6	7e-322	1.0	4.64e-322
MLH1_2_multinomial_train3.10	5.04e-322	0.9999999999999999	2.5e-322
MSH6_5_multinomial_train3.21	2.61e-321	0.9990270962261172	0.000972903773882725
MLH1_2_multinomial_train3.11	8e-322	0.9999999999999999	5.3e-322
MSH6_5_multinomial_train3.22	1.527e-321	1.0	1.77e-321
PMS2_2_multinomial_train3.8	0.23686709969608233	0.7631329003039178	1.057e-321
MSH6_6_multinomial_train3.12	1.28e-321	1.0	1.527e-321
MSH6_6_multinomial_train3.13	1.27e-321	1.0	1.979338086528805e-166
PMS2_2_multinomial_train3.9	0.1714501659858868	0.8285498340141132	1.097e-321
MSH2_1_multinomial_train3.7	1.24e-321	1.0	9.9e-322
MSH6_4_multinomial_train3.17	1.685e-321	1.0	1.675e-321
