0.99500  0.99333  2.40462  10.51347 3.45597  15000.00000 1.00000  0.94000  0.82000  0.28090  0.97750  0.97757  2.28772  77.73718 2.28772  15000.00000 0.96000  0.81000  0.28050  0.97750  0.97757  2.28517  76.78120 2.28517  15000.00000 0.96200  0.96193  4.59190  
1.00000  1.00000  2.40001  2.41778  2.64179  15000.00000 0.00000  0.92000  0.65000  0.28170  0.98000  0.98006  2.29426  78.49809 2.29426  15000.00000 nan      nan      nan      nan      nan      nan      nan      nan      nan      0.95325  0.95329  4.61095  
1.00000  1.00000  2.38476  2.27130  2.61189  15000.00000 0.00000  0.96000  0.83000  0.28070  0.97750  0.97757  2.28629  76.13564 2.28629  15000.00000 nan      nan      nan      nan      nan      nan      nan      nan      nan      0.96400  0.96393  4.58992  
1.00000  1.00000  2.39347  2.22267  2.61573  15000.00000 0.00000  0.95000  0.78000  0.28090  0.97750  0.97757  2.28844  77.65707 2.28844  15000.00000 nan      nan      nan      nan      nan      nan      nan      nan      nan      0.96000  0.95995  4.59606  
0.99500  0.99333  2.40385  10.40116 3.44397  15000.00000 1.00000  0.96000  0.87000  0.28070  0.97750  0.97756  2.28634  75.72249 2.28634  15000.00000 0.97000  0.86000  0.28040  0.97917  0.97922  2.28380  74.76869 2.28380  15000.00000 0.96425  0.96418  4.58818  
1.00000  1.00000  2.38481  2.15446  2.60026  15000.00000 0.00000  0.97000  0.86000  0.28030  0.97833  0.97838  2.28329  76.58471 2.28329  15000.00000 nan      nan      nan      nan      nan      nan      nan      nan      nan      0.96525  0.96518  4.58049  
0.99500  0.99333  2.41408  10.51819 3.46590  15000.00000 1.00000  0.93000  0.78000  0.28170  0.97667  0.97674  2.29215  80.38016 2.29215  15000.00000 0.95000  0.77000  0.28100  0.97750  0.97757  2.28845  77.56675 2.28845  15000.00000 0.96000  0.95994  4.60543  
1.00000  1.00000  2.39264  2.23749  2.61639  15000.00000 0.00000  0.95000  0.77000  0.28100  0.97750  0.97757  2.28846  76.22330 2.28846  15000.00000 nan      nan      nan      nan      nan      nan      nan      nan      nan      0.96000  0.95995  4.59699  
0.99500  0.99333  2.39872  10.51515 3.45024  15000.00000 1.00000  0.95000  0.87000  0.28040  0.98000  0.98004  2.28543  74.28944 2.28543  15000.00000 0.97000  0.86000  0.28040  0.97833  0.97838  2.28362  76.06238 2.28362  15000.00000 0.96600  0.96595  4.57802  
1.00000  1.00000  2.40422  2.28677  2.63290  15000.00000 0.00000  0.92000  0.67000  0.28170  0.97833  0.97841  2.29481  80.02723 2.29481  15000.00000 nan      nan      nan      nan      nan      nan      nan      nan      nan      0.95300  0.95303  4.61299  
0.95917  0.95928  2.21029  139.33021 2.21029  15000.00000 0.00000  1.00000  0.99000  0.27080  0.95917  0.95928  2.21027  139.29604 2.21027  15000.00000 nan      nan      nan      nan      nan      nan      nan      nan      nan      0.96600  0.96588  4.37984  
0.95917  0.95928  2.21027  139.37820 2.21027  15000.00000 0.00000  1.00000  0.99000  0.27080  0.95917  0.95928  2.21026  139.35371 2.21026  15000.00000 nan      nan      nan      nan      nan      nan      nan      nan      nan      0.96600  0.96588  4.37974  
0.95918  0.95929  2.21029  139.34015 2.21029  15000.00000 0.00000  1.00000  0.99000  0.27080  0.95917  0.95928  2.21027  139.30902 2.21027  15000.00000 nan      nan      nan      nan      nan      nan      nan      nan      nan      0.96600  0.96588  4.37982  
0.95917  0.95928  2.21029  139.37296 2.21029  15000.00000 0.00000  1.00000  1.00000  0.27080  0.95917  0.95928  2.21027  139.34753 2.21027  15000.00000 nan      nan      nan      nan      nan      nan      nan      nan      nan      0.96600  0.96588  4.37980  
0.95917  0.95928  2.21028  139.36990 2.21028  15000.00000 0.00000  1.00000  0.99000  0.27080  0.95917  0.95928  2.21026  139.33779 2.21026  15000.00000 nan      nan      nan      nan      nan      nan      nan      nan      nan      0.96600  0.96588  4.37978  
0.95917  0.95928  2.21029  139.35004 2.21029  15000.00000 0.00000  1.00000  0.99000  0.27080  0.95917  0.95928  2.21027  139.32357 2.21027  15000.00000 nan      nan      nan      nan      nan      nan      nan      nan      nan      0.96600  0.96588  4.37982  
0.95917  0.95928  2.21028  139.37768 2.21028  15000.00000 0.00000  1.00000  0.99000  0.27080  0.95917  0.95928  2.21026  139.34590 2.21026  15000.00000 nan      nan      nan      nan      nan      nan      nan      nan      nan      0.96600  0.96588  4.37978  
0.95917  0.95928  2.21028  139.37229 2.21028  15000.00000 0.00000  1.00000  0.99000  0.27080  0.95917  0.95928  2.21026  139.34125 2.21026  15000.00000 nan      nan      nan      nan      nan      nan      nan      nan      nan      0.96600  0.96588  4.37975  
0.95917  0.95928  2.21028  139.38378 2.21028  15000.00000 0.00000  1.00000  0.99000  0.27080  0.95917  0.95928  2.21026  139.35672 2.21026  15000.00000 nan      nan      nan      nan      nan      nan      nan      nan      nan      0.96600  0.96588  4.37975  
0.95920  0.95931  2.21029  139.35294 2.21029  15000.00000 0.00000  1.00000  0.99000  0.27080  0.95917  0.95928  2.21027  139.32794 2.21027  15000.00000 nan      nan      nan      nan      nan      nan      nan      nan      nan      0.96600  0.96588  4.37981  
