MutationType	SBS96A	SBS96B	SBS96C	SBS96D	SBS96E	SBS96F	SBS96G	SBS96H	SBS96I	SBS96J	SBS96K	SBS96L	SBS96M	SBS96N	SBS96O	SBS96P	SBS96Q	SBS96R	SBS96S	SBS96T
A[C>A]A	1.47E-04	0.00E+00	7.28E-07	1.92E-04	0.00E+00	4.48E-04	1.15E-04	4.49E-05	1.95E-04	3.44E-05	1.94E-04	2.15E-04	1.03E-02	2.89E-05	1.37E-04	1.76E-03	2.98E-04	6.97E-03	1.53E-02	1.83E-03
A[C>A]C	4.94E-04	1.77E-05	2.82E-04	1.16E-04	1.45E-04	1.85E-03	7.54E-04	2.49E-04	9.91E-05	1.58E-03	4.86E-04	2.74E-03	4.01E-03	1.81E-03	7.08E-05	5.09E-03	2.80E-46	2.44E-03	7.51E-03	2.02E-03
A[C>A]G	1.60E-04	0.00E+00	0.00E+00	8.03E-06	5.26E-05	3.38E-04	1.40E-46	1.31E-04	0.00E+00	1.01E-04	1.74E-04	3.41E-04	1.45E-03	2.67E-05	4.15E-05	9.45E-04	1.49E-04	1.16E-03	3.07E-03	4.70E-04
A[C>A]T	9.13E-04	0.00E+00	1.27E-08	1.33E-04	8.06E-08	3.21E-04	3.55E-09	1.16E-03	8.81E-05	6.76E-03	4.21E-04	2.05E-02	2.11E-02	1.72E-03	0.00E+00	3.11E-03	6.63E-05	1.99E-03	8.31E-04	2.89E-03
A[C>G]A	6.72E-05	3.36E-04	1.24E-04	2.72E-04	1.32E-04	6.34E-04	1.51E-04	1.87E-05	1.01E-04	1.77E-04	0.00E+00	6.73E-05	8.83E-04	5.50E-04	2.24E-04	2.09E-03	1.01E-04	2.17E-03	0.00E+00	1.87E-46
A[C>G]C	2.67E-05	1.01E-04	6.08E-05	1.70E-04	5.10E-05	6.64E-04	1.41E-04	1.85E-04	2.61E-04	3.43E-04	1.38E-04	1.66E-03	1.62E-03	0.00E+00	1.69E-04	1.01E-03	1.90E-04	1.83E-03	2.37E-03	1.11E-03
A[C>G]G	5.61E-07	1.39E-05	0.00E+00	8.92E-06	4.77E-07	1.62E-04	1.40E-05	6.05E-05	6.29E-06	7.63E-05	1.14E-04	2.92E-08	1.49E-04	1.86E-05	9.15E-05	5.63E-04	1.68E-06	2.03E-03	1.71E-03	1.37E-08
A[C>G]T	4.33E-05	1.20E-04	8.39E-06	3.37E-04	1.26E-04	1.93E-03	1.16E-04	2.23E-04	1.96E-04	3.14E-04	4.37E-04	1.26E-03	4.28E-04	0.00E+00	2.78E-04	3.76E-03	1.68E-04	2.16E-03	9.48E-04	1.50E-03
A[C>T]A	3.10E-46	3.30E-07	5.32E-05	1.63E-03	1.71E-02	4.57E-03	3.09E-04	5.88E-03	8.43E-04	4.08E-02	9.00E-05	8.14E-04	3.17E-03	2.51E-03	3.75E-04	1.02E-02	9.10E-04	2.96E-03	2.98E-03	2.16E-03
A[C>T]C	4.86E-04	1.80E-03	5.93E-05	1.53E-04	5.43E-03	1.72E-02	1.00E-03	4.84E-03	1.90E-03	2.75E-02	1.69E-03	7.18E-03	1.74E-03	1.43E-02	1.82E-05	1.82E-02	1.20E-45	2.85E-07	1.83E-03	3.20E-04
A[C>T]G	3.73E-03	1.29E-02	1.22E-03	7.02E-02	1.29E-02	4.74E-03	6.85E-07	1.41E-02	2.48E-03	1.97E-02	2.23E-12	1.23E-02	1.46E-02	1.63E-02	2.33E-04	1.64E-03	1.29E-03	2.16E-03	1.72E-02	1.20E-02
A[C>T]T	6.25E-04	5.23E-04	4.27E-04	7.37E-04	5.90E-03	8.71E-03	9.75E-04	2.39E-03	7.67E-04	2.29E-02	6.87E-04	8.50E-03	1.81E-03	7.42E-03	0.00E+00	1.12E-02	2.55E-04	1.40E-04	4.49E-03	0.00E+00
A[T>A]A	1.04E-04	1.40E-46	2.69E-07	2.23E-07	5.64E-05	6.57E-06	2.17E-04	5.04E-08	4.60E-04	1.41E-04	0.00E+00	1.72E-04	4.23E-04	2.58E-05	9.97E-06	9.96E-04	3.30E-06	7.33E-04	3.59E-04	5.47E-03
A[T>A]C	2.04E-05	2.28E-04	1.56E-08	6.53E-34	3.99E-04	1.10E-04	3.19E-05	5.09E-04	1.93E-03	3.59E-05	5.87E-04	6.19E-08	2.40E-03	1.40E-46	7.15E-05	1.88E-08	2.01E-04	7.87E-04	3.06E-08	1.34E-02
A[T>A]G	6.33E-06	1.75E-05	0.00E+00	1.22E-05	0.00E+00	8.74E-05	1.51E-06	1.11E-04	1.67E-04	6.81E-05	1.40E-04	2.96E-05	1.98E-03	1.62E-04	7.76E-05	1.06E-02	3.92E-04	2.88E-03	2.05E-03	4.79E-03
A[T>A]T	2.93E-04	4.50E-04	1.40E-46	6.31E-04	5.83E-46	8.46E-04	7.86E-04	8.69E-04	0.00E+00	9.55E-04	1.37E-03	1.40E-46	5.67E-03	1.73E-07	1.87E-46	5.69E-03	2.44E-04	7.00E-04	8.68E-04	7.10E-03
A[T>C]A	2.01E-05	1.64E-04	2.73E-04	3.78E-04	1.30E-03	9.81E-04	3.66E-04	9.34E-04	3.32E-03	2.64E-03	2.19E-03	6.87E-03	2.07E-03	5.74E-04	0.00E+00	1.27E-02	0.00E+00	3.42E-03	2.85E-03	7.61E-03
A[T>C]C	3.71E-04	1.14E-03	3.46E-04	1.03E-04	2.29E-46	1.44E-03	1.48E-03	6.94E-46	2.87E-03	5.07E-04	3.10E-03	3.50E-03	9.11E-03	3.44E-05	7.41E-05	1.05E-02	5.74E-04	1.88E-03	2.74E-03	2.18E-03
A[T>C]G	2.99E-46	2.40E-04	1.67E-08	5.00E-05	1.94E-03	1.77E-02	5.57E-04	5.33E-08	5.97E-03	4.07E-04	1.23E-02	2.55E-03	1.67E-03	5.34E-04	1.37E-05	1.37E-02	0.00E+00	2.91E-04	6.10E-08	1.51E-07
A[T>C]T	1.87E-46	0.00E+00	1.87E-46	1.01E-04	0.00E+00	1.15E-03	7.62E-04	1.21E-03	4.45E-03	5.52E-04	2.55E-03	2.52E-03	4.56E-03	1.41E-03	1.12E-04	2.01E-02	2.92E-04	4.88E-03	6.76E-03	6.91E-03
A[T>G]A	4.20E-46	0.00E+00	0.00E+00	0.00E+00	0.00E+00	1.40E-46	6.52E-04	0.00E+00	8.82E-05	0.00E+00	3.66E-05	8.54E-04	1.08E-07	3.17E-09	4.89E-05	3.92E-03	4.12E-04	8.86E-04	2.58E-03	8.32E-04
A[T>G]C	2.80E-46	1.40E-46	0.00E+00	2.62E-04	0.00E+00	2.39E-04	5.41E-04	0.00E+00	4.28E-04	3.03E-04	8.24E-05	2.76E-03	1.95E-03	8.50E-05	3.52E-05	1.75E-03	4.22E-04	5.33E-04	7.78E-04	1.42E-03
A[T>G]G	6.20E-05	0.00E+00	2.45E-05	7.15E-05	0.00E+00	1.45E-04	2.75E-04	0.00E+00	1.66E-04	1.95E-04	2.03E-04	5.61E-04	1.12E-03	0.00E+00	3.80E-05	2.66E-03	2.78E-04	1.03E-03	1.29E-03	9.05E-04
A[T>G]T	7.51E-04	6.87E-06	1.87E-46	0.00E+00	0.00E+00	6.19E-09	3.61E-03	1.69E-07	1.80E-04	2.05E-03	1.33E-07	4.18E-03	3.82E-03	4.61E-05	6.99E-08	1.65E-04	8.65E-04	1.22E-08	1.35E-08	9.70E-05
C[C>A]A	4.18E-04	6.18E-06	4.03E-04	5.83E-05	6.53E-04	1.82E-02	1.22E-04	3.57E-03	3.87E-04	1.19E-03	4.88E-03	8.90E-03	6.64E-03	2.33E-04	1.40E-04	1.53E-03	2.02E-04	4.62E-03	1.00E-02	1.69E-03
C[C>A]C	9.08E-06	9.72E-05	2.14E-04	9.15E-05	3.20E-03	2.94E-02	2.62E-04	7.58E-03	1.57E-04	8.20E-03	1.42E-02	1.78E-02	2.52E-03	0.00E+00	1.98E-05	2.80E-46	1.42E-04	3.42E-03	2.03E-03	1.28E-03
C[C>A]G	1.47E-04	6.32E-04	0.00E+00	1.09E-04	7.71E-04	1.80E-02	0.00E+00	5.16E-03	2.80E-46	4.04E-03	8.08E-03	1.84E-03	4.24E-03	1.16E-04	2.95E-05	1.36E-03	0.00E+00	1.54E-03	3.30E-03	1.87E-03
C[C>A]T	1.69E-03	1.10E-06	2.63E-07	3.16E-05	1.83E-06	1.82E-07	1.51E-07	3.98E-02	2.27E-06	3.04E-02	4.91E-04	3.76E-04	9.46E-07	7.13E-08	0.00E+00	8.09E-07	0.00E+00	7.96E-08	3.92E-08	2.29E-07
C[C>G]A	0.00E+00	0.00E+00	0.00E+00	2.80E-46	0.00E+00	4.99E-05	0.00E+00	0.00E+00	2.46E-05	0.00E+00	0.00E+00	4.26E-06	1.40E-46	6.31E-05	4.21E-04	3.83E-05	3.58E-04	2.59E-03	3.00E-05	9.94E-05
C[C>G]C	0.00E+00	0.00E+00	1.74E-05	0.00E+00	0.00E+00	0.00E+00	2.10E-05	0.00E+00	3.52E-05	0.00E+00	0.00E+00	1.40E-46	9.93E-05	4.20E-46	1.53E-04	5.12E-08	1.39E-04	2.92E-03	7.24E-08	4.27E-04
C[C>G]G	0.00E+00	4.18E-06	0.00E+00	2.74E-06	8.80E-05	3.53E-04	0.00E+00	2.53E-04	0.00E+00	5.22E-04	2.88E-04	0.00E+00	0.00E+00	1.28E-05	7.96E-05	2.33E-03	3.32E-05	2.50E-03	1.40E-05	2.89E-04
C[C>G]T	4.66E-05	2.20E-05	3.20E-05	0.00E+00	8.85E-06	4.44E-06	2.78E-05	5.81E-06	9.41E-05	1.38E-23	1.23E-05	9.51E-06	2.68E-08	2.99E-46	3.77E-04	1.40E-46	6.09E-06	4.67E-03	3.00E-04	9.00E-05
C[C>T]A	1.40E-46	3.13E-46	1.59E-04	4.04E-04	1.62E-03	1.73E-02	0.00E+00	5.53E-03	0.00E+00	1.21E-02	3.46E-03	1.87E-46	4.68E-03	7.80E-03	1.60E-03	2.46E-02	9.38E-04	4.22E-03	9.99E-03	7.96E-03
C[C>T]C	3.12E-04	3.78E-04	1.87E-46	2.45E-04	4.33E-03	2.80E-02	1.51E-04	7.22E-03	2.67E-03	2.13E-02	4.20E-03	2.34E-46	2.41E-03	2.44E-02	1.80E-04	2.56E-02	5.55E-04	2.96E-04	6.44E-03	1.19E-03
C[C>T]G	2.01E-03	7.99E-03	2.46E-03	7.26E-02	2.93E-03	1.27E-01	2.25E-03	9.64E-03	2.93E-03	1.53E-02	3.58E-03	4.79E-03	5.22E-03	2.09E-02	6.50E-04	2.61E-03	1.76E-03	1.87E-08	1.24E-03	3.77E-03
C[C>T]T	9.94E-05	4.52E-04	4.00E-04	2.14E-46	3.13E-03	2.56E-02	6.80E-04	6.70E-03	1.13E-03	1.89E-02	2.77E-03	4.74E-03	1.90E-03	2.29E-02	4.02E-04	2.42E-02	5.26E-04	3.92E-03	1.98E-03	6.75E-46
C[T>A]A	1.94E-05	1.29E-05	6.08E-08	0.00E+00	0.00E+00	2.58E-05	4.79E-05	2.54E-05	5.68E-05	9.50E-06	0.00E+00	0.00E+00	4.83E-04	2.41E-05	6.92E-05	6.13E-03	2.04E-04	1.12E-03	3.22E-07	4.01E-03
C[T>A]C	0.00E+00	7.83E-05	0.00E+00	2.65E-05	5.12E-04	8.74E-04	1.87E-05	3.54E-04	3.65E-04	4.99E-04	7.24E-04	1.33E-03	4.20E-46	3.87E-04	7.95E-05	4.09E-03	3.86E-04	1.59E-03	6.22E-04	3.56E-03
C[T>A]G	8.70E-05	2.01E-05	0.00E+00	1.34E-04	3.43E-05	9.26E-04	1.24E-04	2.07E-04	6.62E-05	7.46E-05	4.62E-04	1.55E-04	2.82E-04	5.65E-07	6.22E-05	1.69E-02	4.34E-04	3.79E-03	1.10E-03	7.64E-03
C[T>A]T	1.48E-04	0.00E+00	0.00E+00	4.28E-09	0.00E+00	7.38E-04	0.00E+00	4.58E-04	0.00E+00	6.66E-04	5.55E-46	1.78E-03	3.45E-03	3.67E-04	6.49E-44	7.88E-03	1.14E-03	2.67E-03	8.44E-08	4.04E-03
C[T>C]A	1.34E-05	0.00E+00	0.00E+00	2.45E-05	3.82E-05	4.24E-03	1.40E-46	1.90E-03	1.19E-03	1.28E-04	1.46E-03	3.92E-05	0.00E+00	5.32E-09	9.26E-08	5.37E-03	6.78E-04	5.30E-04	3.90E-04	4.91E-03
C[T>C]C	5.23E-05	4.26E-04	4.20E-46	1.58E-04	0.00E+00	3.46E-03	1.14E-04	1.27E-03	2.38E-03	2.08E-03	4.48E-03	2.62E-03	2.73E-03	2.50E-03	1.34E-05	8.94E-03	8.76E-04	9.66E-04	2.86E-03	2.29E-46
C[T>C]G	4.33E-05	8.89E-05	4.90E-07	1.87E-46	5.07E-04	5.11E-04	1.16E-04	7.29E-03	6.16E-03	1.60E-06	1.21E-02	2.29E-07	6.52E-04	1.64E-07	0.00E+00	1.19E-02	2.62E-03	6.06E-08	8.81E-09	6.21E-07
C[T>C]T	1.15E-04	0.00E+00	0.00E+00	3.16E-09	4.20E-46	2.58E-03	1.03E-04	5.41E-04	2.82E-03	3.12E-03	4.82E-03	0.00E+00	1.43E-03	1.06E-03	8.81E-05	1.01E-02	2.95E-03	5.01E-08	2.07E-03	1.37E-03
C[T>G]A	5.40E-05	1.40E-46	7.41E-05	3.57E-05	0.00E+00	4.03E-04	4.13E-04	5.56E-05	3.32E-05	0.00E+00	2.61E-04	1.02E-03	6.51E-04	1.56E-09	6.89E-06	2.13E-03	2.06E-04	1.04E-03	1.42E-03	1.04E-03
C[T>G]C	0.00E+00	3.43E-04	9.93E-05	5.37E-04	2.23E-05	6.92E-03	4.87E-04	1.01E-04	4.87E-04	6.72E-05	2.47E-03	7.90E-03	2.04E-03	2.09E-04	5.95E-05	6.49E-04	8.58E-04	1.55E-03	3.79E-04	8.07E-04
C[T>G]G	9.66E-05	3.77E-04	9.51E-06	1.12E-04	0.00E+00	8.11E-03	8.82E-04	3.90E-04	7.00E-05	0.00E+00	3.29E-03	1.03E-02	3.37E-03	2.63E-09	2.21E-05	3.12E-05	7.55E-04	2.31E-03	2.38E-04	1.05E-04
C[T>G]T	1.70E-03	2.43E-04	4.68E-07	0.00E+00	1.48E-06	1.08E-08	5.39E-03	3.78E-04	1.87E-04	1.36E-03	0.00E+00	2.28E-07	5.17E-03	3.56E-08	0.00E+00	2.75E-08	4.44E-03	0.00E+00	3.60E-08	1.40E-46
G[C>A]A	1.76E-04	3.83E-04	3.12E-04	2.52E-04	5.08E-04	2.20E-03	2.01E-04	3.26E-04	3.48E-04	4.22E-04	1.40E-46	1.37E-03	1.63E-02	1.20E-08	0.00E+00	6.51E-09	8.61E-04	9.61E-03	2.47E-02	1.32E-03
G[C>A]C	1.78E-04	1.23E-03	3.10E-46	1.14E-04	2.60E-03	3.02E-03	8.22E-04	1.87E-46	7.22E-04	1.25E-03	1.23E-03	1.42E-02	6.29E-03	1.20E-03	9.08E-05	4.88E-03	4.06E-05	2.89E-03	6.86E-03	5.78E-03
G[C>A]G	5.89E-06	4.03E-04	0.00E+00	4.05E-04	5.72E-04	1.38E-03	0.00E+00	1.44E-04	1.94E-04	2.15E-04	3.30E-04	5.04E-04	5.69E-03	2.32E-08	6.17E-05	1.67E-03	2.94E-04	2.13E-03	8.48E-03	1.61E-03
G[C>A]T	8.01E-04	3.12E-03	3.04E-04	3.34E-07	1.84E-03	2.12E-06	2.19E-06	4.78E-03	4.41E-04	1.73E-02	1.83E-04	2.92E-02	1.11E-02	1.76E-08	7.75E-08	1.06E-07	0.00E+00	7.88E-08	1.05E-06	6.33E-08
G[C>G]A	5.99E-05	1.68E-04	5.81E-05	1.68E-04	1.87E-46	3.40E-04	1.33E-04	1.67E-05	1.34E-04	1.59E-04	2.17E-05	2.31E-04	1.05E-03	7.48E-04	2.06E-04	1.74E-03	2.86E-04	1.72E-03	1.40E-46	1.06E-37
G[C>G]C	3.81E-05	2.16E-04	1.51E-04	3.58E-04	2.33E-04	3.76E-03	6.23E-05	7.36E-04	4.26E-04	3.91E-04	1.45E-03	7.56E-04	6.67E-04	1.87E-46	1.01E-04	1.10E-02	0.00E+00	2.89E-03	8.83E-04	3.03E-03
G[C>G]G	0.00E+00	2.56E-05	0.00E+00	8.07E-05	0.00E+00	4.72E-04	9.14E-06	5.19E-05	0.00E+00	3.07E-05	1.11E-04	9.75E-06	0.00E+00	0.00E+00	6.87E-05	1.21E-03	2.43E-05	9.50E-04	4.53E-04	8.40E-04
G[C>G]T	7.21E-05	2.06E-04	1.17E-04	2.44E-04	3.87E-04	2.07E-04	1.10E-04	1.40E-46	1.81E-04	5.32E-04	0.00E+00	1.17E-03	6.29E-04	3.01E-04	3.04E-04	6.66E-04	5.83E-05	3.03E-03	3.41E-04	5.64E-04
G[C>T]A	3.55E-04	2.73E-03	9.94E-05	6.42E-04	3.38E-02	7.97E-04	2.73E-04	2.41E-03	2.33E-03	5.42E-02	1.01E-03	1.88E-03	2.68E-03	3.52E-39	6.09E-04	2.93E-03	3.38E-04	2.55E-04	3.55E-09	1.89E-03
G[C>T]C	3.34E-03	2.66E-02	1.10E-06	5.92E-36	4.41E-02	1.74E-07	1.68E-03	2.00E-07	1.09E-02	2.12E-06	1.28E-03	9.46E-05	1.82E-02	2.05E-07	1.94E-05	3.44E-06	4.99E-04	0.00E+00	1.16E-07	1.73E-04
G[C>T]G	6.06E-03	5.78E-02	1.15E-06	5.33E-02	1.49E-02	4.59E-02	5.02E-03	9.63E-03	4.00E-04	1.66E-02	8.45E-04	2.71E-03	1.27E-02	4.30E-07	0.00E+00	1.66E-03	1.13E-03	2.13E-07	2.28E-07	1.95E-06
G[C>T]T	3.10E-03	1.09E-02	3.00E-03	1.34E-08	5.59E-03	9.81E-08	3.70E-03	1.73E-05	5.04E-03	2.13E-02	4.28E-46	4.44E-03	2.44E-02	1.63E-07	0.00E+00	3.94E-07	0.00E+00	3.99E-08	6.48E-08	1.00E-08
G[T>A]A	6.56E-06	0.00E+00	2.08E-05	6.62E-07	0.00E+00	1.95E-04	5.26E-05	0.00E+00	3.08E-04	0.00E+00	1.19E-04	2.33E-08	4.34E-04	1.58E-05	8.10E-05	4.19E-03	0.00E+00	8.00E-04	2.33E-04	2.61E-03
G[T>A]C	0.00E+00	3.02E-04	0.00E+00	1.33E-05	7.81E-04	2.82E-08	0.00E+00	4.07E-04	1.11E-03	3.78E-04	5.65E-04	1.39E-04	5.69E-04	2.22E-09	1.06E-04	4.01E-04	3.96E-04	1.05E-03	0.00E+00	9.00E-03
G[T>A]G	0.00E+00	0.00E+00	0.00E+00	5.76E-09	2.54E-04	8.31E-04	0.00E+00	3.57E-04	3.89E-04	1.99E-04	2.88E-04	1.41E-07	1.19E-03	8.02E-05	2.50E-05	3.21E-03	2.71E-04	1.50E-03	4.25E-04	5.26E-03
G[T>A]T	9.71E-05	1.10E-04	0.00E+00	0.00E+00	1.61E-04	1.00E-03	1.12E-04	4.96E-04	4.07E-05	6.85E-04	5.30E-04	1.14E-03	1.25E-03	4.06E-04	1.83E-05	2.53E-03	3.71E-04	1.03E-03	6.31E-04	2.99E-03
G[T>C]A	7.23E-04	1.08E-03	1.05E-06	3.61E-07	1.47E-03	9.89E-05	1.64E-03	1.83E-03	9.53E-03	3.92E-07	1.14E-04	8.62E-07	7.22E-03	2.66E-08	0.00E+00	2.69E-08	0.00E+00	0.00E+00	2.39E-10	4.89E-08
G[T>C]C	9.13E-04	5.95E-03	5.01E-05	1.04E-07	1.94E-05	1.29E-06	4.42E-03	1.42E-03	1.17E-02	9.44E-04	1.57E-04	5.04E-04	3.94E-02	3.53E-08	0.00E+00	1.29E-07	8.05E-04	2.35E-06	3.69E-08	7.15E-08
G[T>C]G	9.27E-05	1.51E-03	4.03E-08	9.81E-46	2.20E-03	5.98E-07	1.69E-03	1.61E-03	9.40E-03	6.86E-04	4.45E-03	8.24E-04	5.12E-03	5.37E-08	3.70E-08	6.47E-07	5.98E-04	0.00E+00	6.17E-08	5.13E-09
G[T>C]T	1.17E-03	0.00E+00	1.15E-03	1.87E-46	1.69E-04	2.14E-46	3.43E-03	5.45E-46	5.87E-03	7.76E-04	1.40E-46	3.58E-03	9.15E-03	1.89E-04	0.00E+00	1.80E-03	3.23E-04	1.00E-03	2.04E-03	6.43E-04
G[T>G]A	1.32E-14	1.47E-05	8.46E-05	0.00E+00	0.00E+00	9.98E-09	2.83E-04	4.66E-06	6.18E-05	4.74E-05	0.00E+00	3.47E-05	8.54E-04	8.56E-46	1.21E-05	1.60E-03	3.31E-04	7.82E-04	8.32E-04	7.78E-04
G[T>G]C	1.46E-04	4.06E-04	3.23E-07	4.46E-06	0.00E+00	5.43E-04	8.49E-04	0.00E+00	4.45E-04	2.46E-04	0.00E+00	3.12E-03	4.51E-03	2.06E-08	1.64E-05	1.11E-07	5.29E-04	7.53E-04	2.53E-04	2.04E-04
G[T>G]G	3.06E-05	2.46E-04	2.09E-29	0.00E+00	0.00E+00	8.07E-04	3.09E-04	7.78E-05	2.00E-04	1.44E-04	2.30E-04	3.37E-03	1.91E-03	3.17E-09	1.66E-09	3.36E-04	4.40E-04	1.38E-03	6.16E-04	3.26E-07
G[T>G]T	8.31E-08	6.31E-04	1.01E-08	2.64E-07	1.65E-08	6.60E-05	1.00E-03	2.81E-04	2.33E-04	8.34E-04	8.59E-06	1.34E-03	4.30E-03	5.04E-08	0.00E+00	5.57E-07	1.29E-03	3.50E-07	9.48E-08	5.63E-07
T[C>A]A	9.22E-03	1.06E-09	0.00E+00	0.00E+00	0.00E+00	4.15E-08	2.12E-02	0.00E+00	0.00E+00	0.00E+00	3.95E-09	8.90E-04	2.43E-08	4.67E-07	4.68E-03	8.51E-09	5.35E-09	1.78E-07	8.58E-02	2.03E-07
T[C>A]C	1.86E-03	2.46E-04	1.05E-03	3.37E-04	3.22E-05	9.09E-04	2.14E-46	1.40E-03	1.13E-04	3.67E-03	2.46E-04	9.59E-03	3.33E-02	1.84E-03	1.05E-03	7.64E-03	1.24E-04	4.58E-03	9.92E-03	3.36E-03
T[C>A]G	1.01E-03	9.06E-05	0.00E+00	2.99E-46	1.18E-04	1.94E-03	1.22E-03	3.70E-04	0.00E+00	6.08E-04	3.83E-04	1.87E-46	4.09E-03	5.57E-04	5.58E-04	1.70E-04	1.89E-04	2.09E-03	3.08E-03	1.00E-04
T[C>A]T	1.16E-02	4.06E-07	6.97E-04	1.05E-08	9.80E-08	1.35E-07	1.14E-03	2.55E-04	1.14E-06	1.68E-02	3.19E-07	4.24E-04	1.62E-04	1.75E-05	3.95E-05	2.10E-06	7.79E-05	2.47E-07	9.11E-04	2.57E-03
T[C>G]A	0.00E+00	4.07E-10	4.72E-09	8.20E-09	0.00E+00	1.27E-09	0.00E+00	0.00E+00	0.00E+00	2.14E-46	0.00E+00	6.20E-08	3.50E-07	3.29E-09	8.47E-03	2.52E-07	7.86E-08	1.40E-03	2.91E-07	2.19E-08
T[C>G]C	0.00E+00	1.48E-05	1.40E-46	4.49E-05	1.40E-46	1.29E-04	1.54E-05	2.21E-07	9.53E-05	0.00E+00	1.40E-46	6.23E-04	6.08E-05	1.10E-04	3.66E-03	6.04E-04	2.04E-05	4.05E-03	6.99E-46	9.02E-04
T[C>G]G	3.58E-06	2.59E-05	1.42E-05	8.84E-06	1.67E-05	3.96E-05	5.07E-36	3.00E-05	1.40E-46	3.13E-05	0.00E+00	0.00E+00	8.45E-06	1.06E-05	9.85E-04	4.55E-04	8.48E-05	1.78E-03	6.83E-04	3.95E-04
T[C>G]T	2.73E-05	0.00E+00	0.00E+00	0.00E+00	0.00E+00	0.00E+00	2.06E-05	2.80E-46	8.02E-05	3.04E-05	0.00E+00	1.03E-04	3.10E-46	0.00E+00	1.27E-02	1.31E-04	1.66E-04	5.99E-03	0.00E+00	1.10E-04
T[C>T]A	3.28E-04	3.60E-04	1.71E-03	2.29E-46	3.86E-03	4.28E-46	2.68E-04	3.64E-04	6.36E-04	5.20E-03	1.05E-04	7.45E-04	2.59E-03	2.60E-02	3.38E-03	7.04E-04	7.68E-04	0.00E+00	2.56E-03	1.04E-02
T[C>T]C	2.61E-03	2.60E-03	6.36E-03	1.03E-03	2.21E-03	7.21E-03	1.99E-03	6.29E-05	1.40E-03	6.31E-03	2.34E-46	7.58E-03	1.70E-02	2.63E-02	1.04E-02	6.35E-03	5.20E-04	2.38E-03	2.80E-46	4.15E-03
T[C>T]G	5.25E-03	1.55E-06	2.43E-02	1.88E-02	5.19E-07	2.45E-03	4.78E-03	4.54E-03	1.07E-06	8.36E-07	3.36E-03	3.79E-07	2.57E-03	4.77E-03	5.85E-04	2.02E-03	5.24E-04	1.40E-46	2.58E-03	5.97E-08
T[C>T]T	6.05E-03	1.21E-07	1.30E-02	5.17E-09	6.18E-09	1.15E-14	8.58E-04	1.31E-03	8.33E-04	4.18E-03	3.74E-08	6.88E-03	1.10E-02	5.25E-02	1.63E-02	7.98E-09	1.01E-04	4.81E-08	2.01E-08	4.19E-03
T[T>A]A	1.08E-04	7.53E-05	6.31E-12	3.08E-04	1.74E-04	7.97E-04	2.69E-04	1.83E-04	2.00E-04	3.64E-04	5.47E-04	4.80E-04	8.84E-04	0.00E+00	1.93E-05	9.01E-03	1.04E-05	6.79E-04	2.27E-03	7.07E-03
T[T>A]C	1.05E-04	3.10E-46	1.31E-04	5.24E-06	9.96E-06	3.20E-05	2.64E-04	1.32E-04	8.81E-05	4.48E-04	1.57E-05	1.23E-03	2.21E-03	2.41E-04	3.04E-05	4.43E-03	4.05E-04	1.76E-03	1.59E-03	3.20E-03
T[T>A]G	1.51E-04	1.40E-46	1.40E-46	0.00E+00	0.00E+00	2.17E-06	2.61E-04	2.24E-05	9.43E-06	3.86E-05	1.28E-04	1.17E-04	1.18E-03	4.14E-09	9.06E-06	6.48E-03	1.18E-04	1.55E-03	1.16E-03	4.25E-03
T[T>A]T	5.08E-04	0.00E+00	2.80E-46	1.87E-04	7.11E-39	5.42E-04	6.95E-04	6.88E-05	0.00E+00	5.44E-04	6.52E-05	1.11E-03	6.01E-03	9.08E-05	4.21E-06	8.17E-03	4.00E-04	2.31E-03	2.28E-03	5.26E-03
T[T>C]A	2.56E-04	6.48E-05	4.31E-46	3.29E-07	1.51E-03	3.05E-03	7.48E-04	1.63E-03	5.21E-03	2.24E-03	3.47E-04	1.40E-46	4.50E-07	1.32E-07	1.36E-05	9.01E-03	4.58E-04	1.52E-03	6.14E-04	5.94E-03
T[T>C]C	2.50E-06	1.06E-03	2.29E-04	3.88E-46	1.06E-03	1.52E-03	2.15E-03	8.16E-04	8.05E-03	7.53E-04	4.57E-03	1.26E-03	7.63E-03	9.85E-04	8.50E-05	2.22E-02	8.17E-04	9.44E-04	3.35E-03	7.79E-04
T[T>C]G	4.20E-04	2.80E-46	4.95E-05	3.74E-46	3.29E-03	2.14E-46	1.42E-03	7.86E-04	5.67E-03	4.19E-03	5.62E-03	3.26E-07	5.25E-09	1.51E-07	1.40E-46	1.66E-02	6.76E-04	0.00E+00	1.52E-03	1.40E-46
T[T>C]T	5.03E-04	9.48E-05	4.28E-46	3.69E-05	4.70E-04	1.34E-04	2.43E-03	1.08E-03	7.46E-03	1.24E-03	3.19E-03	1.91E-03	3.88E-07	2.45E-03	4.41E-09	2.20E-02	5.01E-04	8.72E-04	1.02E-03	3.47E-03
T[T>G]A	1.88E-04	0.00E+00	0.00E+00	0.00E+00	0.00E+00	0.00E+00	3.45E-03	0.00E+00	4.20E-05	0.00E+00	1.40E-46	0.00E+00	1.70E-07	0.00E+00	2.06E-05	5.68E-04	4.13E-08	1.37E-03	1.35E-02	3.56E-04
T[T>G]C	1.40E-46	2.14E-46	6.03E-04	0.00E+00	0.00E+00	1.96E-45	1.95E-03	1.41E-05	1.30E-04	4.01E-04	0.00E+00	1.78E-03	4.89E-03	6.13E-04	6.88E-05	1.70E-03	1.05E-03	9.46E-04	1.02E-08	2.78E-04
T[T>G]G	1.40E-04	1.40E-46	1.37E-04	7.37E-05	1.28E-04	4.26E-04	3.56E-04	1.20E-04	4.84E-05	3.40E-04	3.17E-04	1.82E-03	8.20E-04	2.10E-04	4.65E-05	2.70E-03	2.89E-04	6.63E-04	1.51E-03	8.40E-04
T[T>G]T	3.24E-06	2.16E-08	1.61E-07	1.52E-09	3.56E-08	3.04E-07	9.35E-03	3.24E-04	5.99E-08	6.69E-04	1.40E-46	1.07E-04	6.86E-03	1.91E-05	0.00E+00	2.48E-07	3.18E-06	3.10E-07	1.37E-03	2.27E-07
