MutationType	SBS96A	SBS96B	SBS96C	SBS96D	SBS96E	SBS96F	SBS96G	SBS96H	SBS96I	SBS96J	SBS96K	SBS96L	SBS96M	SBS96N	SBS96O	SBS96P	SBS96Q	SBS96R	SBS96S	SBS96T
A[C>A]A	0.0016658222884871066	0.0	7.280418685695622e-07	0.0004477430222323164	0.0	0.0005640131188556552	0.00020486740686465055	6.120107136666774e-05	0.00027922673455123005	4.98632958624512e-05	0.000440384922683279	0.0006534164043841883	0.0106735114735784	2.8951670595844802e-05	0.0005104887477500597	0.002732300358911743	0.0007712677659583278	0.018857070058584214	0.07432974190451205	0.008913884591311216
A[C>A]C	0.0015356580872321502	1.7660175217315555e-05	0.0004075466662470717	0.00016614830328762773	0.00015917308774078266	0.004070330318063498	0.0020362465060316027	0.0004458504670765251	0.00020450648153200746	0.0039022876604576594	0.002088018605718389	0.017563620023429392	0.004341088398359716	0.007014920911751687	0.0001265984801648301	0.011722914688289166	2.8025969286496343e-46	0.03359967079013586	0.05161936450749636	0.006340548163279891
A[C>A]G	0.0009045976446941495	0.0	0.0	8.0347694165539e-06	5.2558252355083825e-05	0.0005699433054303426	1.4012984643248171e-46	0.0001577674876898527	0.0	0.00019414109702777793	0.0007479751468054019	0.0011899305682163686	0.0014479451812803746	3.729015004587666e-05	0.00011216004790561839	0.0014297841649067778	0.0003873165589538985	0.013818409806117416	0.01956881391815841	0.0010172828114889398
A[C>A]T	0.016928054764866828	0.0	1.2723779718726292e-08	0.0001329581602476537	1.0041990350373453e-07	0.00032154458976947354	3.5464569947407654e-09	0.003971524024382234	0.000130980389145563	0.012646469830019668	0.0006308159361772426	0.1165506049990654	0.021059043285382016	0.002562805807929358	0.0	0.005709664547902093	7.508138809271258e-05	0.0028400425746951895	0.0008331730197774334	0.0028881378235013242
A[C>G]A	9.426204196643085e-05	0.0013048827822785825	0.0004193005537672434	0.000621116065303795	0.00029803126235492525	0.0013590250629931689	0.0009778598512639291	2.6950099709210917e-05	0.00024475027166772636	0.0006061536143533886	0.0	7.11683816916775e-05	0.0016921071786782705	0.0013257594662718474	0.0014621701615396888	0.002092982083559036	0.00011886048159794881	0.0392617279663682	0.0	2.8025969286496343e-46
A[C>G]C	5.065564837423153e-05	0.00017562277434990392	6.078917649578123e-05	0.0009166732837911695	5.100658745504916e-05	0.0007970962159782595	0.00032813635298225565	0.0002533989434596151	0.0016082020592875779	0.001044719957280904	0.00026420505600981413	0.0016565386205911637	0.003935948060825467	0.0	0.0018191933166235685	0.0015197134343907237	0.001653816900216043	0.03341472633183003	0.008210336731281132	0.0026821051957085728
A[C>G]G	5.61215802008519e-07	1.4020940005821103e-05	0.0	1.2815243098884822e-05	4.771149178850465e-07	0.0002426576231528088	2.646719221957028e-05	0.00011308213070151396	6.2860024627298115e-06	0.00020008612191304564	0.00035524463568998855	2.9178656291151127e-08	0.00017869520708586607	1.857244337912789e-05	0.00043857754935743286	0.0006047436620974622	1.9197451592845027e-06	0.031130181439220906	0.002508392807479254	1.3745071214543714e-08
A[C>G]T	0.00012080435740244866	0.00021097428689245134	8.392031621085038e-06	0.0015973929548636079	0.0002629529088153504	0.0033406842179829256	0.0002610912488307804	0.00028582666418515147	0.0007297722302610054	0.000620326169882901	0.0016187337751034647	0.0013242585177067668	0.00045963630109326916	0.0	0.0024029459222219885	0.005065987352281809	0.0002517134416848421	0.0457839448004961	0.002755207335576415	0.003390601097505197
A[C>T]A	5.6051938572992686e-46	4.689749516728625e-07	5.3157127695158124e-05	0.0029140046637621706	0.04649269953370094	0.005606697307193542	0.00045595065457746384	0.017531723208958284	0.0008431512862443924	0.16860027411021292	9.038629355018202e-05	0.0008179867454600753	0.006174204684793949	0.006302534411156557	0.0012810390328603205	0.016488402523100375	0.005224792216904461	0.006336505699971439	0.005658571689855308	0.0021596642211079596
A[C>T]C	0.001695379230659455	0.006985744687153783	5.929708131588995e-05	0.00015354729108594544	0.029021108523011208	0.025704321660259665	0.005374539876356721	0.021431890326311986	0.006146665220148862	0.08118492718786001	0.0033056311454856767	0.030387781001627444	0.00174457612210972	0.03488669014537891	1.8154308781959118e-05	0.02990091843960414	2.1019476964872256e-45	2.847507857950404e-07	0.003456632432062179	0.0003202275140210986
A[C>T]G	0.01954693010356111	0.026421958477476436	0.0017495062176749558	0.5904188066720962	0.024833202262595933	0.007100481715497153	1.1515276616127798e-06	0.026592826137857628	0.004680833782902028	0.03571279944142134	2.2302286225619945e-12	0.031849674751822474	0.022348497326129292	0.024121007509529592	0.00023329374380409718	0.0016424643686491435	0.002904524769535044	0.003017106931656599	0.03739536900707208	0.017150432355994286
A[C>T]T	0.0010661427804734558	0.0005430175256022169	0.002178985190602134	0.0012899854104048204	0.011883931193784747	0.013279253309531214	0.010009049042128026	0.005592699017142877	0.0015125820064063854	0.09107147362083197	0.0012826458245854156	0.05062131184822647	0.0036414037109352647	0.01772531643509865	0.0	0.02348564430139959	0.0004391474649310112	0.0001399138942360878	0.00804425252135843	0.0
A[T>A]A	0.0004321272615925409	1.4012984643248171e-46	2.6939967483485817e-07	3.0230225469551895e-07	5.638230271500788e-05	6.6341825615268135e-06	0.0005015224334783853	5.0357590453131705e-08	0.0020305018915877326	0.00020938386774673745	0.0	0.00039921211985145534	0.0004230427653212132	3.0014392290667047e-05	1.0007839779291317e-05	0.0014909135453194723	3.3034983061952515e-06	0.0007770763235356526	0.0004208423895761371	0.06256991028785705
A[T>A]C	3.9093683881219476e-05	0.0005792094669558878	1.5599789549014532e-08	6.525939824903881e-34	0.000732700955029486	0.00010980154627304728	3.235641020182811e-05	0.00223868127213791	0.008442983900567923	3.800489882905822e-05	0.0011510721471123789	6.193186550262907e-08	0.0026722336774945175	1.4012984643248171e-46	0.00011714087848044841	2.6139352371501444e-08	0.0004854960256423624	0.0010444153798744083	6.494596966888367e-08	0.10798098519444466
A[T>A]G	6.327078153844923e-06	1.7472745093982665e-05	0.0	1.787800938473083e-05	0.0	0.00012787405285052955	1.5125876416277606e-06	0.0003477942344034091	0.00017523024170955636	0.000178765578311868	0.00015443875163327901	2.971186116837998e-05	0.002224894309983938	0.0005356810270654933	0.0001885859184504568	0.02224077414139174	0.0013590091694894112	0.011439456021566485	0.0037689536050265816	0.024498177506029607
A[T>A]T	0.0014053703634999692	0.0015296600555302574	1.4012984643248171e-46	0.0020667363346547063	1.1210387714598537e-45	0.0010935882572084665	0.004272453230805695	0.013766468409448862	0.0	0.002866906428243965	0.011833403795026242	1.4012984643248171e-46	0.00585575852310285	1.7268431520278683e-07	2.8025969286496343e-46	0.011101809782485362	0.0004364944121334702	0.0007002017926424741	0.0008687510157869838	0.052228078321786595
A[T>C]A	2.0088798191864043e-05	0.0002582020533736795	0.00040367981596318715	0.0008404841880880967	0.0035386955365538596	0.002435039938427508	0.007330007757991553	0.0017635175594477915	0.04950534738600254	0.007175193959847092	0.01551999025978148	0.008828006370458752	0.012503885058686137	0.0012011631391942502	0.0	0.043084668647497895	0.0	0.010349785259313649	0.0051336618140339855	0.016020397166721524
A[T>C]C	0.00038886760885361584	0.001629827544093132	0.0003455486847087741	0.00010372842633046275	5.6051938572992686e-46	0.0016281885539391784	0.008183200540952385	9.809089250273719e-46	0.007857475220714605	0.0006787624675780535	0.04477523360401392	0.012395991897210478	0.048240233585238455	3.438475541770458e-05	0.0002751420637650881	0.028439885063562542	0.002022377960383892	0.004849790796492925	0.004914646964232361	0.0021804301995416607
A[T>C]G	4.203895392974451e-46	0.0003110412809001073	1.6707095085166657e-08	5.006867668271298e-05	0.0029318168089105257	0.018108129826180173	0.005868691904470325	5.331829129318067e-08	0.01879719277141163	0.00042681618915025866	0.16392527967691423	0.013503581751137972	0.0020551182980057094	0.0007232881232738464	2.0242163252959244e-05	0.03081316606831024	0.0	0.0002967270400404232	1.0094798099657965e-07	1.5102349379958468e-07
A[T>C]T	2.8025969286496343e-46	0.0	2.8025969286496343e-46	0.00011602722433963208	0.0	0.0018113702717528213	0.014315249118953943	0.001780009994399734	0.018614701996557414	0.001018077926710248	0.005556994073276656	0.007639445236418396	0.007149500551167876	0.002657962658281576	0.00028534623561426997	0.06762897130101919	0.0002919311780260614	0.020700370403937997	0.019883862847942406	0.012670999206602574
A[T>G]A	4.203895392974451e-46	0.0	0.0	0.0	0.0	1.4012984643248171e-46	0.006825262750498951	0.0	0.0001603350043296814	0.0	3.664621035568416e-05	0.0008652806529426016	1.0782869139802642e-07	3.1710179371202683e-09	0.00012754812671289528	0.009706554375588894	0.001780399459948967	0.0025372773154913376	0.007445407049459618	0.003182902424487111
A[T>G]C	2.8025969286496343e-46	1.4012984643248171e-46	0.0	0.0007942892727442086	0.0	0.000424238113919273	0.015560808964073658	0.0	0.003894646116532385	0.0004525255149928853	0.00012109284289181232	0.009953762753866613	0.007913993299007415	0.00012824485120290773	0.00019433484249020694	0.002560093463398516	0.004650323372334242	0.0025583688402548432	0.0010842135861196312	0.001930354967043968
A[T>G]G	0.00012040095461998134	0.0	3.5258587740827355e-05	0.0002587013526863302	0.0	0.00021068386849947273	0.007099055452272296	0.0	0.0004886164135177807	0.0002730849198997021	0.0007175981329055503	0.003228662093169987	0.0034347589476965367	0.0	0.00010208348958258284	0.0040471015248840555	0.0022030902851838618	0.01065032402984798	0.004564646608196199	0.0024487405666150154
A[T>G]T	0.0015075980972646618	6.8677654780913144e-06	2.8025969286496343e-46	0.0	0.0	9.094323161207285e-09	0.07887937873601913	1.6943494074439513e-07	0.000991309044479749	0.0030680653639137746	1.3288838545122418e-07	0.02417987883090973	0.004940293047391719	5.116675324359221e-05	8.132515247893934e-08	0.00016672820934999778	0.022612581588327886	1.2202488619550423e-08	1.3459428771511739e-08	0.00015213003960070636
C[C>A]A	0.0018506255350075663	6.175497401272878e-06	0.0019157820614054799	5.83362125325948e-05	0.0006632488140894566	0.030552321672439577	0.0001677178544923663	0.049231122434139254	0.0008935512392781675	0.002356040762970224	0.015099462564103305	0.014847295731306076	0.010406885386328214	0.0002329508773982525	0.0005921176225086811	0.0015255550367328397	0.0006795816123485565	0.019194836169481276	0.048748144321143626	0.002676376087765675
C[C>A]C	9.324675465904874e-06	9.719776481702525e-05	0.00021402062061497417	9.156726500088864e-05	0.011863958012862951	0.05608140021694101	0.0005226707126098518	0.049655720219016077	0.0002991094195749611	0.023128674598410726	0.043208630451204044	0.026094140126016897	0.002817622533348185	0.0	1.9829745145116816e-05	2.8025969286496343e-46	0.00014151657233014704	0.011800604557577189	0.004192970861913637	0.001284606536793831
C[C>A]G	0.0012447353452444076	0.001559269620972259	0.0	0.00010886123527029668	0.0018293293363967678	0.03614887534577242	0.0	0.021494449023157357	2.8025969286496343e-46	0.007414095587955671	0.025920007738432106	0.0018377982079982758	0.00449629004418739	0.00011625401525634515	4.8309654448530634e-05	0.0013643514275429424	0.0	0.004778710659593344	0.008903463836759329	0.004606089754915388
C[C>A]T	0.003885697460987103	1.4398428710649115e-06	8.376244856833637e-07	3.162131511658117e-05	2.1274638086765663e-06	2.58813146558623e-07	4.0081356331711506e-07	0.5627191632986068	6.742611094523454e-06	0.04524022606167364	0.0007365761535893967	0.0007924294911390462	1.8114669998681166e-06	1.2123946078190783e-07	0.0	1.5537034247614657e-06	0.0	8.876768688992343e-08	5.759304855246228e-08	6.079831450733763e-07
C[C>G]A	0.0	0.0	0.0	2.8025969286496343e-46	0.0	7.37123191356659e-05	0.0	0.0	2.4722822752210048e-05	0.0	0.0	4.264639937900938e-06	1.4012984643248171e-46	0.0002031241554504959	0.004640795639716089	6.640541541855783e-05	0.0010868693059364887	0.04254873935133219	2.9965778230689467e-05	0.00013434177315048147
C[C>G]C	0.0	0.0	2.9187812184261475e-05	0.0	0.0	0.0	2.1038734121248127e-05	0.0	4.6541058918592174e-05	0.0	0.0	1.4012984643248171e-46	0.0003025101108505623	4.203895392974451e-46	0.0006082200766130086	7.615693391471723e-08	0.00034403558674966916	0.04420614168047905	9.481748648454414e-08	0.0011668806661106145
C[C>G]G	0.0	4.1824379877652975e-06	0.0	2.7690420012049797e-06	8.803844168037145e-05	0.0005275109278471745	0.0	0.00042349044033471726	0.0	0.0009474790538661181	0.000740310307739378	0.0	0.0	1.2959290323610873e-05	0.00011487411119706081	0.002485017129369993	3.68469324271814e-05	0.03815043363720179	1.408867149876869e-05	0.00040322252422129166
C[C>G]T	0.00016125890106195585	2.552166373832258e-05	5.6326081696056464e-05	0.0	1.5668613923480734e-05	5.864308513992001e-06	3.489319642540068e-05	7.903927689767443e-06	0.0002405711478786543	1.377438230759823e-23	1.5605820590280927e-05	9.506345668341964e-06	2.676720498584473e-08	4.203895392974451e-46	0.0036002852488309146	1.4012984643248171e-46	6.0973472862713155e-06	0.06477371640503407	0.0004540952463059966	9.004616877064108e-05
C[C>T]A	1.4012984643248171e-46	7.006492321624085e-46	0.0002848872944014147	0.0006024664675351232	0.0018253185087814927	0.047377660777419804	0.0	0.011701115872710943	0.0	0.02630153074860573	0.0096808000234887	2.8025969286496343e-46	0.006436698773177341	0.0426124035846442	0.00959939113818109	0.05869980026036501	0.007055821223184466	0.012244446975888269	0.03153940542106284	0.022775709675624967
C[C>T]C	0.0004580254841130227	0.0003786814863293714	2.8025969286496343e-46	0.0002448429410421227	0.013545670919120312	0.0499165061536587	0.00024948897189460697	0.02909807536879754	0.008617673853586893	0.021254039300345084	0.010225607572583135	7.006492321624085e-46	0.0024125263094902038	0.07459359684230833	0.000375527350252014	0.03837016857161659	0.0008889529737643898	0.0002955686300992966	0.010317584170419992	0.0016146097797900439
C[C>T]G	0.0045109308395097965	0.013469006386628398	0.004453484526989337	0.21371436147142048	0.0037041045052724477	0.48804793655872347	0.007012880303000202	0.024219561531209	0.005094820559681069	0.03060072669015833	0.005348983625714863	0.00612811241696819	0.011915179792225679	0.039631387768110926	0.0020059078116901217	0.003904891014099121	0.0028459690632587353	1.867222039209082e-08	0.0012364706699088401	0.003769681289267103
C[C>T]T	0.00013612917973659933	0.0007723777263897137	0.00039952262304723265	4.203895392974451e-46	0.007092777527606131	0.042133685946464536	0.0051503399387001995	0.022875018790364264	0.0015943041811628713	0.02931327736005187	0.014764451561495662	0.011553832329809666	0.003122421388980001	0.07118496544826484	0.0026554734969977288	0.048981547728180884	0.0024542428061977263	0.01860228842124343	0.002576875826343894	1.2611686178923354e-45
C[T>A]A	3.92005928006256e-05	1.2866313045378775e-05	6.080214234316373e-08	0.0	0.0	2.5857138956553173e-05	4.7860009362921116e-05	2.5382221792824566e-05	7.941255407573067e-05	9.501812019152567e-06	0.0	0.0	0.0006587635321125163	2.5203007936625e-05	0.00025051992136511104	0.009116282165905432	0.0008749003342018114	0.0037445078010883035	4.692350977109072e-07	0.023339557266626797
C[T>A]C	0.0	0.0002833160513546318	0.0	2.6519945822656155e-05	0.0021069975569844245	0.0010398283135145902	1.8681697838474065e-05	0.00035409494303166865	0.0010077778249979019	0.0012947931594681045	0.00653398297727108	0.01064092144370079	4.203895392974451e-46	0.0005682522861121698	0.00017410780221780442	0.005605717498110607	0.014600315596908331	0.012562137539498508	0.0006219010334461928	0.036796832270920274
C[T>A]G	0.000485240833950229	2.014559431700036e-05	0.0	0.00018168968381360173	3.4323963723181806e-05	0.001434539374895394	0.000306136732979212	0.0005303233687300235	6.617011968046427e-05	7.460018969140947e-05	0.0015671392960939557	0.00021938447025604546	0.0002820842139840352	8.756711793012073e-07	0.0001168341867199274	0.028997600078582764	0.006651742360554635	0.01963182262588816	0.0018048215885130502	0.044682128727436064
C[T>A]T	0.0010706717788707466	0.0	0.0	4.276522247437242e-09	0.0	0.0015068301640539516	0.0	0.0012634457787498831	0.0	0.000911301001906395	9.809089250273719e-46	0.006419629883021116	0.003445865850260077	0.000634388203616254	6.488011889823903e-44	0.0172468869946897	0.050062745064497	0.009741744790392203	1.1186670079155192e-07	0.02003312073647976
C[T>C]A	2.37805928918533e-05	0.0	0.0	2.754097900688292e-05	3.815496456809342e-05	0.008101028390228748	1.4012984643248171e-46	0.0038435465248767287	0.021148738078773023	0.00016614297660453304	0.043273786827921865	3.9177408325485885e-05	0.0	5.317786389014145e-09	9.256219755116035e-08	0.012978746692806454	0.004741988412570208	0.0005305080318624533	0.00048443270606099984	0.028765625505548086
C[T>C]C	6.811003404436634e-05	0.0006713054433930665	4.203895392974451e-46	0.000460688941529952	0.0	0.0067497536024689	0.00016456008306704463	0.002322365250438452	0.007288312766468153	0.0025773147470317783	0.05719912424683571	0.007209376385435462	0.01303997840732336	0.007048087008297443	2.0102890266571195e-05	0.03664022218436003	0.061818622425198554	0.0012912495294585824	0.005645734444260597	5.6051938572992686e-46
C[T>C]G	4.3325450564069e-05	9.062824939007897e-05	6.327297455755191e-07	2.8025969286496343e-46	0.0010352305616379454	0.000511743728298164	0.00011576791196148406	0.014544746875022163	0.016688614913556422	2.1652187172094273e-06	0.25895756036043166	3.233398103930085e-07	0.0008501797731412352	1.8448415701755038e-07	0.0	0.023195782330049042	0.022217840813323165	6.062440434106975e-08	1.4021794214613693e-08	1.039417205817017e-06
C[T>C]T	0.00011955595837207512	0.0	0.0	3.156775818524693e-09	4.203895392974451e-46	0.004127946030348539	0.0001326937839621678	0.0007858003024011851	0.007680927673936822	0.005391668640633895	0.04574032537639141	0.0	0.0014255865477025508	0.0019590172450989485	0.00021705314111386542	0.03686449434608221	0.15623459368944168	9.1292347548233e-08	0.005813988757472544	0.0024225044166087174
C[T>G]A	5.4035690845921634e-05	1.4012984643248171e-46	8.085655344416409e-05	3.569984692148864e-05	0.0	0.0004306514615990409	0.011317734979093075	8.345088572241366e-05	6.356943922583013e-05	0.0	0.00120466094231233	0.0015134699176996946	0.001400134083814919	1.5634807226660997e-09	1.0681737100171063e-05	0.004329661233350634	0.0011378092896848103	0.0031473008733428286	0.005671855923719704	0.0035053065352258273
C[T>G]C	0.0	0.0005569288200376832	9.92898247204721e-05	0.001099941966822371	2.2365525811096632e-05	0.011512132373172789	0.006293231202289462	0.00010102803353220224	0.0008397426798183005	6.718355580233037e-05	0.013525579404085875	0.016168601892422883	0.007185762841254472	0.00044072075543226673	0.00018673233716981485	0.0006490806583315134	0.024234211444854735	0.005865639867261052	0.00037880176678299903	0.0012518476170954745
C[T>G]G	0.00011197175626876349	0.0005669529841810572	9.523383294407495e-06	0.00016259546391665934	0.0	0.01351061822334998	0.013683835696429014	0.00040153825975721704	7.003222708590329e-05	0.0	0.024944648519158362	0.015753934194799514	0.012720989901572466	2.627617767814172e-09	2.2140140936244278e-05	3.12182295601815e-05	0.01808061543852091	0.015372429555281997	0.00023766031954437495	0.00010524472454562784
C[T>G]T	0.0070931481197476385	0.0002444516184026524	1.308560372540049e-06	0.0	2.9659886017108975e-06	1.3971527224043711e-08	0.05608480349183083	0.0005354091170829634	0.0003624034412496258	0.0018308605349062646	0.0	5.368141302142249e-07	0.011526255447643052	4.008953524703429e-08	0.0	4.1181397136824674e-08	0.39598158597946165	0.0	3.6043985573996906e-08	1.4012984643248171e-46
G[C>A]A	0.000553522181243693	0.0010806955506438953	0.0009935783888487038	0.00028858398436568675	0.0010331272382941182	0.002199198119342327	0.0002197758854663334	0.0013074389309622348	0.0006533613528063142	0.0006169740351609221	1.4012984643248171e-46	0.006577318636323071	0.019149999041110276	1.2036329621878395e-08	0.0	9.184066129819257e-09	0.003572594812430907	0.014751535639734924	0.11628557564690709	0.0019170084723189262
G[C>A]C	0.00017796702450141312	0.003397501148353399	5.6051938572992686e-46	0.0001468572794692591	0.0069167673238555395	0.0062307958025485275	0.003024002065514253	2.8025969286496343e-46	0.0031615025596693157	0.0020502999890595675	0.002637007459998131	0.06024351045489311	0.01214547049603425	0.003203489747829735	0.0003014463305589743	0.0067710625939071175	5.423799448180944e-05	0.0154182780534029	0.026852875389158724	0.02231914669391699
G[C>A]G	5.889755993848667e-06	0.0021687221829779445	0.0	0.0011211619130335748	0.002173356642015278	0.0030130160299648876	0.0	0.00021552769467234612	0.0003933966305339709	0.0005101523996536627	0.0012242984899785369	0.0017100150176553087	0.005828561639646068	2.323988326224935e-08	0.00019456315413428625	0.0016696445643901825	0.0006981718470342457	0.0031298019923269747	0.037919428572058676	0.0036841145441485422
G[C>A]T	0.002301407972117886	0.008136300079058856	0.0003039528668978164	3.525003208437738e-07	0.0026100346505529616	2.7445153961025428e-06	3.37144224857866e-06	0.016693692933768035	0.000636233699128752	0.025930837345921987	0.0001834879602110817	0.271074490249157	0.03030054618218401	2.4008198096225897e-08	1.2479370710138936e-07	1.1078213653092917e-07	0.0	8.13079845229936e-08	1.2125227524251159e-06	9.089416082019852e-08
G[C>G]A	0.0002502448540326441	0.0004902765067527071	0.0001263404532438325	0.0005899735260754824	2.8025969286496343e-46	0.0007248232839629054	0.00028873226983705536	3.551014779077377e-05	0.00046787526734988206	0.00021104791085235775	2.168216014979407e-05	0.0003379414240043843	0.002478528750361875	0.003377678315155208	0.0008311750832945108	0.001855313466512598	0.0025425648782402277	0.025207558088004588	1.4012984643248171e-46	1.0621700730346324e-37
G[C>G]C	5.366814293665812e-05	0.00040941517509054395	0.0006030646890397451	0.0017582789965672418	0.000536104291677475	0.007880394207313656	0.00011751664278563112	0.0010925622191280127	0.002273916110789287	0.00045566462213173506	0.004614006564952433	0.00075630908831954	0.0015588819456752389	2.8025969286496343e-46	0.0005788325783214532	0.014475568011403084	0.0	0.0219813197851181	0.0012445925181964411	0.025585161335766316
G[C>G]G	0.0	3.5560146352509035e-05	0.0	0.00018940096269943752	0.0	0.0012458394684912832	1.5484260075027123e-05	5.1895866636186835e-05	0.0	5.897466326132417e-05	0.00030560896630049683	9.746976866154e-06	0.0	0.0	0.00046193613816285505	0.0018113984726369381	3.318433897376849e-05	0.01721655186265707	0.0007189364114310592	0.0037088451674208043
G[C>G]T	0.0004776885049068369	0.000642019506631339	0.0002545922776334919	0.000856622974970378	0.0011750162346288561	0.00022569810826098547	0.00011014094343408942	1.4012984643248171e-46	0.0013068562984699383	0.0013738998586859453	0.0	0.0019467843347229328	0.0008516739850165323	0.00030126271303743124	0.0015549613279290497	0.0009180861990898848	7.635839865542949e-05	0.04624067060649395	0.00039362884126603603	0.0012562980491566123
G[C>T]A	0.0007799903299591903	0.003904623808737995	9.939196752384305e-05	0.0006422381113800668	0.18651629500091077	0.0007970629155572339	0.0002923158548526317	0.0038759035288506993	0.006689519408431011	0.16109846234321595	0.0018430565548896993	0.003092603358618362	0.0038344776405949688	3.518431892140084e-39	0.002522916072075532	0.002934738964238193	0.0004991152138927646	0.0002553090422111381	3.549148175352457e-09	0.0018944781958666113
G[C>T]C	0.018489518202113687	0.07506267794568658	2.019459847702629e-06	5.923126049951609e-36	0.36744811087846757	2.6298560555915175e-07	0.0024940536970518732	3.856910160752319e-07	0.026588809261079406	2.1244853996904566e-06	0.002523438136762479	9.460705717977158e-05	0.018222683634309077	6.075569146446469e-07	2.0254396349628224e-05	3.625491184777729e-06	0.0007117730949062206	0.0	1.9696053072948415e-07	0.0002501300172724541
G[C>T]G	0.009246367684170666	0.7909061253070832	2.0406251479698767e-06	0.12800673054082382	0.018991903532131003	0.053369554043376864	0.009739395498837667	0.01696572379846657	0.00040111734788669573	0.031077080390164723	0.0009102048283701466	0.0028966965035920112	0.022155664919137053	5.755256339057269e-07	0.0	0.0016570299361660546	0.001900854603059088	2.526277427250534e-07	3.189384216277513e-07	2.570320492623068e-06
G[C>T]T	0.019151407398749144	0.02086422326486955	0.00651453209950148	1.3410871702035364e-08	0.2010384365916252	9.81062044047576e-08	0.007411703500019939	2.535682853874732e-05	0.009767660933061962	0.06738119663277757	8.407790785948902e-46	0.011319140638886439	0.12017415165901184	2.311919047315314e-07	0.0	6.076645703956274e-07	0.0	4.543155540659427e-08	1.0893243000964503e-07	1.0048646714722054e-08
G[T>A]A	6.562056660186499e-06	0.0	2.7452595117694044e-05	7.203617382600669e-07	0.0	0.0001949087284636341	0.00017702918266877533	0.0	0.0014268514230025176	0.0	0.00021868137687806045	2.33354853662604e-08	0.0006399792393878556	2.178946542699123e-05	0.000223769475815061	0.0062757353052646184	0.0	0.0015135331495390147	0.0003962021098971036	0.03296781554818153
G[T>A]C	0.0	0.0007081783973262645	0.0	1.3296498218551278e-05	0.0028297105862293394	2.824942839652067e-08	0.0	0.003639836865477264	0.0036734066692588386	0.0007074250373989343	0.001360167774691945	0.0001396055689667719	0.000799247995018959	2.2154955203745887e-09	0.0003161587461534054	0.000504870989212236	0.002004391331359301	0.0012925602788939727	0.0	0.07510673925280571
G[T>A]G	0.0	0.0	0.0	5.763306355084359e-09	0.00045296547468751667	0.001177205162045425	0.0	0.0005410235592435697	0.000603453922233399	0.0005551523761823773	0.0012835710298247705	1.4065290088183247e-07	0.001186100672930479	8.02121649030596e-05	4.1722292460733004e-05	0.0046823254842621505	0.0006578939390351479	0.004864256490714069	0.0004255757540221339	0.042325211316347124
G[T>A]T	0.0006068967864848674	0.00022559583667316473	0.0	0.0	0.0003128985175862908	0.002546523232012987	0.00011251167958379327	0.002210387057857588	4.093089810339734e-05	0.0010847631620990229	0.0024500299245119096	0.00152249901501591	0.0019323095757940224	0.0008379923878237605	1.829774701036513e-05	0.003905914824019874	0.008684027241542935	0.002513381125459091	0.0007875405489699006	0.03434957284480333
G[T>C]A	0.004434370272792876	0.002130556730890021	1.9482952268390364e-06	5.686073729194164e-07	0.003093941646736198	9.906180265417674e-05	0.0018513959649880008	0.003896364904358052	0.23690339177846909	8.355554598438175e-07	0.0001144273465712331	8.754398805876917e-07	0.010825555960541067	3.976360289925651e-08	0.0	2.6851222401091946e-08	0.0	0.0	2.389750397568946e-10	7.073057872730715e-08
G[T>C]C	0.0015044083985308987	0.011301150737171283	5.020518077838432e-05	1.0891120005851462e-07	2.2952297217671003e-05	1.3202713631699225e-06	0.007347319521898044	0.005331047885556472	0.05801775532036117	0.0009444469660166988	0.00017257971270510098	0.0005041578602297036	0.20953574695519706	4.1499713887560574e-08	0.0	2.1458080681213688e-07	0.0012048224788941298	2.353739364480134e-06	5.48571193803582e-08	1.9781234357196808e-07
G[T>C]G	0.0001129051902807987	0.002265069538731268	7.873988892015404e-08	9.809089250273719e-46	0.004183846528121649	7.596290771516579e-07	0.004450244847976137	0.012185322074219584	0.16169207245111467	0.0009099296939290014	0.06246240511536598	0.0009372498969469234	0.007211054418672802	1.0409291206769922e-07	4.0253976862913984e-08	9.574148862157017e-07	0.0024216030884417704	0.0	9.220338768045621e-08	6.8673196906843256e-09
G[T>C]T	0.003551262496092988	0.0	0.004500854504294693	2.8025969286496343e-46	0.00016939882189035416	4.203895392974451e-46	0.027149838488548995	1.1210387714598537e-45	0.1373331867158413	0.0011066416638186639	1.4012984643248171e-46	0.013989794945769064	0.028548538498580456	0.00019416455570677726	0.0	0.002922553956346974	0.004529853444546461	0.001955396401967846	0.004917771038188334	0.0008116440614685417
G[T>G]A	1.3194825820069673e-14	2.190687446272932e-05	0.0001352778063136384	0.0	0.0	9.976849923987175e-09	0.0035314569249749184	4.663782601710409e-06	9.18609352005717e-05	7.012470369822665e-05	0.0	3.876169080285763e-05	0.0036309178516148676	1.1210387714598537e-45	2.2033903464979686e-05	0.0016185211439733393	0.0014168002759106456	0.007794226100668311	0.0020412461444720975	0.0041094004642218355
G[T>G]C	0.00024547185261951653	0.0006450952845625579	4.565889383911781e-07	4.4567874283529815e-06	0.0	0.000543007766827941	0.004701985642896034	0.0	0.0008685939712449909	0.0003520235535688698	0.0	0.0050817855825584955	0.023330580070614816	2.0584552373748012e-08	1.8254141578033512e-05	1.1117475651190034e-07	0.009027081821113826	0.005762915454192807	0.0002535484004397404	0.00020481762419422012
G[T>G]G	3.068072403777933e-05	0.0003656402172055095	2.0947557596060057e-29	0.0	0.0	0.0011829752940684557	0.001831895305076614	7.783041801303625e-05	0.00033519595162943003	0.0002106232161168009	0.0006751561653800308	0.0086103490088135	0.01235166722908616	3.173495244368496e-09	1.6603859620545335e-09	0.00033606511990456054	0.006213045259937644	0.01879346529021859	0.0009198761175866821	5.904856607230613e-07
G[T>G]T	8.31345289508117e-08	0.001238355434747973	1.4207001086674608e-08	3.6224222412784e-07	2.3536095028475756e-08	6.631640741154854e-05	0.010660233162343501	0.000469387938210275	0.00037170681171119215	0.0012435795273631812	9.281133407057495e-06	0.004526449485263181	0.022025839332491158	6.25298337553204e-08	0.0	5.789845388903814e-07	0.09987102299928666	6.279062290559522e-07	1.8814139650658036e-07	2.0338873412129033e-06
T[C>A]A	0.027670907620631624	1.0636276748243745e-09	0.0	0.0	0.0	4.665591859520646e-08	0.07198566176369922	0.0	0.0	0.0	3.953314120508367e-09	0.0008907375775379478	2.434013310903538e-08	7.274935697410001e-07	0.028760311813857697	8.507961979375977e-09	5.353055598789069e-09	4.6278375833708194e-07	0.2508464515209198	3.0978243330537226e-07
T[C>A]C	0.01614752896130085	0.0003263865284679923	0.0015090654138475656	0.0009037057287059724	3.221902006771416e-05	0.0017781121539883315	4.203895392974451e-46	0.006335476250387728	0.0001426194212399423	0.004755837749689818	0.0004732959088869393	0.07083956981077791	0.038334557041525844	0.005234628356993199	0.01892479145899415	0.01164998736931011	0.0001237477525137365	0.029811582889374223	0.03730795728042722	0.005237799999304116
T[C>A]G	0.00558551917783916	0.00015711158557678572	0.0	4.203895392974451e-46	0.00017464908305555582	0.0037935730535537003	0.0034649876644834874	0.0005544899497181178	0.0	0.0014069644501432776	0.0012953241827062811	2.8025969286496343e-46	0.004088070616126061	0.0007767022587358951	0.0049958769581280645	0.00017009694041689727	0.00048709375657836064	0.0031351649901797175	0.053827705606818196	0.00010044071823358535
T[C>A]T	0.7332687258720398	5.587252331906711e-07	0.0006986674768692857	1.0523393711991957e-08	2.08067038443005e-07	2.366264880038216e-07	0.001744281220277344	0.0002560287184778076	2.648619931733265e-06	0.025179803766690156	5.204983430928678e-07	0.00042530506062803396	0.00016410230929579938	1.8864711346111563e-05	4.251802857311304e-05	2.6638876335027818e-06	0.0001500277682680462	5.039464667788707e-07	0.0009121197934291558	0.002572061410275239
T[C>G]A	0.0	4.0688674651789825e-10	4.7179113948914164e-09	1.5466994085500118e-08	0.0	1.2673221583270332e-09	0.0	0.0	0.0	4.203895392974451e-46	0.0	1.1012135416876845e-07	5.222604126942088e-07	4.1202754985647514e-09	0.19141759872436523	3.0800950483467205e-07	9.147744464144126e-08	0.0014338952636080648	5.29118177894361e-07	7.603562792724006e-08
T[C>G]C	0.0	2.5456801176915177e-05	1.4012984643248171e-46	8.011386089492589e-05	1.4012984643248171e-46	0.00030951424123486503	3.094770163443172e-05	2.2108165467216168e-07	0.00024200543120969086	0.0	1.4012984643248171e-46	0.0007405493874102831	0.00010326452174922452	0.00014130042982287704	0.06253470703959466	0.0006037612911313772	3.079434245591983e-05	0.04215043112635612	8.407790785948902e-46	0.00386892668902874
T[C>G]G	5.073881402495317e-06	6.263839131861459e-05	2.0972530731455662e-05	9.643535122449975e-06	2.4652291176607833e-05	5.623304605251178e-05	5.0661849276428726e-36	2.9997341334819795e-05	1.4012984643248171e-46	4.61779985926114e-05	0.0	0.0	8.454333146801218e-06	2.0333387146820316e-05	0.01915855146944523	0.0006047249284165445	0.0002395139294094406	0.0226334385573864	0.000966598348622938	0.0008823602693155408
T[C>G]T	7.753385043542948e-05	0.0	0.0	0.0	0.0	0.0	2.6584224178805017e-05	2.8025969286496343e-46	0.0001164514229458291	3.209016867913306e-05	0.0	0.00014772504073334858	5.6051938572992686e-46	0.0	0.23673479110002518	0.00014058427695999852	0.0002434051881891719	0.03207429226937393	0.0	0.00013903649014537222
T[C>T]A	0.0005851782159879803	0.00048550961073487995	0.0049944804981350895	5.6051938572992686e-46	0.013875382649712265	8.407790785948902e-46	0.00026849431451410056	0.00036446501035243274	0.0017837027437053621	0.014892027713358402	0.00010778308787848801	0.001116666966592561	0.004071243898943066	0.117797140032053	0.27923901975154874	0.0010548956415632916	0.004710370750399306	0.0	0.005113450044166257	0.045499113574624106
T[C>T]C	0.013909110776148736	0.011943120916475891	0.01969773033633828	0.0018084289739353026	0.0034311673720367254	0.013395386535558013	0.004570109862834215	6.290877354331315e-05	0.004286153521388769	0.009806739166378975	7.006492321624085e-46	0.028578415839001538	0.038673512358218434	0.2457484319806099	0.03660397585481405	0.010108888987451792	0.0013896248769015075	0.007764148199930787	1.1210387714598537e-45	0.0062934765592217445
T[C>T]G	0.006754429067156091	2.3482823536369322e-06	0.9109556317329407	0.041872411998498296	1.0013298816967919e-06	0.0025356461257599826	0.011268544530213828	0.015403247344069315	1.7363357358135857e-06	1.314948182556605e-06	0.006168816948252243	5.145067916600965e-07	0.00257502806475145	0.007015999181965072	0.0009604066939417066	0.002019246258422533	0.0007448774015123324	1.4012984643248171e-46	0.00567590427608593	5.966965659354173e-08
T[C>T]T	0.0496883625164628	1.2103768085580668e-07	0.03350162554950771	5.172932304731148e-09	6.179659806093696e-09	1.1499197319179977e-14	0.0013944869083161392	0.0026656743604689835	0.0008617350990245854	0.006058141775429249	3.7401076724563606e-08	0.014102455212781705	0.01834675562793109	0.26667191088199615	0.07776855831652937	7.978927385465795e-09	0.0001354856212856248	8.690382209408654e-08	2.0060554106748896e-08	0.004516447061809004
T[T>A]A	0.00033011031919158993	7.533882162533701e-05	6.305947430895742e-12	0.0012988714384846388	0.00025733598750292684	0.0015324989333754073	0.0016248715750407428	0.0002666522515937686	0.00040480427116023064	0.000796862715617408	0.0012828141977605512	0.00048002968542277814	0.0009967769103255363	0.0	1.9290691003170936e-05	0.01544609759002924	1.0377000580774621e-05	0.000679512207209143	0.005086413598212403	0.039866538035471424
T[T>A]C	0.000219612462024088	5.6051938572992686e-46	0.000324727370752953	5.2419483836274596e-06	9.959066665032878e-06	4.216663219267502e-05	0.0015344337618444115	0.00013155300403013825	0.00013035886659054085	0.0005650816136039793	1.5669810818508267e-05	0.007589321956038475	0.0023135126888519154	0.0007259674669626293	8.967607600425253e-05	0.0074259145490941595	0.0027624498645309357	0.005556435413467398	0.0016697329287410413	0.04051079023629427
T[T>A]G	0.0008724882616661489	1.4012984643248171e-46	1.4012984643248171e-46	0.0	0.0	2.20524517544618e-06	0.000927229868602808	2.2438156884163617e-05	9.916862381942337e-06	3.86050611268729e-05	0.0002539996159612201	0.0002094042521719075	0.001402849140609419	5.2449001586296614e-09	1.2890028665424325e-05	0.012684102248749695	0.0012013603292871267	0.004620774209891465	0.0031402121513977475	0.02007666773570236
T[T>A]T	0.005859956773929298	0.0	2.8025969286496343e-46	0.00047682457665274567	7.107936241092259e-39	0.0007109474507160528	0.0036097966483794154	6.91886914864881e-05	0.0	0.0015858223152463325	9.1242537018843e-05	0.004594695009291172	0.0060067523270845415	0.00011128353216918185	4.214595901430585e-06	0.019660890870727598	0.006317475531250239	0.006742967021591539	0.004705527369378615	0.025502460636198522
T[T>C]A	0.0032740403898060323	6.490468573474572e-05	7.006492321624085e-46	4.87462989440246e-07	0.00419938231480046	0.0030470073233558994	0.0035934341431129724	0.003128007966332494	0.05815543755888939	0.006998126767575741	0.000519584771245718	1.4012984643248171e-46	4.496408564591547e-07	1.3194519397075055e-07	2.195283341279719e-05	0.02294136326472085	0.0015070965040649754	0.003461034546199926	0.0006141795481852341	0.011632347714657954
T[T>C]C	2.5022014597197995e-06	0.001994975696376855	0.00022927696477026416	1.2611686178923354e-45	0.002207270998048257	0.0016862539807334543	0.024625330232083797	0.0049033767310902475	0.028847944591529995	0.0009536183206364512	0.016058376064810885	0.0023071999195963143	0.03151801030617207	0.0017368619912303985	0.0002490043965426736	0.06871161349117756	0.0024675219770301736	0.0016839232313898833	0.005285347111180272	0.0007794806774343854
T[T>C]G	0.0028162489063106476	2.8025969286496343e-46	5.137820042522456e-05	5.6051938572992686e-46	0.011371650546971068	4.203895392974451e-46	0.011388987395912408	0.001109645650069524	0.025886537863416947	0.013089756776025752	0.04822549857199192	4.4464549091571827e-07	5.25047347821328e-09	1.6460922438454873e-07	1.4012984643248171e-46	0.04070295169949532	0.0018197690002068612	0.0	0.001517975889146328	1.4012984643248171e-46
T[T>C]T	0.0013453709485474973	9.478887659497559e-05	5.6051938572992686e-46	3.7038425267610366e-05	0.0005196203022933332	0.00013519006188573713	0.030811953730881213	0.002829171787016094	0.02562831901013851	0.002569607580119282	0.008224637527018824	0.0070096853654831644	4.489820867092931e-07	0.005468082858747891	4.410008358490813e-09	0.07057354785501957	0.0007600147595695717	0.0015192502061836422	0.0017508301185443997	0.007622657888258289
T[T>G]A	0.00018839145115929768	0.0	0.0	0.0	0.0	0.0	0.027685722801834345	0.0	7.561135397455842e-05	0.0	1.4012984643248171e-46	0.0	1.8087974353875325e-07	0.0	3.931483005104042e-05	0.0008168735877688959	4.8604541191821225e-08	0.005366387462368038	0.03022647837506156	0.0013429033255803803
T[T>G]C	1.4012984643248171e-46	4.203895392974451e-46	0.0008803761331364513	0.0	0.0	2.6624670822171523e-45	0.038319038972258565	1.4058676606509835e-05	0.00019069991540163756	0.0005981002881526365	0.0	0.009427843661978842	0.015061574149876833	0.001199181461470289	0.00025853290571831167	0.00215407396738172	0.006200947822071612	0.004316968322415704	1.023365925334474e-08	0.000282434264835274
T[T>G]G	0.0005051442800322548	1.4012984643248171e-46	0.00025182147182931656	0.00011053971247747541	0.00020545909355860204	0.0007447893847711384	0.009624477196484803	0.0001736480808176566	7.555443844466935e-05	0.0005921919215325034	0.0009701115857751574	0.0030520340980733024	0.0011389488528948278	0.0006434249989979435	7.34180946892593e-05	0.005450410445337184	0.0027202922850847245	0.015767427254468204	0.005683900939766317	0.0026256894518155603
T[T>G]T	1.897419965644076e-05	2.1619752033075202e-08	2.3375663902314158e-07	1.5165726452437411e-09	3.559137269348867e-08	3.2508316891721736e-07	0.3961006373167038	0.000481619964557467	5.990049203319359e-08	0.000980174191744254	1.4012984643248171e-46	0.00013378559170860172	0.006918748746264925	2.0042976817080672e-05	0.0	5.743086205711734e-07	7.804107133324578e-06	7.411752868335952e-07	0.0013716221990932808	4.6680525116471473e-07
