Samples	SBS96A	SBS96B	SBS96C	SBS96D	SBS96E	SBS96F	SBS96G
OGG1_boot	2.45E-03	3.23E-02	1.79E-03	0.00E+00	1.93E-03	0.00E+00	3.83E-02
OGG1_boot.1	1.12E-69	2.31E-02	3.42E-03	8.05E-03	2.92E-03	1.18E-03	1.33E-02
OGG1_boot.2	0.00E+00	2.05E-02	2.57E-03	8.91E-03	1.12E-03	6.08E-04	3.08E-02
OGG1_boot.3	0.00E+00	1.80E-02	1.55E-13	4.55E-03	7.19E-04	9.12E-06	2.32E-02
OGG1_boot.4	4.79E-110	1.33E-02	3.12E-03	1.23E-02	1.80E-03	4.67E-04	2.74E-02
OGG1_boot.5	1.49E-03	2.41E-02	0.00E+00	6.58E-04	1.04E-03	1.00E-03	2.37E-02
OGG1_boot.6	7.41E-04	2.10E-02	2.75E-03	2.90E-03	1.06E-03	4.75E-04	2.51E-02
OGG1_boot.7	1.34E-03	2.14E-02	1.62E-03	2.10E-03	1.34E-03	6.01E-04	2.31E-02
OGG1_boot.8	0.00E+00	1.83E-02	8.66E-50	8.18E-03	5.34E-04	3.63E-53	2.77E-02
OGG1_boot.9	0.00E+00	1.51E-02	1.80E-03	3.45E-03	1.11E-03	3.13E-04	1.96E-02
OGG1_boot.10	2.09E-04	2.04E-02	8.11E-04	6.08E-03	1.46E-03	0.00E+00	1.50E-02
OGG1_boot.11	0.00E+00	1.46E-02	1.82E-03	5.86E-03	9.67E-04	3.13E-04	2.14E-02
OGG1_boot.12	1.05E-33	2.14E-02	1.51E-03	3.14E-03	1.26E-03	4.74E-04	2.50E-02
OGG1_boot.13	7.08E-04	2.24E-02	1.86E-03	4.25E-03	1.84E-03	5.84E-04	1.84E-02
OGG1_boot.14	7.57E-04	1.62E-02	5.18E-04	1.77E-03	8.78E-04	1.61E-114	1.63E-02
OGG1_boot.15	0.00E+00	1.33E-02	2.06E-03	7.76E-03	1.19E-03	4.03E-04	2.23E-02
OGG1_boot.16	2.45E-03	2.64E-02	0.00E+00	1.32E-05	1.24E-03	9.92E-04	2.38E-02
OGG1_boot.17	0.00E+00	1.78E-02	4.42E-04	7.01E-03	1.03E-03	2.98E-04	2.57E-02
OGG1_boot.18	0.00E+00	1.53E-02	0.00E+00	2.25E-03	4.27E-03	1.55E-03	1.65E-02
OGG1_boot.19	8.56E-125	1.41E-02	5.06E-04	6.83E-03	1.14E-03	3.43E-04	2.18E-02
OGG1_boot.20	6.71E-04	1.80E-02	1.03E-03	3.83E-03	8.07E-04	1.21E-04	2.25E-02
OGG1_boot.21	3.20E-98	2.41E-02	4.37E-03	5.10E-03	1.17E-03	7.03E-04	3.20E-02
OGG1_boot.22	1.01E-03	1.47E-02	8.27E-04	7.23E-03	6.14E-04	1.64E-36	2.29E-02
OGG1_boot.23	0.00E+00	1.97E-02	1.54E-03	7.05E-03	1.11E-03	3.97E-04	2.80E-02
OGG1_boot.24	1.11E-03	1.83E-02	1.13E-15	5.68E-03	5.47E-04	5.89E-04	2.49E-02
OGG1_boot.25	0.00E+00	1.78E-02	1.11E-03	7.40E-03	1.16E-03	2.88E-04	2.64E-02
OGG1_boot.26	0.00E+00	1.50E-02	8.43E-33	1.48E-02	1.05E-03	1.47E-118	3.12E-02
OGG1_boot.27	0.00E+00	1.97E-02	2.50E-36	4.69E-03	1.39E-03	5.58E-04	1.58E-02
OGG1_boot.28	2.32E-03	1.96E-02	2.67E-03	1.15E-02	1.19E-03	2.19E-127	3.35E-02
OGG1_boot.29	0.00E+00	2.08E-02	2.44E-03	4.68E-03	1.14E-03	4.76E-04	2.66E-02
OGG1_boot.30	0.00E+00	2.50E-02	3.52E-03	4.28E-04	2.03E-03	1.29E-04	2.42E-02
OGG1_boot.31	0.00E+00	1.95E-02	1.69E-03	1.90E-03	1.00E-03	5.84E-04	2.08E-02
OGG1_boot.32	0.00E+00	1.63E-02	5.45E-84	3.29E-03	9.58E-04	2.69E-04	1.99E-02
OGG1_boot.33	0.00E+00	1.87E-02	1.67E-03	4.29E-03	9.18E-04	4.40E-04	2.39E-02
OGG1_boot.34	0.00E+00	1.68E-02	2.55E-03	7.86E-03	1.35E-03	4.06E-04	2.60E-02
OGG1_boot.35	1.15E-08	1.74E-02	0.00E+00	6.95E-03	9.30E-04	4.31E-04	2.53E-02
OGG1_boot.36	6.48E-04	1.91E-02	2.10E-03	4.16E-03	8.63E-04	6.31E-04	2.43E-02
OGG1_boot.37	0.00E+00	1.83E-02	1.26E-03	2.13E-03	1.25E-03	3.26E-04	1.76E-02
OGG1_boot.38	0.00E+00	2.23E-02	1.21E-03	3.71E-03	1.52E-03	6.18E-04	2.00E-02
OGG1_boot.39	0.00E+00	1.50E-02	4.75E-121	5.90E-03	4.57E-03	1.69E-03	2.14E-02
OGG1_boot.40	0.00E+00	2.09E-02	2.12E-03	5.50E-03	1.79E-03	8.53E-04	1.64E-02
OGG1_boot.41	1.58E-121	2.11E-02	1.45E-03	4.59E-03	1.28E-03	4.20E-04	2.65E-02
OGG1_boot.42	7.73E-04	1.75E-02	1.98E-04	1.80E-03	9.79E-04	0.00E+00	1.75E-02
OGG1_boot.43	0.00E+00	1.63E-02	1.77E-03	9.27E-03	1.38E-03	4.92E-04	2.70E-02
OGG1_boot.44	0.00E+00	1.82E-02	4.10E-29	3.76E-03	1.14E-03	6.88E-05	1.54E-02
OGG1_boot.45	0.00E+00	2.02E-02	7.95E-04	2.55E-03	1.19E-03	5.31E-04	1.93E-02
OGG1_boot.46	0.00E+00	1.65E-02	2.44E-03	6.78E-03	9.35E-04	6.43E-04	2.40E-02
OGG1_boot.47	2.17E-05	1.66E-02	2.26E-03	6.68E-03	2.15E-04	7.98E-04	2.42E-02
OGG1_boot.48	6.87E-04	1.84E-02	2.43E-03	6.14E-03	9.39E-04	5.67E-04	2.52E-02
OGG1_boot.49	1.79E-03	1.37E-02	2.38E-03	9.09E-03	3.64E-124	2.25E-03	2.42E-02
OGG1_boot.50	6.10E-04	2.11E-02	2.66E-03	3.48E-03	9.09E-04	6.68E-04	2.60E-02
OGG1_boot.51	1.35E-03	1.98E-02	3.26E-03	9.29E-03	0.00E+00	1.44E-03	3.13E-02
OGG1_boot.52	1.14E-03	2.34E-02	4.00E-03	4.61E-03	1.23E-03	3.26E-04	3.11E-02
OGG1_boot.53	1.26E-03	1.46E-02	2.63E-03	8.80E-03	6.71E-04	1.25E-03	2.45E-02
OGG1_boot.54	0.00E+00	1.63E-02	1.44E-03	1.68E-03	1.01E-03	4.44E-04	1.76E-02
OGG1_boot.55	8.46E-04	1.90E-02	3.26E-03	6.90E-03	8.46E-04	4.06E-04	2.67E-02
OGG1_boot.56	9.39E-04	1.77E-02	2.58E-03	6.84E-03	9.86E-04	7.48E-04	2.54E-02
OGG1_boot.57	4.18E-05	1.80E-02	1.91E-03	4.89E-03	6.69E-04	6.05E-04	2.39E-02
OGG1_boot.58	1.50E-03	1.78E-02	2.01E-03	7.60E-03	0.00E+00	1.81E-03	2.69E-02
OGG1_boot.59	2.20E-03	1.43E-02	2.11E-03	8.28E-03	0.00E+00	2.88E-03	2.40E-02
OGG1_boot.60	1.63E-03	1.32E-02	2.64E-03	1.04E-02	9.90E-04	1.05E-03	2.53E-02
OGG1_boot.61	7.90E-04	1.65E-02	9.92E-04	4.37E-03	6.43E-04	8.85E-04	2.17E-02
OGG1_boot.62	2.50E-03	1.51E-02	2.71E-03	9.67E-03	0.00E+00	3.28E-03	2.59E-02
OGG1_boot.63	5.14E-04	1.98E-02	1.48E-03	2.14E-03	1.25E-03	4.43E-04	2.09E-02
OGG1_boot.64	6.86E-04	1.91E-02	1.72E-03	4.96E-03	2.79E-04	8.50E-04	2.52E-02
OGG1_boot.65	1.48E-03	1.54E-02	3.36E-03	1.16E-02	1.04E-03	8.70E-04	2.84E-02
OGG1_boot.66	7.86E-04	1.96E-02	4.41E-03	1.02E-02	0.00E+00	1.08E-03	3.25E-02
OGG1_boot.67	1.37E-03	2.20E-02	4.11E-03	6.12E-03	2.40E-48	1.88E-03	3.03E-02
OGG1_boot.68	1.50E-03	2.11E-02	6.35E-03	7.91E-03	1.25E-03	7.21E-04	3.28E-02
OGG1_boot.69	9.02E-04	1.89E-02	1.42E-03	2.49E-03	3.07E-07	1.50E-03	1.81E-02
OGG1_boot.70	9.69E-04	2.01E-02	1.05E-03	4.14E-03	1.54E-03	3.89E-04	1.69E-02
OGG1_boot.71	1.07E-03	1.75E-02	1.82E-03	3.22E-03	7.42E-92	2.12E-03	2.08E-02
OGG1_boot.72	2.05E-03	1.65E-02	1.70E-03	3.89E-03	0.00E+00	2.87E-03	2.12E-02
OGG1_boot.73	5.01E-04	1.94E-02	1.86E-03	3.32E-03	9.45E-04	5.37E-04	2.34E-02
OGG1_boot.74	1.95E-03	1.73E-02	4.78E-03	1.36E-02	1.56E-03	9.86E-04	3.24E-02
OGG1_boot.75	1.42E-42	1.87E-02	1.24E-03	3.73E-03	6.17E-31	5.43E-04	1.59E-02
OGG1_boot.76	9.10E-07	2.04E-02	1.43E-03	3.13E-03	2.85E-20	1.96E-03	1.89E-02
OGG1_boot.77	6.53E-04	1.55E-02	1.19E-03	1.56E-03	0.00E+00	8.82E-04	1.70E-02
OGG1_boot.78	5.96E-04	1.83E-02	1.46E-03	1.79E-03	1.61E-35	8.39E-04	1.98E-02
OGG1_boot.79	3.06E-03	1.73E-02	6.60E-03	1.37E-02	5.81E-04	2.53E-03	3.17E-02
OGG1_boot.80	8.38E-07	1.79E-02	2.49E-03	7.58E-03	4.78E-41	7.92E-04	2.65E-02
OGG1_boot.81	5.21E-04	1.82E-02	2.25E-03	7.30E-03	0.00E+00	1.52E-03	2.65E-02
OGG1_boot.82	9.98E-04	1.63E-02	1.91E-03	6.39E-03	7.04E-68	1.65E-03	2.40E-02
OGG1_boot.83	1.07E-03	1.80E-02	1.89E-03	5.72E-03	0.00E+00	1.17E-03	2.47E-02
OGG1_boot.84	7.97E-137	1.73E-02	6.86E-11	1.71E-03	1.12E-03	4.52E-04	1.73E-02
OGG1_boot.85	3.69E-80	1.89E-02	1.22E-03	2.36E-03	1.20E-03	3.47E-04	1.80E-02
OGG1_boot.86	7.72E-45	1.58E-02	1.79E-03	5.58E-03	7.44E-42	7.48E-04	2.23E-02
OGG1_boot.87	3.61E-04	1.74E-02	1.52E-03	2.42E-03	8.51E-04	4.99E-04	2.02E-02
OGG1_boot.88	4.20E-04	1.72E-02	1.73E-03	4.43E-03	2.59E-04	1.36E-03	2.25E-02
OGG1_boot.89	2.23E-03	1.61E-02	2.67E-03	1.44E-02	9.12E-15	2.13E-03	3.24E-02
OGG1_boot.90	0.00E+00	1.07E-02	6.76E-16	1.73E-03	6.84E-04	0.00E+00	1.19E-02
OGG1_boot.91	1.12E-03	1.76E-02	7.45E-04	1.73E-03	1.06E-03	4.58E-45	1.81E-02
OGG1_boot.92	7.03E-04	1.53E-02	4.08E-04	2.86E-03	1.90E-03	2.13E-61	1.84E-02
OGG1_boot.93	8.15E-16	1.19E-02	2.76E-03	6.23E-03	3.00E-03	1.57E-101	1.91E-02
OGG1_boot.94	0.00E+00	7.44E-03	0.00E+00	2.43E-03	5.38E-73	1.02E-03	9.76E-03
OGG1_boot.95	5.05E-04	1.21E-02	6.45E-04	2.70E-03	1.01E-03	0.00E+00	1.53E-02
OGG1_boot.96	0.00E+00	6.82E-03	5.00E-50	1.09E-02	1.70E-03	2.28E-94	1.76E-02
OGG1_boot.97	1.86E-03	1.53E-02	2.68E-53	1.98E-03	7.49E-04	3.43E-147	1.71E-02
OGG1_boot.98	0.00E+00	1.33E-02	3.48E-128	6.46E-03	2.43E-03	1.48E-05	7.74E-03
OGG1_boot.99	0.00E+00	7.15E-03	1.11E-46	5.83E-03	0.00E+00	0.00E+00	1.33E-02
OGG1_boot.100	5.77E-04	1.51E-02	1.71E-03	4.00E-03	3.04E-03	5.59E-04	1.97E-02
OGG1_boot.101	1.03E-03	1.79E-02	2.37E-46	2.80E-03	1.01E-03	0.00E+00	1.64E-02
OGG1_boot.102	4.39E-04	1.35E-02	2.50E-03	2.44E-03	3.13E-03	8.43E-05	1.64E-02
OGG1_boot.103	2.41E-03	1.30E-02	1.41E-03	7.47E-03	9.45E-04	4.68E-60	2.14E-02
OGG1_boot.104	0.00E+00	1.79E-02	1.56E-03	2.75E-03	0.00E+00	0.00E+00	2.11E-02
OGG1_boot.105	7.53E-04	7.69E-03	1.03E-03	2.45E-03	1.06E-03	0.00E+00	1.05E-02
OGG1_boot.106	0.00E+00	8.68E-03	4.48E-04	2.08E-03	3.48E-03	3.80E-19	9.53E-03
OGG1_boot.107	0.00E+00	1.25E-02	9.27E-04	2.45E-03	3.72E-04	0.00E+00	1.54E-02
OGG1_boot.108	5.87E-04	1.27E-02	1.21E-51	3.96E-03	9.22E-04	0.00E+00	1.72E-02
OGG1_boot.109	0.00E+00	1.37E-02	3.41E-65	1.70E-03	8.94E-04	0.00E+00	1.34E-02
OGG1_boot.110	9.34E-04	1.13E-02	1.42E-106	4.03E-03	1.83E-03	4.56E-42	8.44E-03
OGG1_boot.111	3.03E-161	1.19E-02	1.15E-11	2.00E-03	1.19E-03	6.29E-04	1.37E-02
OGG1_boot.112	7.97E-04	1.24E-02	2.72E-03	6.30E-03	1.21E-03	0.00E+00	1.94E-02
OGG1_boot.113	7.62E-04	1.35E-02	1.61E-09	1.79E-03	3.29E-03	1.02E-04	1.47E-02
OGG1_boot.114	0.00E+00	1.48E-02	1.42E-65	6.75E-03	3.67E-03	9.10E-20	2.22E-02
OGG1_boot.115	2.13E-27	1.24E-02	5.77E-04	6.62E-03	3.26E-111	7.68E-04	1.98E-02
OGG1_boot.116	2.40E-03	5.48E-03	7.07E-25	1.73E-02	2.04E-03	1.32E-151	2.17E-02
OGG1_boot.117	0.00E+00	1.45E-02	3.10E-03	3.32E-03	3.97E-03	2.63E-04	1.86E-02
OGG1_boot.118	0.00E+00	1.37E-02	1.30E-03	1.96E-03	1.28E-03	1.13E-04	1.60E-02
OGG1_boot.119	0.00E+00	1.50E-02	1.83E-03	4.12E-03	1.25E-03	4.06E-70	2.01E-02
OGG1_boot.120	1.14E-04	1.44E-02	1.17E-03	1.81E-03	9.59E-04	0.00E+00	1.64E-02
OGG1_boot.121	0.00E+00	1.35E-02	2.29E-108	2.24E-03	1.21E-03	6.74E-09	1.29E-02
OGG1_boot.122	1.05E-04	1.34E-02	1.47E-77	1.52E-03	4.42E-04	0.00E+00	1.40E-02
OGG1_boot.123	1.71E-03	2.10E-02	2.15E-03	6.97E-03	2.00E-03	0.00E+00	1.47E-02
OGG1_boot.124	0.00E+00	1.16E-02	0.00E+00	1.08E-02	3.21E-03	6.91E-12	3.61E-03
OGG1_boot.125	2.81E-03	1.14E-02	2.03E-03	1.26E-02	5.46E-03	1.80E-03	2.51E-02
OGG1_boot.126	0.00E+00	1.31E-02	1.89E-96	2.53E-03	2.13E-03	5.75E-04	1.21E-02
OGG1_boot.127	1.53E-03	1.43E-02	3.46E-03	5.07E-03	4.42E-03	1.44E-03	2.03E-02
OGG1_boot.128	7.84E-04	9.06E-03	2.13E-100	5.06E-03	1.70E-03	3.06E-06	1.48E-02
OGG1_boot.129	0.00E+00	7.88E-03	5.60E-21	4.95E-03	4.16E-03	2.86E-05	1.28E-02
OGG1_boot.130	0.00E+00	1.37E-02	3.61E-119	2.90E-03	3.89E-03	1.88E-04	1.64E-02
OGG1_boot.131	3.70E-80	7.15E-03	6.32E-43	1.74E-03	0.00E+00	0.00E+00	8.04E-03
OGG1_boot.132	0.00E+00	7.41E-03	1.82E-03	9.67E-03	0.00E+00	0.00E+00	1.76E-02
OGG1_boot.133	3.88E-04	1.08E-02	5.21E-31	2.04E-03	0.00E+00	2.09E-04	1.28E-02
OGG1_boot.134	5.13E-04	1.36E-02	3.27E-07	2.37E-03	1.09E-03	0.00E+00	1.61E-02
OGG1_boot.135	2.76E-46	1.51E-02	1.17E-03	1.49E-03	4.13E-04	0.00E+00	1.53E-02
OGG1_boot.136	0.00E+00	1.45E-02	1.72E-03	2.33E-03	2.29E-03	1.38E-21	1.72E-02
OGG1_boot.137	0.00E+00	1.78E-02	0.00E+00	1.14E-02	0.00E+00	0.00E+00	6.26E-03
OGG1_boot.138	0.00E+00	1.50E-02	1.06E-16	1.89E-03	1.88E-03	1.77E-29	1.64E-02
OGG1_real	0.00E+00	1.91E-02	7.89E-04	3.65E-03	1.08E-03	4.24E-04	2.32E-02
OGG1_real.1	6.23E-04	1.78E-02	1.86E-03	4.70E-03	5.34E-04	7.49E-04	2.32E-02
OGG1_real.2	0.00E+00	1.26E-02	1.16E-03	2.59E-03	2.67E-03	1.17E-05	1.55E-02
UNG_boot	1.61E-03	1.01E-02	1.45E-02	1.56E-02	1.70E-03	7.05E-04	8.30E-03
UNG_boot.1	1.54E-03	6.27E-03	1.66E-02	2.09E-02	1.57E-03	7.23E-04	2.73E-03
UNG_boot.2	0.00E+00	7.94E-03	1.54E-02	1.55E-02	4.45E-04	8.95E-04	6.73E-03
UNG_boot.3	2.66E-03	8.77E-03	1.51E-02	1.47E-02	0.00E+00	1.99E-03	9.68E-03
UNG_boot.4	1.19E-03	7.75E-03	1.31E-02	1.21E-02	8.40E-04	1.01E-03	1.07E-02
UNG_boot.5	1.05E-03	9.21E-03	1.31E-02	1.57E-02	9.17E-04	6.80E-04	2.81E-03
UNG_boot.6	6.25E-03	1.29E-02	1.49E-02	1.45E-02	0.00E+00	7.90E-03	1.26E-02
UNG_boot.7	1.57E-04	1.17E-02	1.76E-02	1.76E-02	6.65E-06	5.42E-04	9.62E-03
UNG_boot.8	1.42E-03	5.27E-03	1.22E-02	1.33E-02	2.02E-03	5.32E-04	4.33E-03
UNG_boot.9	0.00E+00	8.36E-03	1.44E-02	1.62E-02	7.00E-04	2.93E-04	3.25E-03
UNG_boot.10	1.18E-68	6.18E-03	1.46E-02	1.44E-02	2.25E-03	7.35E-04	8.46E-03
UNG_boot.11	1.77E-23	7.43E-03	1.52E-02	1.82E-02	9.72E-04	8.67E-04	2.93E-03
UNG_boot.12	3.47E-90	9.00E-03	1.63E-02	1.86E-02	8.67E-04	4.22E-04	3.30E-03
UNG_boot.13	7.08E-04	9.66E-03	1.32E-02	1.31E-02	8.93E-04	5.83E-04	9.81E-03
UNG_boot.14	0.00E+00	1.32E-02	1.85E-02	2.07E-02	7.05E-36	7.88E-04	6.28E-03
UNG_boot.15	1.29E-03	8.78E-03	1.70E-02	2.14E-02	1.65E-03	3.95E-04	2.83E-129
UNG_boot.16	0.00E+00	1.12E-02	1.53E-02	1.60E-02	9.76E-04	2.72E-04	8.15E-03
UNG_boot.17	8.19E-20	8.76E-03	1.44E-02	1.45E-02	3.77E-11	2.44E-04	6.63E-03
UNG_boot.18	2.50E-07	5.35E-03	1.50E-02	1.64E-02	4.09E-38	1.04E-03	3.63E-03
UNG_boot.19	0.00E+00	8.58E-03	1.43E-02	1.61E-02	6.68E-04	4.77E-04	3.68E-03
UNG_boot.20	2.02E-03	7.03E-03	1.52E-02	1.54E-02	7.96E-99	1.46E-03	6.63E-03
UNG_boot.21	1.59E-03	1.25E-02	1.60E-02	2.05E-02	5.68E-08	1.19E-03	2.39E-03
UNG_boot.22	1.55E-03	8.11E-03	1.86E-02	2.06E-02	2.16E-79	1.17E-03	4.29E-03
UNG_boot.23	0.00E+00	9.32E-03	1.60E-02	1.55E-02	8.43E-06	6.62E-04	1.03E-02
UNG_boot.24	7.35E-03	1.07E-02	1.94E-02	2.20E-02	7.08E-133	9.91E-03	6.97E-03
UNG_boot.25	6.51E-04	6.96E-03	1.54E-02	1.76E-02	9.43E-06	9.04E-04	2.63E-03
UNG_boot.26	9.64E-04	9.37E-03	1.35E-02	1.30E-02	1.60E-04	2.80E-04	8.93E-03
UNG_boot.27	2.04E-03	8.89E-03	1.48E-02	1.45E-02	1.44E-81	1.60E-03	1.01E-02
UNG_boot.28	1.16E-03	4.84E-03	1.41E-02	1.38E-02	5.27E-10	8.30E-04	6.29E-03
UNG_boot.29	1.08E-03	8.81E-03	1.67E-02	1.96E-02	6.37E-04	3.21E-04	2.66E-03
UNG_boot.30	6.67E-31	6.48E-03	1.68E-02	1.79E-02	1.13E-05	1.16E-03	5.16E-03
UNG_boot.31	1.22E-03	1.16E-02	1.73E-02	1.82E-02	2.22E-28	1.19E-03	7.21E-03
UNG_boot.32	5.59E-55	1.34E-02	1.45E-02	1.37E-02	1.79E-10	6.80E-04	1.14E-02
UNG_boot.33	1.44E-03	1.21E-02	1.41E-02	1.32E-02	8.76E-06	6.82E-04	1.16E-02
UNG_boot.34	9.14E-04	6.50E-03	1.69E-02	1.99E-02	3.62E-09	5.26E-04	3.17E-03
UNG_boot.35	3.22E-85	1.17E-02	1.71E-02	1.97E-02	1.17E-03	1.36E-03	3.99E-03
UNG_boot.36	8.88E-03	9.92E-03	1.63E-02	1.63E-02	0.00E+00	1.24E-02	1.16E-02
UNG_boot.37	6.56E-04	5.92E-03	1.23E-02	1.45E-02	1.09E-03	3.90E-04	1.97E-03
UNG_boot.38	2.60E-03	1.22E-02	1.67E-02	1.64E-02	1.79E-12	6.54E-03	1.22E-02
UNG_boot.39	1.46E-145	1.01E-02	1.71E-02	1.64E-02	1.14E-66	1.18E-03	1.21E-02
UNG_boot.40	1.11E-03	4.86E-03	1.35E-02	1.48E-02	8.63E-04	5.48E-04	4.41E-03
UNG_boot.41	0.00E+00	9.77E-03	1.67E-02	2.16E-02	1.51E-03	5.18E-04	1.14E-03
UNG_boot.42	4.96E-03	1.14E-02	1.51E-02	1.57E-02	1.57E-56	7.66E-03	9.65E-03
UNG_boot.43	1.15E-03	5.48E-03	1.55E-02	1.71E-02	3.79E-10	1.28E-03	3.80E-03
UNG_boot.44	5.42E-04	5.98E-03	1.43E-02	1.40E-02	1.22E-04	9.92E-04	1.33E-02
UNG_boot.45	1.97E-07	7.43E-03	1.58E-02	1.78E-02	1.73E-03	2.75E-04	6.44E-03
UNG_boot.46	2.48E-68	7.91E-03	1.74E-02	1.83E-02	2.85E-07	1.07E-03	6.12E-03
UNG_boot.47	4.59E-75	1.09E-02	1.67E-02	1.81E-02	3.85E-40	9.97E-04	6.38E-03
UNG_boot.48	1.22E-03	6.70E-03	1.63E-02	1.73E-02	1.44E-07	1.03E-03	5.34E-03
UNG_boot.49	5.56E-121	1.05E-02	1.32E-02	1.21E-02	3.18E-04	8.24E-04	9.68E-03
UNG_boot.50	1.55E-03	7.01E-03	1.51E-02	1.64E-02	2.27E-03	4.66E-04	8.94E-03
UNG_boot.51	1.61E-03	8.50E-03	1.18E-02	1.78E-02	2.79E-03	0.00E+00	9.75E-04
UNG_boot.52	1.40E-03	1.13E-02	1.38E-02	1.79E-02	2.24E-03	0.00E+00	4.21E-03
UNG_boot.53	2.76E-03	8.04E-03	1.17E-02	1.29E-02	3.14E-03	2.16E-04	1.12E-02
UNG_boot.54	1.78E-03	1.01E-02	1.34E-02	1.55E-02	3.21E-03	0.00E+00	9.15E-03
UNG_boot.55	1.64E-03	1.17E-02	1.21E-02	1.71E-02	2.40E-03	1.01E-03	2.25E-03
UNG_boot.56	1.84E-03	1.04E-02	1.30E-02	1.66E-02	3.28E-03	4.77E-04	5.97E-03
UNG_boot.57	1.81E-03	7.52E-03	1.19E-02	1.57E-02	3.47E-03	1.89E-99	3.96E-03
UNG_boot.58	0.00E+00	1.16E-02	1.19E-02	1.99E-02	3.29E-03	8.95E-129	1.06E-34
UNG_boot.59	1.39E-03	8.04E-03	1.25E-02	1.57E-02	2.56E-03	1.28E-48	3.58E-03
UNG_boot.60	1.76E-03	8.47E-03	1.00E-02	1.21E-02	2.98E-03	0.00E+00	6.20E-03
UNG_boot.61	2.67E-03	9.54E-03	1.17E-02	1.82E-02	3.26E-03	1.55E-03	3.44E-04
UNG_boot.62	5.92E-74	1.11E-02	1.31E-02	1.58E-02	3.19E-03	1.96E-11	7.88E-03
UNG_boot.63	3.76E-03	8.45E-03	1.33E-02	1.87E-02	3.52E-03	0.00E+00	2.47E-03
UNG_boot.64	1.31E-03	1.17E-02	1.34E-02	1.64E-02	2.46E-03	3.18E-67	6.19E-03
UNG_boot.65	2.88E-81	6.30E-03	1.26E-02	1.48E-02	4.03E-03	8.63E-04	7.70E-03
UNG_boot.66	1.82E-03	6.93E-03	1.26E-02	1.60E-02	3.61E-03	0.00E+00	4.77E-03
UNG_boot.67	1.48E-03	7.11E-03	1.14E-02	1.66E-02	2.55E-03	5.63E-04	1.98E-03
UNG_boot.68	1.46E-03	7.08E-03	1.15E-02	1.65E-02	3.53E-03	0.00E+00	2.18E-03
UNG_boot.69	1.81E-03	9.43E-03	1.27E-02	1.87E-02	2.76E-03	0.00E+00	1.19E-04
UNG_boot.70	1.10E-03	1.21E-02	1.39E-02	1.56E-02	1.90E-03	1.44E-03	7.82E-03
UNG_boot.71	1.57E-03	6.91E-03	1.23E-02	1.45E-02	3.10E-03	3.50E-145	6.71E-03
UNG_boot.72	2.25E-03	1.11E-02	1.30E-02	1.68E-02	2.86E-03	2.67E-03	4.76E-03
UNG_boot.73	2.43E-03	6.80E-03	1.07E-02	1.50E-02	3.64E-03	1.78E-04	2.42E-03
UNG_boot.74	2.62E-03	7.90E-03	1.11E-02	1.76E-02	3.66E-03	1.97E-03	9.73E-04
UNG_boot.75	1.78E-03	9.84E-03	1.29E-02	1.92E-02	3.31E-03	0.00E+00	6.65E-05
UNG_boot.76	1.79E-03	8.17E-03	1.17E-02	1.39E-02	3.85E-03	0.00E+00	8.94E-03
UNG_boot.77	2.21E-03	6.47E-03	1.21E-02	1.61E-02	3.35E-03	2.17E-03	2.29E-03
UNG_boot.78	1.31E-03	1.14E-02	1.10E-02	1.49E-02	2.71E-03	9.37E-45	4.89E-03
UNG_boot.79	1.18E-03	7.57E-03	1.15E-02	1.34E-02	2.92E-03	1.10E-36	6.48E-03
UNG_boot.80	2.05E-03	1.24E-02	1.06E-02	1.52E-02	2.72E-03	0.00E+00	5.10E-03
UNG_boot.81	2.58E-03	7.27E-03	1.02E-02	1.31E-02	3.91E-03	3.12E-03	5.82E-03
UNG_boot.82	1.67E-03	6.52E-03	1.16E-02	1.52E-02	4.10E-03	0.00E+00	5.14E-03
UNG_boot.83	1.60E-03	1.11E-02	1.27E-02	1.81E-02	2.62E-03	0.00E+00	2.32E-03
UNG_boot.84	3.72E-03	9.94E-03	1.10E-02	1.25E-02	3.64E-03	0.00E+00	1.13E-02
UNG_boot.85	2.45E-03	7.20E-03	1.11E-02	1.29E-02	3.77E-03	2.04E-03	9.58E-03
UNG_boot.86	1.78E-03	8.12E-03	1.39E-02	1.99E-02	3.24E-03	0.00E+00	1.78E-03
UNG_boot.87	1.38E-03	8.29E-03	1.17E-02	1.69E-02	2.50E-03	3.66E-25	1.08E-03
UNG_boot.88	2.89E-04	7.71E-03	1.18E-02	1.36E-02	3.99E-03	0.00E+00	9.58E-03
UNG_boot.89	2.09E-03	7.78E-03	1.27E-02	1.64E-02	3.61E-03	0.00E+00	5.28E-03
UNG_boot.90	1.78E-03	1.18E-02	1.16E-02	1.31E-02	3.08E-03	0.00E+00	1.10E-02
UNG_boot.91	1.33E-03	8.07E-03	1.26E-02	1.80E-02	3.20E-03	1.36E-125	1.87E-03
UNG_boot.92	1.81E-03	9.88E-03	1.20E-02	1.59E-02	3.57E-03	0.00E+00	5.22E-03
UNG_boot.93	1.69E-03	9.89E-03	1.26E-02	1.62E-02	2.84E-03	0.00E+00	4.26E-03
UNG_boot.94	1.75E-03	8.19E-03	1.10E-02	1.38E-02	2.96E-03	0.00E+00	5.31E-03
UNG_boot.95	1.30E-03	9.16E-03	1.09E-02	1.39E-02	3.36E-03	0.00E+00	5.71E-03
UNG_boot.96	1.74E-03	7.21E-03	1.21E-02	1.62E-02	3.53E-03	0.00E+00	3.35E-03
UNG_boot.97	3.41E-03	1.01E-02	1.14E-02	1.43E-02	3.36E-03	9.39E-20	7.60E-03
UNG_boot.98	1.58E-03	9.00E-03	1.41E-02	1.63E-02	3.11E-03	7.03E-04	7.87E-03
UNG_boot.99	1.30E-03	9.75E-03	1.23E-02	1.56E-02	2.29E-03	0.00E+00	3.97E-03
UNG_boot.100	1.59E-03	7.77E-03	1.22E-02	1.75E-02	3.43E-03	1.22E-05	1.34E-70
UNG_boot.101	2.07E-03	1.06E-02	1.35E-02	1.69E-02	2.94E-03	1.97E-03	5.70E-03
UNG_boot.102	2.10E-03	1.16E-02	1.25E-02	1.60E-02	2.30E-03	6.44E-04	5.40E-03
UNG_boot.103	0.00E+00	1.01E-02	1.20E-02	1.34E-02	2.45E-03	0.00E+00	8.04E-03
UNG_boot.104	0.00E+00	8.90E-03	1.09E-02	1.30E-02	3.44E-03	0.00E+00	7.36E-03
UNG_boot.105	3.25E-03	8.54E-03	1.04E-02	1.22E-02	3.68E-03	0.00E+00	9.29E-03
UNG_boot.106	1.64E-03	5.91E-03	1.01E-02	1.21E-02	2.89E-03	0.00E+00	4.51E-03
UNG_boot.107	2.02E-03	6.28E-03	1.40E-02	1.78E-02	4.11E-03	0.00E+00	4.21E-03
UNG_boot.108	1.97E-03	9.72E-03	1.26E-02	1.59E-02	2.66E-03	0.00E+00	3.95E-03
UNG_boot.109	1.85E-03	6.92E-03	9.37E-03	1.03E-02	3.24E-03	2.80E-03	9.57E-03
UNG_boot.110	1.87E-03	1.01E-02	1.53E-02	2.04E-02	3.27E-03	0.00E+00	3.51E-03
UNG_boot.111	1.41E-03	1.04E-02	1.34E-02	1.67E-02	2.52E-03	0.00E+00	4.50E-03
UNG_boot.112	1.98E-03	8.16E-03	1.23E-02	1.72E-02	3.54E-03	0.00E+00	2.84E-03
UNG_boot.113	1.92E-03	7.42E-03	1.18E-02	1.67E-02	3.47E-03	0.00E+00	2.91E-03
UNG_boot.114	2.46E-03	6.50E-03	9.05E-03	9.61E-03	4.61E-03	0.00E+00	5.69E-03
UNG_boot.115	1.32E-03	6.73E-03	1.14E-02	1.42E-02	2.43E-03	3.32E-17	3.05E-03
UNG_boot.116	1.42E-03	7.13E-03	1.32E-02	1.56E-02	3.35E-03	0.00E+00	6.11E-03
UNG_boot.117	1.99E-03	5.83E-03	1.30E-02	1.64E-02	3.67E-03	2.59E-49	4.46E-03
UNG_boot.118	2.76E-03	9.06E-03	1.13E-02	1.31E-02	2.76E-03	1.14E-97	7.29E-03
UNG_boot.119	3.96E-03	6.05E-03	8.91E-03	1.09E-02	3.70E-03	5.92E-156	7.18E-03
UNG_boot.120	1.67E-03	3.83E-03	1.30E-02	1.67E-02	3.52E-03	9.38E-45	5.43E-03
UNG_boot.121	1.76E-03	4.59E-03	1.56E-02	2.03E-02	3.32E-03	0.00E+00	5.85E-03
UNG_boot.122	2.90E-03	8.84E-03	1.14E-02	1.38E-02	3.46E-03	0.00E+00	7.20E-03
UNG_boot.123	2.14E-03	7.82E-03	1.31E-02	1.58E-02	3.88E-03	0.00E+00	6.57E-03
UNG_boot.124	1.57E-03	7.36E-03	1.35E-02	1.66E-02	3.35E-03	6.59E-04	5.25E-03
UNG_boot.125	3.41E-07	1.12E-02	1.30E-02	1.34E-02	2.83E-03	0.00E+00	1.20E-02
UNG_boot.126	1.21E-03	1.17E-02	1.11E-02	1.45E-02	2.17E-03	4.24E-04	5.10E-03
UNG_boot.127	2.18E-03	4.88E-03	9.56E-03	1.20E-02	3.98E-03	0.00E+00	5.79E-03
UNG_boot.128	1.84E-03	4.72E-03	9.75E-03	1.30E-02	3.28E-03	1.24E-25	2.46E-03
UNG_boot.129	0.00E+00	1.17E-02	1.31E-02	1.63E-02	3.35E-03	0.00E+00	6.82E-03
UNG_boot.130	1.60E-03	7.39E-03	1.20E-02	1.43E-02	2.70E-03	6.53E-04	4.55E-03
UNG_boot.131	1.95E-03	7.16E-03	9.71E-03	1.38E-02	2.72E-03	0.00E+00	1.92E-03
UNG_boot.132	1.77E-03	8.13E-03	1.19E-02	1.62E-02	3.33E-03	0.00E+00	2.86E-03
UNG_boot.133	2.85E-03	6.01E-03	1.03E-02	1.23E-02	3.71E-03	1.76E-03	6.51E-03
UNG_boot.134	4.54E-03	8.48E-03	1.08E-02	1.28E-02	3.54E-03	0.00E+00	9.04E-03
UNG_boot.135	2.34E-03	8.34E-03	1.17E-02	1.45E-02	3.03E-03	0.00E+00	5.07E-03
UNG_boot.136	0.00E+00	9.70E-03	1.27E-02	1.34E-02	3.08E-03	3.76E-04	1.18E-02
UNG_boot.137	2.80E-03	7.22E-03	1.29E-02	1.61E-02	3.51E-03	1.69E-03	5.28E-03
UNG_boot.138	2.14E-03	7.71E-03	9.98E-03	1.14E-02	3.71E-03	0.00E+00	9.52E-03
UNG_boot.139	2.36E-03	1.02E-02	1.19E-02	1.22E-02	2.91E-03	2.92E-03	1.08E-02
UNG_boot.140	1.69E-03	4.70E-03	1.20E-02	1.60E-02	2.95E-03	1.43E-03	3.41E-03
UNG_boot.141	2.12E-03	6.77E-03	1.46E-02	1.91E-02	3.55E-03	0.00E+00	4.13E-03
UNG_boot.142	2.01E-03	6.50E-03	1.18E-02	1.38E-02	3.61E-03	0.00E+00	6.43E-03
UNG_boot.143	1.68E-03	8.91E-03	1.14E-02	1.84E-02	2.86E-03	0.00E+00	2.45E-03
UNG_boot.144	1.53E-03	5.37E-03	1.17E-02	1.55E-02	2.76E-03	0.00E+00	2.44E-03
UNG_boot.145	1.48E-03	7.40E-03	1.19E-02	1.52E-02	3.31E-03	0.00E+00	3.69E-03
UNG_boot.146	1.64E-03	9.95E-03	1.35E-02	1.66E-02	2.57E-03	1.12E-102	4.63E-03
UNG_boot.147	1.13E-03	7.24E-03	1.39E-02	1.92E-02	3.63E-03	0.00E+00	3.51E-03
UNG_boot.148	3.51E-03	8.09E-03	1.15E-02	1.39E-02	3.47E-03	0.00E+00	6.70E-03
UNG_boot.149	0.00E+00	6.68E-03	1.39E-02	1.64E-02	4.02E-03	0.00E+00	6.53E-03
UNG_boot.150	5.04E-03	9.11E-03	9.86E-03	1.30E-02	3.23E-03	0.00E+00	5.40E-03
UNG_boot.151	2.17E-03	1.43E-02	1.35E-02	1.66E-02	2.38E-03	1.90E-03	7.52E-03
UNG_boot.152	1.46E-03	7.25E-03	1.21E-02	1.61E-02	2.78E-03	4.91E-77	2.61E-03
UNG_boot.153	1.58E-03	6.16E-03	1.06E-02	1.45E-02	2.92E-03	0.00E+00	2.32E-03
UNG_boot.154	1.53E-03	9.44E-03	1.51E-02	1.77E-02	3.39E-03	1.56E-145	7.92E-03
UNG_real	1.12E-03	8.75E-03	1.56E-02	1.65E-02	3.44E-06	6.44E-04	5.31E-03
UNG_real.1	1.45E-03	8.85E-03	1.19E-02	1.54E-02	3.02E-03	3.63E-119	4.31E-03
UNG_real.2	1.59E-03	7.26E-03	1.20E-02	1.46E-02	3.23E-03	0.00E+00	5.01E-03
ATP2B4_boot	5.27E-03	1.32E-02	4.47E-03	1.00E-02	0.00E+00	7.05E-03	7.05E-03
ATP2B4_boot.1	1.34E-03	2.88E-03	0.00E+00	6.23E-03	4.76E-03	1.27E-03	8.37E-03
ATP2B4_boot.2	1.23E-03	9.90E-04	2.95E-03	1.66E-03	8.19E-04	7.33E-04	2.38E-03
ATP2B4_boot.3	0.00E+00	3.40E-03	0.00E+00	1.59E-02	1.90E-03	1.19E-03	2.02E-02
ATP2B4_boot.4	1.52E-03	1.10E-02	7.56E-03	1.04E-02	1.51E-03	7.51E-04	5.83E-03
ATP2B4_boot.5	0.00E+00	6.64E-03	2.61E-03	1.16E-02	2.17E-03	1.05E-03	2.03E-02
ATP2B4_boot.6	2.71E-93	2.89E-03	1.68E-03	1.07E-02	2.15E-03	8.08E-04	1.53E-02
ATP2B4_boot.7	8.06E-03	1.10E-02	4.68E-03	5.56E-03	0.00E+00	1.15E-02	8.50E-03
ATP2B4_boot.8	1.76E-03	2.86E-03	2.12E-28	1.08E-02	1.56E-03	2.29E-04	1.47E-02
ATP2B4_boot.9	1.54E-03	5.45E-03	4.84E-03	4.24E-03	1.20E-05	2.46E-03	4.94E-03
ATP2B4_boot.10	0.00E+00	4.79E-03	4.73E-03	1.30E-02	5.30E-04	3.78E-04	2.04E-02
ATP2B4_boot.11	5.73E-04	6.99E-03	3.95E-03	3.37E-03	1.55E-03	3.49E-04	6.69E-03
ATP2B4_boot.12	0.00E+00	7.48E-03	4.13E-03	1.44E-02	2.88E-03	4.13E-04	2.41E-02
ATP2B4_boot.13	7.42E-153	4.96E-03	0.00E+00	1.23E-02	3.60E-03	8.83E-04	1.80E-02
ATP2B4_boot.14	0.00E+00	1.58E-03	2.55E-03	1.74E-02	2.71E-03	1.36E-03	2.01E-02
ATP2B4_boot.15	3.03E-03	1.47E-02	3.89E-03	1.67E-02	1.23E-03	2.19E-03	7.83E-03
ATP2B4_boot.16	1.31E-03	7.16E-03	5.46E-04	6.99E-03	3.36E-03	6.55E-04	1.48E-02
ATP2B4_boot.17	1.03E-03	2.88E-03	4.63E-03	7.78E-03	3.25E-04	1.08E-03	4.78E-03
ATP2B4_boot.18	2.12E-03	1.78E-03	1.77E-03	1.52E-02	2.49E-03	1.39E-03	1.80E-02
ATP2B4_boot.19	7.94E-04	1.97E-03	4.41E-03	3.57E-03	9.15E-04	1.03E-03	3.29E-03
ATP2B4_boot.20	1.44E-03	1.15E-02	3.42E-03	6.83E-03	1.46E-03	6.42E-04	2.10E-02
ATP2B4_boot.21	4.34E-125	1.13E-02	5.20E-03	4.50E-03	0.00E+00	1.42E-03	1.03E-02
ATP2B4_boot.22	1.26E-03	4.20E-03	5.74E-03	8.63E-03	1.23E-03	1.50E-03	4.26E-03
ATP2B4_boot.23	1.47E-03	9.93E-03	3.87E-03	8.16E-03	2.30E-03	5.96E-04	2.02E-02
ATP2B4_boot.24	1.66E-03	1.16E-02	5.05E-03	8.72E-03	1.42E-03	1.38E-03	6.51E-03
ATP2B4_boot.25	8.98E-04	1.00E-02	3.15E-03	3.07E-03	7.93E-04	1.02E-03	1.46E-02
ATP2B4_boot.26	2.99E-03	2.74E-03	3.14E-03	2.07E-02	3.01E-03	4.97E-04	2.63E-02
ATP2B4_boot.27	3.42E-04	5.47E-03	0.00E+00	9.10E-03	1.59E-03	5.83E-04	1.52E-02
ATP2B4_boot.28	0.00E+00	8.28E-03	9.20E-04	9.15E-03	1.86E-03	3.22E-04	1.86E-02
ATP2B4_boot.29	7.28E-03	1.05E-02	8.23E-03	1.48E-02	0.00E+00	1.01E-02	4.12E-03
ATP2B4_boot.30	1.71E-03	7.98E-03	6.96E-03	1.29E-02	1.07E-03	1.56E-03	4.94E-03
ATP2B4_boot.31	2.38E-03	7.74E-03	2.15E-03	1.27E-02	2.08E-03	9.54E-04	2.25E-02
ATP2B4_boot.32	1.57E-03	1.08E-02	4.76E-03	7.21E-03	1.05E-03	1.13E-03	6.73E-03
ATP2B4_boot.33	1.64E-03	7.99E-03	6.55E-03	1.30E-02	1.34E-03	1.09E-03	6.15E-03
ATP2B4_boot.34	3.04E-04	1.22E-02	4.45E-03	2.04E-03	0.00E+00	1.48E-03	1.43E-02
ATP2B4_boot.35	1.08E-03	9.15E-03	0.00E+00	8.01E-03	4.10E-03	1.41E-03	1.77E-02
ATP2B4_boot.36	2.76E-03	4.28E-03	5.24E-03	5.01E-03	0.00E+00	1.93E-03	1.13E-02
ATP2B4_boot.37	1.60E-03	1.04E-03	2.50E-03	7.05E-03	5.29E-03	2.35E-03	8.96E-03
ATP2B4_boot.38	1.12E-03	1.80E-03	6.25E-03	6.30E-03	1.32E-03	1.16E-03	1.26E-03
ATP2B4_boot.39	1.45E-03	5.19E-03	1.12E-07	9.15E-03	1.98E-03	9.21E-04	1.53E-02
ATP2B4_boot.40	2.71E-46	1.02E-02	4.90E-03	1.78E-03	0.00E+00	8.33E-04	1.24E-02
ATP2B4_boot.41	1.67E-03	9.46E-03	0.00E+00	1.05E-02	3.35E-03	7.98E-04	2.10E-02
ATP2B4_boot.42	2.22E-04	5.62E-03	2.84E-03	1.08E-02	1.86E-03	5.01E-04	1.88E-02
ATP2B4_boot.43	1.76E-03	1.58E-03	1.98E-03	8.52E-03	1.81E-03	6.58E-04	1.19E-02
ATP2B4_boot.44	0.00E+00	3.21E-03	2.07E-03	5.43E-03	1.85E-03	8.17E-04	9.95E-03
ATP2B4_boot.45	1.69E-03	5.57E-03	7.12E-03	8.25E-03	8.80E-114	1.54E-03	2.90E-03
ATP2B4_boot.46	1.21E-03	4.08E-03	4.35E-03	7.53E-03	7.35E-04	7.32E-04	4.48E-03
ATP2B4_boot.47	0.00E+00	1.41E-02	5.14E-03	3.16E-03	1.56E-03	6.44E-04	1.98E-02
ATP2B4_boot.48	2.59E-31	6.78E-03	0.00E+00	1.73E-02	2.24E-03	8.47E-04	2.55E-02
ATP2B4_boot.49	1.08E-03	3.93E-03	0.00E+00	5.17E-03	1.11E-02	4.92E-03	8.42E-03
ATP2B4_boot.50	4.47E-04	7.36E-03	1.60E-03	3.59E-03	1.56E-03	4.64E-04	1.14E-02
ATP2B4_boot.51	6.24E-04	1.46E-03	2.41E-03	1.43E-02	2.17E-03	7.76E-04	1.77E-02
ATP2B4_boot.52	1.64E-03	6.43E-03	5.27E-03	1.33E-02	1.84E-03	1.17E-03	8.34E-03
ATP2B4_boot.53	1.95E-03	2.30E-03	2.31E-03	1.03E-02	1.57E-03	6.33E-04	1.48E-02
ATP2B4_boot.54	1.17E-03	1.84E-03	1.84E-03	3.39E-03	1.25E-03	5.61E-04	6.21E-03
ATP2B4_boot.55	0.00E+00	7.18E-03	4.06E-03	1.26E-02	2.16E-03	4.41E-04	2.30E-02
ATP2B4_boot.56	1.30E-03	1.04E-02	2.68E-03	7.63E-03	1.46E-03	6.91E-04	1.96E-02
ATP2B4_boot.57	4.38E-03	5.69E-03	4.89E-03	7.14E-03	1.72E-108	6.85E-03	5.06E-03
ATP2B4_boot.58	1.04E-03	1.14E-02	2.69E-03	5.87E-03	1.63E-03	5.98E-04	1.89E-02
ATP2B4_boot.59	3.23E-03	1.07E-02	7.68E-03	1.93E-02	0.00E+00	2.88E-03	7.33E-03
ATP2B4_boot.60	1.24E-03	9.84E-03	2.91E-03	7.17E-03	1.79E-03	5.97E-04	1.92E-02
ATP2B4_boot.61	1.37E-03	3.16E-03	4.43E-03	1.06E-02	7.59E-04	1.35E-03	9.38E-03
ATP2B4_boot.62	3.29E-03	1.01E-02	7.17E-03	1.11E-02	0.00E+00	2.71E-03	4.18E-03
ATP2B4_boot.63	3.03E-03	5.36E-03	6.55E-03	8.53E-03	1.52E-03	5.22E-03	2.41E-03
ATP2B4_boot.64	1.72E-03	7.68E-03	5.56E-03	6.21E-03	6.59E-96	1.84E-03	5.48E-03
ATP2B4_boot.65	1.99E-03	5.92E-03	6.42E-03	8.46E-03	1.37E-06	1.38E-03	3.69E-03
ATP2B4_boot.66	2.37E-03	1.47E-02	6.27E-03	1.29E-02	1.42E-05	2.93E-03	6.67E-03
ATP2B4_boot.67	1.82E-03	1.35E-02	6.25E-03	8.44E-03	6.90E-04	1.62E-03	9.29E-03
ATP2B4_boot.68	1.75E-03	1.38E-02	6.33E-03	1.21E-02	1.03E-04	7.61E-04	6.88E-03
ATP2B4_boot.69	5.52E-04	2.71E-03	4.17E-03	1.94E-03	8.05E-04	8.42E-04	4.55E-03
ATP2B4_boot.70	0.00E+00	6.32E-03	3.92E-03	1.75E-02	2.73E-03	8.01E-04	2.68E-02
ATP2B4_boot.71	0.00E+00	6.04E-03	3.92E-03	4.09E-03	9.68E-04	5.32E-04	1.26E-02
ATP2B4_boot.72	2.38E-03	8.88E-03	5.05E-03	7.09E-03	8.61E-104	3.87E-03	5.43E-03
ATP2B4_boot.73	0.00E+00	3.20E-03	1.19E-03	6.58E-03	1.98E-03	1.16E-03	1.03E-02
ATP2B4_boot.74	2.14E-03	1.04E-02	0.00E+00	1.32E-02	4.77E-03	1.26E-03	2.44E-02
ATP2B4_boot.75	2.56E-03	8.01E-03	7.11E-03	9.40E-03	1.08E-03	4.07E-03	3.42E-03
ATP2B4_boot.76	2.17E-03	1.24E-02	2.52E-160	8.52E-03	9.53E-03	3.45E-03	2.07E-02
ATP2B4_boot.77	1.64E-03	1.15E-02	5.03E-03	6.06E-03	0.00E+00	2.06E-03	8.87E-03
ATP2B4_boot.78	1.67E-03	6.31E-03	1.49E-03	1.13E-02	1.96E-03	8.57E-04	1.92E-02
ATP2B4_boot.79	0.00E+00	5.74E-03	2.70E-03	1.21E-02	1.89E-03	3.96E-04	1.99E-02
ATP2B4_boot.80	1.88E-03	5.49E-03	4.24E-03	5.87E-03	0.00E+00	1.59E-03	1.36E-02
ATP2B4_boot.81	1.80E-03	1.33E-02	0.00E+00	5.16E-03	8.18E-03	2.12E-03	1.49E-02
ATP2B4_boot.82	3.79E-03	9.92E-03	5.65E-03	9.99E-03	0.00E+00	3.40E-03	5.14E-03
ATP2B4_boot.83	1.62E-03	5.88E-03	5.09E-03	1.21E-02	1.89E-03	8.05E-04	7.96E-03
ATP2B4_boot.84	2.17E-03	5.22E-03	7.52E-03	1.55E-02	6.74E-44	2.36E-03	9.03E-03
ATP2B4_boot.85	1.97E-71	3.55E-03	5.77E-03	3.85E-03	3.09E-06	5.46E-04	7.11E-03
ATP2B4_boot.86	1.52E-03	5.86E-03	7.38E-03	1.37E-02	1.29E-05	1.45E-03	6.82E-03
ATP2B4_boot.87	0.00E+00	1.29E-02	3.03E-03	1.25E-02	4.05E-03	7.91E-04	2.69E-02
ATP2B4_boot.88	6.93E-04	1.42E-03	1.40E-03	1.41E-02	2.21E-03	7.41E-04	1.64E-02
ATP2B4_boot.89	1.43E-03	5.73E-03	1.94E-03	9.41E-03	1.86E-03	7.96E-04	1.70E-02
ATP2B4_boot.90	2.41E-03	1.40E-02	5.73E-03	8.35E-03	2.27E-150	2.08E-03	9.11E-03
ATP2B4_boot.91	1.11E-03	3.37E-03	2.96E-03	9.95E-03	1.61E-03	5.36E-04	1.60E-02
ATP2B4_boot.92	9.24E-04	4.35E-03	4.46E-03	3.98E-03	4.23E-04	1.20E-03	3.73E-03
ATP2B4_boot.93	2.47E-03	1.32E-02	6.53E-03	1.20E-02	1.60E-03	1.85E-03	5.94E-03
ATP2B4_boot.94	0.00E+00	1.40E-03	2.96E-03	1.37E-02	2.21E-03	7.18E-04	1.54E-02
ATP2B4_boot.95	7.06E-38	1.10E-02	6.42E-03	1.25E-02	0.00E+00	1.72E-03	5.96E-03
ATP2B4_boot.96	2.67E-03	5.09E-03	0.00E+00	1.33E-02	2.06E-03	1.24E-03	1.96E-02
ATP2B4_boot.97	0.00E+00	7.22E-03	0.00E+00	1.08E-02	5.68E-03	1.99E-03	1.89E-02
ATP2B4_boot.98	6.05E-04	1.33E-02	3.94E-03	1.18E-02	5.50E-03	1.08E-03	7.99E-03
ATP2B4_boot.99	0.00E+00	7.19E-03	1.76E-03	3.35E-03	5.72E-03	1.60E-03	9.35E-03
ATP2B4_boot.100	2.04E-03	7.85E-03	5.65E-03	6.79E-03	1.66E-05	2.71E-03	6.04E-03
ATP2B4_boot.101	3.39E-03	1.22E-02	7.27E-03	1.77E-02	0.00E+00	2.73E-03	7.25E-03
ATP2B4_boot.102	2.06E-03	5.13E-03	5.40E-03	7.25E-03	3.93E-142	1.88E-03	4.79E-03
ATP2B4_boot.103	4.55E-04	7.03E-03	2.80E-03	1.75E-03	1.88E-03	4.05E-04	9.14E-03
ATP2B4_boot.104	1.02E-03	5.84E-03	4.50E-03	4.61E-03	5.57E-91	1.33E-03	5.47E-03
ATP2B4_boot.105	1.17E-03	2.92E-03	4.97E-03	2.98E-03	5.58E-158	1.71E-03	5.41E-03
ATP2B4_boot.106	2.66E-03	8.53E-03	5.78E-03	1.66E-02	0.00E+00	1.26E-03	9.84E-03
ATP2B4_boot.107	9.37E-04	7.95E-03	5.07E-03	6.36E-03	0.00E+00	0.00E+00	5.97E-03
ATP2B4_boot.108	8.29E-04	2.31E-03	1.97E-03	2.33E-03	9.98E-04	5.18E-04	6.51E-03
ATP2B4_boot.109	1.01E-03	4.75E-03	4.93E-03	9.44E-03	1.33E-03	9.68E-131	6.90E-03
ATP2B4_boot.110	6.64E-04	1.12E-02	3.28E-03	2.95E-03	2.71E-03	3.62E-04	1.40E-02
ATP2B4_boot.111	1.44E-03	7.97E-03	4.49E-03	1.07E-02	1.70E-03	5.12E-04	6.64E-03
ATP2B4_boot.112	5.48E-04	9.67E-03	4.44E-92	3.84E-03	2.53E-03	3.80E-04	1.11E-02
ATP2B4_boot.113	1.12E-37	8.76E-03	6.72E-03	4.55E-03	0.00E+00	1.27E-03	9.54E-03
ATP2B4_boot.114	8.14E-04	5.41E-03	6.97E-03	8.76E-03	7.24E-89	5.12E-04	3.94E-03
ATP2B4_boot.115	4.63E-04	4.13E-03	3.23E-03	1.77E-03	5.63E-12	1.18E-03	5.66E-03
ATP2B4_boot.116	3.48E-03	4.94E-03	5.77E-03	1.20E-02	0.00E+00	2.76E-03	9.09E-03
ATP2B4_boot.117	1.54E-03	1.61E-03	1.73E-03	6.31E-03	1.41E-03	3.86E-04	9.52E-03
ATP2B4_boot.118	5.47E-03	6.61E-03	5.27E-03	1.14E-02	0.00E+00	6.05E-03	8.08E-03
ATP2B4_boot.119	1.09E-03	1.33E-02	2.01E-03	7.04E-03	7.68E-03	2.36E-03	1.06E-02
ATP2B4_boot.120	2.38E-11	1.08E-02	3.51E-03	7.19E-03	1.21E-03	9.07E-04	8.03E-03
ATP2B4_boot.121	1.84E-04	6.10E-03	1.32E-03	2.83E-03	1.00E-03	2.02E-04	7.96E-03
ATP2B4_boot.122	6.90E-04	1.11E-02	2.57E-03	3.85E-03	4.47E-03	9.98E-04	1.23E-02
ATP2B4_boot.123	1.42E-03	9.28E-03	6.15E-03	8.21E-03	1.20E-05	1.36E-03	5.78E-03
ATP2B4_boot.124	8.22E-04	1.04E-02	2.69E-03	2.13E-03	1.27E-03	1.03E-49	1.25E-02
ATP2B4_boot.125	8.95E-04	3.22E-03	1.52E-47	5.29E-03	1.02E-03	4.83E-04	8.85E-03
ATP2B4_boot.126	4.59E-04	7.08E-03	2.15E-03	3.75E-03	4.27E-03	1.05E-03	1.13E-02
ATP2B4_boot.127	1.89E-03	1.18E-02	7.89E-03	1.01E-02	1.75E-03	2.78E-03	6.59E-03
ATP2B4_boot.128	4.01E-03	1.07E-02	6.72E-03	1.97E-02	1.05E-156	3.32E-03	9.06E-03
ATP2B4_boot.129	3.73E-03	1.04E-02	5.32E-03	6.58E-03	0.00E+00	4.53E-03	8.03E-03
ATP2B4_boot.130	1.17E-03	9.14E-03	2.54E-03	6.15E-03	1.43E-03	4.75E-04	1.74E-02
ATP2B4_boot.131	8.03E-04	5.20E-03	1.67E-03	5.00E-03	1.28E-03	4.72E-04	1.16E-02
ATP2B4_boot.132	3.24E-03	9.02E-03	6.04E-03	4.34E-03	0.00E+00	4.72E-03	9.80E-03
ATP2B4_boot.133	4.08E-03	9.16E-03	8.68E-03	1.89E-02	0.00E+00	4.72E-03	7.98E-03
ATP2B4_boot.134	1.94E-03	1.37E-02	3.87E-03	1.19E-02	1.25E-03	1.38E-03	7.95E-03
ATP2B4_boot.135	9.31E-04	2.68E-03	4.55E-03	5.58E-03	9.97E-04	1.07E-03	5.00E-03
ATP2B4_boot.136	6.86E-04	7.88E-03	3.21E-03	3.90E-03	6.55E-03	1.97E-03	1.21E-02
ATP2B4_boot.137	2.34E-03	1.18E-02	8.43E-03	1.35E-02	4.41E-46	2.29E-03	5.70E-03
ATP2B4_boot.138	5.03E-04	9.69E-03	3.04E-03	2.42E-03	3.60E-03	1.05E-03	1.27E-02
ATP2B4_boot.139	1.53E-03	1.27E-02	5.19E-03	1.17E-02	1.40E-03	0.00E+00	7.23E-03
ATP2B4_boot.140	1.01E-03	7.32E-03	2.60E-03	4.52E-03	3.93E-03	1.25E-03	1.35E-02
ATP2B4_boot.141	1.38E-03	1.18E-02	2.49E-03	4.61E-03	2.23E-04	1.25E-03	1.10E-02
ATP2B4_boot.142	9.45E-04	1.29E-02	3.94E-03	6.43E-03	1.89E-03	7.61E-04	1.00E-02
ATP2B4_boot.143	1.46E-04	5.30E-03	1.72E-03	2.16E-03	1.42E-03	3.99E-04	8.12E-03
ATP2B4_boot.144	1.32E-03	1.20E-02	3.79E-05	7.37E-03	3.67E-03	8.00E-04	9.16E-03
ATP2B4_boot.145	5.09E-04	7.12E-03	3.25E-03	1.41E-03	2.51E-03	7.74E-04	9.58E-03
ATP2B4_boot.146	5.35E-04	3.10E-03	4.09E-03	4.66E-03	5.98E-04	0.00E+00	4.07E-03
ATP2B4_boot.147	3.82E-04	4.78E-03	1.80E-03	2.28E-03	9.27E-04	3.76E-04	5.48E-03
ATP2B4_boot.148	7.96E-04	1.56E-02	1.84E-06	5.67E-03	3.20E-03	6.59E-04	2.06E-02
ATP2B4_boot.149	1.44E-03	4.96E-03	5.78E-03	9.51E-03	2.10E-06	1.52E-03	5.77E-03
ATP2B4_boot.150	7.34E-04	1.10E-02	1.71E-03	5.39E-03	4.46E-03	8.23E-04	9.14E-03
ATP2B4_boot.151	9.43E-04	1.29E-02	2.76E-03	6.27E-03	1.91E-03	7.00E-04	1.06E-02
ATP2B4_boot.152	5.73E-04	5.91E-03	1.33E-03	3.64E-03	1.11E-03	3.41E-04	1.04E-02
ATP2B4_boot.153	1.10E-03	1.16E-02	3.18E-03	4.04E-03	1.09E-03	1.38E-03	1.15E-02
ATP2B4_boot.154	1.03E-03	1.28E-02	2.11E-03	6.67E-03	1.60E-03	4.10E-137	9.62E-03
ATP2B4_boot.155	2.35E-03	1.36E-02	4.83E-03	6.61E-03	5.65E-136	1.95E-03	1.04E-02
ATP2B4_boot.156	2.07E-03	1.11E-02	6.18E-03	1.37E-02	5.48E-03	8.58E-04	8.29E-03
ATP2B4_boot.157	7.22E-04	3.54E-03	5.10E-03	3.80E-03	9.29E-04	9.59E-04	4.21E-03
ATP2B4_boot.158	1.60E-03	8.39E-03	4.26E-03	6.34E-03	0.00E+00	1.32E-03	6.08E-03
ATP2B4_boot.159	9.55E-04	1.22E-02	4.76E-03	5.83E-03	1.55E-03	1.07E-03	9.50E-03
ATP2B4_boot.160	7.33E-04	3.18E-03	2.40E-03	3.25E-03	1.09E-03	4.27E-04	8.66E-03
ATP2B4_boot.161	3.91E-03	5.99E-03	6.28E-03	1.34E-02	3.51E-31	5.10E-03	8.97E-03
ATP2B4_boot.162	1.01E-03	1.08E-02	3.40E-03	2.81E-03	1.57E-03	6.92E-04	1.15E-02
ATP2B4_boot.163	5.58E-04	4.38E-03	2.03E-03	1.50E-03	9.02E-04	1.62E-10	5.94E-03
ATP2B4_boot.164	4.51E-04	8.31E-03	2.17E-03	3.60E-03	4.40E-03	1.22E-03	1.10E-02
ATP2B4_boot.165	2.03E-03	9.15E-03	6.14E-03	1.17E-02	9.03E-06	1.54E-03	6.40E-03
ATP2B4_boot.166	5.26E-03	8.91E-03	4.16E-03	6.85E-03	0.00E+00	6.50E-03	6.52E-03
ATP2B4_boot.167	1.36E-03	7.85E-03	2.17E-24	6.53E-03	1.54E-03	1.29E-03	1.50E-02
ATP2B4_boot.168	3.16E-03	7.27E-03	7.39E-03	1.56E-02	1.89E-04	3.51E-03	9.17E-03
ATP2B4_boot.169	1.85E-03	5.06E-03	5.54E-03	1.07E-02	1.23E-66	1.65E-03	6.94E-03
ATP2B4_boot.170	8.40E-04	8.05E-03	2.14E-03	6.12E-03	1.65E-03	3.41E-04	6.23E-03
ATP2B4_boot.171	3.00E-03	5.79E-03	5.58E-03	1.52E-02	2.52E-139	3.12E-03	1.24E-02
ATP2B4_boot.172	2.46E-03	8.33E-03	5.63E-03	1.45E-02	6.81E-04	1.75E-03	9.63E-03
ATP2B4_boot.173	3.51E-03	1.29E-02	8.65E-03	1.81E-02	0.00E+00	5.74E-04	7.77E-03
ATP2B4_boot.174	6.14E-04	8.57E-03	6.16E-09	3.42E-03	1.19E-03	4.77E-04	1.02E-02
ATP2B4_boot.175	1.06E-03	8.04E-03	3.67E-03	7.07E-03	4.13E-03	1.08E-03	6.42E-03
ATP2B4_boot.176	1.57E-03	9.97E-03	3.35E-03	3.18E-03	1.21E-03	3.10E-03	1.00E-02
ATP2B4_boot.177	2.96E-03	8.06E-03	7.07E-03	1.53E-02	0.00E+00	2.89E-03	8.22E-03
ATP2B4_boot.178	0.00E+00	1.36E-02	1.32E-13	7.53E-03	3.90E-03	1.29E-03	2.15E-02
ATP2B4_boot.179	1.98E-03	8.88E-03	8.71E-03	1.38E-02	1.46E-04	1.51E-03	5.59E-03
ATP2B4_boot.180	0.00E+00	9.97E-03	5.83E-03	7.96E-03	1.47E-03	7.11E-04	6.59E-03
ATP2B4_boot.181	1.09E-03	1.64E-02	1.31E-03	6.46E-03	2.39E-03	1.11E-03	1.48E-02
ATP2B4_boot.182	0.00E+00	2.17E-03	5.60E-03	3.74E-03	9.01E-04	5.55E-04	3.95E-03
ATP2B4_boot.183	1.24E-03	1.01E-02	2.83E-126	6.13E-03	3.42E-03	9.90E-04	1.61E-02
ATP2B4_boot.184	1.45E-03	8.73E-03	6.62E-03	9.64E-03	1.90E-03	1.24E-03	5.25E-03
ATP2B4_boot.185	8.75E-04	5.82E-03	1.93E-43	3.45E-03	1.51E-03	7.26E-04	8.76E-03
ATP2B4_boot.186	1.47E-03	1.07E-02	5.64E-03	1.03E-02	2.14E-04	1.60E-03	5.75E-03
ATP2B4_boot.187	2.85E-03	1.47E-02	7.23E-03	1.55E-02	2.20E-03	3.62E-03	6.76E-03
ATP2B4_boot.188	7.30E-04	9.55E-03	2.61E-03	2.22E-03	5.08E-04	8.60E-04	1.21E-02
ATP2B4_boot.189	1.01E-03	6.97E-03	6.15E-03	7.87E-03	1.79E-03	1.12E-03	5.37E-03
ATP2B4_boot.190	9.77E-04	4.79E-03	1.45E-03	2.94E-03	1.12E-03	7.40E-06	8.47E-03
ATP2B4_boot.191	1.05E-03	1.19E-02	7.52E-134	4.93E-03	3.81E-03	7.99E-04	1.20E-02
ATP2B4_boot.192	7.84E-04	7.79E-03	2.03E-03	5.87E-03	3.43E-03	5.17E-04	6.73E-03
ATP2B4_boot.193	1.27E-05	2.62E-03	7.13E-03	8.95E-03	1.02E-03	2.91E-04	4.90E-03
ATP2B4_boot.194	1.46E-03	9.16E-03	5.30E-03	9.65E-03	9.93E-04	1.71E-03	5.49E-03
ATP2B4_boot.195	2.16E-03	1.03E-02	4.25E-03	2.16E-03	3.20E-79	3.04E-03	1.19E-02
ATP2B4_boot.196	2.21E-03	6.61E-03	5.18E-03	6.20E-03	1.49E-03	1.58E-03	1.50E-02
ATP2B4_boot.197	3.06E-03	2.32E-03	5.27E-03	1.97E-02	3.07E-03	0.00E+00	2.36E-02
ATP2B4_boot.198	1.65E-03	8.97E-03	4.58E-03	4.59E-03	7.02E-04	1.34E-03	7.40E-03
ATP2B4_boot.199	8.33E-04	2.45E-03	0.00E+00	2.11E-03	3.35E-05	1.24E-03	3.59E-03
ATP2B4_boot.200	4.13E-03	7.38E-03	5.87E-03	1.87E-02	4.79E-03	1.02E-03	1.91E-02
ATP2B4_boot.201	2.27E-03	6.61E-03	3.14E-03	1.43E-02	1.95E-03	1.11E-03	2.41E-02
ATP2B4_boot.202	1.89E-03	3.32E-03	3.30E-03	2.80E-03	7.12E-04	7.40E-04	2.47E-03
ATP2B4_boot.203	9.70E-04	5.68E-03	2.20E-03	2.88E-03	9.56E-04	5.25E-04	2.96E-03
ATP2B4_boot.204	0.00E+00	1.67E-02	6.03E-03	8.42E-03	2.30E-03	1.09E-03	1.19E-02
ATP2B4_boot.205	3.62E-03	5.04E-03	5.02E-03	1.80E-02	1.26E-04	3.31E-03	2.44E-02
ATP2B4_boot.206	4.07E-03	7.71E-03	4.83E-03	1.99E-02	4.34E-03	0.00E+00	1.82E-02
ATP2B4_boot.207	3.96E-03	3.26E-03	4.05E-03	1.58E-02	3.44E-03	0.00E+00	2.18E-02
ATP2B4_boot.208	1.59E-03	4.31E-03	3.90E-03	1.26E-02	1.07E-03	1.09E-03	1.59E-02
ATP2B4_boot.209	0.00E+00	7.77E-03	4.49E-03	2.22E-02	4.09E-03	8.77E-04	1.97E-02
ATP2B4_boot.210	3.17E-03	1.20E-03	4.73E-03	2.09E-02	4.26E-03	0.00E+00	2.38E-02
ATP2B4_boot.211	0.00E+00	5.23E-03	2.37E-03	8.82E-03	2.56E-07	1.60E-04	5.87E-03
ATP2B4_boot.212	0.00E+00	7.65E-03	5.41E-03	7.28E-03	0.00E+00	1.31E-03	4.60E-03
ATP2B4_boot.213	0.00E+00	1.49E-02	4.15E-03	6.61E-03	0.00E+00	8.21E-03	1.22E-02
ATP2B4_boot.214	3.19E-03	4.43E-03	4.87E-03	1.61E-02	3.51E-03	2.46E-12	2.27E-02
ATP2B4_boot.215	0.00E+00	5.00E-03	1.00E-04	1.37E-02	8.02E-04	7.03E-04	1.05E-02
ATP2B4_boot.216	3.09E-03	7.12E-03	6.95E-03	8.69E-03	4.34E-03	0.00E+00	1.30E-02
ATP2B4_boot.217	2.44E-03	0.00E+00	4.34E-03	1.97E-02	3.27E-03	1.48E-03	2.27E-02
ATP2B4_boot.218	3.87E-09	5.49E-03	3.35E-03	5.54E-03	1.13E-03	6.03E-04	8.92E-03
ATP2B4_boot.219	0.00E+00	5.42E-03	1.03E-02	7.79E-03	3.11E-03	2.06E-04	1.56E-02
ATP2B4_boot.220	2.23E-03	6.82E-03	4.04E-03	1.49E-02	2.12E-03	0.00E+00	2.51E-02
ATP2B4_boot.221	3.21E-03	6.53E-03	3.01E-03	2.66E-02	2.95E-05	0.00E+00	2.64E-02
ATP2B4_boot.222	7.80E-04	1.62E-03	3.55E-03	6.41E-03	1.57E-03	1.17E-04	7.41E-03
ATP2B4_boot.223	4.97E-04	9.85E-03	5.61E-03	3.80E-03	4.78E-95	2.90E-99	1.02E-02
ATP2B4_boot.224	1.59E-03	3.27E-03	1.78E-03	5.96E-03	1.52E-03	5.40E-04	4.62E-03
ATP2B4_boot.225	1.41E-03	4.62E-03	3.48E-03	9.88E-03	1.77E-03	1.09E-03	7.68E-03
ATP2B4_boot.226	3.04E-03	5.22E-03	5.28E-03	1.48E-02	3.11E-03	0.00E+00	2.26E-02
ATP2B4_boot.227	1.35E-03	8.84E-03	1.45E-03	7.73E-03	2.21E-03	1.05E-03	1.74E-03
ATP2B4_boot.228	2.56E-03	5.33E-03	4.36E-03	1.50E-02	3.00E-03	0.00E+00	2.41E-02
ATP2B4_boot.229	2.33E-03	6.72E-03	4.02E-03	1.41E-02	2.19E-03	9.24E-04	2.48E-02
ATP2B4_boot.230	4.41E-03	3.18E-03	7.52E-03	1.67E-02	5.67E-03	0.00E+00	2.38E-02
ATP2B4_boot.231	1.16E-03	4.34E-03	2.58E-03	2.44E-03	9.73E-04	6.66E-04	8.86E-03
ATP2B4_boot.232	1.96E-03	3.42E-03	3.69E-03	9.25E-03	2.89E-03	0.00E+00	9.03E-03
ATP2B4_boot.233	1.06E-03	6.46E-03	3.33E-03	3.52E-03	5.07E-08	8.17E-04	5.59E-03
ATP2B4_boot.234	5.99E-04	2.33E-03	1.88E-03	1.35E-03	1.07E-03	6.54E-04	4.41E-03
ATP2B4_boot.235	4.68E-04	2.94E-03	2.24E-03	1.68E-03	3.37E-04	1.04E-03	4.63E-03
ATP2B4_boot.236	0.00E+00	3.82E-03	6.41E-03	3.31E-03	0.00E+00	9.77E-04	8.10E-03
ATP2B4_boot.237	0.00E+00	7.41E-03	4.63E-03	1.66E-02	9.28E-87	0.00E+00	2.80E-02
ATP2B4_boot.238	4.92E-03	1.35E-03	6.95E-03	2.10E-02	3.03E-03	0.00E+00	2.88E-02
ATP2B4_boot.239	4.57E-03	0.00E+00	4.48E-03	2.10E-02	4.37E-03	0.00E+00	2.51E-02
ATP2B4_boot.240	0.00E+00	1.31E-03	2.45E-03	4.74E-03	2.65E-03	1.75E-03	7.45E-03
ATP2B4_boot.241	2.50E-03	4.31E-03	5.06E-03	1.74E-02	1.36E-03	1.41E-03	2.40E-02
ATP2B4_boot.242	1.21E-03	1.56E-03	1.40E-03	8.99E-04	7.61E-04	6.14E-04	2.75E-03
ATP2B4_boot.243	0.00E+00	9.52E-03	3.92E-03	1.26E-02	1.75E-03	0.00E+00	2.54E-02
ATP2B4_boot.244	2.26E-03	5.52E-03	5.76E-03	1.43E-02	1.37E-04	0.00E+00	2.20E-02
ATP2B4_boot.245	2.16E-03	2.16E-03	4.12E-03	1.24E-02	2.43E-03	2.39E-76	1.54E-02
ATP2B4_boot.246	1.28E-03	3.21E-03	3.82E-03	9.54E-03	1.29E-04	1.73E-03	9.58E-03
ATP2B4_boot.247	1.51E-03	7.52E-03	4.53E-03	9.97E-03	1.96E-03	4.93E-63	2.05E-02
ATP2B4_boot.248	2.77E-03	2.61E-03	2.40E-03	9.52E-03	2.09E-03	1.29E-03	9.28E-03
ATP2B4_boot.249	3.16E-03	3.01E-03	4.45E-03	1.62E-02	3.58E-03	6.12E-131	2.23E-02
ATP2B4_boot.250	0.00E+00	5.12E-03	3.82E-03	8.15E-03	1.80E-03	6.01E-04	6.47E-03
ATP2B4_boot.251	3.53E-03	0.00E+00	4.97E-03	1.93E-02	4.31E-03	0.00E+00	2.31E-02
ATP2B4_boot.252	7.98E-06	1.59E-03	8.20E-03	3.33E-03	1.75E-03	8.19E-04	3.15E-03
ATP2B4_boot.253	1.55E-159	1.18E-02	8.25E-03	2.01E-02	2.92E-03	5.61E-04	6.16E-03
ATP2B4_boot.254	0.00E+00	0.00E+00	4.68E-03	2.54E-02	4.30E-03	1.01E-03	2.92E-02
ATP2B4_boot.255	2.33E-03	3.08E-03	3.63E-03	1.60E-02	6.36E-04	2.40E-03	1.82E-02
ATP2B4_boot.256	0.00E+00	3.75E-03	6.42E-03	1.11E-02	6.69E-119	1.06E-03	7.09E-03
ATP2B4_boot.257	1.74E-03	2.97E-03	4.57E-03	9.76E-03	1.53E-89	1.71E-03	1.15E-02
ATP2B4_boot.258	4.66E-03	8.93E-03	3.75E-03	5.39E-03	0.00E+00	6.47E-03	6.89E-03
ATP2B4_boot.259	4.44E-03	9.06E-03	5.37E-03	2.07E-02	4.94E-03	0.00E+00	1.93E-02
ATP2B4_boot.260	8.26E-04	4.40E-03	2.88E-03	6.65E-03	4.86E-04	6.21E-04	1.05E-02
ATP2B4_boot.261	4.67E-03	4.87E-03	2.11E-03	4.07E-03	0.00E+00	6.71E-03	1.08E-02
ATP2B4_boot.262	2.31E-03	7.49E-03	4.69E-03	1.69E-02	2.70E-03	1.24E-03	1.14E-02
ATP2B4_boot.263	8.42E-91	4.83E-03	4.90E-03	1.43E-02	2.70E-03	1.21E-03	1.11E-02
ATP2B4_boot.264	2.64E-03	4.20E-03	7.60E-03	1.71E-02	3.96E-03	0.00E+00	2.46E-02
ATP2B4_boot.265	3.03E-03	1.91E-03	3.44E-03	1.63E-02	3.02E-03	5.47E-04	2.03E-02
ATP2B4_boot.266	1.29E-03	3.62E-03	2.99E-03	3.08E-03	5.77E-04	9.66E-04	8.76E-03
ATP2B4_boot.267	1.63E-03	2.43E-03	4.78E-03	8.30E-03	2.14E-03	0.00E+00	9.41E-03
ATP2B4_boot.268	8.74E-04	3.33E-03	3.75E-03	9.67E-03	9.07E-04	2.71E-03	1.18E-02
ATP2B4_boot.269	0.00E+00	1.26E-02	3.65E-03	4.91E-03	7.10E-04	7.65E-04	1.97E-02
ATP2B4_boot.270	4.46E-03	3.45E-03	3.67E-03	4.30E-03	5.50E-54	6.52E-03	2.25E-03
ATP2B4_boot.271	0.00E+00	7.92E-03	4.81E-03	3.06E-03	9.67E-04	7.30E-04	7.98E-03
ATP2B4_boot.272	2.83E-03	3.04E-03	3.95E-03	1.50E-02	3.24E-03	0.00E+00	1.84E-02
ATP2B4_boot.273	0.00E+00	4.37E-03	5.01E-03	7.78E-03	1.15E-03	9.31E-04	4.84E-03
ATP2B4_boot.274	9.92E-04	7.48E-04	4.32E-03	2.40E-02	3.17E-03	1.22E-03	2.86E-02
ATP2B4_boot.275	0.00E+00	9.54E-03	4.48E-03	1.07E-02	2.31E-03	1.23E-03	5.54E-03
ATP2B4_boot.276	0.00E+00	3.76E-03	5.03E-03	5.13E-03	1.12E-03	3.91E-04	1.03E-02
ATP2B4_boot.277	4.88E-03	1.06E-02	6.46E-03	7.92E-03	1.44E-03	6.45E-03	7.25E-03
ATP2B4_boot.278	8.95E-04	2.56E-03	1.41E-03	1.16E-03	1.64E-46	8.78E-04	2.81E-03
ATP2B4_boot.279	1.21E-03	5.68E-03	0.00E+00	5.13E-03	1.20E-03	2.29E-17	1.11E-02
ATP2B4_boot.280	2.71E-03	5.50E-03	4.40E-03	1.61E-02	3.56E-03	0.00E+00	1.51E-02
ATP2B4_boot.281	0.00E+00	5.42E-03	2.15E-03	6.78E-03	1.49E-03	4.08E-04	3.53E-03
ATP2B4_boot.282	2.31E-03	3.17E-03	5.56E-03	1.52E-02	7.10E-83	2.19E-03	1.21E-02
ATP2B4_boot.283	4.31E-04	5.02E-03	5.08E-03	2.36E-02	4.43E-03	0.00E+00	2.57E-02
ATP2B4_boot.284	2.22E-121	6.92E-03	3.63E-03	1.48E-03	1.22E-27	1.09E-03	9.39E-03
ATP2B4_boot.285	2.43E-03	3.43E-03	4.03E-03	1.52E-02	2.87E-03	1.11E-04	2.06E-02
ATP2B4_boot.286	2.73E-03	7.36E-03	3.50E-03	9.64E-03	3.72E-03	0.00E+00	6.73E-03
ATP2B4_boot.287	0.00E+00	9.01E-03	7.19E-03	1.01E-02	2.61E-03	1.32E-03	4.75E-03
ATP2B4_boot.288	2.89E-03	5.36E-03	3.97E-03	1.58E-02	3.42E-03	0.00E+00	1.55E-02
ATP2B4_boot.289	1.26E-03	3.16E-03	2.65E-03	1.44E-03	5.10E-04	1.33E-03	6.05E-03
ATP2B4_boot.290	3.84E-03	7.01E-03	5.54E-03	2.01E-02	3.37E-03	0.00E+00	2.19E-02
ATP2B4_boot.291	1.43E-03	3.83E-03	3.54E-03	8.42E-03	0.00E+00	1.17E-03	7.13E-03
ATP2B4_boot.292	0.00E+00	1.46E-02	4.17E-03	8.05E-03	0.00E+00	0.00E+00	2.61E-02
ATP2B4_boot.293	8.27E-04	4.66E-03	2.60E-03	2.90E-03	2.42E-04	1.32E-03	4.91E-03
ATP2B4_real	1.43E-03	7.07E-03	5.71E-03	7.87E-03	3.50E-04	1.50E-03	4.06E-03
ATP2B4_real.1	1.41E-03	5.42E-03	1.72E-03	1.02E-02	2.03E-03	4.87E-04	1.73E-02
ATP2B4_real.2	4.49E-04	8.73E-03	2.69E-03	3.02E-03	4.47E-03	1.08E-03	1.06E-02
ATP2B4_real.3	2.55E-03	7.79E-03	5.90E-03	1.08E-02	9.39E-04	3.37E-03	6.01E-03
ATP2B4_real.4	8.82E-04	3.26E-03	3.51E-03	3.28E-03	1.09E-03	8.83E-04	3.63E-03
ATP2B4_real.5	2.91E-03	3.16E-03	3.90E-03	1.80E-02	3.42E-03	0.00E+00	2.22E-02
EXO1_boot	2.29E-03	2.57E-03	3.39E-03	5.49E-03	3.30E-03	1.19E-03	1.26E-03
EXO1_boot.1	2.10E-03	3.83E-03	3.07E-03	4.77E-03	2.66E-03	8.19E-04	1.90E-03
EXO1_boot.2	2.21E-03	3.97E-03	3.09E-03	5.73E-03	3.12E-03	1.31E-03	6.28E-04
EXO1_boot.3	2.28E-03	3.48E-03	3.31E-03	5.35E-03	4.07E-03	2.77E-03	1.71E-03
EXO1_boot.4	2.13E-03	5.67E-03	3.67E-03	7.92E-03	3.71E-03	3.16E-03	5.59E-80
EXO1_boot.5	1.99E-03	5.74E-03	3.98E-03	6.62E-03	2.47E-03	8.67E-04	1.51E-03
EXO1_boot.6	2.18E-03	3.97E-03	3.26E-03	6.00E-03	3.03E-03	5.62E-03	1.02E-03
EXO1_boot.7	2.52E-03	2.60E-03	3.04E-03	4.78E-03	3.13E-03	8.63E-04	1.35E-03
EXO1_boot.8	2.09E-03	5.00E-03	2.61E-03	4.00E-03	4.28E-03	3.85E-03	3.12E-03
EXO1_boot.9	2.20E-03	5.43E-03	3.42E-03	7.43E-03	3.19E-03	1.35E-03	7.01E-135
EXO1_boot.10	2.02E-03	1.48E-03	2.55E-03	4.91E-03	3.10E-03	1.14E-03	2.20E-03
EXO1_boot.11	2.87E-03	3.17E-03	3.38E-03	5.75E-03	3.70E-03	6.71E-03	1.60E-03
EXO1_boot.12	2.14E-03	3.99E-03	3.38E-03	6.77E-03	3.80E-03	2.38E-03	5.03E-04
EXO1_boot.13	2.35E-03	2.92E-03	2.83E-03	5.20E-03	3.44E-03	1.37E-03	9.31E-04
EXO1_boot.14	2.35E-03	3.97E-03	3.47E-03	6.07E-03	3.30E-03	1.14E-03	1.02E-03
EXO1_boot.15	2.07E-03	5.01E-03	4.16E-03	7.65E-03	3.96E-03	3.27E-03	3.33E-05
EXO1_boot.16	2.22E-03	3.86E-03	4.06E-03	6.38E-03	3.12E-03	1.14E-03	8.51E-04
EXO1_boot.17	2.12E-03	3.14E-03	3.61E-03	6.58E-03	3.06E-03	1.33E-03	1.27E-03
EXO1_boot.18	1.99E-03	5.41E-03	3.89E-03	5.65E-03	3.62E-03	4.86E-03	2.20E-03
EXO1_boot.19	2.26E-03	2.66E-03	2.11E-03	3.27E-03	3.39E-03	1.23E-03	1.74E-03
EXO1_boot.20	2.74E-03	3.99E-03	1.81E-03	5.36E-03	3.48E-03	1.04E-03	9.21E-12
EXO1_boot.21	2.23E-03	3.83E-03	3.57E-03	4.42E-03	3.23E-03	1.13E-03	3.68E-03
EXO1_boot.22	2.29E-03	4.21E-03	3.35E-03	6.42E-03	4.10E-03	5.27E-03	2.45E-04
EXO1_boot.23	2.24E-03	3.27E-03	3.27E-03	4.99E-03	3.11E-03	1.16E-03	1.75E-03
EXO1_boot.24	2.22E-03	3.27E-03	4.00E-03	7.09E-03	2.84E-03	1.07E-03	1.36E-03
EXO1_boot.25	2.05E-03	3.22E-03	4.02E-03	5.77E-03	2.85E-03	1.01E-03	1.31E-03
EXO1_boot.26	2.29E-03	3.55E-03	2.55E-03	3.38E-03	3.37E-03	1.10E-03	3.22E-03
EXO1_boot.27	2.22E-03	4.50E-03	3.21E-03	5.93E-03	3.16E-03	1.16E-03	5.92E-04
EXO1_boot.28	2.46E-03	2.75E-03	3.11E-03	5.85E-03	3.27E-03	1.07E-03	1.34E-03
EXO1_boot.29	2.39E-03	2.51E-03	2.84E-03	5.13E-03	3.21E-03	1.04E-03	9.20E-04
EXO1_boot.30	2.43E-03	2.83E-03	2.34E-03	4.18E-03	3.08E-03	1.03E-03	7.41E-04
EXO1_boot.31	2.48E-03	2.55E-03	2.94E-03	5.36E-03	3.54E-03	1.78E-03	1.02E-03
EXO1_boot.32	2.14E-03	3.48E-03	2.75E-03	4.36E-03	4.32E-03	3.44E-03	2.00E-03
EXO1_boot.33	2.10E-03	4.66E-03	3.64E-03	4.99E-03	4.00E-03	3.24E-03	3.27E-03
EXO1_boot.34	2.19E-03	3.29E-03	3.51E-03	6.05E-03	4.04E-03	3.34E-03	1.34E-03
EXO1_boot.35	2.39E-03	2.68E-03	2.28E-03	4.13E-03	3.42E-03	1.02E-03	1.56E-03
EXO1_boot.36	2.33E-03	4.58E-03	3.34E-03	6.73E-03	3.12E-03	1.15E-03	3.04E-04
EXO1_boot.37	2.49E-03	3.86E-03	2.99E-03	4.90E-03	3.31E-03	1.05E-03	1.46E-03
EXO1_boot.38	2.35E-03	4.42E-03	4.11E-03	5.49E-03	3.97E-03	4.88E-03	3.07E-03
EXO1_boot.39	2.35E-03	3.12E-03	3.04E-03	5.74E-03	3.31E-03	1.14E-03	9.92E-04
EXO1_boot.40	2.13E-03	4.07E-03	3.77E-03	6.24E-03	3.24E-03	1.50E-03	1.14E-03
EXO1_boot.41	2.38E-03	3.53E-03	3.48E-03	5.58E-03	3.17E-03	1.21E-03	1.17E-03
EXO1_boot.42	2.42E-03	3.52E-03	3.18E-03	4.71E-03	3.33E-03	1.19E-03	1.77E-03
EXO1_boot.43	1.75E-03	1.94E-03	3.12E-03	3.83E-03	2.34E-03	8.29E-04	2.74E-03
EXO1_boot.44	2.07E-03	3.19E-03	3.37E-03	3.93E-03	2.65E-03	8.66E-04	3.96E-03
EXO1_boot.45	2.15E-03	3.13E-03	2.64E-03	3.01E-03	3.03E-03	1.21E-03	4.93E-03
EXO1_boot.46	2.69E-03	2.42E-03	2.66E-03	4.31E-03	3.53E-03	1.23E-03	4.67E-03
EXO1_boot.47	1.91E-03	2.84E-03	3.11E-03	4.00E-03	1.86E-03	1.03E-03	3.63E-03
EXO1_boot.48	2.00E-03	1.63E-03	2.76E-03	3.47E-03	2.79E-03	1.07E-03	2.01E-03
EXO1_boot.49	2.42E-03	2.35E-03	4.20E-03	5.20E-03	2.66E-03	7.24E-04	2.59E-03
EXO1_boot.50	2.23E-03	1.88E-03	2.89E-03	3.84E-03	2.93E-03	9.66E-04	3.05E-03
EXO1_boot.51	2.07E-03	3.13E-03	3.00E-03	3.69E-03	2.91E-03	1.16E-03	2.90E-03
EXO1_boot.52	1.80E-03	2.48E-03	3.39E-03	4.15E-03	2.53E-03	9.46E-04	2.94E-03
EXO1_boot.53	2.09E-03	2.27E-03	3.41E-03	4.24E-03	3.09E-03	1.24E-03	3.43E-03
EXO1_boot.54	2.15E-03	2.91E-03	3.62E-03	4.78E-03	2.76E-03	9.96E-04	2.43E-03
EXO1_boot.55	2.11E-03	1.94E-03	3.34E-03	4.30E-03	2.60E-03	9.14E-04	3.92E-03
EXO1_boot.56	2.37E-03	2.08E-03	2.48E-03	4.02E-03	2.02E-03	8.17E-04	3.47E-03
EXO1_boot.57	2.21E-03	3.30E-03	3.27E-03	3.90E-03	2.99E-03	1.16E-03	5.44E-03
EXO1_boot.58	2.23E-03	2.62E-03	3.42E-03	4.61E-03	2.93E-03	1.01E-03	4.97E-03
EXO1_boot.59	2.29E-03	2.17E-03	2.64E-03	4.68E-03	3.00E-03	7.48E-04	4.99E-03
EXO1_boot.60	2.29E-03	2.06E-03	2.55E-03	3.72E-03	3.07E-03	8.69E-04	3.66E-03
EXO1_boot.61	1.89E-03	2.45E-03	3.64E-03	4.68E-03	2.40E-03	9.03E-04	1.51E-03
EXO1_boot.62	2.47E-03	2.09E-03	2.64E-03	3.77E-03	3.30E-03	9.89E-04	2.78E-03
EXO1_boot.63	1.95E-03	2.97E-03	3.44E-03	4.04E-03	2.74E-03	9.83E-04	4.92E-03
EXO1_boot.64	2.14E-03	2.80E-03	3.25E-03	3.92E-03	3.14E-03	1.23E-03	3.03E-03
EXO1_boot.65	2.41E-03	3.53E-03	2.87E-03	3.52E-03	3.32E-03	1.19E-03	4.98E-03
EXO1_boot.66	2.32E-03	3.00E-03	2.89E-03	3.65E-03	3.10E-03	9.84E-04	5.08E-03
EXO1_boot.67	2.06E-03	3.06E-03	3.27E-03	4.18E-03	1.49E-03	8.63E-04	4.19E-03
EXO1_boot.68	2.26E-03	2.47E-03	3.28E-03	4.16E-03	2.71E-03	7.18E-04	5.24E-03
EXO1_boot.69	2.08E-03	2.55E-03	2.60E-03	3.67E-03	2.80E-03	1.05E-03	5.41E-03
EXO1_boot.70	2.17E-03	2.41E-03	2.72E-03	3.85E-03	3.02E-03	1.02E-03	6.19E-03
EXO1_boot.71	2.41E-03	2.56E-03	2.83E-03	3.93E-03	3.04E-03	8.37E-04	4.86E-03
EXO1_boot.72	2.14E-03	3.26E-03	2.52E-03	3.21E-03	2.85E-03	9.58E-04	3.77E-03
EXO1_boot.73	2.28E-03	2.43E-03	3.41E-03	4.69E-03	2.83E-03	8.36E-04	2.17E-03
EXO1_boot.74	2.18E-03	2.19E-03	2.91E-03	3.95E-03	2.90E-03	9.92E-04	3.73E-03
EXO1_boot.75	1.88E-03	2.43E-03	2.99E-03	4.36E-03	1.35E-04	9.68E-04	5.07E-03
EXO1_boot.76	2.22E-03	2.72E-03	2.97E-03	3.81E-03	2.71E-03	8.37E-04	5.11E-03
EXO1_boot.77	1.90E-03	2.54E-03	3.28E-03	4.67E-03	1.38E-03	8.76E-04	2.62E-03
EXO1_boot.78	2.45E-03	2.23E-03	2.37E-03	4.70E-03	2.65E-03	8.13E-04	6.04E-03
EXO1_boot.79	2.22E-03	2.79E-03	3.00E-03	4.14E-03	3.17E-03	1.27E-03	2.24E-03
EXO1_boot.80	1.73E-03	3.72E-03	3.23E-03	3.48E-03	3.02E-03	1.28E-03	5.66E-03
EXO1_boot.81	1.87E-03	2.70E-03	3.52E-03	4.33E-03	2.59E-03	1.21E-03	4.96E-03
EXO1_boot.82	2.30E-03	2.00E-03	2.93E-03	3.78E-03	3.03E-03	9.10E-04	3.21E-03
EXO1_boot.83	2.27E-03	2.39E-03	2.80E-03	3.65E-03	2.44E-03	1.03E-03	3.44E-03
EXO1_boot.84	2.33E-03	2.11E-03	2.14E-03	3.11E-03	2.90E-03	7.84E-04	4.60E-03
EXO1_boot.85	1.87E-03	2.85E-03	2.99E-03	3.60E-03	2.23E-03	7.42E-04	2.95E-03
EXO1_real	2.32E-03	3.53E-03	3.11E-03	5.32E-03	3.28E-03	1.16E-03	9.76E-04
EXO1_real.1	2.10E-03	2.58E-03	3.05E-03	3.68E-03	2.84E-03	1.03E-03	4.02E-03
RNF168_boot	1.51E-03	8.12E-03	4.47E-03	9.05E-03	1.28E-03	9.24E-04	3.43E-141
RNF168_boot.1	2.00E-03	4.53E-03	3.04E-03	7.45E-03	3.12E-03	2.86E-03	1.42E-03
RNF168_boot.2	2.99E-03	7.36E-03	3.25E-03	9.27E-03	2.41E-03	9.07E-04	2.68E-87
RNF168_boot.3	3.27E-03	8.19E-03	5.91E-03	1.06E-02	3.94E-04	5.59E-03	0.00E+00
RNF168_boot.4	2.05E-03	7.99E-03	3.85E-03	8.66E-03	2.62E-03	8.78E-04	1.48E-28
RNF168_boot.5	3.46E-03	2.07E-03	1.32E-03	3.66E-03	3.36E-03	6.24E-04	1.87E-03
RNF168_boot.6	3.11E-03	4.18E-03	3.11E-03	8.87E-03	2.92E-03	8.53E-04	2.90E-03
RNF168_boot.7	2.71E-03	2.01E-03	3.15E-03	7.49E-03	2.28E-03	6.31E-04	5.54E-03
RNF168_boot.8	3.53E-03	6.39E-03	2.85E-03	1.01E-02	2.91E-03	8.07E-04	1.15E-03
RNF168_boot.9	2.14E-03	4.98E-03	4.20E-03	9.27E-03	2.48E-03	4.83E-03	1.69E-03
RNF168_boot.10	7.58E-04	5.61E-03	4.25E-03	4.72E-03	7.75E-04	3.06E-03	4.88E-03
RNF168_boot.11	3.69E-03	1.72E-03	3.46E-03	6.65E-03	3.29E-03	6.26E-04	3.98E-03
RNF168_boot.12	2.53E-03	9.58E-03	3.74E-03	1.16E-02	2.15E-03	1.14E-03	1.13E-150
RNF168_boot.13	2.88E-03	1.72E-03	2.79E-03	7.05E-03	2.31E-03	1.01E-03	3.56E-03
RNF168_boot.14	3.20E-03	6.07E-03	3.61E-03	9.10E-03	3.01E-03	1.23E-03	8.19E-04
RNF168_boot.15	2.73E-03	5.08E-03	5.31E-03	9.90E-03	3.65E-03	4.33E-03	1.16E-03
RNF168_boot.16	3.61E-03	9.25E-03	4.19E-03	1.08E-02	1.49E-04	6.23E-03	0.00E+00
RNF168_boot.17	3.06E-03	9.19E-03	4.43E-03	1.05E-02	2.52E-03	2.06E-04	0.00E+00
RNF168_boot.18	2.49E-03	5.83E-03	3.18E-03	8.87E-03	2.61E-03	9.19E-04	1.63E-03
RNF168_boot.19	3.18E-03	7.65E-03	7.15E-03	1.23E-02	2.99E-03	1.23E-03	3.67E-04
RNF168_boot.20	2.34E-03	6.53E-03	5.96E-03	1.08E-02	7.82E-04	1.21E-03	6.03E-19
RNF168_boot.21	2.55E-03	2.87E-03	3.22E-03	7.09E-03	2.20E-03	9.71E-04	3.16E-03
RNF168_boot.22	2.87E-03	9.16E-03	3.97E-03	1.09E-02	3.53E-03	1.59E-03	0.00E+00
RNF168_boot.23	1.55E-03	5.28E-03	3.69E-03	7.32E-03	1.71E-03	3.38E-03	2.05E-03
RNF168_boot.24	3.32E-03	8.06E-03	3.46E-03	1.06E-02	2.37E-03	9.64E-04	0.00E+00
RNF168_boot.25	1.89E-03	1.02E-02	4.83E-03	1.13E-02	8.46E-04	3.87E-03	0.00E+00
RNF168_boot.26	3.31E-03	6.01E-03	3.97E-03	8.61E-03	4.19E-30	6.02E-03	1.68E-03
RNF168_boot.27	2.99E-03	1.15E-03	3.03E-03	5.54E-03	3.52E-03	3.45E-03	2.27E-03
RNF168_boot.28	2.34E-03	1.49E-03	2.78E-03	4.42E-03	3.05E-03	2.40E-03	5.19E-03
RNF168_boot.29	2.19E-03	5.46E-03	4.78E-03	5.93E-03	2.73E-03	1.89E-03	3.35E-03
RNF168_boot.30	2.87E-03	3.76E-03	3.32E-03	5.03E-03	2.82E-03	1.07E-03	1.31E-03
RNF168_boot.31	3.20E-03	2.30E-03	2.44E-03	6.19E-03	2.67E-03	3.95E-04	2.60E-03
RNF168_boot.32	2.14E-03	7.12E-03	3.56E-03	8.77E-03	2.67E-03	1.09E-03	7.94E-89
RNF168_boot.33	2.36E-03	7.74E-03	4.84E-03	9.90E-03	1.96E-03	8.30E-04	2.24E-145
RNF168_boot.34	2.04E-03	5.21E-03	3.53E-03	8.55E-03	2.18E-03	7.18E-04	2.47E-03
RNF168_boot.35	2.56E-03	3.65E-03	2.89E-03	6.27E-03	2.93E-03	9.81E-04	1.60E-03
RNF168_boot.36	2.42E-03	6.69E-03	3.81E-03	4.66E-03	3.83E-03	5.74E-03	4.51E-03
RNF168_boot.37	2.63E-03	7.16E-03	2.97E-03	8.60E-03	2.26E-03	9.40E-04	0.00E+00
RNF168_boot.38	3.17E-03	1.36E-03	1.10E-03	1.67E-03	2.46E-03	4.53E-04	1.84E-03
RNF168_boot.39	1.72E-03	9.39E-03	4.30E-03	1.07E-02	1.34E-04	1.08E-03	7.41E-24
RNF168_boot.40	2.92E-03	5.71E-03	2.00E-03	9.17E-03	3.02E-03	1.10E-03	3.15E-03
RNF168_boot.41	2.73E-03	8.92E-03	6.96E-03	1.23E-02	2.36E-03	1.67E-03	0.00E+00
RNF168_boot.42	3.38E-03	6.58E-04	1.65E-03	5.39E-03	2.62E-03	7.61E-04	3.71E-03
RNF168_boot.43	2.03E-03	1.16E-03	3.59E-03	6.52E-03	5.96E-04	5.35E-04	3.67E-03
RNF168_boot.44	2.28E-03	4.35E-03	3.75E-03	7.81E-03	2.42E-03	1.00E-03	2.20E-03
RNF168_boot.45	2.57E-03	5.24E-03	2.55E-03	4.73E-03	2.88E-03	9.09E-04	2.38E-03
RNF168_boot.46	3.13E-03	5.94E-03	1.73E-03	7.34E-03	2.93E-03	8.10E-04	9.53E-04
RNF168_boot.47	2.73E-03	9.97E-03	6.44E-03	1.46E-02	1.20E-03	1.70E-03	0.00E+00
RNF168_boot.48	1.72E-03	6.29E-03	2.85E-03	8.94E-03	1.88E-03	1.17E-03	1.32E-03
RNF168_boot.49	2.22E-03	7.08E-03	4.82E-03	8.57E-03	2.43E-03	1.58E-03	0.00E+00
RNF168_boot.50	1.56E-03	1.03E-02	6.25E-03	1.33E-02	5.36E-126	1.48E-03	0.00E+00
RNF168_boot.51	1.43E-03	4.95E-03	3.73E-03	6.39E-03	1.48E-04	3.25E-03	1.31E-03
RNF168_boot.52	3.02E-03	4.20E-03	3.02E-03	4.33E-03	2.99E-03	1.15E-03	2.66E-03
RNF168_boot.53	3.18E-03	5.68E-03	3.66E-03	6.95E-03	3.37E-03	8.12E-04	1.46E-89
RNF168_boot.54	2.08E-03	4.23E-03	3.49E-03	2.81E-03	2.43E-03	8.29E-04	5.14E-03
RNF168_boot.55	3.73E-03	4.75E-03	1.50E-03	1.27E-03	4.95E-03	1.22E-03	4.16E-03
RNF168_boot.56	3.65E-03	2.25E-03	1.63E-03	5.19E-03	5.46E-03	3.07E-03	5.57E-03
RNF168_boot.57	5.25E-03	0.00E+00	3.04E-03	5.50E-03	5.47E-03	3.05E-50	4.46E-03
RNF168_boot.58	4.68E-03	4.44E-03	1.12E-03	6.98E-04	4.34E-03	0.00E+00	5.84E-03
RNF168_boot.59	3.61E-03	3.01E-03	1.09E-03	3.06E-03	5.10E-03	1.55E-03	4.10E-04
RNF168_boot.60	5.42E-03	1.80E-03	1.89E-03	3.32E-04	5.32E-03	7.54E-151	1.81E-03
RNF168_boot.61	4.00E-03	2.04E-03	2.90E-03	4.60E-03	4.64E-03	1.13E-03	1.42E-03
RNF168_boot.62	3.94E-03	4.66E-03	2.03E-03	3.25E-03	3.99E-03	5.05E-04	1.87E-03
RNF168_boot.63	3.71E-03	9.35E-04	2.29E-03	3.70E-03	3.95E-03	9.71E-04	5.09E-03
RNF168_boot.64	3.35E-03	1.18E-03	1.09E-03	1.95E-03	4.03E-03	9.68E-04	2.92E-03
RNF168_boot.65	5.35E-03	6.10E-04	2.96E-04	2.99E-03	5.51E-03	0.00E+00	3.36E-03
RNF168_boot.66	3.77E-03	1.46E-03	8.36E-04	1.68E-03	4.35E-03	9.00E-04	3.91E-04
RNF168_boot.67	4.44E-03	1.47E-03	2.41E-03	1.80E-03	4.74E-03	0.00E+00	3.29E-03
RNF168_boot.68	3.25E-03	4.14E-03	1.52E-03	1.84E-03	3.87E-03	6.99E-04	4.42E-03
RNF168_boot.69	3.67E-03	3.27E-03	1.34E-03	2.80E-03	4.45E-03	1.04E-03	6.02E-03
RNF168_boot.70	3.79E-03	2.91E-03	1.34E-03	2.89E-03	4.81E-03	1.09E-03	1.27E-03
RNF168_boot.71	4.03E-03	1.07E-03	2.44E-03	2.17E-03	4.55E-03	6.07E-04	2.91E-03
RNF168_boot.72	2.01E-03	0.00E+00	2.20E-03	5.60E-03	6.21E-03	5.15E-03	6.00E-03
RNF168_boot.73	4.76E-03	8.80E-04	2.25E-03	9.53E-04	4.78E-03	8.37E-143	8.10E-04
RNF168_boot.74	4.82E-03	0.00E+00	2.47E-03	3.95E-03	4.48E-03	6.99E-04	4.09E-03
RNF168_boot.75	4.53E-03	2.63E-03	1.58E-03	3.01E-03	4.69E-03	9.62E-91	5.95E-03
RNF168_boot.76	4.20E-03	1.90E-03	1.73E-03	3.09E-03	4.48E-03	0.00E+00	4.92E-03
RNF168_boot.77	3.33E-03	8.09E-05	1.18E-03	3.19E-03	5.38E-03	3.27E-03	3.46E-03
RNF168_boot.78	4.83E-03	2.73E-03	1.12E-03	4.06E-03	5.11E-03	0.00E+00	1.27E-03
RNF168_boot.79	4.26E-03	3.05E-03	2.09E-03	2.59E-03	3.79E-03	5.49E-04	5.74E-03
RNF168_boot.80	4.92E-03	2.03E-03	1.43E-03	3.41E-03	4.92E-03	5.80E-133	6.12E-03
RNF168_boot.81	3.99E-03	0.00E+00	0.00E+00	5.11E-03	4.68E-03	1.18E-03	4.69E-03
RNF168_boot.82	2.55E-03	0.00E+00	2.05E-03	7.01E-03	5.03E-03	3.99E-03	7.09E-03
RNF168_boot.83	4.82E-03	2.51E-03	1.20E-03	1.77E-03	5.14E-03	0.00E+00	4.59E-03
RNF168_boot.84	2.95E-03	2.10E-03	1.06E-03	2.60E-03	5.22E-03	3.48E-03	7.76E-04
RNF168_boot.85	5.18E-03	8.08E-59	3.06E-03	4.78E-03	5.72E-03	0.00E+00	4.74E-03
RNF168_boot.86	4.27E-03	1.30E-03	2.22E-03	4.33E-03	4.37E-03	0.00E+00	5.69E-03
RNF168_boot.87	3.51E-03	5.51E-04	2.08E-03	1.88E-03	3.84E-03	6.80E-04	2.59E-03
RNF168_boot.88	5.06E-03	1.26E-04	4.37E-03	3.79E-03	6.14E-03	2.77E-136	4.40E-03
RNF168_boot.89	5.72E-03	6.59E-134	2.96E-03	4.56E-03	5.05E-03	8.23E-04	4.41E-03
RNF168_boot.90	3.33E-03	2.00E-03	1.81E-03	1.16E-03	4.26E-03	1.94E-03	2.45E-03
RNF168_boot.91	3.37E-03	7.84E-38	8.78E-03	6.82E-03	6.55E-03	8.15E-04	8.19E-03
RNF168_boot.92	4.41E-03	2.04E-03	6.38E-04	4.65E-03	3.81E-03	4.08E-04	2.54E-03
RNF168_boot.93	3.24E-03	5.84E-03	1.38E-03	9.10E-04	4.48E-03	1.47E-03	6.50E-03
RNF168_boot.94	3.68E-03	1.06E-03	1.89E-03	3.14E-03	5.58E-03	2.85E-03	4.10E-03
RNF168_boot.95	3.93E-03	6.55E-03	1.69E-03	2.08E-03	3.80E-03	3.70E-58	6.34E-03
RNF168_boot.96	3.95E-03	2.69E-03	2.55E-24	3.23E-03	4.96E-03	1.25E-03	7.87E-04
RNF168_boot.97	4.43E-03	0.00E+00	0.00E+00	5.90E-03	5.23E-03	0.00E+00	5.12E-03
RNF168_boot.98	4.09E-03	0.00E+00	1.99E-03	6.03E-03	4.96E-03	1.37E-03	5.52E-03
RNF168_boot.99	4.60E-03	1.47E-03	3.04E-03	4.70E-03	5.03E-03	3.62E-04	5.96E-03
RNF168_boot.100	4.18E-03	1.76E-03	1.83E-03	7.14E-04	4.25E-03	5.42E-27	1.41E-03
RNF168_boot.101	3.74E-03	4.12E-04	1.52E-03	2.62E-03	4.56E-03	1.09E-03	2.91E-03
RNF168_boot.102	4.76E-03	3.63E-03	1.40E-03	2.05E-03	4.78E-03	0.00E+00	2.59E-03
RNF168_boot.103	4.27E-03	2.00E-03	1.27E-03	2.13E-03	5.48E-03	2.05E-03	3.60E-03
RNF168_boot.104	5.62E-03	1.56E-03	2.46E-03	2.67E-03	5.38E-03	0.00E+00	3.59E-03
RNF168_boot.105	5.01E-03	1.66E-10	0.00E+00	2.91E-03	5.65E-03	0.00E+00	2.41E-03
RNF168_boot.106	3.33E-03	5.48E-150	3.24E-03	5.79E-03	5.15E-03	2.66E-03	6.06E-03
RNF168_boot.107	3.70E-03	2.07E-03	1.39E-03	1.17E-03	4.49E-03	8.87E-04	3.07E-03
RNF168_boot.108	3.81E-03	1.03E-03	2.44E-03	2.26E-03	4.72E-03	8.96E-04	3.11E-03
RNF168_boot.109	3.00E-03	4.10E-03	1.12E-03	1.37E-03	4.28E-03	1.20E-03	5.75E-03
RNF168_boot.110	4.27E-03	1.61E-03	1.40E-03	1.18E-03	5.28E-03	1.67E-03	2.95E-03
RNF168_boot.111	3.69E-03	4.73E-03	1.51E-03	2.10E-03	4.44E-03	7.89E-04	6.68E-03
RNF168_boot.112	4.27E-03	1.41E-03	1.55E-03	2.39E-03	4.77E-03	2.05E-119	3.88E-03
RNF168_boot.113	4.88E-03	1.28E-03	1.78E-03	7.54E-04	4.59E-03	2.99E-73	2.04E-03
RNF168_boot.114	4.40E-03	5.27E-04	0.00E+00	5.38E-03	4.98E-03	1.25E-03	6.11E-03
RNF168_boot.115	3.94E-03	1.08E-03	2.45E-03	4.25E-03	4.53E-03	7.42E-04	5.07E-03
RNF168_boot.116	4.52E-03	1.78E-03	2.08E-03	9.56E-04	5.54E-03	9.53E-04	2.50E-03
RNF168_boot.117	4.59E-03	1.35E-03	1.53E-03	2.48E-03	4.81E-03	5.24E-04	4.10E-03
RNF168_boot.118	4.71E-03	1.73E-03	1.64E-03	9.60E-04	4.79E-03	8.31E-160	2.95E-03
RNF168_boot.119	4.69E-03	5.42E-04	1.87E-03	3.84E-03	4.01E-03	1.51E-04	4.29E-03
RNF168_boot.120	5.33E-03	3.14E-71	2.83E-03	5.04E-03	5.32E-03	1.03E-96	5.34E-03
RNF168_boot.121	4.01E-03	1.69E-04	2.26E-03	3.79E-03	4.57E-03	7.64E-04	4.72E-03
RNF168_boot.122	4.77E-03	7.74E-04	1.47E-03	2.35E-03	4.46E-03	6.76E-04	3.29E-03
RNF168_boot.123	3.96E-03	3.33E-03	2.20E-22	4.14E-03	4.98E-03	9.95E-04	1.17E-03
RNF168_boot.124	4.20E-03	1.61E-03	2.63E-03	1.10E-03	4.71E-03	5.60E-04	1.26E-03
RNF168_boot.125	4.57E-03	0.00E+00	2.26E-03	6.05E-03	4.88E-03	0.00E+00	6.23E-03
RNF168_boot.126	5.35E-03	6.88E-32	1.58E-03	2.99E-03	5.37E-03	0.00E+00	3.10E-03
RNF168_boot.127	4.56E-03	4.14E-03	2.64E-03	1.80E-03	5.51E-03	9.28E-04	2.16E-03
RNF168_boot.128	4.81E-03	3.14E-03	1.21E-03	2.55E-03	5.07E-03	0.00E+00	1.88E-03
RNF168_boot.129	3.79E-03	6.84E-04	1.75E-03	4.71E-03	4.83E-03	1.28E-03	5.58E-03
RNF168_boot.130	4.88E-03	1.26E-03	1.64E-03	1.90E-03	5.09E-03	0.00E+00	2.33E-03
RNF168_boot.131	3.94E-03	5.81E-03	1.15E-03	2.53E-03	4.11E-03	1.95E-59	3.96E-03
RNF168_boot.132	5.48E-03	1.36E-03	1.28E-03	2.56E-03	5.16E-03	5.39E-62	1.34E-03
RNF168_boot.133	4.66E-03	1.30E-03	9.06E-04	2.91E-03	5.11E-03	1.04E-95	2.05E-03
RNF168_boot.134	5.13E-03	1.92E-03	1.37E-03	3.98E-03	5.21E-03	0.00E+00	5.12E-03
RNF168_boot.135	5.14E-03	8.77E-04	1.73E-03	3.92E-03	5.34E-03	0.00E+00	5.66E-03
RNF168_boot.136	4.49E-03	2.15E-03	2.24E-03	3.84E-03	4.79E-03	6.18E-05	3.02E-03
RNF168_boot.137	5.72E-03	2.03E-03	1.34E-03	2.62E-03	6.28E-03	0.00E+00	2.26E-03
RNF168_boot.138	4.77E-03	6.26E-61	1.58E-03	3.98E-03	5.21E-03	9.56E-70	4.62E-03
RNF168_boot.139	4.88E-03	1.36E-03	1.46E-03	4.72E-04	5.13E-03	4.27E-157	1.77E-03
RNF168_boot.140	5.16E-03	4.70E-04	2.62E-03	4.23E-03	4.74E-03	5.61E-45	4.91E-03
RNF168_boot.141	5.15E-03	2.38E-03	1.49E-03	2.87E-03	5.55E-03	1.12E-04	1.30E-03
RNF168_boot.142	5.27E-03	7.41E-04	2.38E-03	7.71E-04	4.99E-03	0.00E+00	7.15E-04
RNF168_boot.143	4.19E-03	2.64E-03	8.35E-04	2.24E-03	5.38E-03	1.51E-03	7.73E-04
RNF168_boot.144	4.36E-03	1.29E-03	1.55E-03	2.40E-03	4.05E-03	3.67E-152	1.31E-03
RNF168_boot.145	3.93E-03	3.53E-03	2.01E-03	1.92E-03	4.69E-03	8.67E-122	5.03E-03
RNF168_boot.146	3.89E-03	7.40E-128	0.00E+00	3.75E-03	5.14E-03	1.30E-03	3.20E-03
RNF168_boot.147	4.81E-03	3.30E-03	1.32E-03	1.88E-03	4.89E-03	0.00E+00	4.15E-03
RNF168_boot.148	4.64E-03	2.30E-03	3.21E-03	6.12E-03	5.06E-03	0.00E+00	5.23E-03
RNF168_boot.149	4.03E-03	1.90E-03	2.84E-03	4.31E-03	5.06E-03	0.00E+00	6.39E-03
RNF168_boot.150	5.41E-03	1.10E-03	0.00E+00	4.12E-03	5.63E-03	0.00E+00	5.03E-03
RNF168_boot.151	4.28E-03	1.88E-03	1.11E-03	1.93E-03	4.36E-03	0.00E+00	1.10E-03
RNF168_boot.152	3.27E-03	2.01E-03	1.04E-03	2.30E-03	4.42E-03	1.25E-03	3.18E-04
RNF168_boot.153	4.55E-03	1.91E-03	2.30E-03	4.10E-03	4.71E-03	3.15E-21	6.72E-03
RNF168_boot.154	2.46E-03	4.12E-03	2.77E-03	3.02E-03	3.56E-03	1.28E-03	5.28E-03
RNF168_boot.155	2.16E-03	3.43E-03	3.67E-03	4.34E-03	2.78E-03	1.08E-03	5.01E-03
RNF168_boot.156	2.15E-03	2.44E-03	9.90E-03	3.12E-03	5.77E-03	1.33E-03	4.55E-03
RNF168_boot.157	2.26E-03	2.67E-03	3.38E-03	4.44E-03	3.24E-03	1.33E-03	2.53E-03
RNF168_boot.158	2.00E-03	4.79E-03	4.58E-03	5.87E-03	3.21E-03	1.65E-03	3.30E-03
RNF168_boot.159	2.44E-03	2.26E-03	2.72E-03	3.68E-03	3.47E-03	1.41E-03	2.99E-03
RNF168_boot.160	2.27E-03	1.97E-03	3.13E-03	5.95E-03	4.05E-03	3.68E-03	2.38E-03
RNF168_boot.161	2.14E-03	2.66E-03	2.33E-03	2.98E-03	3.18E-03	1.37E-03	2.49E-03
RNF168_boot.162	2.71E-03	2.68E-03	3.25E-03	3.89E-03	4.57E-03	5.18E-03	3.64E-03
RNF168_boot.163	1.92E-03	5.18E-03	3.62E-03	4.32E-03	2.65E-03	1.07E-03	4.79E-03
RNF168_boot.164	1.67E-03	4.15E-03	3.85E-03	6.37E-03	2.63E-03	1.41E-03	5.70E-04
RNF168_boot.165	1.95E-03	3.39E-03	3.08E-03	4.37E-03	3.30E-03	1.36E-03	2.47E-03
RNF168_boot.166	2.03E-03	4.23E-03	3.18E-03	3.53E-03	3.59E-03	1.46E-03	6.47E-03
RNF168_boot.167	2.60E-03	3.43E-03	3.81E-03	5.07E-03	3.63E-03	1.37E-03	3.26E-03
RNF168_boot.168	2.06E-03	4.92E-03	4.03E-03	5.86E-03	3.04E-03	1.52E-03	2.13E-03
RNF168_boot.169	2.28E-03	3.33E-03	3.78E-03	5.21E-03	3.61E-03	1.58E-03	2.76E-03
RNF168_boot.170	2.16E-03	2.99E-03	3.58E-03	4.76E-03	3.14E-03	1.36E-03	2.92E-03
RNF168_boot.171	2.12E-03	2.30E-03	3.90E-03	5.21E-03	3.36E-03	1.53E-03	2.45E-03
RNF168_boot.172	1.72E-03	5.04E-03	4.26E-03	4.52E-03	2.55E-03	1.44E-03	7.78E-03
RNF168_boot.173	1.91E-03	1.45E-03	2.11E-03	3.75E-03	3.15E-03	1.01E-03	1.37E-03
RNF168_boot.174	2.25E-03	3.06E-03	4.18E-03	5.78E-03	3.19E-03	1.30E-03	7.27E-03
RNF168_boot.175	3.24E-03	3.08E-03	4.03E-03	5.00E-03	4.73E-03	7.53E-03	3.26E-03
RNF168_boot.176	1.93E-03	4.90E-03	4.44E-03	6.97E-03	2.37E-03	1.20E-03	1.18E-03
RNF168_boot.177	1.93E-03	3.20E-03	3.28E-03	4.14E-03	2.80E-03	1.15E-03	2.76E-03
RNF168_boot.178	2.35E-03	2.50E-03	3.63E-03	5.46E-03	2.77E-03	9.81E-04	1.34E-03
RNF168_boot.179	2.45E-03	1.92E-03	2.80E-03	3.74E-03	3.34E-03	1.20E-03	2.61E-03
RNF168_boot.180	2.18E-03	2.18E-03	3.55E-03	6.56E-03	3.18E-03	1.64E-03	2.37E-03
RNF168_boot.181	2.46E-03	1.99E-03	3.14E-03	4.18E-03	3.29E-03	9.39E-04	2.53E-03
RNF168_boot.182	2.45E-03	4.91E-03	4.74E-03	5.68E-03	3.32E-03	1.33E-03	5.20E-03
RNF168_boot.183	2.43E-03	2.36E-03	2.87E-03	4.23E-03	3.69E-03	1.28E-03	4.37E-03
RNF168_boot.184	2.22E-03	3.93E-03	3.10E-03	3.57E-03	3.08E-03	1.12E-03	4.86E-03
RNF168_boot.185	2.68E-03	2.63E-03	2.38E-03	3.24E-03	3.97E-03	1.44E-03	3.21E-03
RNF168_boot.186	2.01E-03	4.72E-03	3.73E-03	5.21E-03	3.09E-03	1.46E-03	2.90E-03
RNF168_boot.187	2.48E-03	4.23E-03	3.27E-03	3.41E-03	3.27E-03	1.15E-03	5.49E-03
RNF168_boot.188	2.18E-03	3.15E-03	3.62E-03	4.44E-03	3.07E-03	1.66E-03	2.62E-03
RNF168_boot.189	2.07E-03	3.20E-03	4.07E-03	6.32E-03	3.57E-03	1.86E-03	1.22E-03
RNF168_boot.190	1.81E-03	3.56E-03	4.25E-03	5.41E-03	2.69E-03	1.33E-03	3.01E-03
RNF168_boot.191	2.06E-03	4.35E-03	3.57E-03	3.85E-03	3.09E-03	1.37E-03	5.62E-03
RNF168_boot.192	2.00E-03	3.72E-03	3.25E-03	4.20E-03	2.88E-03	1.31E-03	2.82E-03
RNF168_boot.193	2.69E-03	2.42E-03	2.85E-03	3.88E-03	3.77E-03	1.48E-03	3.00E-03
RNF168_boot.194	2.17E-03	3.08E-03	3.94E-03	4.85E-03	3.13E-03	1.25E-03	4.60E-03
RNF168_boot.195	2.17E-03	4.02E-03	4.07E-03	5.03E-03	3.39E-03	1.54E-03	3.49E-03
RNF168_boot.196	2.80E-03	3.52E-03	3.96E-03	5.36E-03	4.23E-03	1.59E-03	5.27E-03
RNF168_boot.197	2.21E-03	3.45E-03	3.49E-03	4.10E-03	3.37E-03	1.65E-03	4.95E-03
RNF168_boot.198	1.81E-03	4.42E-03	3.76E-03	4.20E-03	2.94E-03	1.23E-03	5.00E-03
RNF168_boot.199	2.46E-03	4.27E-03	4.23E-03	5.41E-03	3.69E-03	1.57E-03	3.74E-03
RNF168_boot.200	2.52E-03	3.76E-03	3.47E-03	4.27E-03	3.53E-03	1.30E-03	4.44E-03
RNF168_boot.201	2.34E-03	2.17E-03	2.97E-03	4.51E-03	3.11E-03	1.13E-03	1.45E-03
RNF168_boot.202	2.18E-03	3.27E-03	3.26E-03	3.72E-03	2.88E-03	1.23E-03	5.51E-03
RNF168_boot.203	2.15E-03	2.20E-03	2.77E-03	3.49E-03	3.06E-03	1.13E-03	3.44E-03
RNF168_boot.204	2.26E-03	4.91E-03	3.91E-03	5.91E-03	2.92E-03	1.40E-03	2.29E-03
RNF168_boot.205	2.15E-03	3.58E-03	3.48E-03	3.75E-03	3.00E-03	1.30E-03	5.90E-03
RNF168_boot.206	2.42E-03	3.53E-03	3.54E-03	4.57E-03	3.59E-03	1.35E-03	4.21E-03
RNF168_boot.207	2.27E-03	1.84E-03	2.52E-03	3.56E-03	2.81E-03	6.82E-04	1.98E-03
RNF168_boot.208	2.65E-03	4.45E-03	4.08E-03	4.94E-03	3.69E-03	1.50E-03	5.42E-03
RNF168_real	2.59E-03	5.67E-03	3.74E-03	8.45E-03	2.64E-03	9.90E-04	1.12E-03
RNF168_real.1	4.60E-03	2.33E-03	1.70E-03	1.39E-03	4.73E-03	1.56E-17	4.01E-03
RNF168_real.2	2.23E-03	3.27E-03	3.32E-03	4.19E-03	3.25E-03	1.31E-03	3.56E-03
MLH1_boot	1.44E-03	0.00E+00	8.54E-03	2.32E-03	5.57E-03	4.24E-03	2.29E-03
MLH1_boot.1	2.11E-03	0.00E+00	7.46E-03	1.88E-04	5.90E-03	4.35E-03	2.11E-03
MLH1_boot.2	5.55E-03	7.15E-04	4.82E-03	1.79E-03	5.18E-03	5.59E-03	2.35E-03
MLH1_boot.3	4.49E-03	8.95E-04	6.88E-03	4.40E-10	5.98E-03	5.54E-03	1.77E-03
MLH1_boot.4	4.36E-03	1.22E-03	5.14E-03	2.11E-114	5.36E-03	5.17E-03	1.53E-03
MLH1_boot.5	1.71E-03	1.25E-30	6.09E-03	1.19E-03	5.35E-03	4.03E-03	2.29E-03
MLH1_boot.6	4.32E-03	1.51E-03	7.21E-03	0.00E+00	5.89E-03	5.32E-03	1.97E-03
MLH1_boot.7	2.08E-03	7.92E-04	4.95E-03	1.42E-03	5.11E-03	4.62E-03	1.57E-03
MLH1_boot.8	3.83E-03	1.63E-03	5.99E-03	1.39E-04	5.67E-03	5.76E-03	1.31E-03
MLH1_boot.9	1.60E-03	5.68E-04	6.19E-03	1.18E-03	5.14E-03	4.08E-03	1.83E-03
MLH1_boot.10	1.25E-03	0.00E+00	4.71E-03	1.40E-03	5.14E-03	4.28E-03	1.83E-03
MLH1_boot.11	1.94E-03	5.75E-04	5.38E-03	6.38E-04	5.13E-03	4.34E-03	1.91E-03
MLH1_boot.12	6.68E-04	0.00E+00	7.34E-03	1.48E-03	5.60E-03	3.94E-03	1.41E-03
MLH1_boot.13	1.91E-03	1.42E-03	5.51E-03	3.88E-25	5.30E-03	4.56E-03	1.32E-03
MLH1_boot.14	2.33E-03	2.18E-42	6.33E-03	0.00E+00	5.93E-03	4.81E-03	1.78E-03
MLH1_boot.15	5.48E-03	1.36E-03	7.54E-03	5.00E-147	5.80E-03	5.65E-03	1.80E-03
MLH1_boot.16	1.71E-03	6.20E-04	5.47E-03	1.24E-03	4.36E-03	3.69E-03	8.51E-04
MLH1_boot.17	1.76E-03	9.16E-04	4.19E-03	8.92E-04	4.40E-03	3.90E-03	1.10E-03
MLH1_boot.18	1.09E-03	1.83E-04	5.00E-03	1.26E-03	4.36E-03	3.72E-03	1.59E-03
MLH1_boot.19	1.17E-03	1.22E-03	5.88E-03	1.09E-03	4.45E-03	3.32E-03	1.73E-03
MLH1_boot.20	1.05E-03	7.46E-04	4.30E-03	5.46E-04	4.28E-03	3.74E-03	1.61E-03
MLH1_boot.21	1.40E-03	7.40E-04	5.45E-03	8.21E-04	4.35E-03	3.40E-03	9.23E-04
MLH1_boot.22	9.55E-04	1.11E-03	4.51E-03	6.61E-04	4.40E-03	3.58E-03	1.95E-03
MLH1_boot.23	1.37E-03	3.09E-04	3.20E-03	2.11E-03	4.39E-03	3.58E-03	5.75E-04
MLH1_boot.24	1.67E-03	3.20E-04	3.98E-03	9.27E-04	4.41E-03	3.73E-03	1.64E-03
MLH1_boot.25	1.80E-03	9.83E-04	4.14E-03	8.94E-04	4.23E-03	3.44E-03	9.96E-04
MLH1_boot.26	1.34E-03	8.32E-04	4.06E-03	1.70E-03	3.93E-03	3.56E-03	7.45E-04
MLH1_boot.27	1.24E-03	9.41E-04	4.22E-03	9.04E-04	4.37E-03	3.36E-03	1.12E-03
MLH1_boot.28	1.72E-03	3.09E-04	4.43E-03	1.19E-03	4.38E-03	3.83E-03	8.82E-04
MLH1_boot.29	1.10E-03	4.75E-05	4.93E-03	1.46E-03	4.49E-03	3.46E-03	1.33E-03
MLH1_boot.30	1.83E-03	7.21E-04	5.14E-03	7.39E-04	4.25E-03	3.61E-03	7.17E-04
MLH1_boot.31	1.52E-03	9.78E-04	4.58E-03	6.80E-04	4.58E-03	4.15E-03	1.25E-03
MLH1_boot.32	1.67E-03	1.00E-03	5.36E-03	1.70E-03	4.39E-03	3.95E-03	1.84E-03
MLH1_boot.33	1.15E-03	8.46E-04	4.10E-03	8.78E-04	4.73E-03	3.90E-03	1.08E-03
MLH1_boot.34	1.40E-03	5.42E-04	3.32E-03	1.44E-03	4.24E-03	3.56E-03	2.31E-03
MLH1_boot.35	1.47E-03	1.39E-03	5.03E-03	1.34E-03	4.18E-03	3.59E-03	1.58E-03
MLH1_boot.36	1.93E-03	1.07E-03	4.45E-03	6.06E-04	4.34E-03	3.57E-03	1.03E-03
MLH1_boot.37	1.23E-03	1.11E-03	4.17E-03	8.80E-04	4.75E-03	4.20E-03	1.99E-03
MLH1_boot.38	1.06E-25	1.43E-03	5.36E-03	0.00E+00	5.56E-03	4.34E-03	1.75E-03
MLH1_boot.39	3.54E-03	1.50E-03	8.30E-03	4.83E-04	5.66E-03	4.75E-03	1.65E-03
MLH1_boot.40	5.07E-08	2.27E-03	5.77E-03	0.00E+00	5.60E-03	4.12E-03	2.28E-03
MLH1_boot.41	1.48E-03	5.85E-04	4.18E-03	7.83E-04	5.00E-03	4.20E-03	9.93E-04
MLH1_boot.42	1.18E-03	1.19E-03	4.35E-03	1.01E-03	4.77E-03	3.74E-03	1.76E-03
MLH1_boot.43	1.48E-03	5.08E-04	1.13E-02	2.65E-03	5.89E-03	3.72E-03	1.06E-03
MLH1_boot.44	2.93E-04	2.58E-03	5.60E-03	0.00E+00	5.80E-03	4.17E-03	2.25E-03
MLH1_boot.45	4.66E-03	1.05E-03	5.53E-03	2.88E-45	5.39E-03	5.09E-03	1.00E-03
MLH1_boot.46	3.09E-03	8.21E-04	7.76E-03	1.02E-68	5.78E-03	5.10E-03	1.42E-03
MLH1_boot.47	1.45E-03	1.00E-161	9.97E-03	2.17E-03	5.64E-03	3.47E-03	1.32E-03
MLH1_boot.48	3.85E-04	1.45E-03	4.08E-03	1.07E-03	4.81E-03	3.96E-03	1.92E-03
MLH1_boot.49	1.30E-03	1.64E-03	4.91E-03	0.00E+00	5.08E-03	3.95E-03	1.67E-03
MLH1_boot.50	4.08E-04	1.12E-29	3.61E-03	1.35E-03	4.98E-03	3.86E-03	1.55E-03
MLH1_boot.51	1.39E-03	1.64E-03	3.94E-03	1.48E-03	4.87E-03	4.24E-03	2.06E-03
MLH1_boot.52	1.00E-03	1.41E-03	4.52E-03	4.12E-126	5.00E-03	4.43E-03	1.51E-03
MLH1_real	4.14E-03	9.40E-32	6.70E-03	5.63E-04	5.59E-03	5.33E-03	1.81E-03
MLH1_real.1	1.46E-03	7.94E-04	4.30E-03	5.76E-04	4.35E-03	3.58E-03	1.03E-03
MLH1_real.2	1.94E-03	1.29E-03	4.52E-03	8.21E-32	5.03E-03	4.40E-03	1.29E-03
MSH2_boot	2.86E-03	1.94E-03	5.12E-03	1.21E-03	4.58E-03	4.83E-03	1.96E-03
MSH2_boot.1	0.00E+00	1.98E-03	4.70E-03	1.68E-03	4.74E-03	4.30E-03	1.27E-03
MSH2_boot.2	2.12E-40	2.69E-03	3.82E-03	1.93E-03	4.60E-03	3.90E-03	1.65E-03
MSH2_boot.3	2.39E-03	2.72E-03	4.28E-03	2.16E-03	4.48E-03	4.80E-03	1.73E-03
MSH2_boot.4	3.40E-03	6.46E-04	3.85E-03	1.97E-03	4.69E-03	4.99E-03	1.57E-03
MSH2_boot.5	1.40E-03	1.83E-03	4.25E-03	2.49E-03	4.50E-03	4.21E-03	1.15E-04
MSH2_boot.6	2.52E-03	2.04E-03	3.42E-03	2.87E-03	4.32E-03	4.23E-03	2.02E-76
MSH2_boot.7	4.37E-03	1.59E-03	3.64E-03	2.74E-03	4.57E-03	5.00E-03	3.88E-04
MSH2_boot.8	2.10E-103	6.48E-04	4.21E-03	1.35E-03	4.81E-03	4.30E-03	5.55E-04
MSH2_boot.9	2.17E-04	6.43E-04	4.33E-03	1.43E-03	4.97E-03	4.15E-03	8.08E-04
MSH2_boot.10	1.30E-03	1.74E-03	3.94E-03	2.73E-03	4.69E-03	4.26E-03	2.12E-04
MSH2_boot.11	6.53E-04	7.96E-04	4.24E-03	1.24E-03	4.89E-03	4.25E-03	5.41E-04
MSH2_boot.12	4.85E-101	8.17E-04	4.59E-03	2.01E-03	4.95E-03	4.38E-03	7.01E-04
MSH2_boot.13	0.00E+00	1.29E-03	4.72E-03	8.72E-04	4.83E-03	4.25E-03	1.34E-03
MSH2_boot.14	3.62E-03	1.40E-03	4.20E-03	2.28E-03	4.61E-03	4.79E-03	7.21E-04
MSH2_boot.15	0.00E+00	1.57E-03	3.81E-03	2.10E-03	4.69E-03	3.94E-03	5.04E-04
MSH2_boot.16	3.52E-03	8.47E-04	4.21E-03	1.36E-03	4.69E-03	4.78E-03	6.88E-04
MSH2_boot.17	4.48E-03	1.74E-03	3.95E-03	3.18E-03	4.90E-03	5.20E-03	3.62E-04
MSH2_boot.18	1.85E-53	1.91E-03	3.79E-03	2.91E-03	5.00E-03	4.07E-03	3.63E-05
MSH2_boot.19	3.78E-03	8.86E-04	4.15E-03	1.49E-03	4.88E-03	5.17E-03	9.24E-04
MSH2_boot.20	7.65E-43	1.01E-03	3.71E-03	1.95E-03	4.88E-03	3.96E-03	7.93E-04
MSH2_boot.21	3.65E-03	7.97E-04	4.90E-03	1.11E-03	4.98E-03	5.39E-03	1.13E-03
MSH2_boot.22	2.43E-03	2.85E-04	5.90E-03	1.54E-03	5.11E-03	4.70E-03	6.91E-04
MSH2_boot.23	4.06E-03	9.35E-04	5.06E-03	7.91E-04	5.12E-03	5.61E-03	1.14E-03
MSH2_boot.24	5.84E-03	5.46E-04	4.54E-03	5.81E-04	4.89E-03	5.81E-03	7.36E-04
MSH2_boot.25	1.62E-03	1.29E-03	5.17E-03	6.75E-04	4.78E-03	4.18E-03	1.34E-03
MSH2_boot.26	5.50E-03	8.42E-41	5.27E-03	8.46E-04	5.08E-03	5.83E-03	1.54E-03
MSH2_boot.27	5.08E-03	1.00E-03	6.22E-03	1.06E-03	5.08E-03	5.31E-03	1.18E-03
MSH2_boot.28	2.14E-03	9.66E-04	7.46E-03	1.95E-03	5.36E-03	4.11E-03	1.52E-03
MSH2_boot.29	4.92E-03	8.81E-04	5.41E-03	8.03E-04	5.06E-03	5.85E-03	5.72E-04
MSH2_boot.30	4.98E-03	1.04E-03	4.95E-03	7.28E-04	4.85E-03	5.47E-03	1.47E-03
MSH2_boot.31	5.66E-03	7.79E-04	5.55E-03	1.14E-03	4.91E-03	5.88E-03	9.94E-04
MSH2_boot.32	4.08E-03	6.16E-07	4.52E-03	7.99E-04	4.82E-03	5.14E-03	1.21E-03
MSH2_boot.33	2.25E-03	6.83E-04	4.92E-03	1.30E-03	5.09E-03	4.82E-03	1.20E-03
MSH2_boot.34	6.94E-03	1.20E-03	5.45E-03	1.45E-03	4.89E-03	5.91E-03	8.52E-04
MSH2_real	9.79E-04	1.18E-03	4.21E-03	1.75E-03	4.69E-03	4.20E-03	4.47E-04
MSH2_real.1	5.84E-03	7.84E-04	5.00E-03	6.73E-04	4.88E-03	5.64E-03	8.37E-04
MSH6_boot	1.27E-22	1.83E-03	4.00E-03	8.80E-04	5.27E-03	4.44E-03	1.03E-03
MSH6_boot.1	0.00E+00	6.31E-04	4.50E-03	6.84E-04	4.87E-03	4.22E-03	6.94E-04
MSH6_boot.2	0.00E+00	2.34E-03	5.03E-03	0.00E+00	5.47E-03	4.23E-03	1.60E-03
MSH6_boot.3	3.11E-38	9.17E-04	2.81E-03	1.57E-03	4.94E-03	4.67E-03	1.29E-03
MSH6_boot.4	0.00E+00	7.51E-04	4.24E-03	1.33E-03	5.30E-03	4.63E-03	1.78E-03
MSH6_boot.5	1.36E-03	1.86E-03	4.96E-03	0.00E+00	5.34E-03	4.95E-03	1.85E-03
MSH6_boot.6	0.00E+00	1.13E-03	5.18E-03	9.02E-04	5.12E-03	4.40E-03	1.04E-03
MSH6_boot.7	6.89E-121	8.90E-04	3.74E-03	7.51E-04	5.30E-03	4.53E-03	7.64E-04
MSH6_boot.8	4.54E-04	9.21E-04	5.18E-03	1.14E-03	4.99E-03	4.19E-03	1.43E-03
MSH6_boot.9	6.02E-04	1.20E-03	4.82E-03	7.45E-04	5.16E-03	4.56E-03	1.11E-03
MSH6_boot.10	1.94E-04	1.09E-03	4.60E-03	6.22E-04	4.76E-03	3.95E-03	1.72E-03
MSH6_boot.11	3.56E-04	2.05E-03	4.13E-03	1.99E-03	5.60E-03	4.75E-03	1.04E-03
MSH6_boot.12	6.82E-120	1.22E-03	4.15E-03	1.22E-03	5.11E-03	4.30E-03	1.53E-03
MSH6_boot.13	7.13E-138	2.46E-03	4.94E-03	3.04E-04	5.69E-03	4.63E-03	1.43E-03
MSH6_boot.14	4.73E-04	2.27E-03	1.78E-03	1.44E-03	4.77E-03	4.90E-03	1.17E-03
MSH6_boot.15	1.50E-75	1.40E-03	4.54E-03	1.73E-03	5.29E-03	4.60E-03	9.77E-04
MSH6_boot.16	1.90E-03	1.52E-03	4.71E-03	9.02E-04	5.32E-03	5.11E-03	1.98E-03
MSH6_boot.17	0.00E+00	9.95E-04	2.75E-03	1.26E-03	5.00E-03	4.68E-03	1.21E-03
MSH6_boot.18	0.00E+00	1.56E-03	4.06E-03	1.92E-03	5.61E-03	4.94E-03	8.44E-04
MSH6_boot.19	2.17E-08	5.55E-04	3.87E-03	9.87E-04	5.07E-03	4.35E-03	5.55E-04
MSH6_boot.20	0.00E+00	9.80E-04	3.84E-03	4.95E-04	4.97E-03	4.19E-03	1.56E-03
MSH6_boot.21	2.37E-03	1.24E-03	4.65E-03	1.12E-03	4.89E-03	5.06E-03	1.59E-03
MSH6_boot.22	0.00E+00	1.79E-03	4.29E-03	1.42E-03	5.24E-03	4.71E-03	7.38E-04
MSH6_boot.23	9.37E-04	1.80E-03	5.24E-03	1.47E-03	4.87E-03	4.26E-03	1.01E-03
MSH6_boot.24	0.00E+00	6.33E-04	4.52E-03	9.33E-04	5.64E-03	4.94E-03	1.39E-03
MSH6_boot.25	8.28E-04	8.53E-04	4.59E-03	1.04E-03	4.89E-03	4.26E-03	1.72E-03
MSH6_boot.26	0.00E+00	1.87E-03	4.40E-03	4.80E-04	5.26E-03	4.72E-03	1.18E-03
MSH6_boot.27	4.86E-113	8.93E-04	4.26E-03	1.05E-03	5.03E-03	4.37E-03	7.25E-04
MSH6_boot.28	5.54E-99	1.86E-03	4.44E-03	1.22E-03	5.27E-03	4.52E-03	8.76E-04
MSH6_boot.29	1.58E-60	7.42E-04	3.38E-03	9.91E-04	5.21E-03	4.27E-03	1.21E-03
MSH6_boot.30	0.00E+00	7.57E-04	3.67E-03	3.98E-04	5.03E-03	4.35E-03	1.27E-03
MSH6_boot.31	0.00E+00	1.52E-03	3.96E-03	3.87E-04	5.27E-03	4.74E-03	1.51E-03
MSH6_boot.32	7.07E-04	1.06E-03	4.10E-03	1.85E-04	5.10E-03	4.39E-03	9.12E-04
MSH6_boot.33	0.00E+00	4.04E-04	3.86E-03	9.58E-04	5.53E-03	4.89E-03	7.56E-04
MSH6_boot.34	0.00E+00	1.05E-03	2.36E-03	9.55E-04	5.21E-03	4.71E-03	8.99E-04
MSH6_boot.35	0.00E+00	1.27E-03	3.01E-03	1.89E-03	5.24E-03	5.05E-03	0.00E+00
MSH6_boot.36	6.22E-04	7.39E-04	4.07E-03	7.70E-04	4.76E-03	4.02E-03	6.20E-04
MSH6_boot.37	0.00E+00	2.18E-03	4.13E-03	0.00E+00	5.28E-03	4.48E-03	2.03E-03
MSH6_boot.38	0.00E+00	8.73E-04	3.52E-03	7.63E-04	5.04E-03	4.24E-03	9.53E-04
MSH6_boot.39	2.20E-135	1.14E-03	3.95E-03	6.02E-04	5.16E-03	4.47E-03	1.28E-03
MSH6_boot.40	0.00E+00	6.83E-04	4.17E-03	1.17E-03	5.01E-03	4.45E-03	1.21E-03
MSH6_boot.41	2.44E-04	1.87E-03	3.95E-03	3.83E-103	5.13E-03	4.26E-03	1.29E-03
MSH6_boot.42	0.00E+00	2.00E-03	4.16E-03	9.13E-04	4.63E-03	4.03E-03	2.24E-03
MSH6_boot.43	0.00E+00	5.71E-04	3.87E-03	1.50E-03	4.94E-03	4.27E-03	4.99E-04
MSH6_boot.44	0.00E+00	7.57E-04	3.59E-03	7.72E-04	4.90E-03	4.31E-03	6.71E-04
MSH6_boot.45	4.33E-116	9.98E-04	1.15E-03	8.89E-04	4.80E-03	4.73E-03	1.28E-03
MSH6_boot.46	0.00E+00	9.13E-04	3.58E-03	1.62E-03	4.66E-03	4.09E-03	2.29E-03
MSH6_boot.47	0.00E+00	1.03E-03	4.77E-03	7.16E-04	5.03E-03	4.37E-03	1.03E-03
MSH6_boot.48	5.36E-139	1.40E-03	3.31E-04	1.11E-03	4.18E-03	4.54E-03	2.10E-03
MSH6_boot.49	0.00E+00	9.31E-04	3.50E-03	9.98E-04	5.05E-03	4.21E-03	1.41E-03
MSH6_boot.50	6.20E-04	6.44E-04	3.20E-03	1.58E-03	4.80E-03	3.94E-03	5.68E-04
MSH6_boot.51	7.00E-04	8.27E-04	4.07E-03	1.84E-03	4.87E-03	4.06E-03	7.12E-04
MSH6_boot.52	0.00E+00	8.58E-04	3.39E-03	1.23E-03	5.40E-03	4.78E-03	1.12E-03
MSH6_boot.53	1.60E-139	1.15E-03	3.64E-03	1.34E-03	4.98E-03	4.45E-03	1.13E-03
MSH6_boot.54	0.00E+00	1.22E-03	4.21E-03	9.69E-13	5.47E-03	4.60E-03	9.85E-04
MSH6_boot.55	8.06E-75	7.97E-04	4.21E-03	9.51E-04	4.82E-03	4.18E-03	1.01E-03
MSH6_boot.56	9.81E-04	7.98E-04	3.62E-03	5.43E-04	5.03E-03	4.62E-03	6.75E-04
MSH6_boot.57	0.00E+00	8.80E-04	3.40E-03	6.96E-04	5.05E-03	4.47E-03	1.34E-03
MSH6_boot.58	8.17E-144	7.21E-04	3.75E-03	5.75E-04	4.93E-03	4.15E-03	7.94E-04
MSH6_boot.59	4.30E-73	6.28E-04	2.96E-03	1.37E-03	4.97E-03	4.15E-03	1.03E-03
MSH6_boot.60	0.00E+00	2.20E-03	2.51E-03	1.33E-03	4.96E-03	4.61E-03	2.18E-03
MSH6_boot.61	4.58E-04	5.70E-04	4.23E-03	5.55E-04	5.15E-03	4.45E-03	6.24E-04
MSH6_boot.62	0.00E+00	1.27E-03	3.74E-03	4.45E-04	4.84E-03	4.31E-03	1.69E-03
MSH6_boot.63	0.00E+00	6.41E-04	4.12E-03	7.08E-04	4.68E-03	4.10E-03	1.32E-03
MSH6_boot.64	4.53E-04	4.17E-04	4.53E-03	1.48E-03	5.14E-03	4.27E-03	1.31E-03
MSH6_boot.65	5.64E-65	7.76E-04	3.62E-03	9.47E-04	4.80E-03	3.92E-03	1.96E-03
MSH6_boot.66	8.20E-04	7.14E-04	4.85E-03	7.49E-04	4.88E-03	4.08E-03	6.59E-04
MSH6_boot.67	1.20E-97	1.02E-03	3.65E-03	1.38E-03	4.98E-03	4.21E-03	1.47E-03
MSH6_boot.68	8.31E-04	1.72E-03	4.41E-03	9.89E-04	4.71E-03	4.06E-03	2.40E-03
MSH6_boot.69	2.28E-04	1.67E-03	4.08E-03	9.42E-04	5.02E-03	4.27E-03	2.12E-03
MSH6_boot.70	0.00E+00	9.58E-04	3.09E-03	1.41E-03	4.91E-03	4.29E-03	1.30E-03
MSH6_boot.71	5.65E-04	1.42E-03	4.00E-03	1.15E-03	4.73E-03	4.31E-03	1.11E-03
MSH6_boot.72	4.24E-88	7.74E-04	3.86E-03	8.85E-04	4.86E-03	4.25E-03	1.51E-03
MSH6_boot.73	7.06E-17	1.28E-03	3.90E-03	1.21E-03	4.82E-03	4.19E-03	1.19E-03
MSH6_boot.74	1.00E-03	8.78E-04	3.77E-03	9.11E-04	5.03E-03	4.25E-03	1.36E-03
MSH6_boot.75	2.86E-100	1.32E-03	3.57E-03	2.82E-04	4.89E-03	4.20E-03	1.92E-03
MSH6_boot.76	3.78E-15	7.72E-04	3.85E-03	4.72E-04	4.77E-03	4.05E-03	9.66E-04
MSH6_boot.77	3.85E-04	6.42E-04	3.76E-03	4.49E-04	4.48E-03	3.64E-03	8.58E-04
MSH6_boot.78	3.18E-137	2.61E-03	4.31E-03	7.74E-137	5.26E-03	4.47E-03	2.59E-03
MSH6_boot.79	0.00E+00	1.59E-03	3.67E-03	1.09E-03	5.17E-03	4.44E-03	2.04E-03
MSH6_boot.80	5.90E-05	1.38E-03	4.30E-03	7.17E-04	4.97E-03	4.32E-03	1.51E-03
MSH6_boot.81	7.48E-04	1.36E-03	3.72E-03	8.66E-04	4.78E-03	4.01E-03	1.46E-03
MSH6_boot.82	1.05E-85	1.12E-03	3.78E-03	8.42E-04	5.09E-03	4.31E-03	1.13E-03
MSH6_boot.83	1.96E-40	1.19E-03	3.70E-03	9.64E-04	4.63E-03	3.88E-03	9.01E-04
MSH6_boot.84	8.61E-04	7.62E-04	3.98E-03	4.90E-04	4.97E-03	4.53E-03	9.79E-04
MSH6_boot.85	1.24E-143	1.96E-03	4.59E-03	5.31E-04	5.17E-03	4.55E-03	1.82E-03
MSH6_boot.86	3.71E-67	1.24E-03	4.56E-03	1.17E-03	4.78E-03	4.06E-03	8.63E-04
MSH6_boot.87	9.40E-04	1.36E-03	4.20E-03	8.86E-04	4.67E-03	4.41E-03	2.15E-03
MSH6_boot.88	0.00E+00	3.51E-04	4.70E-03	1.04E-03	4.88E-03	4.23E-03	5.88E-04
MSH6_boot.89	6.37E-04	9.84E-04	4.80E-03	7.50E-04	4.34E-03	3.83E-03	1.66E-03
MSH6_boot.90	3.23E-112	1.15E-03	3.22E-03	1.15E-03	4.92E-03	4.34E-03	1.29E-03
MSH6_boot.91	1.09E-03	7.77E-04	3.28E-03	1.07E-03	4.81E-03	4.45E-03	8.21E-04
MSH6_boot.92	7.73E-39	1.21E-03	4.12E-03	1.24E-03	5.32E-03	4.58E-03	1.78E-03
MSH6_boot.93	7.93E-58	1.21E-03	4.80E-03	9.82E-04	4.62E-03	3.99E-03	1.29E-03
MSH6_boot.94	0.00E+00	1.28E-03	4.61E-03	4.26E-04	5.28E-03	4.40E-03	1.56E-03
MSH6_boot.95	3.14E-121	1.57E-03	4.30E-03	9.93E-04	4.79E-03	4.15E-03	2.54E-03
MSH6_boot.96	1.11E-03	1.36E-03	4.01E-03	1.20E-03	5.00E-03	4.42E-03	1.77E-03
MSH6_boot.97	7.33E-04	1.77E-03	4.06E-03	1.05E-03	4.52E-03	4.01E-03	1.68E-03
MSH6_boot.98	9.09E-04	3.95E-04	3.27E-03	1.96E-03	4.78E-03	4.35E-03	2.10E-03
MSH6_boot.99	3.24E-53	4.93E-04	3.81E-03	1.32E-03	4.81E-03	4.13E-03	6.95E-04
MSH6_boot.100	0.00E+00	7.45E-04	3.70E-03	1.18E-03	5.09E-03	4.44E-03	6.96E-04
MSH6_boot.101	5.45E-59	6.03E-04	4.13E-03	5.36E-04	4.80E-03	4.13E-03	7.84E-04
MSH6_boot.102	1.90E-89	1.18E-03	3.72E-03	4.10E-04	4.72E-03	4.04E-03	1.74E-03
MSH6_boot.103	7.65E-04	9.76E-04	4.81E-03	6.89E-04	4.92E-03	4.38E-03	7.70E-04
MSH6_real	4.04E-52	5.47E-04	4.48E-03	5.83E-04	5.00E-03	4.27E-03	6.03E-04
MSH6_real.1	9.99E-96	1.94E-03	4.41E-03	1.07E-03	5.31E-03	4.54E-03	9.46E-04
MSH6_real.2	0.00E+00	6.38E-04	3.74E-03	7.71E-04	4.91E-03	4.37E-03	7.08E-04
MSH6_real.3	0.00E+00	6.98E-04	3.71E-03	6.74E-04	5.05E-03	4.37E-03	8.41E-04
MSH6_real.4	7.21E-04	1.03E-03	3.95E-03	8.94E-04	4.81E-03	4.40E-03	1.42E-03
MSH6_real.5	1.80E-42	1.17E-03	3.92E-03	6.38E-04	4.73E-03	4.05E-03	1.30E-03
MSH6_real.6	1.44E-119	1.29E-03	4.02E-03	7.48E-04	5.04E-03	4.29E-03	1.47E-03
PMS1_boot	1.20E-03	4.97E-03	3.20E-03	1.92E-03	1.95E-03	0.00E+00	7.41E-03
PMS1_boot.1	6.32E-03	1.03E-02	3.98E-03	2.83E-03	2.07E-03	0.00E+00	1.36E-02
PMS1_boot.2	1.59E-03	4.81E-03	3.87E-03	8.96E-03	2.30E-03	1.51E-04	1.62E-02
PMS1_boot.3	9.10E-04	1.30E-02	3.50E-03	4.77E-03	1.38E-03	0.00E+00	1.68E-02
PMS1_boot.4	1.31E-03	2.73E-03	3.39E-03	4.38E-03	2.34E-03	0.00E+00	8.27E-03
PMS1_boot.5	5.82E-04	1.51E-02	5.25E-03	5.02E-03	1.91E-03	0.00E+00	1.93E-02
PMS1_boot.6	1.53E-03	5.58E-03	3.69E-03	4.89E-03	2.40E-03	0.00E+00	1.25E-02
PMS1_boot.7	1.49E-03	9.37E-03	4.26E-03	5.24E-03	1.87E-03	0.00E+00	1.65E-02
PMS1_boot.8	1.50E-03	2.66E-03	4.37E-03	6.73E-03	2.42E-03	0.00E+00	1.03E-02
PMS1_boot.9	2.02E-03	4.58E-03	4.94E-03	1.15E-02	3.08E-03	0.00E+00	1.79E-02
PMS1_boot.10	3.72E-03	9.35E-03	2.81E-03	3.27E-03	1.13E-03	1.29E-03	1.31E-02
PMS1_boot.11	1.20E-03	5.93E-03	3.30E-03	4.92E-03	1.80E-03	0.00E+00	1.20E-02
PMS1_boot.12	5.33E-03	4.30E-03	6.43E-03	8.85E-03	3.01E-03	1.57E-03	1.44E-02
PMS1_boot.13	2.30E-03	5.73E-03	3.22E-03	9.97E-03	2.08E-03	0.00E+00	1.67E-02
PMS1_boot.14	9.73E-04	1.09E-02	1.58E-04	4.64E-03	3.69E-04	1.93E-158	1.45E-02
PMS1_boot.15	7.38E-03	9.55E-03	1.83E-03	5.78E-03	1.04E-03	1.16E-03	7.48E-03
PMS1_boot.16	2.03E-03	1.47E-02	1.68E-03	1.48E-02	2.33E-03	0.00E+00	4.52E-04
PMS1_boot.17	7.30E-03	1.16E-02	0.00E+00	8.17E-03	1.34E-03	0.00E+00	7.62E-03
PMS1_boot.18	1.79E-03	1.13E-02	2.16E-03	1.16E-02	1.68E-03	0.00E+00	5.54E-03
PMS1_boot.19	1.69E-03	1.49E-02	2.74E-03	1.09E-02	1.76E-03	0.00E+00	8.02E-03
PMS1_boot.20	1.30E-03	1.26E-02	0.00E+00	5.83E-03	1.02E-03	5.12E-102	1.07E-02
PMS1_boot.21	3.67E-03	1.52E-02	2.19E-03	9.69E-03	1.54E-03	6.89E-04	9.10E-03
PMS1_boot.22	1.28E-03	1.23E-02	2.95E-03	4.06E-03	1.31E-03	0.00E+00	1.30E-02
PMS1_boot.23	6.39E-03	1.67E-02	1.88E-03	1.66E-02	2.82E-03	0.00E+00	0.00E+00
PMS1_boot.24	1.58E-03	9.43E-03	0.00E+00	8.41E-03	1.13E-03	0.00E+00	6.03E-03
PMS1_boot.25	1.98E-03	1.81E-02	2.86E-03	1.83E-02	3.28E-03	0.00E+00	0.00E+00
PMS1_boot.26	6.40E-03	1.74E-02	0.00E+00	1.35E-02	2.17E-03	0.00E+00	9.01E-03
PMS1_boot.27	6.97E-03	1.46E-02	5.75E-06	8.24E-03	1.16E-03	1.83E-68	1.02E-02
PMS1_boot.28	2.26E-03	1.48E-02	0.00E+00	1.64E-02	2.27E-03	0.00E+00	1.45E-03
PMS1_boot.29	7.09E-03	1.18E-02	1.81E-03	1.03E-02	1.63E-03	5.87E-160	6.35E-03
PMS1_boot.30	1.98E-03	6.34E-03	3.42E-03	2.82E-03	1.49E-03	6.88E-04	6.62E-03
PMS1_boot.31	1.36E-03	8.13E-03	3.58E-03	2.49E-03	1.68E-03	0.00E+00	9.05E-03
PMS1_boot.32	1.01E-03	1.23E-02	4.52E-03	8.53E-03	1.35E-03	0.00E+00	7.11E-03
PMS1_boot.33	1.13E-03	6.73E-03	4.58E-03	6.28E-03	1.61E-03	0.00E+00	3.78E-03
PMS1_boot.34	0.00E+00	5.00E-03	3.24E-03	2.41E-03	1.54E-03	0.00E+00	5.76E-03
PMS1_boot.35	1.79E-03	4.95E-03	4.41E-03	4.74E-03	2.22E-03	0.00E+00	4.02E-03
PMS1_boot.36	1.06E-28	5.57E-03	1.29E-02	5.04E-03	4.32E-03	5.45E-04	5.65E-03
PMS1_boot.37	3.65E-60	5.77E-03	4.73E-03	8.30E-03	1.30E-03	1.05E-137	2.61E-03
PMS1_boot.38	1.48E-03	1.02E-02	3.28E-03	4.93E-03	7.04E-04	1.02E-03	8.00E-03
PMS1_boot.39	2.05E-03	7.58E-03	4.28E-03	4.16E-03	1.76E-03	0.00E+00	7.34E-03
PMS1_boot.40	0.00E+00	9.44E-03	1.38E-02	5.63E-03	4.53E-03	0.00E+00	9.41E-03
PMS1_boot.41	2.93E-03	3.84E-03	3.99E-03	5.90E-03	1.88E-03	1.70E-147	1.79E-03
PMS1_real	1.11E-03	8.46E-03	3.54E-03	3.26E-03	1.71E-03	0.00E+00	1.30E-02
PMS1_real.1	1.49E-03	1.33E-02	1.26E-05	8.76E-03	1.15E-03	0.00E+00	8.11E-03
PMS1_real.2	3.30E-03	6.95E-03	3.52E-03	3.64E-03	1.64E-03	2.55E-115	6.69E-03
PMS2_boot	3.31E-03	1.37E-03	4.45E-03	2.99E-03	5.62E-03	2.52E-03	4.54E-04
PMS2_boot.1	3.10E-03	1.45E-03	3.03E-03	1.49E-03	4.66E-03	2.24E-03	1.68E-03
PMS2_boot.2	3.23E-03	1.68E-03	4.81E-03	2.77E-03	4.33E-03	2.33E-03	1.04E-03
PMS2_boot.3	2.96E-03	7.46E-04	2.83E-03	1.76E-03	8.52E-03	3.50E-03	1.11E-03
PMS2_boot.4	3.52E-03	1.32E-03	3.39E-03	1.39E-03	2.78E-03	1.49E-03	1.05E-03
PMS2_boot.5	2.68E-03	8.67E-04	3.65E-03	6.65E-04	1.05E-02	3.52E-03	9.07E-04
PMS2_boot.6	2.64E-03	1.66E-03	3.17E-03	2.37E-03	7.82E-03	2.53E-03	6.36E-04
PMS2_boot.7	2.89E-03	1.74E-03	4.73E-03	2.52E-03	9.43E-03	3.18E-03	1.04E-03
PMS2_boot.8	2.78E-03	1.70E-03	3.83E-03	2.97E-03	1.01E-02	3.94E-03	8.53E-04
PMS2_boot.9	3.15E-03	2.40E-03	3.73E-03	1.71E-03	3.80E-03	1.86E-03	4.17E-03
PMS2_boot.10	2.87E-03	8.41E-04	3.89E-03	2.02E-03	9.19E-03	2.93E-03	1.72E-03
PMS2_boot.11	3.03E-03	2.24E-03	1.68E-03	2.66E-03	5.24E-03	2.08E-03	1.24E-03
PMS2_boot.12	3.27E-03	2.87E-03	3.10E-03	2.21E-03	5.97E-03	2.34E-03	1.90E-03
PMS2_boot.13	3.06E-03	2.05E-03	4.28E-03	2.68E-03	9.31E-03	3.05E-03	3.22E-04
PMS2_boot.14	3.48E-03	1.78E-03	1.71E-03	8.55E-04	5.28E-124	1.49E-03	2.24E-03
PMS2_boot.15	3.40E-03	1.83E-03	3.60E-03	1.74E-03	4.36E-03	2.04E-03	1.79E-03
PMS2_boot.16	3.55E-03	1.81E-03	5.74E-03	2.82E-03	1.76E-03	1.68E-03	1.65E-03
PMS2_boot.17	3.44E-03	0.00E+00	5.20E-03	2.01E-03	9.84E-07	1.45E-03	1.07E-03
PMS2_boot.18	3.58E-03	1.72E-03	3.47E-29	8.70E-04	4.43E-03	1.73E-03	2.39E-03
PMS2_boot.19	3.11E-03	1.81E-03	3.35E-03	1.18E-03	7.94E-04	1.14E-03	1.79E-03
PMS2_boot.20	3.81E-03	2.11E-03	2.40E-03	1.94E-03	1.22E-03	1.53E-03	0.00E+00
PMS2_boot.21	3.42E-03	6.50E-04	4.07E-03	1.75E-03	3.63E-03	1.94E-03	1.54E-03
PMS2_boot.22	4.16E-03	1.80E-03	4.17E-03	1.62E-03	3.91E-03	1.73E-03	1.83E-03
PMS2_boot.23	3.33E-03	2.36E-03	2.13E-03	7.46E-04	6.80E-04	1.43E-03	2.23E-03
PMS2_boot.24	4.36E-03	1.30E-03	4.42E-03	1.46E-03	0.00E+00	1.63E-03	1.75E-03
PMS2_boot.25	3.30E-03	4.38E-04	4.86E-04	4.13E-04	6.75E-03	2.66E-03	1.07E-03
PMS2_boot.26	3.28E-03	3.89E-04	9.88E-04	1.67E-03	4.21E-03	1.68E-03	1.79E-03
PMS2_boot.27	2.86E-03	9.93E-12	2.11E-03	1.33E-03	2.57E-03	1.44E-03	7.14E-04
PMS2_boot.28	3.24E-03	1.09E-03	3.26E-77	1.08E-03	5.74E-03	2.18E-03	1.94E-03
PMS2_boot.29	3.01E-03	8.01E-04	2.24E-03	1.35E-03	7.61E-03	2.90E-03	1.63E-03
PMS2_boot.30	3.44E-03	0.00E+00	3.07E-03	6.76E-04	3.06E-03	1.58E-03	1.36E-03
PMS2_boot.31	3.19E-03	3.58E-04	1.94E-03	2.00E-03	5.93E-03	2.42E-03	1.70E-03
PMS2_boot.32	3.45E-03	4.06E-04	3.88E-51	1.91E-03	5.99E-03	2.30E-03	1.50E-03
PMS2_boot.33	3.43E-03	2.11E-03	2.04E-03	8.52E-04	3.92E-03	1.85E-03	2.18E-03
PMS2_boot.34	3.60E-03	1.39E-03	3.89E-03	2.25E-03	4.16E-03	1.84E-03	5.34E-04
PMS2_boot.35	3.04E-03	8.61E-04	1.36E-05	1.18E-03	3.82E-03	1.63E-03	2.01E-03
PMS2_boot.36	3.86E-03	8.44E-04	1.80E-03	2.28E-03	2.11E-03	1.43E-03	1.83E-03
PMS2_boot.37	3.12E-03	1.18E-03	0.00E+00	1.50E-03	1.17E-03	1.34E-03	8.91E-04
PMS2_boot.38	3.05E-03	9.31E-04	0.00E+00	1.93E-03	1.76E-03	1.15E-03	1.35E-03
PMS2_boot.39	3.14E-03	1.23E-03	1.81E-03	1.12E-03	1.41E-03	1.39E-03	2.42E-03
PMS2_boot.40	3.27E-03	1.09E-03	0.00E+00	8.94E-04	4.34E-03	1.83E-03	2.26E-03
PMS2_boot.41	3.52E-03	5.32E-04	3.54E-03	1.05E-03	4.08E-04	1.36E-03	1.18E-03
PMS2_boot.42	3.29E-03	7.15E-04	2.28E-03	1.65E-03	3.46E-03	1.80E-03	1.67E-03
PMS2_boot.43	3.27E-03	9.53E-04	0.00E+00	1.95E-03	1.37E-03	1.39E-03	1.35E-03
PMS2_boot.44	3.27E-03	7.55E-04	0.00E+00	9.05E-04	2.33E-03	1.41E-03	2.00E-03
PMS2_boot.45	3.49E-03	5.71E-04	1.58E-03	2.17E-03	0.00E+00	1.33E-03	1.56E-03
PMS2_boot.46	3.41E-03	4.96E-04	1.92E-04	1.79E-03	0.00E+00	1.44E-03	1.23E-03
PMS2_boot.47	3.59E-03	2.43E-03	2.90E-04	2.89E-03	1.79E-03	1.46E-03	2.51E-04
PMS2_real	3.15E-03	1.75E-03	3.51E-03	2.03E-03	6.63E-03	2.77E-03	1.37E-03
PMS2_real.1	3.41E-03	1.76E-03	2.52E-03	1.12E-03	2.93E-03	1.50E-03	1.85E-03
PMS2_real.2	3.12E-03	6.80E-04	3.38E-41	1.33E-03	2.68E-03	1.43E-03	1.93E-03
