MutationType	SBS96A	SBS96B	SBS96C	SBS96D	SBS96E	SBS96F	SBS96G	SBS96H	SBS96I	SBS96J	SBS96K	SBS96L	SBS96M	SBS96N
A[C>A]A	8.30128414236242e-05	0.00759414322540124	6.653620054350995e-05	8.849884688970633e-05	0.0003850709037692468	0.029020205846518366	0.0006563284961885075	0.0011722420822479762	0.007997836148570059	0.043872649970580824	0.010734322846110445	0.011432316042191814	9.277228724400289e-05	0.043654212647015814
A[C>A]C	0.004390680154574511	7.879431250330526e-05	0.006762015264735055	0.017751945270321912	8.932982527767308e-05	7.152876751206349e-05	0.010448646638451464	0.15967793283198262	0.018574348973561427	8.719264988030773e-05	7.486418253392913e-05	0.0011365382324584061	0.0009825849862778568	8.908737618185114e-05
A[C>A]G	9.265738663088996e-05	0.006840059739624848	9.164345065073575e-05	9.907613493851387e-05	0.0008551669023290742	0.0012181385212898022	0.001256121031474322	0.01662501976970816	0.0013469441510096658	0.00010157500801142306	0.0008642561231681611	0.0012489645094319712	0.0012289082507777494	0.00010590257952571846
A[C>A]T	9.129246536758729e-05	9.197489416692405e-05	0.0053733777443994764	0.012933431824785657	0.0008545711774786468	0.00012227494589751587	0.0005468143142934423	0.0021644248350639827	0.018727685663179727	0.00010447087042848579	0.0010061891152872704	0.001245875915628858	0.0012270980711036827	0.0013636712727020494
A[C>G]A	9.364047582494095e-05	8.720024125068449e-05	8.93742613698123e-05	9.665686884545721e-05	0.007967828318942338	0.014639429328235564	0.0012513264009612612	0.001770243045029929	0.016313852933672025	0.00010326904011890293	0.001158175672753714	0.025815199998760363	0.0002645078937348444	0.0013603277686343063
A[C>G]C	8.797775080893189e-05	9.223644447047264e-05	8.223472896133899e-05	9.688399586593732e-05	0.009247256346861831	0.0012088446332199966	0.0012532228749478236	0.016618424097759998	0.0013402428201516158	9.974399072234518e-05	0.027544376870355335	0.0012441275604942348	9.444007664569654e-05	0.00010463227008585818
A[C>G]G	7.722390764683951e-05	8.76434140081983e-05	7.060937250571441e-05	8.869739431247581e-05	8.771242646616883e-05	0.001197179047812824	0.01937029369073571	0.026606166034252966	0.0004661091326852329	9.766613147803583e-05	0.021007815244593074	0.0012339132535998942	0.0004033860765048303	0.05186031143530272
A[C>G]T	8.196292546926997e-05	8.664710112498142e-05	0.010103549970517633	8.727617678232491e-05	0.023806097813940143	0.01672457436725381	0.0007074360401020385	9.191532226395793e-05	0.00048811770247993993	0.030454539760103216	0.0005690096433681902	0.02160939898167271	0.0006470095962868072	0.01061010116500256
A[C>T]A	0.04393789235811241	0.010077534104144803	0.03133941471292019	7.12437338734162e-05	0.005613245348291685	7.591542869249679e-05	0.059343091997547504	8.480104879708961e-05	0.001180155087786261	8.982844083220698e-05	0.16528037023890646	7.837406092221499e-05	0.0009355719886002589	7.735872368357377e-05
A[C>T]C	8.42131888930453e-05	7.984157164173667e-05	8.516948073520326e-05	9.378786198794841e-05	0.011556481847219403	0.012984411448633182	0.0012509345309808851	0.015034080123587045	0.00048097911276272497	0.02969512415875215	0.0011496632716443856	0.0012446422282664572	8.98300573680899e-05	9.711264756333549e-05
A[C>T]G	4.932670373136716e-05	0.709658408164978	7.627242869925332e-05	4.637105748770409e-05	5.4396262440903345e-05	6.67019608499686e-05	5.422764892273335e-05	5.021181885780379e-05	6.530366480603789e-05	7.112946273082343e-05	5.1278008700705866e-05	7.09919252471991e-05	5.8592696389854484e-05	5.067724020753061e-05
A[C>T]T	0.017864387025110774	8.593153434048873e-05	7.95623530393641e-05	0.008741089414979798	0.006133871106476363	0.03932531360587745	9.044582802744116e-05	0.00011990945531579201	8.121650353132281e-05	8.768900970608229e-05	0.00047489029457210564	0.025578501819472875	0.012748774537772078	0.036314937333372654
A[T>A]A	7.947700210024778e-05	7.827365354842186e-05	8.218809440805331e-05	9.697861896711402e-05	0.00015110503991309088	0.013679938032873906	0.026014423075685043	0.002161037637415575	0.008106427697489949	0.02052835318390862	0.00010221494012512267	0.0012469990448153111	9.879662611638196e-05	0.0013575617267633788
A[T>A]C	6.926222340553068e-05	0.006817702757234656	6.381137009157101e-05	0.02485115883682738	0.00013756058542639947	0.009420353764289758	0.0005190642681554891	0.0010982945666910382	0.0013375350652495399	8.901733472157502e-05	0.0008513657383446116	0.05850180057313992	0.013616234039363916	0.04982657958935306
A[T>A]G	6.711284913762938e-05	7.395470893243328e-05	6.315674229426805e-05	7.375408595180488e-05	0.0002350930466036516	0.02028593312461453	0.043234592953376706	0.00698585502577771	7.796844765834976e-05	8.844910516927484e-05	0.08520297717223002	0.024870075149465265	0.019961192701157416	8.92344166913972e-05
A[T>A]T	9.469037249800749e-05	8.839677211653907e-05	8.760214732319582e-05	0.00010137661738554015	0.0008524687407771125	0.00011948720421059989	0.0012529575622465927	0.021614798497466836	0.00011398108254070393	0.0001021729658532422	0.0011568661204364617	0.018609385027957615	0.0130031269043684	0.0013643796912219841
A[T>C]A	0.005786778620768018	6.835795738879824e-05	7.27948569419823e-05	7.927597325760872e-05	0.006120394684694474	0.006792856746142206	8.150961857609219e-05	9.191256176563912e-05	0.001187602246136521	8.466110355129786e-05	7.195623279585562e-05	0.22034503205140937	0.0004830116558878217	0.000305367815963109
A[T>C]C	9.581876947777346e-05	9.067181526916102e-05	9.250748335034586e-05	9.752428959473037e-05	0.0008508544146025087	0.001217601889220532	0.0007131972386559937	0.001175124611472711	0.01644944964282331	9.820473351283e-05	0.0011560878505406436	0.0012467956417822278	0.014090538404707332	0.009369899524608627
A[T>C]G	0.014444909511075821	0.033550879644462836	7.684853062528418e-05	0.012048791225606693	8.641583262942731e-05	0.00033501973193779123	0.0006727794065227499	0.06977725034375908	8.688770758453756e-05	0.01667210335508571	0.0011461194202638581	0.001234061608374759	9.738610970089212e-05	0.0003026165686605964
A[T>C]T	7.146564676077105e-05	0.025022766479105486	0.04151810345356353	8.707868546480313e-05	8.193030425900361e-05	0.0011847248971221802	6.985126874496928e-05	8.54961586810532e-05	0.011733946295134957	8.720626410649857e-05	0.0008347251077793771	0.0009092819560464705	6.150422525479371e-05	0.2140504449576838
A[T>G]A	8.787538281467278e-05	9.315053757745773e-05	9.120596441789531e-05	0.008652701153187082	0.0008496562662912765	0.0012136317185650115	0.028229391967033734	0.001732526453997707	0.01986280606170112	9.770374890649691e-05	0.00115401374278008	0.001244635290640872	0.0012221153901919024	0.0013609379428089596
A[T>G]C	9.758446030900813e-05	9.704816548037343e-05	9.667964404798113e-05	0.00010247981554130092	0.0008551211278245319	0.00122215336014051	0.0012581384435179643	0.0021650266789947636	0.0013512685931345914	0.00010478296098881401	0.0011597365613852163	0.0012500565382651985	0.0012305250711506233	0.0013646337349200622
A[T>G]G	9.758446030900813e-05	9.704816548037343e-05	9.667964404798113e-05	0.00010247981554130092	0.0008551211278245319	0.00122215336014051	0.0012581384435179643	0.0021650266789947636	0.0013512685931345914	0.00010478296098881401	0.0011597365613852163	0.0012500565382651985	0.0012305250711506233	0.0013646337349200622
A[T>G]T	8.836190627334873e-05	8.338313484728133e-05	9.6400407346664e-05	9.900950753944926e-05	0.0008474114643831854	0.0012214504757139366	0.02601334792198031	0.001122972033044789	0.0013455616623105015	0.00010197936280746945	0.0011528858016390587	0.018626034833141604	0.00010084162713610567	0.001361238916433649
C[C>A]A	8.420838603342417e-05	8.429446606896817e-05	7.465740580485658e-05	0.0060800025228672895	0.011172157282999251	0.02545347920677159	0.0006551415666763205	0.01272065814191592	0.001050923719813568	0.028748278501734604	0.0011452646303951042	0.01217319278330251	0.0012246067853993736	0.026563377051934366
C[C>A]C	8.964342268882319e-05	8.194213032766128e-05	9.288435176131315e-05	0.017179309435596223	0.0008516293135471642	0.0012205076724058016	0.00033334101499349345	0.0002645908760314342	0.011697739074952552	9.898572170641273e-05	0.0011467035858913732	0.05174786264251452	0.00010394269120297394	0.0013577083584095817
C[C>A]G	7.883799553383141e-05	7.961588972875689e-05	7.95441257650964e-05	8.995416974357794e-05	0.00014589567526854808	0.0012143866064434406	0.026013138039706972	0.00010067542971228249	0.0013417573518381687	0.02191536680329591	0.035857439655228515	0.01477627974418283	9.645524041843601e-05	0.0013498216045263688
C[C>A]T	8.506532976753079e-05	8.852922583173495e-05	8.470904758723918e-05	0.014460028602479724	0.00011298267709207721	0.0012108025461202488	0.00033512733643874525	0.010899357987364055	0.011703003351431106	9.517615180811844e-05	0.0070334826261387205	0.010317948224837892	0.00048086229944601657	0.02559391344038886
C[C>G]A	9.252301533706486e-05	0.009913500734546688	9.164200018858537e-05	0.0060796702447987626	0.0008538384907296858	0.0012207420513732359	0.016857294109649958	0.03530138290589093	0.0011952496606681962	0.00010296126420143992	0.00115409882273525	0.0009089080129342619	0.0012217462797707412	0.0008305732008011546
C[C>G]C	8.48084488097811e-05	8.169387801899574e-05	7.563618837593821e-05	9.199962732964195e-05	0.006030420003571635	0.031992550764698535	0.04015284683191567	9.209062627633103e-05	0.02423531111016928	9.047444837051444e-05	0.042197282822962735	0.0009719598918202621	0.0012202334852190687	0.0013538674444134812
C[C>G]G	8.150696176016936e-05	7.953717231430346e-05	7.631493774624687e-05	8.294446379295551e-05	0.00010708016052376478	0.0012057475985784549	0.011625943482067668	0.03663709068205208	0.0013374295800531399	9.294320771005004e-05	0.0011457176744443132	0.025994050079316367	0.007508029472955968	9.23132273783267e-05
C[C>G]T	8.819182658044155e-05	9.70889741438441e-05	8.910657816159073e-05	9.651829022914172e-05	0.0008545615324692335	0.0012173531227745115	0.0012567933248647024	0.018482611278886906	0.00030017233366379513	0.00010111402079928666	0.00011115121815237216	0.014142216036998435	0.012751453298551495	0.0013560552699345863
C[C>T]A	0.025129035662375544	0.01008599931833487	0.020449826859378285	7.839749232516625e-05	0.021083773740247124	7.666462697670795e-05	0.00764241305523683	0.08803172914740572	7.607629158883356e-05	9.120515969698317e-05	8.941914829847519e-05	0.0007243749751069117	0.0009417775483598235	0.0013439475947961909
C[C>T]C	8.371565272682346e-05	5.791743990766207e-05	7.390698010567576e-05	7.604039680018105e-05	0.011874210410800856	0.017932827458935208	0.001235694088973105	0.00015180766204139217	0.00012094033590983599	0.019745694309781923	0.04955537463210931	0.0007257537497935118	0.04386115580200567	0.025372311216415255
C[C>T]G	3.3610442214637716e-05	1.8919921711368914e-05	0.6903786540031434	8.230014228765015e-05	5.989695411749985e-05	5.978133412440911e-05	6.357922354709445e-05	8.592321719333996e-05	6.512319435501013e-05	8.226187128457241e-05	6.183237160639621e-05	6.882783447501595e-05	4.706485087808687e-05	7.82427365265903e-05
C[C>T]T	6.578155552006137e-05	0.013560906944485395	6.195243297497654e-05	0.0393110058160346	7.450503635482164e-05	7.028572317722138e-05	7.546021715825191e-05	7.295749928744044e-05	7.731114926627925e-05	0.2155184468741936	0.0005471951770232408	7.900222601620044e-05	0.0012146555232902755	0.0008056672639213502
C[T>A]A	9.253036696463824e-05	8.900350549083669e-05	0.006540874902566429	0.00010107084744959138	0.0005580307355558034	0.00010013946957769804	0.0012546960140753071	0.0021596426213363884	0.012505094632069813	0.00010335712795495056	0.0011579294281546027	0.0009300318444729783	0.021102552967931842	0.0013596168260846752
C[T>A]C	8.581022157159169e-05	8.974669181043282e-05	7.820606351511827e-05	9.318386328232009e-05	0.0008498319468344562	0.0012172546106739902	0.05256091644841945	0.0011103006974735763	0.011699687094733235	0.011478482790334966	0.0011533391516422853	0.0012440127222362208	9.97091170575004e-05	9.957209185813553e-05
C[T>A]G	0.004411137738316029	7.737927307971404e-05	0.010635941744453703	0.02485041626059683	0.00506515882569829	0.0008735971336136572	0.0012408850339852505	0.00011892583206645213	0.0013380535827309358	0.019758193212328478	9.015354662551544e-05	0.0011449743738921824	0.022885824572585988	0.029804897195208468
C[T>A]T	7.507321410002988e-05	0.006026973636487298	8.077029669948388e-05	0.02526745637951535	0.0008424377741903299	0.0012109270021028351	0.011825947221950628	0.0019010294592135325	0.0004668478351959493	0.011479592824616702	0.011564061196986586	0.03193332584924065	8.672551923245564e-05	9.464122340432368e-05
C[T>C]A	0.008755779602506664	8.519516777596436e-05	7.821072210276725e-05	9.436476102564484e-05	0.0008479035226628184	8.951303070716676e-05	0.00011216536877327599	0.0021533093313337304	0.0013460246671456843	0.040393639076501134	0.001150955839693779	0.001051655804985785	0.014091752342210384	0.021560538467019795
C[T>C]C	8.580864086980001e-05	0.020199439004386477	8.336997161677573e-05	9.418752524652519e-05	0.009304022372089094	0.0012108529692341108	0.010771546698379098	0.0011122196512587835	0.0013385753954935353	0.011478969737436274	0.0011482480094855418	0.0012425209293724037	0.023903823376895162	9.180852503050118e-05
C[T>C]G	5.686489062100009e-05	0.006010295355019934	7.414537211616334e-05	8.49374890094623e-05	6.852425640317961e-05	6.534615893087903e-05	6.995621188252699e-05	0.0018980150161951315	0.037978238731693634	0.1902389857903472	8.271776314359159e-05	9.225922040059231e-05	7.742666190608815e-05	0.017450970684876665
C[T>C]T	9.256138146156445e-05	0.018279933579469797	8.785565078142099e-05	9.64170838415157e-05	0.01366315777268028	0.011396930166665698	0.0007123527175281197	0.000900823665142525	0.01631167243249365	9.838067344389856e-05	0.0008199901756597682	0.001245126327557955	0.00026417525950819256	0.021810500496212627
C[T>G]A	9.563853163854218e-05	9.551670082146302e-05	9.154303224931937e-05	0.00010141770180780441	0.007330123239080421	0.00011851412564283237	0.0012578073248732835	0.0016001424693968147	0.0013511327415471897	0.00010335174447391182	0.0011594004434300586	0.0012492699577705934	0.0012301953349378892	0.012936423966311849
C[T>G]C	0.008445288590155541	9.036399205797352e-05	8.688654561410658e-05	9.41759193665348e-05	0.000849772747096722	0.0208543575990916	0.0005325169397110586	0.0021599648331175557	0.0010691846124245784	0.020530103942292044	0.0001056329536368139	0.001248069992288947	0.007508630611118861	0.0005836363015987445
C[T>G]G	0.029516667296047672	8.423004182986916e-05	0.010550048968798364	9.765155919012613e-05	0.007521075948170619	0.00011972829670412466	0.0005139697106642416	0.018444127860857407	0.016419228503946216	0.017235910931776743	0.00015799361644894817	0.00026383894437458365	0.0012253080250957283	0.0011679308983730153
C[T>G]T	0.010678556620950986	8.377262820431497e-05	0.010643177968995587	0.00864779282346717	8.695772448845674e-05	0.012649927965321694	0.0010177115866099485	0.0006972588438657112	8.842850347718922e-05	9.511573880445212e-05	0.03441503412468592	0.02567640904417203	0.03720827223150991	9.30968360080442e-05
G[C>A]A	7.226043761647816e-05	7.547257227997761e-05	6.238032265173387e-05	0.03922259046921681	0.01353514779048055	0.015095458171708742	8.0048638756125e-05	0.08006029351381586	0.0007013023790022998	0.013563407366382308	8.533582440577448e-05	0.06147365625110979	0.001220826914141071	8.591149853600654e-05
G[C>A]C	9.27545923332218e-05	9.587461754563264e-05	0.01010769487475045	9.960206371033564e-05	0.0008509449631674215	0.00945116327930009	0.0005369439728383441	0.0021604610214126297	0.00920521954612923	0.00010342353052692488	0.0011565992826945148	0.0009845016022154596	0.0012269072649360169	0.012337903660227311
G[C>A]G	0.013545463064292562	0.00679079613214526	8.199055446311831e-05	8.752720818847593e-05	0.00010595237181405537	0.019050850036001064	0.029086585258119156	0.050648943781561685	8.149987329488794e-05	9.813718424993567e-05	0.0011536235302628483	0.0012404340035573115	9.15619431907544e-05	0.0006419039778847946
G[C>A]T	8.663041262479965e-05	8.390495640924201e-05	0.021141386098315708	0.012064110660139704	0.00010646908303897362	0.0012051267603965243	0.0003847905602015089	0.001143816835974576	0.04145725604321342	9.392127540195361e-05	0.031939176443847826	0.018473879877637954	0.0115064900037396	0.0013500422339348006
G[C>G]A	9.403118456248194e-05	9.594850198482163e-05	8.680563655616425e-05	9.932697867043316e-05	0.0008539051093976013	0.001216713672329206	0.01595103626823402	0.0021620050734782125	0.0003802378378168214	9.614622613298706e-05	0.012917051125259604	0.0012439347483450547	0.0012276137567823753	0.001361819778685458
G[C>G]C	0.005110360758408206	0.004920519094594056	9.189098927890882e-05	0.0001020782561681699	0.0008487910614348948	0.0010428927089378703	0.0012573953477840404	0.0018898690643254668	0.0013502675326890312	0.0001039516086166259	0.0001163161090516951	0.0008181150420568884	0.021423806317034177	0.012948512109869626
G[C>G]G	9.203784356941469e-05	0.011997518791758921	9.400650596944616e-05	9.581914709997364e-05	0.0008504399214871228	0.00010225566002191045	0.001256668975838693	0.0016622707240458111	0.0013496412262611556	9.78017422312405e-05	0.021575862819736356	0.00010174183116760105	0.001225804652494844	0.026328914078476373
G[C>G]T	0.015182163883582688	8.81595362443477e-05	8.784815654507838e-05	9.889559078146704e-05	0.0008478896659653401	0.0012200046112411655	0.04059545092168264	0.009792151641158852	0.0010677774553187191	0.00010350483571528458	0.000484770647744881	0.0012372636412969484	0.0012262081050721462	0.001002860195876565
G[C>T]A	6.676241391687655e-05	8.483080237056128e-05	6.659485316049541e-05	7.344983550865436e-05	7.58671047435655e-05	0.015605173186486354	0.20906690698320746	0.0011740870751964394	0.03758481237091473	9.306598512921482e-05	9.022303165693302e-05	7.702399650497683e-05	0.012403597540287591	7.721246147411876e-05
G[C>T]C	7.53745616748347e-05	0.00408992930315435	0.021584978316968772	0.024792188092396826	0.005978982341184746	0.001035209552719607	0.0005896368413004893	0.0011252566309849499	6.552527029271004e-05	0.06818401396449189	0.018321183347143232	0.025416688474069814	7.806723842804786e-05	0.032198994941154524
G[C>T]G	0.6733084142208099	4.163893832753729e-05	5.077044811514497e-05	6.799563379900064e-05	3.648841743624232e-05	6.989375724515412e-05	6.984428109717556e-05	6.554032579515478e-05	3.864745659001301e-05	7.781661806802732e-05	7.094008615240454e-05	7.316830615877734e-05	6.124584056124149e-05	5.318504485103403e-05
G[C>T]T	6.965538959775585e-05	8.343267945747357e-05	6.573668279088451e-05	0.008453959353937534	0.030053783603580086	0.001198974567341793	0.06546312382270117	0.014588903985350043	0.008272730436874553	0.020520999778818806	0.02669809561994043	0.0009019871122291079	0.01184872284006815	8.947589012677781e-05
G[T>A]A	9.591366106178611e-05	9.370809348183685e-05	9.268124777008779e-05	9.963696138584054e-05	0.000852578756166622	0.011523413551185514	0.012975493303383701	0.0021629107897751963	0.001350190101948101	0.00010413974596303887	0.0001797921722754836	0.001247797535324935	0.0012293830128328408	0.0005869378794159275
G[T>A]C	9.728812510729767e-05	9.210539610648993e-05	9.297450087615289e-05	0.00010179067539866083	0.0008532176179869566	0.0012221986267832107	0.0012571414161357097	0.0021640030987327918	0.0013495703686203341	0.0001013777255138848	0.001156975611229427	0.0012497965260990895	0.014094480698986445	0.00011536096717463806
G[T>A]G	0.005796124112748657	8.718437766219722e-05	0.01583455059408152	0.02485643639738555	0.012378389133664314	0.0010531467552937102	0.0012537484974018299	0.0014747633875231258	0.0013440056176477811	0.0001036975474562496	0.0011543551816430408	0.0007370477957010735	0.00010176382420468144	0.001354839570558397
G[T>A]T	8.956786987255328e-05	8.969337432063185e-05	8.414545054620248e-05	9.637929979362525e-05	0.00011889059314853511	0.00031584328462486155	0.023092756718688177	0.007806440035346895	0.00134597795913578	0.00010029720506281592	0.0011541975793079474	0.001245343653135933	0.011656020840018756	0.0013573722790169995
G[T>C]A	7.929231323942077e-05	8.624703077657614e-05	7.331210455356896e-05	0.03539827213026001	0.00011498160602059215	0.0012167796412541065	0.03355998711558641	0.006754920687671984	0.0003038375660253223	0.01551458513858961	0.02101351625751704	0.0012376900554954772	0.0012198809567053105	9.785950824152679e-05
G[T>C]C	0.01252455468129483	0.009166269698471296	0.007923752271744888	9.134518768405542e-05	0.0005929194459895371	0.0012129741109674797	0.0007906014849140775	0.01203758401752566	0.00048877418084885	0.030465061580616747	0.00011083874705946073	0.0010813515436893795	0.0012255510431714357	0.012584390190022532
G[T>C]G	9.455476974835619e-05	8.091735217021778e-05	0.007253088821016718	9.663642340456136e-05	0.008713076658386854	0.012501618625537957	0.0010329885015380568	0.0017652483496931382	0.00012655497703235598	0.017232916336070048	0.0008183520410966593	0.018242645428836114	0.0012180454741610447	0.025388968491461127
G[T>C]T	9.397694302606396e-05	0.023953144846746	0.005374737382953754	9.89630258118268e-05	0.006884580607584212	0.0012208881773403846	0.0012564422744617333	0.0010563121562881862	0.0013484794355463237	0.00010163354236283339	0.0010068369265354704	0.0005324895915691741	0.001227137920068344	0.013916511458955939
G[T>G]A	9.628798143239692e-05	9.236792429874185e-05	9.116066794376821e-05	0.00010167530417675153	0.0008518351969541982	0.0012207054591272027	0.0012566610508656594	0.014760189569642534	0.0013491121761035174	0.00010133892719750292	0.0011552617106644902	0.0008476084862195421	0.014094671890779864	0.00011518215469550342
G[T>G]C	8.792880762484856e-05	9.526356807327829e-05	8.839654874464032e-05	9.899394863168708e-05	9.902306483127177e-05	0.0012154880518210121	0.0012567042198497803	0.020329898743511876	0.00029665127003681847	0.014801056616124696	0.0011542594118509441	0.014140452268839	0.0012268824721104465	0.0006101032970036613
G[T>G]G	0.005801783173228614	0.008114394135191105	8.868230434018187e-05	9.525791319902055e-05	0.0005951049981376855	0.016914662249473623	0.0005324054443917702	0.0014123993714747485	0.0004917953461699654	0.015643843241559808	0.00011525523150339723	0.0008651798503706232	0.0012261798467079644	0.012944880378199741
G[T>G]T	0.00845151388712111	8.734365546843037e-05	9.086952668440063e-05	9.458103995712009e-05	9.504662266408559e-05	0.0012161341936007374	0.0012523121062258725	0.0011461299363872968	0.001071027497528121	0.00010146796339540742	0.0011507771436299664	0.02599654489895329	0.0012235151887580286	0.0187304380335263
T[C>A]A	7.255134009938047e-05	0.009715159116247207	0.010089754400608086	0.008735223857001984	8.662906748213572e-05	8.653869372210465e-05	0.04647214122978767	0.015076883521942364	0.059732134850492	9.255563491024077e-05	0.0004770508989167865	0.0009650610605262955	8.45198153911042e-05	0.04868826772508328
T[C>A]C	5.647741072607459e-05	6.802909357226384e-05	6.856208909198359e-05	0.022550298654368816	8.15683371911291e-05	0.04190993482479825	7.758050414850005e-05	0.006766262756644892	0.046981059917379754	8.409322144871112e-05	0.0011465966403193307	0.11416977168628364	7.193908567160179e-05	0.0002978618071210803
T[C>A]G	8.087725377663446e-05	7.944334664631292e-05	8.181506934761274e-05	9.67402862443123e-05	0.0061359833595247435	0.00010921139000856784	0.0012495969636802328	0.019515243507794367	0.0013478079978085588	9.865738538792357e-05	9.788008392206394e-05	9.791085249162279e-05	0.08005144612325239	0.02982067531775101
T[C>A]T	7.944897470224532e-05	8.976623612397817e-05	7.108136868509974e-05	0.06365807995834985	7.729412383170598e-05	0.00010809042687469628	0.0012396482817166542	0.0004473415290703997	0.012500523719063494	9.203164918289986e-05	9.265675362257753e-05	0.018277299180772387	0.03457960608357098	0.04895333458043751
T[C>G]A	0.008432962312417658	7.072955013427417e-05	0.020178949447381456	8.619246473244857e-05	0.009228246910060989	8.586871763327508e-05	8.619247905130578e-05	0.0003303499917819863	0.001066340712714009	9.186123897961807e-05	0.13132234134536702	8.675896842760266e-05	0.0005604090604720113	0.036866657732753084
T[C>G]C	0.005370411464809877	0.006828998200580827	8.226028039644006e-05	9.218319319188595e-05	0.015801433295223433	0.020921390242438064	0.00010043244747066637	0.0007420684123644605	8.961699059000239e-05	9.400325361639262e-05	0.15033760859296308	8.392178915528348e-05	0.020841055592973133	0.0013420083108314884
T[C>G]G	8.203557881643064e-05	8.071828706306406e-05	8.190767402993515e-05	8.879902161424979e-05	0.0008501092219376005	0.011510827472739038	0.00034096116723958403	0.05897191466792719	0.025429165099194507	9.813152064452879e-05	9.60062854574062e-05	0.001240701028291369	0.00025688512687338516	0.000580727867782116
T[C>G]T	0.04103440832244019	4.378157946725025e-05	5.950784639026096e-05	5.0257457951374816e-05	7.92473912611058e-05	0.3717305205253069	0.01044539529739268	0.0005184114921576111	6.927569938852685e-05	8.560530259273946e-05	8.05153489636723e-05	7.611480820060023e-05	6.702218952341355e-05	8.454538510704879e-05
T[C>T]A	3.634291145280244e-05	6.817926487201476e-05	3.870985119194259e-05	0.47988866011655773	0.03671764867785896	7.055023468183208e-05	7.08023518200207e-05	7.512670454161708e-05	0.018548536576804508	6.888604414800881e-05	6.453262994909892e-05	7.575608578918036e-05	4.368596703869798e-05	6.322306667243538e-05
T[C>T]C	6.579091013918515e-05	5.4537791606890095e-05	4.121832008650017e-05	7.075994381011697e-05	0.04983562023785769	4.825054618322611e-05	0.0007236662319428433	7.505011508328608e-05	0.3599695708580839	8.494773392158095e-05	6.538974439536105e-05	6.424686309856043e-05	6.545244749092127e-05	5.310369535322934e-05
T[C>T]G	5.393247140546009e-05	4.658142084679184e-05	4.366030193523329e-05	6.090877407700645e-05	0.5795240700244904	4.550990656753129e-05	5.8912220669071755e-05	4.112692671469631e-05	7.821927501936444e-05	6.726226290538761e-05	5.872262741490886e-05	3.853720271536076e-05	7.234292032762824e-05	7.163294803831377e-05
T[C>T]T	0.010651208806234536	5.867204386049707e-05	6.276983052089236e-05	7.322444763531166e-05	4.690624716090497e-05	0.032860971378249816	6.833308398199734e-05	6.447473000434912e-05	0.015750368406062875	5.477465369949641e-05	6.150985468593717e-05	6.576677387784002e-05	0.44832898884778843	0.00018260986144014169
T[T>A]A	9.203185472870246e-05	8.888481897884049e-05	8.600747860327828e-05	9.675944602349773e-05	0.0008530983919627033	0.007454026250343304	0.0012529125924629625	0.00801456235567457	0.001342550180197577	9.757556836120784e-05	0.007038347118214006	0.0012436324286682066	0.0012273451960936655	0.001359525404404849
T[T>A]C	9.410709244548344e-05	9.311343965237028e-05	9.570419715601019e-05	9.768116287887097e-05	0.0008546183104044758	0.0012193827045848594	0.0012508418993093073	0.00976786237952183	0.0013439069982268848	0.00010360896485508419	0.008938962070897106	0.018041313749563415	0.0012258672570169438	0.0013610758920549414
T[T>A]G	8.965552842710167e-05	8.494347712257877e-05	9.522749678581022e-05	9.228731141774915e-05	0.0008489562176691833	0.00010202159610344097	0.0012540307907329407	0.002157150959101273	0.0013477988228260073	9.60638342803577e-05	0.02157568823895417	0.007604458912828705	0.007508078843238763	0.0013594141812063754
T[T>A]T	9.675960245658644e-05	0.006047985339682782	9.368844330310821e-05	0.00010141989187104628	0.014206539942097151	0.0012187990003440063	0.0012575471548188944	0.014509975189139369	0.0013507456409570296	0.00010407629742985592	0.0011581327191379387	0.00084765234059887	0.0012299555419303942	0.0009803784552786965
T[T>C]A	0.015481411050859605	9.603886428521946e-05	9.482803725404664e-05	0.00010253879008814692	0.0008536450332030654	0.0012209900552988984	0.00125812827682239	0.0020124775976000818	0.0013495827959559392	0.00010449084802530706	0.0011593062161409761	0.0012495507871790323	0.000739063072251156	0.0013639925578900146
T[T>C]C	8.555960495559845e-05	0.004098214622354135	0.0053475611244721225	9.44591603911249e-05	0.0008411332925788884	0.07934380652586696	0.007656916528139846	0.0011484245958854444	0.016232155904435785	9.465796410950134e-05	0.00016065702366176992	0.0012463454324461054	0.0012221553843119182	0.0013595477423223202
T[T>C]G	8.356492635357427e-05	8.763052737776888e-05	8.668662012496497e-05	0.02485258650558535	0.0008433903714831104	0.0005159250191354659	0.001253103039925918	0.001138790653203614	0.0013454103915137238	0.026619326003128663	0.0011562043873709626	0.0012446598528185859	0.0001008780556730926	0.001353599830508756
T[T>C]T	8.61882926983526e-05	0.0148770941865223	0.010599270121181892	9.292990071116947e-05	0.00011255729405093006	8.428076425843755e-05	0.034276461201079654	0.0011695755518303485	0.016062400703231106	0.021152927561706746	0.0011511095519381343	0.0012408696013153531	8.788953509792918e-05	0.021542511796724284
T[T>G]A	9.599473778507673e-05	9.556255317875185e-05	9.504371337243356e-05	0.00010234179135295562	0.0008524321929144207	0.001222167845844524	0.0012576216518937144	0.0021647790585120675	0.016424342408572556	0.0001049513288307935	0.00016217369193327613	0.0012499003896664362	0.0012301054761337583	0.0013629934532218614
T[T>G]C	9.200926724588499e-05	9.197207909892314e-05	9.381166892126202e-05	9.717184948385694e-05	0.005084771037945757	0.0012150308029958978	0.0008203270059311763	0.00801504037954146	0.001346953531174222	0.00010102213709615171	0.008394695579045219	0.0012451832313672639	0.0012271403065824416	0.0013595945893030148
T[T>G]G	9.758446030900813e-05	9.704816548037343e-05	9.667964404798113e-05	0.00010247981554130092	0.0008551211278245319	0.00122215336014051	0.0012581384435179643	0.0021650266789947636	0.0013512685931345914	0.00010478296098881401	0.0011597365613852163	0.0012500565382651985	0.0012305250711506233	0.0013646337349200622
T[T>G]T	8.000693359138112e-05	8.600518558523617e-05	0.014387092419474357	0.02230975615555053	0.010252695222152396	0.0012142729909101035	0.028751182816631627	0.018480239180644276	0.001338741640574881	9.514209523331374e-05	0.0011499262924189678	0.007603085171285784	0.0003375274896825431	0.0009911305460263975
