MutationType	SBS96A	SBS96B	SBS96C	SBS96D	SBS96E	SBS96F	SBS96G	SBS96H	SBS96I	SBS96J	SBS96K	SBS96L	SBS96M	SBS96N	SBS96O	SBS96P	SBS96Q
A[C>A]A	9.85E-06	5.24E-06	4.43E-06	2.56E-02	1.81E-02	8.41E-03	8.11E-04	4.01E-06	1.07E-02	7.61E-06	1.26E-02	3.40E-06	5.13E-06	3.29E-02	3.30E-02	2.85E-02	1.25E-03
A[C>A]C	1.05E-05	7.66E-06	1.68E-02	1.28E-05	1.02E-05	1.03E-05	1.28E-05	5.84E-06	1.03E-05	1.01E-05	2.04E-02	1.17E-05	6.45E-06	3.37E-04	7.85E-06	4.58E-04	8.42E-02
A[C>A]G	1.81E-06	1.69E-06	2.76E-06	1.27E-06	3.21E-06	4.07E-06	1.62E-03	1.09E-03	1.70E-06	2.70E-06	1.26E-03	2.49E-06	1.28E-02	1.72E-03	1.98E-06	1.49E-03	1.25E-03
A[C>A]T	4.42E-06	2.38E-06	2.72E-06	1.87E-06	4.71E-06	3.06E-06	1.82E-03	1.09E-03	5.32E-06	5.16E-06	1.72E-02	3.39E-06	1.91E-06	1.72E-03	1.42E-06	1.49E-03	1.25E-03
A[C>G]A	3.77E-06	9.30E-06	1.29E-02	2.12E-06	1.34E-06	6.76E-03	9.87E-02	7.67E-04	1.82E-02	1.05E-06	1.26E-03	2.48E-06	9.43E-07	5.27E-04	8.87E-07	1.49E-03	1.24E-03
A[C>G]C	2.44E-06	1.75E-06	7.14E-06	4.38E-06	3.61E-06	1.02E-05	1.66E-03	8.20E-06	9.09E-06	4.50E-06	1.26E-03	3.25E-06	9.19E-03	1.72E-03	9.96E-06	1.49E-03	4.13E-02
A[C>G]G	5.26E-06	7.11E-03	6.84E-06	1.14E-02	8.47E-06	5.84E-03	1.85E-03	3.31E-02	6.99E-06	1.15E-02	1.26E-03	6.24E-06	5.78E-06	2.47E-02	3.53E-06	1.38E-03	1.47E-02
A[C>G]T	1.01E-05	1.11E-02	1.04E-05	6.84E-06	6.82E-06	4.59E-06	7.73E-03	8.22E-04	8.45E-06	3.29E-02	1.26E-03	8.82E-06	9.72E-06	2.47E-02	8.33E-03	4.95E-02	1.67E-02
A[C>T]A	1.32E-05	9.62E-06	3.63E-02	1.34E-05	3.31E-02	4.21E-02	1.25E-05	4.50E-04	1.16E-05	9.53E-06	7.63E-06	1.01E-05	1.10E-05	8.52E-02	2.50E-02	5.78E-04	7.05E-06
A[C>T]C	8.31E-03	5.60E-03	4.04E-06	2.56E-06	9.05E-03	1.26E-06	2.00E-03	6.43E-06	4.18E-06	9.28E-03	1.26E-03	2.82E-06	1.78E-06	1.43E-03	2.25E-02	2.56E-02	1.04E-05
A[C>T]G	1.40E-05	2.91E-02	1.31E-05	1.15E-05	8.35E-06	1.32E-05	1.20E-05	1.15E-05	1.26E-05	1.19E-05	1.36E-05	5.51E-06	1.33E-05	1.43E-05	9.07E-06	1.39E-05	1.25E-05
A[C>T]T	1.03E-05	2.31E-06	9.41E-06	6.54E-06	8.34E-03	1.34E-02	1.04E-03	7.67E-04	1.83E-06	9.95E-02	2.49E-02	4.13E-06	9.62E-06	1.59E-03	3.62E-02	1.15E-02	9.37E-04
A[T>A]A	8.65E-06	9.45E-06	1.03E-05	3.23E-06	5.04E-06	1.02E-05	1.94E-03	2.57E-05	1.05E-05	4.08E-06	4.33E-06	2.10E-02	3.88E-06	1.36E-03	3.90E-02	4.94E-02	1.25E-03
A[T>A]C	9.19E-06	3.83E-06	1.11E-05	2.86E-02	1.07E-05	1.16E-02	1.06E-03	7.67E-04	7.71E-06	6.22E-06	6.82E-06	1.02E-05	3.09E-06	1.25E-02	9.68E-06	9.86E-02	1.48E-02
A[T>A]G	1.24E-05	1.27E-02	1.04E-05	9.18E-06	1.18E-05	1.09E-05	1.18E-03	4.77E-02	1.08E-05	9.58E-06	1.02E-03	4.92E-02	1.79E-02	4.92E-02	5.65E-06	3.90E-02	5.69E-06
A[T>A]T	4.61E-06	9.60E-06	8.40E-03	1.47E-02	3.15E-06	1.64E-06	2.16E-03	1.09E-03	2.83E-06	2.00E-06	3.81E-04	2.85E-06	1.93E-06	1.72E-03	1.65E-06	9.78E-03	9.05E-04
A[T>C]A	1.18E-05	9.24E-06	9.08E-03	1.76E-02	6.06E-06	6.64E-03	1.72E-02	3.30E-02	3.23E-02	3.59E-02	1.73E-02	1.25E-02	8.39E-06	9.92E-04	3.23E-06	4.57E-04	1.67E-02
A[T>C]C	5.54E-06	5.14E-06	4.15E-06	1.74E-02	1.17E-06	5.72E-06	1.65E-03	1.09E-03	1.15E-02	1.51E-06	1.26E-03	4.01E-06	1.75E-06	1.72E-03	6.09E-06	1.49E-03	7.57E-06
A[T>C]G	1.00E-05	9.30E-06	1.06E-05	5.08E-06	8.38E-06	5.44E-06	5.39E-02	8.77E-06	3.34E-02	2.89E-02	1.21E-05	9.38E-06	1.23E-05	2.80E-02	1.14E-05	2.02E-02	3.22E-02
A[T>C]T	6.26E-06	1.16E-05	1.10E-05	6.95E-06	1.28E-05	1.85E-02	4.79E-04	5.61E-06	9.35E-06	6.76E-06	7.57E-02	6.71E-02	2.74E-02	1.02E-03	1.45E-02	1.22E-05	5.89E-06
A[T>G]A	4.73E-06	2.09E-06	1.54E-02	2.03E-06	1.01E-06	7.28E-06	2.05E-03	1.09E-03	1.95E-06	2.46E-02	1.26E-03	4.66E-06	1.69E-02	1.72E-03	7.30E-06	9.88E-06	8.02E-04
A[T>G]C	8.79E-07	2.00E-06	1.49E-06	8.41E-07	1.01E-06	1.44E-06	2.16E-03	1.09E-03	1.37E-06	7.07E-07	1.26E-03	2.60E-06	1.12E-06	1.72E-03	8.61E-07	1.49E-03	1.24E-03
A[T>G]G	8.79E-07	2.00E-06	1.49E-06	8.41E-07	1.01E-06	1.44E-06	2.16E-03	1.09E-03	1.37E-06	7.07E-07	1.26E-03	2.60E-06	1.12E-06	1.72E-03	8.61E-07	1.49E-03	1.24E-03
A[T>G]T	7.72E-03	1.95E-06	1.64E-06	9.08E-07	1.10E-06	1.47E-06	2.11E-03	9.14E-04	1.28E-06	1.03E-06	1.26E-03	2.00E-06	3.47E-06	1.72E-03	1.33E-02	1.49E-03	1.25E-03
C[C>A]A	5.58E-03	1.01E-05	7.38E-06	2.32E-06	1.68E-02	5.11E-06	2.51E-02	3.40E-02	1.03E-05	2.23E-06	1.47E-02	7.92E-06	8.58E-06	3.32E-04	2.48E-02	6.11E-06	8.17E-03
C[C>A]C	8.63E-06	8.09E-06	9.87E-06	2.99E-06	7.84E-06	8.91E-06	1.95E-03	1.32E-02	1.15E-02	2.79E-06	1.26E-03	2.89E-02	4.98E-06	1.72E-03	9.78E-06	2.42E-02	1.37E-05
C[C>A]G	8.46E-06	5.97E-06	3.96E-06	1.27E-02	4.75E-06	3.39E-06	3.40E-02	1.73E-04	1.17E-06	9.28E-03	1.26E-03	2.03E-06	6.76E-06	1.43E-03	2.48E-02	1.49E-03	7.17E-06
C[C>A]T	8.54E-06	7.59E-06	5.01E-06	2.46E-06	3.61E-06	5.11E-06	1.50E-02	2.26E-02	5.40E-06	4.70E-06	2.37E-02	4.17E-06	3.48E-06	7.34E-04	7.25E-03	1.50E-03	1.25E-03
C[C>G]A	8.31E-03	5.60E-03	9.46E-06	3.37E-06	2.56E-06	7.41E-06	1.89E-03	1.09E-03	2.92E-06	3.28E-06	3.98E-02	1.66E-02	5.43E-06	8.85E-03	2.54E-06	8.87E-04	1.25E-03
C[C>G]C	1.99E-02	1.09E-05	5.39E-06	3.09E-06	8.00E-06	9.22E-06	1.75E-03	2.82E-02	1.24E-05	7.83E-06	2.89E-02	4.44E-06	1.21E-05	9.17E-04	7.82E-02	4.96E-02	1.45E-02
C[C>G]G	5.88E-06	1.92E-06	6.31E-06	4.99E-06	2.57E-02	6.97E-07	1.76E-03	3.45E-04	4.70E-06	3.63E-06	1.26E-03	1.47E-02	1.29E-02	1.38E-03	1.16E-02	1.49E-03	1.99E-02
C[C>G]T	4.97E-06	3.56E-06	2.56E-06	2.42E-02	7.86E-06	3.90E-06	6.88E-03	1.09E-03	2.15E-06	1.25E-02	1.26E-03	3.08E-06	2.37E-06	1.72E-03	6.54E-06	5.75E-04	1.25E-03
C[C>T]A	8.40E-06	9.15E-06	1.21E-05	7.39E-06	1.08E-05	7.32E-06	1.56E-03	6.55E-06	1.10E-05	1.11E-05	6.49E-02	1.14E-02	9.55E-06	9.09E-06	5.82E-06	8.14E-04	5.28E-06
C[C>T]C	1.17E-05	1.22E-05	1.03E-05	5.63E-02	8.41E-06	5.97E-06	1.76E-03	4.08E-06	2.85E-02	3.26E-02	1.93E-02	7.40E-06	8.58E-06	4.57E-05	4.76E-06	6.11E-04	1.99E-02
C[C>T]G	1.11E-05	1.32E-05	4.21E-02	1.06E-05	1.39E-05	1.26E-05	1.22E-05	1.15E-05	9.59E-06	1.34E-05	1.13E-05	1.23E-05	1.12E-05	1.20E-05	9.64E-06	1.08E-05	7.64E-06
C[C>T]T	1.73E-02	2.51E-02	1.99E-02	5.04E-02	2.86E-02	3.45E-06	1.27E-02	1.09E-03	9.96E-06	6.04E-06	1.95E-04	1.03E-05	4.73E-06	9.84E-04	2.48E-02	1.08E-03	7.32E-06
C[T>A]A	8.60E-06	9.25E-06	2.77E-06	6.17E-06	2.18E-06	8.30E-06	2.16E-03	1.09E-03	3.62E-06	8.90E-06	1.01E-05	4.79E-02	1.34E-06	9.89E-04	1.95E-06	1.49E-03	1.25E-03
C[T>A]C	2.41E-06	6.64E-03	4.25E-06	1.98E-06	6.26E-06	3.13E-06	1.86E-03	7.14E-03	1.99E-02	1.26E-06	1.26E-03	1.14E-02	9.96E-07	1.72E-03	6.01E-06	1.49E-03	1.25E-03
C[T>A]G	1.13E-05	1.42E-02	4.77E-06	2.45E-06	5.59E-06	8.31E-06	4.96E-02	2.07E-02	5.28E-06	1.80E-06	1.91E-04	5.21E-06	4.06E-06	7.92E-03	4.77E-06	1.49E-03	6.49E-06
C[T>A]T	1.67E-02	7.59E-06	9.91E-06	4.16E-06	4.17E-06	1.33E-02	1.57E-03	1.80E-06	9.41E-03	2.11E-06	1.26E-03	3.82E-06	7.65E-03	3.29E-02	2.83E-02	1.28E-03	3.82E-04
C[T>C]A	9.59E-06	1.12E-05	1.06E-05	2.25E-06	9.83E-06	3.73E-06	4.86E-02	1.09E-03	1.00E-02	6.40E-06	7.21E-06	9.52E-06	2.15E-06	1.21E-03	1.37E-06	2.14E-02	1.25E-03
C[T>C]C	7.00E-06	6.95E-06	7.57E-06	3.30E-02	5.59E-06	7.11E-06	1.30E-02	1.73E-04	5.82E-06	9.79E-06	3.21E-02	5.18E-06	2.09E-02	1.36E-03	6.11E-06	1.50E-03	1.25E-03
C[T>C]G	1.11E-05	1.36E-05	7.72E-03	6.85E-02	1.13E-05	8.51E-06	1.15E-03	3.70E-02	9.47E-06	1.66E-02	4.70E-06	9.86E-06	2.00E-02	1.14E-03	2.04E-02	1.28E-05	1.47E-02
C[T>C]T	4.81E-06	8.86E-06	7.40E-06	3.64E-02	5.73E-06	9.62E-06	4.35E-04	2.54E-05	1.15E-02	4.19E-06	3.80E-04	6.19E-06	1.47E-02	1.72E-03	9.37E-06	2.09E-02	1.51E-02
C[T>G]A	4.44E-06	2.39E-06	1.80E-06	1.52E-06	4.64E-06	1.59E-06	2.16E-03	1.09E-03	5.53E-06	5.12E-06	8.28E-03	2.82E-06	1.41E-06	1.01E-02	1.58E-06	1.49E-03	5.42E-04
C[T>G]C	8.31E-03	6.71E-06	4.14E-06	3.79E-06	4.15E-06	2.33E-06	1.66E-03	2.32E-02	5.73E-06	3.44E-06	1.26E-03	3.81E-06	6.31E-03	1.72E-03	1.35E-06	6.58E-04	1.25E-03
C[T>G]G	6.91E-06	7.29E-06	1.05E-05	1.27E-02	3.73E-02	9.80E-06	2.52E-02	1.09E-03	7.19E-06	5.26E-06	3.33E-02	3.95E-02	6.74E-06	1.43E-02	3.87E-06	1.49E-03	8.25E-06
C[T>G]T	1.05E-05	9.66E-06	1.29E-02	4.75E-02	1.27E-02	1.14E-05	1.53E-03	6.99E-06	1.03E-05	6.47E-02	3.43E-06	6.02E-06	6.12E-06	1.36E-03	9.43E-06	2.81E-04	1.09E-05
G[C>A]A	1.32E-05	1.13E-05	1.54E-02	2.11E-02	1.07E-05	1.09E-05	3.21E-04	1.09E-03	2.90E-02	5.38E-06	1.82E-02	4.34E-02	1.79E-02	7.70E-04	5.17E-02	5.77E-04	8.05E-06
G[C>A]C	4.32E-03	4.00E-06	5.14E-06	1.31E-06	1.65E-06	4.16E-06	1.25E-02	1.09E-03	2.70E-06	8.31E-07	1.25E-02	2.96E-06	1.39E-06	1.65E-03	1.14E-06	1.49E-03	1.25E-03
G[C>A]G	7.14E-06	2.70E-06	1.06E-05	9.13E-06	1.99E-02	1.02E-02	5.75E-02	7.85E-06	6.76E-06	9.28E-03	1.26E-03	3.84E-06	2.27E-06	1.43E-03	9.35E-06	3.40E-06	1.25E-03
G[C>A]T	7.35E-06	1.23E-05	1.09E-05	8.88E-06	7.12E-06	9.57E-06	1.79E-03	8.01E-06	7.27E-06	1.81E-02	1.26E-03	3.50E-06	3.96E-02	5.99E-02	3.93E-06	1.08E-05	3.45E-06
G[C>G]A	3.93E-06	3.47E-06	2.83E-06	4.88E-06	4.94E-06	5.52E-06	1.89E-03	1.09E-03	4.38E-06	4.76E-06	1.26E-03	5.54E-06	5.44E-06	2.70E-02	1.64E-06	1.05E-03	1.25E-03
G[C>G]C	2.11E-06	7.62E-06	9.08E-06	1.27E-02	4.24E-06	1.11E-02	1.76E-03	1.09E-03	1.69E-06	1.15E-02	9.73E-04	8.51E-06	3.58E-06	8.85E-03	3.40E-06	1.49E-03	1.25E-03
G[C>G]G	9.71E-06	5.52E-06	2.38E-06	2.77E-06	2.22E-02	3.31E-06	2.16E-03	1.09E-03	4.73E-06	8.51E-06	1.11E-04	4.67E-06	1.20E-06	1.36E-03	1.82E-06	4.75E-02	4.29E-06
G[C>G]T	7.65E-03	1.12E-05	1.82E-06	2.23E-06	3.35E-02	9.76E-06	1.26E-02	1.09E-03	3.53E-06	1.67E-06	1.26E-03	6.07E-06	3.03E-06	1.72E-03	4.00E-06	1.28E-03	4.35E-05
G[C>T]A	8.69E-06	9.97E-03	8.41E-03	6.19E-06	9.97E-06	8.62E-06	1.23E-03	3.24E-06	1.15E-05	8.57E-06	1.02E-03	1.07E-01	2.00E-02	9.81E-06	2.03E-02	2.80E-04	9.08E-04
G[C>T]C	9.88E-06	1.10E-05	9.51E-06	4.73E-06	1.81E-02	1.12E-02	1.06E-03	3.79E-02	3.50E-02	4.84E-06	2.70E-02	3.40E-02	2.26E-02	9.92E-04	6.76E-06	7.53E-04	6.73E-06
G[C>T]G	3.57E-02	1.34E-05	1.20E-05	1.26E-05	1.21E-05	1.34E-05	1.37E-05	1.22E-05	1.13E-05	1.02E-05	1.01E-05	1.15E-05	6.89E-06	1.45E-05	1.51E-05	1.16E-05	7.19E-06
G[C>T]T	1.01E-05	7.78E-06	1.29E-05	1.10E-05	1.02E-05	1.23E-05	3.63E-02	8.09E-02	1.00E-05	1.25E-02	3.35E-02	9.51E-06	5.62E-06	4.55E-04	2.48E-02	5.78E-04	3.30E-02
G[T>A]A	2.73E-06	3.83E-06	1.70E-06	3.57E-06	2.17E-06	4.12E-06	1.56E-03	2.00E-02	1.70E-06	3.48E-06	1.25E-02	3.29E-06	2.69E-06	1.72E-03	1.11E-06	1.49E-03	1.25E-03
G[T>A]C	3.00E-06	1.81E-06	3.47E-06	2.73E-06	9.70E-07	1.02E-06	1.87E-03	1.09E-03	2.70E-06	1.95E-06	1.26E-03	2.49E-06	1.11E-06	1.72E-03	2.03E-06	1.49E-03	1.00E-02
G[T>A]G	1.24E-05	5.85E-06	5.53E-06	1.29E-02	6.80E-06	4.71E-06	2.12E-03	2.96E-06	9.84E-06	4.08E-06	5.56E-04	2.89E-06	1.07E-06	3.94E-02	4.80E-06	1.30E-02	4.84E-02
G[T>A]T	2.45E-06	5.05E-06	2.50E-06	1.29E-02	1.81E-06	1.54E-06	2.05E-03	2.56E-02	2.89E-06	1.87E-06	1.73E-02	3.41E-06	1.19E-06	1.38E-03	1.58E-06	1.49E-03	1.45E-02
G[T>C]A	8.55E-06	5.03E-06	7.76E-06	3.43E-06	3.04E-06	9.61E-06	1.62E-03	1.09E-03	9.41E-03	2.74E-06	1.26E-03	2.82E-06	1.14E-02	3.02E-02	9.92E-06	2.52E-02	3.81E-04
G[T>C]C	1.09E-05	6.75E-06	8.49E-06	1.14E-02	6.58E-06	2.75E-06	7.70E-03	3.29E-02	6.02E-06	9.10E-03	1.26E-03	6.68E-06	1.54E-02	1.18E-03	2.50E-02	1.28E-03	9.55E-06
G[T>C]G	4.86E-06	7.36E-06	1.54E-02	2.30E-06	3.48E-06	1.17E-02	1.45E-03	1.09E-03	6.91E-06	1.36E-06	1.26E-03	3.04E-06	2.19E-06	1.43E-03	2.52E-02	1.30E-02	1.24E-03
G[T>C]T	5.74E-06	3.00E-06	9.70E-06	7.03E-06	4.81E-06	7.57E-06	1.47E-03	1.09E-03	9.41E-03	2.00E-02	1.97E-02	1.30E-02	1.71E-06	9.12E-04	8.33E-03	4.94E-02	3.82E-04
G[T>G]A	3.36E-06	2.81E-06	3.90E-06	3.36E-06	1.69E-06	1.02E-06	1.87E-03	1.09E-03	2.85E-06	2.03E-06	1.26E-03	2.70E-06	1.63E-06	1.43E-03	8.33E-03	1.49E-03	1.00E-02
G[T>G]C	3.13E-06	7.16E-06	4.64E-06	1.45E-02	9.26E-07	9.84E-06	1.86E-03	1.09E-03	6.41E-06	2.00E-06	1.26E-03	2.43E-02	5.18E-06	1.36E-03	4.86E-06	4.57E-04	1.66E-02
G[T>G]G	4.70E-06	9.06E-03	2.42E-06	3.17E-06	1.84E-06	9.15E-03	1.84E-03	1.09E-03	2.62E-06	1.46E-02	2.30E-06	6.53E-06	2.94E-02	1.72E-02	4.06E-06	5.75E-04	9.36E-04
G[T>G]T	5.88E-03	3.79E-06	1.78E-06	1.14E-02	2.63E-06	1.44E-06	2.16E-03	1.09E-03	1.42E-02	9.49E-07	1.26E-03	3.50E-06	2.45E-06	1.63E-03	4.42E-06	1.05E-03	7.91E-06
T[C>A]A	3.15E-02	6.36E-06	9.59E-06	5.10E-06	3.39E-02	9.02E-06	1.48E-03	3.21E-04	6.48E-06	1.66E-02	9.73E-06	8.54E-06	6.27E-06	9.36E-04	4.76E-06	6.26E-04	5.12E-02
T[C>A]C	9.07E-06	1.09E-05	1.29E-05	9.96E-06	1.00E-05	9.16E-03	1.45E-03	1.34E-05	1.08E-05	8.32E-03	3.81E-04	6.28E-06	1.47E-02	1.03E-03	8.73E-02	1.12E-05	9.38E-04
T[C>A]G	1.08E-05	5.90E-06	6.95E-06	4.39E-06	7.90E-03	7.95E-06	1.52E-03	5.78E-04	1.12E-05	9.30E-06	1.94E-05	3.93E-02	8.55E-06	1.43E-02	9.44E-06	5.61E-02	1.25E-03
T[C>A]T	6.65E-03	2.62E-06	7.50E-06	1.20E-06	5.23E-06	2.30E-02	1.87E-03	1.09E-03	4.92E-02	4.08E-06	1.13E-03	3.40E-06	1.72E-06	2.02E-02	3.34E-06	1.50E-03	1.86E-05
T[C>G]A	1.30E-05	6.21E-06	8.69E-06	7.73E-02	2.39E-02	6.42E-06	1.21E-03	2.57E-02	1.11E-02	4.09E-06	2.36E-05	9.48E-06	3.21E-06	1.21E-03	5.80E-06	6.88E-02	1.33E-05
T[C>G]C	1.15E-05	1.18E-05	7.86E-06	4.61E-06	8.86E-06	3.00E-02	1.53E-03	5.75E-02	2.73E-02	7.11E-06	1.98E-02	1.68E-02	2.10E-02	1.23E-04	3.51E-02	8.91E-06	9.53E-06
T[C>G]G	1.04E-05	1.05E-05	4.13E-06	1.66E-02	5.93E-06	3.74E-06	6.26E-04	6.42E-02	5.07E-06	9.62E-06	1.26E-03	5.99E-06	1.00E-05	2.09E-02	1.16E-02	8.87E-04	1.25E-03
T[C>G]T	1.30E-05	5.60E-03	1.11E-05	1.02E-05	1.33E-05	8.76E-06	8.59E-04	4.70E-06	9.94E-02	1.22E-05	1.26E-05	7.57E-06	7.02E-06	1.41E-05	2.51E-06	1.31E-05	1.29E-05
T[C>T]A	1.35E-05	1.07E-05	1.31E-05	1.36E-05	3.96E-02	1.19E-05	1.14E-05	1.11E-05	1.23E-05	9.38E-06	1.09E-05	1.23E-05	1.01E-05	9.83E-06	5.50E-06	1.26E-05	1.25E-05
T[C>T]C	1.16E-05	1.05E-05	2.72E-02	1.19E-05	9.23E-06	1.02E-05	5.20E-05	7.10E-06	9.98E-06	8.87E-02	2.83E-04	8.25E-06	2.30E-02	1.73E-02	1.19E-05	8.42E-04	1.16E-05
T[C>T]G	1.35E-05	1.36E-05	1.19E-05	1.15E-05	1.33E-05	4.29E-02	1.07E-05	9.28E-06	1.07E-05	1.18E-05	1.33E-05	1.21E-05	8.95E-06	1.19E-05	8.29E-06	1.11E-05	1.32E-05
T[C>T]T	9.68E-06	1.33E-02	1.37E-05	1.12E-05	1.16E-05	1.11E-05	1.19E-03	9.06E-06	6.61E-06	1.09E-05	6.76E-06	9.45E-06	7.31E-02	7.33E-06	7.64E-06	9.73E-06	9.11E-06
T[T>A]A	3.58E-06	8.55E-03	3.48E-06	6.69E-07	3.32E-06	3.45E-06	2.02E-03	1.09E-03	1.38E-06	2.72E-06	4.67E-04	3.26E-06	1.95E-06	1.72E-03	7.66E-07	1.49E-03	1.69E-02
T[T>A]C	4.80E-06	3.75E-06	9.20E-06	5.60E-06	4.78E-06	9.77E-06	1.79E-03	1.09E-03	3.16E-06	8.32E-03	1.26E-03	3.54E-02	4.28E-06	1.50E-03	2.52E-06	1.49E-03	1.25E-03
T[T>A]G	3.06E-06	2.32E-06	3.68E-06	1.59E-06	1.09E-06	3.77E-06	1.09E-02	6.33E-06	4.50E-06	2.58E-06	7.20E-04	3.17E-06	2.10E-06	1.42E-03	4.18E-06	1.42E-02	1.47E-02
T[T>A]T	4.27E-06	2.60E-06	3.74E-06	3.57E-06	1.11E-02	1.86E-06	1.86E-03	1.09E-03	2.12E-02	3.91E-06	1.26E-03	3.53E-06	1.16E-06	1.52E-03	1.26E-06	1.49E-03	3.81E-04
T[T>C]A	7.98E-06	6.68E-06	1.23E-05	5.74E-06	8.55E-06	9.71E-06	2.12E-03	4.69E-06	1.68E-06	1.94E-06	1.26E-03	3.30E-02	4.70E-06	1.72E-03	4.88E-06	3.89E-02	1.25E-03
T[T>C]C	5.51E-06	2.51E-02	4.99E-06	1.27E-06	2.19E-06	5.08E-06	1.94E-03	1.09E-03	1.11E-02	3.54E-02	1.13E-04	3.32E-06	6.31E-03	1.72E-03	3.74E-06	5.75E-04	4.55E-04
T[T>C]G	5.28E-06	3.43E-06	3.60E-06	1.47E-02	2.64E-06	3.50E-06	6.80E-03	6.81E-06	3.32E-06	1.15E-06	3.81E-04	2.05E-06	2.01E-06	1.72E-03	3.81E-06	1.49E-03	1.47E-02
T[T>C]T	9.51E-06	3.10E-06	6.52E-06	5.79E-06	1.58E-02	4.37E-06	4.91E-02	1.04E-04	8.48E-06	6.91E-06	6.82E-06	5.86E-06	9.19E-03	1.36E-03	2.01E-06	3.17E-02	2.82E-02
T[T>G]A	8.83E-07	1.94E-06	2.64E-06	8.72E-07	2.63E-06	2.24E-06	1.95E-03	1.09E-03	1.71E-06	1.75E-06	9.06E-03	2.61E-06	1.46E-06	1.72E-03	8.58E-07	1.49E-03	1.24E-03
T[T>G]C	8.19E-06	3.84E-06	7.34E-06	9.22E-06	7.53E-07	9.64E-06	1.97E-03	1.09E-03	2.90E-06	1.08E-06	1.47E-02	2.57E-06	1.79E-06	1.35E-03	7.92E-07	1.49E-03	3.45E-02
T[T>G]G	8.79E-07	2.00E-06	1.49E-06	8.41E-07	1.01E-06	1.44E-06	2.16E-03	1.09E-03	1.37E-06	7.07E-07	1.26E-03	2.60E-06	1.12E-06	1.72E-03	8.61E-07	1.49E-03	1.24E-03
T[T>G]T	6.68E-06	4.63E-06	6.30E-06	3.57E-06	5.64E-06	1.05E-05	1.47E-03	3.09E-02	8.11E-06	3.33E-02	2.03E-02	2.43E-02	1.79E-02	1.93E-04	3.89E-06	1.50E-03	1.25E-03
