MutationType	SBS96A	SBS96B	SBS96C	SBS96D	SBS96E	SBS96F	SBS96G	SBS96H	SBS96I	SBS96J	SBS96K	SBS96L	SBS96M	SBS96N	SBS96O	SBS96P	SBS96Q
A[C>A]A	7.64775169109555e-05	8.196490889531561e-05	8.70220104843611e-05	0.03567621343026985	0.01817639100463566	0.008489835286809466	0.0013713507943975856	9.414370797458104e-05	0.010730571615749796	7.900653254182544e-05	0.012699980674005929	9.006231193779968e-05	8.741076198930387e-05	0.03439977663729223	0.0331143103659997	0.029423923957847365	0.0013266643074416606
A[C>A]C	4.640798910031663e-05	7.063426073727896e-05	0.016859623030409266	6.251923559830175e-05	7.669010938116116e-05	7.48613971325085e-05	5.671607786501553e-05	9.338683885289356e-05	6.553163093485637e-05	6.271182568013955e-05	0.020503393287435757	7.41501887546292e-05	8.027401927392929e-05	0.0004057876978549757	8.069793329923414e-05	0.0005390319021675083	0.33197529476383353
A[C>A]G	9.529191884212196e-05	9.365209334646351e-05	9.233610981027596e-05	0.00010145609121536836	9.608520413166844e-05	9.446705589652993e-05	0.0038392809547076467	0.0011864530883030967	9.839467675192282e-05	9.753574486239813e-05	0.0013634450333483983	0.000101538906164933	0.01929205442793318	0.002667674737313064	9.949877203325741e-05	0.0015948126048897393	0.0013460158559610135
A[C>A]T	9.109899401664734e-05	9.123514755629003e-05	9.248145652236417e-05	9.985067445086315e-05	9.277137032768224e-05	9.26616856304463e-05	0.0035632647348393222	0.0011842392006656155	9.305514904554003e-05	9.284324914915487e-05	0.032276274171454136	9.757192456163465e-05	9.633408990339376e-05	0.0026672284773667345	9.96814836980775e-05	0.001592150245414814	0.0013430922794213985
A[C>G]A	9.321006400568877e-05	7.690503443882334e-05	0.013005908147169976	9.95173628325574e-05	9.698774374555796e-05	0.006852549016184639	0.10394163652090356	0.0008592315842179232	0.018277373648743378	9.755038408911786e-05	0.001358655683361576	9.953876869985833e-05	9.830537164816633e-05	0.0006286654657742474	0.000100050989567535	0.00159560553584015	0.0013471197496983222
A[C>G]C	9.191563440253958e-05	9.396550522069446e-05	8.723789778741775e-05	9.771424920472782e-05	9.367421153001487e-05	8.454886428808095e-05	0.003913243161514401	9.182377616525627e-05	8.980386919574813e-05	9.158346147160046e-05	0.0013589528251031879	9.844363667070866e-05	0.009284883789950982	0.0026651145468349568	8.777591227371317e-05	0.0015891329559963197	0.05790287611307576
A[C>G]G	8.391383234993555e-05	0.007199466982274316	8.0198370051221e-05	0.011453434335271595	8.266756431112299e-05	0.005924031657559681	0.0034328878144151533	0.03317678830280783	8.116419521684293e-05	0.011552340268826811	0.0013547696686146081	8.72841654199874e-05	8.666027169965674e-05	0.026262905656039948	9.411221471964382e-05	0.0014676357659482164	0.015321542235687957
A[C>G]T	7.510109515465046e-05	0.01120450311886998	6.628493394487123e-05	8.931822267186363e-05	8.013681217562407e-05	8.650747768115252e-05	0.009337304435393889	0.0009145589567197022	8.517197493347339e-05	0.042017259474960156	0.0013499718235834735	8.260176491603488e-05	7.98498638687306e-05	0.02643708837495069	0.008428222107613691	0.05010114810720552	0.016775454460366747
A[C>T]A	6.067479676801213e-05	6.7113642444383e-05	0.036355023823598745	6.403590528520908e-05	0.03320294488016771	0.05497587467980338	5.7083394528945065e-05	0.0005336681821063394	5.17770782153093e-05	6.925238121766598e-05	8.317951560457004e-05	7.894028553891985e-05	6.425626002339868e-05	0.23771525927877518	0.025096225437300744	0.0006407624624870323	8.350879506906495e-05
A[C>T]C	0.008393096817235346	0.005684003100031987	9.169080403808039e-05	9.586403248249554e-05	0.009139239639625884	9.570193578838371e-05	0.0048748869223345535	9.869995301414747e-05	9.16302185942186e-05	0.009372432625241345	0.0013603330189653207	9.776391234481708e-05	9.778999010450207e-05	0.002080834651860641	0.022589816718391376	0.02695529670600081	0.00010983053361997008
A[C>T]G	4.513648095496592e-05	0.8223729312419892	4.961133724208366e-05	7.198351002557501e-05	8.221793323173187e-05	3.3663102533409985e-05	6.315122097930726e-05	7.563213275716408e-05	4.799553771590581e-05	5.734267855359576e-05	5.708330043319165e-05	8.677357982378453e-05	6.3920203857748e-05	5.479538469348455e-05	7.711968128205626e-05	6.450553022858685e-05	5.1045755006384753e-05
A[C>T]T	7.131593142162274e-05	9.056890994543209e-05	7.536714622915496e-05	9.029913344420493e-05	0.008421529637701042	0.025940464652921946	0.0011220758231502259	0.0008593794977059588	9.144743089564144e-05	0.12379495776913245	0.025148644662840523	8.671426185173914e-05	8.547665545606264e-05	0.0024710743095056388	0.03629516283126577	0.01157209910693382	0.0010244496797895408
A[T>A]A	8.586540452597547e-05	7.237321387947304e-05	8.117465328467688e-05	9.594752336852252e-05	8.95787074114196e-05	7.909209525678307e-05	0.0038395126233808697	0.00012147684610681608	8.044731785048498e-05	9.544901076878887e-05	9.376305097248405e-05	0.021132771143311403	9.321886682300828e-05	0.0014540701165969949	0.05789843502570875	0.05114327433479957	0.0013434943139145616
A[T>A]C	7.487022985515068e-05	8.805152392596938e-05	6.553587934661209e-05	0.028719577043375466	7.710957679591956e-05	0.017010053625426735	0.0016408081330155256	0.0008615647871920374	8.075918321992503e-05	8.163537531800103e-05	9.119624010054395e-05	8.160029378814215e-05	8.973567382781766e-05	0.012875426113896537	8.706160990641365e-05	0.14661902204279614	0.01617995240080745
A[T>A]G	5.272923411788343e-05	0.019154895543579187	5.774459532403853e-05	8.543301446479745e-05	5.732293225264584e-05	7.157975726386212e-05	0.0013031623634105927	0.07139536088943714	6.779402610845864e-05	7.654678142898774e-05	0.001089446683848827	0.049325434965908244	0.01794837028374303	0.06338633457228297	8.439731063845102e-05	0.03908399577399302	8.775474161666352e-05
A[T>A]T	9.04653912584763e-05	8.083407301455736e-05	0.008495602547918679	0.01475085831771139	9.392682914040051e-05	9.618627154850401e-05	0.00529034042119747	0.0011826614081655862	9.588904867996462e-05	9.826672758208587e-05	0.0004810854239622131	0.0001003071476588957	9.730181918712332e-05	0.002668339842057321	9.909312138915994e-05	0.009884644407429732	0.0010046896008134355
A[T>C]A	7.07515118392621e-05	5.930677397429918e-05	0.009159638537676073	0.01768420470325509	8.757018913456705e-05	0.006714095458755764	0.01871103042103641	0.03325454355799593	0.03243487627805734	0.036027794504843766	0.01836423585518787	0.012581016133117373	8.005068812053651e-05	0.001117843296015053	9.001565413200297e-05	0.0005434940661871223	0.017127163383702283
A[T>C]C	8.764585872995667e-05	8.461788747808896e-05	9.098925365833566e-05	0.02596774076737347	9.833030344452709e-05	9.018498167279176e-05	0.003329267028311733	0.001185945304314373	0.011572486184013542	9.806034504435956e-05	0.0013623587306938133	9.722327813506126e-05	9.779214815353043e-05	0.0026697418819821906	9.210099269694184e-05	0.0015918484728899784	0.00010974763717968017
A[T>C]G	7.137049684984298e-05	7.885241505292128e-05	7.249568292593267e-05	8.842001261655241e-05	8.272214035969228e-05	8.236436005972791e-05	0.056775413802824914	9.203720474033616e-05	0.04909383650103223	0.028941644032965997	7.650620850654377e-05	7.770869572141237e-05	7.368698713321465e-05	0.029527852186674863	7.367483776761219e-05	0.02025181210326222	0.033684583709145954
A[T>C]T	7.707790791755542e-05	6.456119110680447e-05	6.001104592907591e-05	8.260429494839627e-05	7.204149895869704e-05	0.018541133343296677	0.0005508116254532069	8.57110288052354e-05	7.378431000688579e-05	8.45498259877786e-05	0.10849778769916156	0.12736939908063505	0.03932461347613878	0.0013551977252063807	0.014581066342088889	7.234840552712285e-05	8.394197866437025e-05
A[T>G]A	9.025003673741594e-05	9.122054761974141e-05	0.015532685509242583	9.945717320078984e-05	9.87205872661434e-05	8.836683118715883e-05	0.004867238357837778	0.0011847447131003719	9.69144755799789e-05	0.02465232113172533	0.00136385977093596	9.765290960785932e-05	0.016993862247181822	0.0026601507190207483	9.327087736892281e-05	9.120770064328099e-05	0.0009036749230290298
A[T>G]C	9.678493370302022e-05	9.253029202227481e-05	9.648982741055079e-05	0.00010234220462734811	9.88143430731725e-05	9.72353336692322e-05	0.005294263349060202	0.001187418586050626	9.912469031405635e-05	0.0001001232143607922	0.0013647721098095644	0.00010131658928003162	9.966330180759542e-05	0.0026703597570303826	0.00010110183429787867	0.0015974708745488896	0.0013474086605128831
A[T>G]G	9.678493370302022e-05	9.253029202227481e-05	9.648982741055079e-05	0.00010234220462734811	9.88143430731725e-05	9.72353336692322e-05	0.005294263349060202	0.001187418586050626	9.912469031405635e-05	0.0001001232143607922	0.0013647721098095644	0.00010131658928003162	9.966330180759542e-05	0.0026703597570303826	0.00010110183429787867	0.0015974708745488896	0.0013474086605128831
A[T>G]T	0.007813702843850478	9.109809834626504e-05	9.492737735854462e-05	0.00010050884229713119	9.82414378086105e-05	9.5636751211714e-05	0.004296590595185989	0.0010153056333365384	9.880219149636105e-05	9.881047953967937e-05	0.0013643010206578765	9.977966838050633e-05	9.62130339758005e-05	0.0026686816228902897	0.013414909601851831	0.0015973219204170163	0.0013446183154883328
C[C>A]A	0.005641569232489018	7.783441761546328e-05	7.609287440573098e-05	9.787936141947284e-05	0.01685762765155232	8.460280696453992e-05	0.027783882100266055	0.052071915538545	7.521127076870471e-05	9.577181554050185e-05	0.015413724274276319	8.290765836136416e-05	8.357026290468638e-05	0.00047145898097369356	0.02488449578449945	8.711956361366902e-05	0.008271402382524684
C[C>A]C	8.344851921719965e-05	7.8648118142155e-05	7.61055283874157e-05	9.703428659122438e-05	8.647263712191489e-05	8.260682907348382e-05	0.0033870966035465244	0.013288332804222591	0.011560959365669986	9.378373288200237e-05	0.0013561267514887732	0.029026609029824613	9.00938957784092e-05	0.0026604193768434924	8.835996276275182e-05	0.025880334343673893	0.0001116146522690542
C[C>A]G	8.173615278792568e-05	8.277745946543291e-05	8.768105253693647e-05	0.012762024114636006	8.853860599629115e-05	9.087640137295239e-05	0.049582050926983354	0.0002712178051297087	9.527286820230075e-05	0.009372238372452556	0.0013624332939798478	9.711222810437903e-05	9.05334480194142e-05	0.0020788191373867448	0.024907472334598425	0.001592774833261501	8.98979098565178e-05
C[C>A]T	7.619492607773282e-05	7.799635259289061e-05	8.76534017152153e-05	9.450349316466599e-05	9.272503812098875e-05	8.696899421920535e-05	0.023275273999752245	0.032919085663888834	8.398866557399743e-05	9.054697875399143e-05	0.036564698714209955	8.979064295999706e-05	9.079578303499148e-05	0.0010137837642105296	0.007345616935344879	0.0015838839470234233	0.0013314501207787543
C[C>G]A	0.00839607306443213	0.0056815021913280365	8.239945509558311e-05	9.670745930634439e-05	9.50334761000704e-05	8.758230778767029e-05	0.003684180728487263	0.0011849641683511435	9.331059409305454e-05	9.531234900350682e-05	0.04130840456127771	0.016700733856123407	9.016019103000872e-05	0.010211196346062934	9.770832475624047e-05	0.000977176621563558	0.001336505141841826
C[C>G]C	0.01999274938491453	6.416641319049177e-05	7.87364911957411e-05	9.038524876814336e-05	8.315047634823713e-05	7.523778942868376e-05	0.003303666048168452	0.02946850677799375	6.81403796079394e-05	8.219423380069202e-05	0.029133516081219567	8.577060507377609e-05	7.849602810665602e-05	0.0010155884832784069	0.08713817310162994	0.061147466819829785	0.014586715105139092
C[C>G]G	8.53613131766906e-05	8.79776562214829e-05	8.431672140432055e-05	9.523454209556804e-05	0.02583290428519831	9.705364282126538e-05	0.0032645587394654284	0.0004448914114618674	9.248594360542484e-05	9.633715671952814e-05	0.001355247681203764	0.014783034870197298	0.013008430368790869	0.0018854671274311841	0.01168182560140849	0.0015932267902826424	0.02052493325099931
C[C>G]T	9.066365746548399e-05	8.908891832106746e-05	9.272644165321253e-05	0.02432806401484413	9.008993238239782e-05	9.211800970660988e-05	0.009714501637881767	0.0011836152771138586	9.530565512250178e-05	0.012595525925644325	0.0013615026597108225	9.458889762754552e-05	9.654818859416991e-05	0.002664021876626066	8.892615223885514e-05	0.000675517554191174	0.0013317141881884708
C[C>T]A	7.444635830324841e-05	6.23162609939307e-05	5.656194338783393e-05	8.198289651772939e-05	7.479101209355577e-05	7.653893262613565e-05	0.0021375263906862952	7.781386375427246e-05	6.335865355140413e-05	5.2534953374561157e-05	0.2832655521102424	0.01144832942445646	7.995734277983501e-05	7.404194639093475e-05	7.655616318515967e-05	0.0008815375267658965	8.428799155808519e-05
C[C>T]C	6.90424417371105e-05	6.182387519545317e-05	6.102328566797155e-05	0.10548592248851492	7.964947908476461e-05	8.206989186874126e-05	0.002769223161158152	8.983926163637079e-05	0.028533909857196706	0.032730037163491946	0.028078620690939714	9.223671659128741e-05	8.25541606900515e-05	0.0001554762842715718	8.605842158431188e-05	0.0006919923318491783	0.019999008268496255
C[C>T]G	6.265925379480563e-05	5.7986163595113994e-05	0.780007827281952	7.586556093883701e-05	6.375872873363165e-05	3.933377554972139e-05	6.540838768742674e-05	7.039535209969472e-05	7.838766958343513e-05	4.387917624626425e-05	7.378593861631088e-05	6.95030848191891e-05	7.603533325095668e-05	7.105173303898483e-05	7.708697673542985e-05	7.152183079597307e-05	8.264231364591978e-05
C[C>T]T	0.017350989362756763	0.025184439451550134	0.019942608919518535	0.06938961491832743	0.041902696648867276	8.47564973810222e-05	0.013988546433392913	0.001171218442323152	7.105109177700797e-05	8.620275948487688e-05	0.0002858725943951868	7.232571315398672e-05	8.477960000163876e-05	0.001064595107027344	0.02487447826861171	0.00116760932651232	8.866498828865587e-05
C[T>A]A	8.776793065408128e-05	7.888697135101097e-05	9.367342063342221e-05	9.556391305522993e-05	9.71586639934685e-05	8.433504226559307e-05	0.005292046500107972	0.0011765582119004137	9.45311585383024e-05	8.90695476300607e-05	9.138619240047773e-05	0.07329839078302029	9.839189297053963e-05	0.0011679628711135591	9.879475401248783e-05	0.001594760191073874	0.0013421077313978459
C[T>A]C	9.254262695321814e-05	0.006723418279216275	8.997630720841698e-05	9.923982725013047e-05	8.665524801472202e-05	9.090760868275538e-05	0.003463186846784083	0.00724118143261876	0.019958575422060677	9.701205563033e-05	0.0013607488035631832	0.011445185594129725	9.702791212475858e-05	0.0026611030276399105	9.273952928197104e-05	0.0015943845864967443	0.0013390567361057037
C[T>A]G	6.6190586226611e-05	0.014300683881293708	8.389939685002901e-05	9.310000241384842e-05	8.312218124046921e-05	8.315163859151653e-05	0.09614634831013973	0.02750151143409312	7.993480103323236e-05	9.446512995054945e-05	0.0002826939300575759	8.541105198673904e-05	8.443317929049954e-05	0.008213316689216299	8.844285403029062e-05	0.0015857755883189385	8.399956022913102e-05
C[T>A]T	0.016774129284828375	7.929156672616954e-05	8.317795459475975e-05	9.710188860481139e-05	8.87770380359143e-05	0.013375532195277628	0.003120131037576357	9.86423678114079e-05	0.009495001653704094	9.487777642789297e-05	0.0013590050592029001	9.698859503259882e-05	0.007745778018579586	0.03482595742534613	0.04153168130942504	0.0013715149723793729	0.0004782904485182371
C[T>C]A	8.468732252140399e-05	7.700924739424408e-05	7.676901632294175e-05	9.872901209746487e-05	8.551261543061628e-05	9.098492155317217e-05	0.06651751537065138	0.0011804863679572009	0.010111693535145605	9.143227835011203e-05	9.203732952300925e-05	8.788017348706489e-05	9.640263524488546e-05	0.001299016110959883	9.93913236015942e-05	0.023129707528278233	0.0013391133512413943
C[T>C]C	8.480744545522612e-05	8.454196267848602e-05	7.994584975676844e-05	0.03311602255853359	9.012629197968636e-05	8.348763894900912e-05	0.015232824698796322	0.00026425243486301043	8.910869328246918e-05	8.550005231882097e-05	0.03355541138225817	9.587051208654884e-05	0.030887234180408996	0.0014449037535086973	8.953118849603925e-05	0.0015795941558280902	0.001340334633277962
C[T>C]G	6.673695678500735e-05	6.085645911397819e-05	0.00777352710634247	0.13416666414777864	7.979945276019862e-05	7.953836538945324e-05	0.0016851770279117772	0.03710558550737915	7.682070590817603e-05	0.016729497961205198	9.279937839892227e-05	8.468033720419044e-05	0.020087661855359328	0.0017711255152789817	0.02048154673029785	7.216842925572564e-05	0.015537678826581214
C[T>C]T	8.201714626920875e-05	7.551557007445808e-05	7.600700737384614e-05	0.06725337447496713	9.085367164516356e-05	8.15845480246935e-05	0.000801336889162485	0.00011437194807513151	0.011569498381140875	9.086908758035861e-05	0.00047436900931643324	8.873098631738685e-05	0.014743784709571628	0.002663206701254239	8.450617506241542e-05	0.022610762433550136	0.015191962772951229
C[T>G]A	9.120928261836525e-05	9.07412584638223e-05	9.552583214826882e-05	0.00010068070914712735	9.257492056349292e-05	9.574964424245991e-05	0.00529291994535015	0.0011840230909001548	9.21274124266347e-05	9.397419125889428e-05	0.008381125162850367	9.984774587792344e-05	9.84153593890369e-05	0.012926820824213791	9.890605288092047e-05	0.0015942307829391212	0.0006434311435441487
C[T>G]C	0.008396796610395541	8.149213208525907e-05	9.01014562259661e-05	9.537075893604197e-05	9.282750179409049e-05	9.280505182687193e-05	0.004029618002095958	0.041611283446400193	9.054692636709661e-05	9.38262659474276e-05	0.0013574634402175434	9.545947832521052e-05	0.006399851093738107	0.002664409614226315	9.797974853427149e-05	0.0007572344395157416	0.0013415815214102623
C[T>G]G	8.27899930300191e-05	6.758014642400667e-05	7.233898991216847e-05	0.012751578295865328	0.03740529116294056	8.075340473112647e-05	0.026333538161998148	0.0011733706178347347	8.473076632071752e-05	8.971259740064852e-05	0.03339906394612626	0.05883634087076643	8.987052024167497e-05	0.016052298936847363	8.976138633443043e-05	0.0015865532383031677	8.998153971333523e-05
C[T>G]T	7.54419169807008e-05	7.215841390006972e-05	0.012984419985332351	0.1308803586187423	0.012828981557322549	7.476724484831721e-05	0.0026802998426433077	8.629384283267427e-05	7.521877193745752e-05	0.06475219244530309	9.43401173572056e-05	8.976863537100144e-05	8.619797845312859e-05	0.001454134433879517	7.835986289137509e-05	0.00036888674254207385	9.861745202215389e-05
G[C>A]A	6.216502871025375e-05	6.18559953068143e-05	0.015488982123497409	0.021151030858589336	5.75002294681326e-05	5.86018031299318e-05	0.00038477777534353665	0.001170717637432972	0.02905732763774722	7.913025801826734e-05	0.01831987506375299	0.04348933141898215	0.017959731241717236	0.0008350293833068179	0.09890327019802499	0.0006561671827739701	8.295805419038516e-05
G[C>A]C	0.004414471550990129	8.904839378374164e-05	8.858028668328189e-05	0.0001012281958537642	9.704152689664625e-05	9.206333743350115e-05	0.022264027642086147	0.0011844039370771497	9.594083603587933e-05	9.975698048947379e-05	0.013427618818241172	9.906676423270256e-05	9.85591090284288e-05	0.0025789962979615665	9.998128662118688e-05	0.0015925542982586193	0.0013435117980407085
G[C>A]G	8.200712982215918e-05	9.104875716730021e-05	7.675660619952396e-05	8.929684991016984e-05	0.020024154244856616	0.010262673171177994	0.09022991526144324	8.804474055068567e-05	9.042960627994034e-05	0.009376010121923174	0.001360235769971041	9.698865251266398e-05	9.576338925398886e-05	0.0020743188593769445	8.814513598736085e-05	9.620761702535673e-05	0.0013347005638934205
G[C>A]T	7.37290505639976e-05	7.12082777830858e-05	7.824527495472466e-05	8.638787321615382e-05	8.467358038615203e-05	7.989437852131686e-05	0.004011338802956743	8.406354900216683e-05	8.529086317139445e-05	0.02600493397403625	0.0013579842598119285	9.485947521170601e-05	0.051717383939649156	0.10004754914953082	9.012963419081643e-05	8.262387929676151e-05	9.422896910109557e-05
G[C>G]A	9.196140781568829e-05	9.125067153945566e-05	9.243437016266398e-05	9.773150923138018e-05	9.385198100062553e-05	9.023272796184755e-05	0.00419208272578544	0.0011865221138577908	9.514351440884639e-05	9.564836254867259e-05	0.001361175440979423	9.637275325076189e-05	9.27471508475719e-05	0.04194548522209516	9.943265758920461e-05	0.0011540047307789791	0.0013444898278976325
G[C>G]C	9.489498334005475e-05	8.418948618782451e-05	8.580789831285074e-05	0.012765548001334536	9.242534542863723e-05	0.011243713561270852	0.0035598317474068606	0.00118451268717763	9.558243982610293e-05	0.011637340122979367	0.0010713989613577724	9.198692787322215e-05	9.536885263514706e-05	0.010213069405290298	9.623840960557573e-05	0.001596498266007984	0.001339718926101341
G[C>G]G	8.708491783257811e-05	8.47870804136619e-05	9.372941131005063e-05	9.928063736879267e-05	0.022266446342109704	9.209580675815233e-05	0.005289734481630148	0.0011767361573220114	9.347963059553876e-05	8.826704197417712e-05	0.00021207507379585877	9.582503698766232e-05	9.877732445602305e-05	0.002075484536908334	9.932899629347958e-05	0.06070950876091956	9.825934612308628e-05
G[C>G]T	0.007741609890945256	7.172970886131225e-05	9.503828550805338e-05	9.847258115769364e-05	0.033605768829147564	8.13240289062378e-05	0.02172478495922405	0.001185128269571578	9.334291244158521e-05	9.78181829850655e-05	0.0013586296401626897	9.579558136465493e-05	9.463699170737527e-05	0.002667317379382439	9.390003906446509e-05	0.0013756543456111103	0.00014370456046890466
G[C>T]A	7.956414101499832e-05	0.010034059592125999	0.008474081872586848	8.330773343914188e-05	7.912404348644486e-05	8.093843107417342e-05	0.002368585679141688	9.414280066266656e-05	6.14980732279946e-05	8.718993303773459e-05	0.001094631179148564	0.25760723305211286	0.02009308895248978	7.494842329833774e-05	0.020436614285426914	0.00037370922073023396	0.0009816190850870043
G[C>T]C	7.46259515381098e-05	5.479955580085516e-05	7.048484785627806e-05	8.56482125527691e-05	0.01814995936449577	0.0112219957227353	0.0011316408688799128	0.05029110911855241	0.03504538218821836	8.304104667331558e-05	0.028141639104433125	0.04559178351279343	0.022665549792873208	0.0011204920214368031	8.807195408735424e-05	0.0008381740218965205	8.74556786584435e-05
G[C>T]G	0.8334926009178162	5.5402405379822994e-05	3.602133684239561e-05	6.779885725620716e-05	7.096326080500149e-05	4.5851780427241805e-05	5.8201663910040226e-05	7.049786298694017e-05	6.888081700253678e-05	7.831191769582801e-05	6.30864567028766e-05	6.654855333181331e-05	6.38844841887476e-05	5.6325874300000575e-05	5.129231454503724e-05	7.576425711022238e-05	8.258342513727257e-05
G[C>T]T	5.680111380570452e-05	7.55927903810516e-05	4.5527373299592e-05	7.237207510115695e-05	6.842761135885666e-05	5.134371202188959e-05	0.037299634393002636	0.16255391104496084	7.18988801395426e-05	0.01258374473529784	0.03497428847572337	8.13600553442484e-05	8.220582676585764e-05	0.0005291275531817518	0.024851030210811587	0.0006465823596272458	0.033116652300668646
G[T>A]A	9.29714115045499e-05	9.04908880329458e-05	9.516768768662587e-05	9.890026558423415e-05	9.719730878714472e-05	9.362509517814032e-05	0.00375937673743465	0.021273784764343873	9.816235979087651e-05	9.69098589848727e-05	0.01397057779104216	9.935772177414038e-05	9.727218130137772e-05	0.002670189984200988	0.00010034145961981266	0.0015935048373648896	0.0013440390932373703
G[T>A]C	9.402359864907339e-05	9.30834692553617e-05	9.310308741987683e-05	9.99183946987614e-05	9.900326622300782e-05	9.77341151155997e-05	0.004418614213500404	0.0011870075533806812	9.715121050248853e-05	9.837371544563212e-05	0.0013627535008708946	0.00010163372135139071	9.962024560081773e-05	0.002669367298221914	9.945795900421218e-05	0.001597540354123339	0.011433799914084376
G[T>A]G	6.755488183829428e-05	8.646307032904588e-05	8.449210909020622e-05	0.012964194494270487	8.879645938577596e-05	9.180597589875106e-05	0.00424296757337288	9.636160684749484e-05	8.070119594947301e-05	9.105062199523672e-05	0.0006562152593687642	9.609674016246572e-05	9.604040897102096e-05	0.059043615436416806	9.249824688595254e-05	0.014711351873847889	0.049885916931089014
G[T>A]T	9.453209931962193e-05	8.283567549369764e-05	9.359895047964529e-05	0.012968236260348931	9.617409014026635e-05	9.64615581324324e-05	0.004831366825965233	0.02691292382151005	9.266871056752279e-05	9.711897728266194e-05	0.017386119000730105	9.748582451720721e-05	9.894478935166263e-05	0.0018913036452431697	9.866392647381872e-05	0.0015962817662511953	0.014937691032537259
G[T>C]A	8.270431126220502e-05	8.43024296045769e-05	7.980332047736738e-05	9.589065230102279e-05	9.279371006414295e-05	8.198456757781968e-05	0.0030238649633247405	0.0011827158814412542	0.009493569370170008	9.569952599122188e-05	0.0013626859676151072	9.477556741330773e-05	0.011453900160631747	0.04491722965103691	8.899133808881743e-05	0.0350808925475576	0.000479395329602994
G[T>C]C	7.300360780391202e-05	7.670791765121976e-05	8.023579612199682e-05	0.011479696247079119	8.59861454955535e-05	8.887832955224439e-05	0.008819066583237145	0.03420466107854736	8.258197667601052e-05	0.009197751172905555	0.0013587519722932484	8.719217003090307e-05	0.022006626150505325	0.0018299703140655765	0.0321322628071357	0.0013673408846443635	0.0001000061456579715
G[T>C]G	8.536069872207008e-05	8.447180425719125e-05	0.022023802706077334	9.887048654491081e-05	9.40054698730819e-05	0.011773392401300953	0.0022714467813784722	0.0011845209184684791	8.656129284645431e-05	9.768285017344169e-05	0.0013591814662504476	9.794850702746772e-05	9.635841415729373e-05	0.002226571067876648	0.033198068904312095	0.014468866929746582	0.0013462963426718489
G[T>C]T	8.354923265869729e-05	8.55260128446389e-05	7.932275079411966e-05	8.938200226111803e-05	8.861920578056015e-05	8.160254146787338e-05	0.002291993815379101	0.0011825254347058944	0.009494996963985614	0.020109816739932285	0.021194882568670435	0.01313454663104494	9.771401819307357e-05	0.0010880661437113303	0.008429793598043033	0.051135926487404504	0.00047700060094939544
G[T>G]A	9.20454585866537e-05	9.149798424914479e-05	9.196639148285612e-05	9.794650904950685e-05	9.781061089597642e-05	9.767785450094379e-05	0.004417196055874229	0.0011863345534948166	9.601031124475412e-05	9.786742230062373e-05	0.0013628383916511667	0.00010133137766388245	9.884295723168179e-05	0.0022269303488428706	0.008432114619063213	0.0015974630259734113	0.011432442688965238
G[T>G]C	9.313235495937988e-05	8.01722602773225e-05	8.915442085708492e-05	0.014581192871992244	9.834112570388243e-05	8.186232516891324e-05	0.004169302077934844	0.0011838554601126816	9.277548415411729e-05	9.772847552085296e-05	0.0013571510920883157	0.024431051169813145	9.245065957657062e-05	0.0014481823036476271	9.540608189126943e-05	0.0005499664075614419	0.018027325064940668
G[T>G]G	8.538229703844991e-05	0.009133593423030106	9.405797827639617e-05	9.715647902339697e-05	9.760023604030721e-05	0.009240993011917453	0.003677591948508052	0.0011834663833724334	9.40409088798333e-05	0.02170172816113336	9.943856130121276e-05	8.874517552612816e-05	0.03983986277817166	0.019212759926813306	9.392518331878819e-05	0.0006719377983245067	0.0010362139895732981
G[T>G]T	0.005970130283822072	8.747806859901174e-05	9.546831497573294e-05	0.011487341501924675	9.5771665655775e-05	9.607595347915776e-05	0.005293807557609398	0.0011870800102769864	0.014325870556058362	9.90911699773278e-05	0.0013634508184622973	9.848234112723731e-05	9.787369854166172e-05	0.002518417069950374	9.553666204737965e-05	0.0011541618063347415	0.00010845649158000014
T[C>A]A	0.0424306991180373	7.856259035179391e-05	7.064087165531419e-05	8.54750756843714e-05	0.03403005685804601	7.715846531937131e-05	0.0028729504804857696	0.000406214840040775	8.442606485914439e-05	0.02410410547781794	7.963221755744599e-05	8.389341528527438e-05	8.535695851605852e-05	0.0013336042968148832	8.652837641420774e-05	0.0007168358122726203	0.0992354713329405
T[C>A]C	7.311177632800537e-05	5.8146546098214455e-05	5.857474330994705e-05	8.284308278234675e-05	7.76121943090402e-05	0.009233418334099497	0.0015271653524905559	6.857708268124263e-05	7.019387890068174e-05	0.008412742995278676	0.0004662910803745035	8.049584612308535e-05	0.014731068754707621	0.0010974535374771222	0.2661296386380855	7.688706804049872e-05	0.0010185392877247069
T[C>A]G	7.7552501397804e-05	8.117430843412876e-05	8.583996277593542e-05	9.417329711141065e-05	0.007989531956718565	8.618528918304946e-05	0.002953292375423189	0.0006707873551931697	8.175962682770433e-05	8.550500933779404e-05	0.00011632026653387583	0.05854052481481631	8.69173252795008e-05	0.015712139370318744	8.972167574938794e-05	0.05783867454665596	0.0013391901473369216
T[C>A]T	0.00673365982793257	8.999253914225847e-05	8.641990025353153e-05	9.989809987018817e-05	8.704222163942177e-05	0.023079819403938016	0.003743330427096225	0.0011839998383948113	0.06942448475820129	9.310032619396225e-05	0.001225039697419561	9.39081066462677e-05	9.750468670972623e-05	0.02131488122868177	9.34869545744732e-05	0.001583077785835485	0.00011694767090375535
T[C>G]A	6.407582789869082e-05	7.338156792684458e-05	7.161859357438516e-05	0.1403339624419459	0.03230480491573053	8.47035782499006e-05	0.0016509761333509231	0.025824315414138255	0.011161546049936532	8.858546789269894e-05	0.00011016161406587343	8.610768904873111e-05	9.026204570545815e-05	0.0012937697078086786	8.716766096767969e-05	0.0701511567830039	8.745490641786091e-05
T[C>G]C	6.112373762334755e-05	5.574433569108805e-05	5.901398035348393e-05	8.629314870631788e-05	7.650057923456189e-05	0.030055114566494012	0.002046205160786485	0.10910386700852541	0.02732539601543067	8.133902374538594e-05	0.01990721917591145	0.016938960171682994	0.0211173698249695	0.00021218007095740176	0.0351641567376646	7.909752675914206e-05	8.034024140215478e-05
T[C>G]G	7.63043384267803e-05	7.305269649293678e-05	8.748674226808362e-05	0.0166974335534519	8.895840619516093e-05	9.097957154153846e-05	0.0007637921691639349	0.09236746772294283	8.468680753139778e-05	8.538787089946709e-05	0.0013601145306893158	9.011386064230464e-05	7.80546572059393e-05	0.03441678363524261	0.011679314570210408	0.0009740382271047565	0.0013313409960929335
T[C>G]T	3.7181204607694694e-05	0.005660445284995319	4.34097054267113e-05	7.592705651404685e-05	5.637580205295478e-05	7.716355903539807e-05	0.0009145314067609434	8.874730810930487e-05	0.5343801162031013	6.13386759482637e-05	6.649467234467465e-05	8.804383796814363e-05	7.638106326339767e-05	6.382103848405763e-05	9.214040692313574e-05	6.210345036379294e-05	7.008360925624402e-05
T[C>T]A	4.3583471731523106e-05	2.512715050073666e-05	4.232347382071566e-05	5.8915917668400654e-05	0.5941231667995452	6.421215673810821e-05	5.868835951332585e-05	6.856086511106697e-05	6.537625756948273e-05	7.5149488839088e-05	3.8607046133698476e-05	7.530477330419671e-05	5.8320604330219795e-05	6.898197439113574e-05	7.619923271704466e-05	4.725140605366107e-05	4.368150501328216e-05
T[C>T]C	4.933169794232306e-05	5.3788532022736034e-05	0.027321821253826782	6.723708399078988e-05	7.122102742869174e-05	6.262594961299328e-05	8.436536927192151e-05	8.059646279434673e-05	6.670801089967427e-05	0.34913993740192384	0.0003638083810983517	6.853797585790745e-05	0.02302970157179516	0.017406633950873475	7.014574100594473e-05	0.0009200771167385824	8.899839122022968e-05
T[C>T]G	5.218223213867002e-05	6.561722218449973e-05	6.591999290321837e-05	5.5051784568149745e-05	6.144876698037649e-05	0.7195265859365463	5.493726276455391e-05	6.945092445675982e-05	3.3817651092249436e-05	5.840276455728599e-05	5.804019726838305e-05	6.196840419079309e-05	7.448283540725242e-05	5.076867783486705e-05	7.243702984851552e-05	6.828471537119185e-05	6.170025383198663e-05
T[C>T]T	5.421703917818377e-05	0.013326131239565164	4.406877314698301e-05	5.907128866056155e-05	7.415223053612863e-05	5.561211598887894e-05	0.0012470802752460486	7.710765366937266e-05	7.165496208472177e-05	6.703175913571612e-05	7.814876098564128e-05	7.660258088435513e-05	0.5196314217580948	7.790887866576668e-05	7.545616754214279e-05	6.963787045606295e-05	7.319166470551864e-05
T[T>A]A	9.239532955689356e-05	0.012805507909797597	9.315064671682194e-05	0.00010168240623897873	9.531982796033845e-05	9.224596215062775e-05	0.004903794836718589	0.0011875144373334479	9.81224213319365e-05	9.735274288686923e-05	0.0005678750487277285	9.820504928939044e-05	9.708297875477001e-05	0.0026664790711947717	0.0001008771054330282	0.001596067938953638	0.01838289770676056
T[T>A]C	8.8628483354114e-05	8.691529801581055e-05	8.698585547790571e-05	9.552611554681789e-05	9.304202103521675e-05	8.734773574445854e-05	0.0032453176056151277	0.0011851763658341952	9.47512875427492e-05	0.008416472194221569	0.0013610392139526083	0.04996182223112555	9.350178079330363e-05	0.002337273178272881	9.739646993693896e-05	0.0015948697793646716	0.0013445526667055674
T[T>A]G	9.180509077850729e-05	9.194889717036858e-05	9.115486463997513e-05	0.00010062211222248152	9.869908026303165e-05	9.185671588056721e-05	0.016550098183506633	0.00010711127979448065	9.207594994222745e-05	9.681412630015984e-05	0.0008218079019570723	9.921906603267416e-05	9.731594545883126e-05	0.002195147200109204	9.452601661905647e-05	0.015890330733236625	0.016132811689021764
T[T>A]T	9.059114781848621e-05	9.01791216165293e-05	9.298668373958208e-05	9.87659594102297e-05	0.01117917579213099	9.592168426024728e-05	0.004358298618899426	0.0011867410175909754	0.029531560825853377	9.60757737630047e-05	0.0013612944094347768	9.947090948116965e-05	9.92626213701442e-05	0.002373165392054943	0.00010060323329526	0.0015969927728292533	0.0004834052102523856
T[T>C]A	8.542081977793713e-05	8.279303292511032e-05	7.772934018248633e-05	9.392081046826206e-05	8.940001307564672e-05	8.677130648067077e-05	0.004238591406465275	9.424679410585668e-05	9.723322436911985e-05	9.708396828500554e-05	0.0013614367722766473	0.033114343186753104	9.159000364888925e-05	0.0026592863522637345	9.328919004474301e-05	0.040595960013160945	0.0013426569807052148
T[T>C]C	8.981245118775406e-05	0.025149761135253357	8.739086624700576e-05	0.00010044974551419728	9.678926508058794e-05	8.855323139869142e-05	0.004660510125540895	0.0011788444309786428	0.011173016058455687	0.04710681076248875	0.00021522417009691707	9.891726658679545e-05	0.006407757805573055	0.0026626556558767334	9.658208000473678e-05	0.0006761031792848371	0.0005552473870920948
T[T>C]G	8.902699337340892e-05	8.862885733833537e-05	9.010854846565053e-05	0.014750173627544428	9.583237260812894e-05	9.302056787419133e-05	0.011174813365505543	0.00010437961827847175	9.482776877121069e-05	9.78957090410404e-05	0.0004796714740223251	9.78246534941718e-05	9.588766188244336e-05	0.002668015357630793	9.425933531019837e-05	0.0015923939405183773	0.01612814986910962
T[T>C]T	7.603667309012963e-05	8.627799761597998e-05	7.846545922802761e-05	9.402212235727347e-05	0.01584233496600973	8.888227639545221e-05	0.05383885233604815	0.0001874540866992902	8.439874072792008e-05	8.344007546838839e-05	8.881691974238493e-05	9.40135978453327e-05	0.00928169232356595	0.0014494504670437892	9.784872017917223e-05	0.04737196790956659	0.028342806520959128
T[T>G]A	9.682196396170184e-05	9.287183347623795e-05	9.398212205269374e-05	0.00010223339486401529	9.650140418671072e-05	9.589610781404189e-05	0.004725997788045788	0.0011870185691805091	9.819078404689207e-05	9.871572256088257e-05	0.010479537828359753	0.00010120682418346405	9.881135119940154e-05	0.002670230723742861	0.00010108093993039801	0.001596809423790546	0.0013471971557009964
T[T>G]C	8.378607344639022e-05	8.759096817811951e-05	8.657096677779918e-05	8.867656079019071e-05	9.819035331020132e-05	8.391930703339767e-05	0.0030752273050893564	0.001185111679660622	9.440738358534873e-05	9.810874253162183e-05	0.016142108269559686	9.713498293422163e-05	9.738390799611807e-05	0.00168181016415474	0.00010011256526922807	0.0015915535819658543	0.04922361813587486
T[T>G]G	9.678493370302022e-05	9.253029202227481e-05	9.648982741055079e-05	0.00010234220462734811	9.88143430731725e-05	9.72353336692322e-05	0.005294263349060202	0.001187418586050626	9.912469031405635e-05	0.0001001232143607922	0.0013647721098095644	0.00010131658928003162	9.966330180759542e-05	0.0026703597570303826	0.00010110183429787867	0.0015974708745488896	0.0013474086605128831
T[T>G]T	7.789058836351614e-05	8.539557202311699e-05	8.231621104641818e-05	9.40495272516273e-05	8.900237662601285e-05	8.024829385249177e-05	0.0019697241080393725	0.046062704338692126	7.586672873003409e-05	0.03338948577656993	0.02178095314084203	0.024422120345843724	0.017971747371484527	0.000265326582302805	9.410607017343864e-05	0.0015840267355088145	0.0013274377090056078
