MutationsType	SBS96A	SBS96B	SBS96C	SBS96D	SBS96E	SBS96F	SBS96G	SBS96H	SBS96I	SBS96J	SBS96K
A[C>A]A	0.00339760	0.00215983	0.00925714	0.14694811	0.03140560	0.04014767	0.10687378	0.05634652	0.02223075	0.00542812	0.00596714
A[C>A]C	0.00260144	0.00277856	0.00411406	0.00749705	0.00680763	0.00169595	0.00562236	0.00347188	0.01487635	0.00424157	0.00353122
A[C>A]G	0.00074137	0.00056356	0.00097955	0.00570407	0.00700620	0.00326084	0.00550317	0.00069117	0.00602306	0.00070259	0.00109634
A[C>A]T	0.00834805	0.00774838	0.00867496	0.02614257	0.00971420	0.01335444	0.01899085	0.01711092	0.01619287	0.02535789	0.02190852
A[C>G]A	0.00169555	0.00316404	0.00262193	0.00165444	0.00899788	0.00446899	0.00394737	0.00000000	0.00940272	0.00019397	0.00143805
A[C>G]C	0.00071357	0.00196226	0.00279752	0.00057308	0.00365720	0.00168177	0.00369371	0.00539003	0.00897040	0.00000000	0.00135718
A[C>G]G	0.00020715	0.00024450	0.00071622	0.00061350	0.01520397	0.00285198	0.00209693	0.00212822	0.00679922	0.00000000	0.00020292
A[C>G]T	0.00453630	0.00351430	0.00523197	0.00168420	0.01917175	0.00032596	0.00445023	0.00201197	0.00880219	0.00012664	0.00314749
A[C>T]A	0.06658888	0.06294747	0.01337295	0.00211466	0.02306190	0.07030716	0.01467973	0.05389894	0.02372729	0.05288545	0.08933034
A[C>T]C	0.02004248	0.01795368	0.01127501	0.00364515	0.00782501	0.04198324	0.00758816	0.00355334	0.01212782	0.01490899	0.01380719
A[C>T]G	0.02735499	0.03168211	0.01390817	0.00482074	0.01240920	0.01054044	0.00364863	0.07323356	0.01114216	0.01609054	0.02315496
A[C>T]T	0.02807742	0.02990531	0.00990299	0.00195994	0.01285388	0.01672019	0.00638423	0.00954900	0.01768563	0.00995923	0.02208705
A[T>A]A	0.00061344	0.00138839	0.00373037	0.00171673	0.00396065	0.00133433	0.00778431	0.00486653	0.00926194	0.00024754	0.00043309
A[T>A]C	0.00118168	0.00153429	0.00222633	0.00000000	0.00197076	0.00129542	0.00246580	0.00182969	0.00605176	0.00041066	0.00082114
A[T>A]G	0.00043380	0.00112394	0.00092466	0.00213052	0.00276295	0.00332832	0.00068820	0.00228754	0.00605658	0.00000000	0.00041760
A[T>A]T	0.01447727	0.01921566	0.02076066	0.00089575	0.01257200	0.00177539	0.00311202	0.00182891	0.00654373	0.00623169	0.01447216
A[T>C]A	0.01842428	0.02279230	0.05489953	0.00327088	0.05503748	0.00564744	0.00492524	0.00009176	0.03720713	0.00033445	0.01560553
A[T>C]C	0.00971557	0.00943549	0.02497289	0.00019704	0.00565818	0.00000000	0.00050107	0.00194870	0.00587021	0.00000000	0.00702035
A[T>C]G	0.03121609	0.03234141	0.06623811	0.00000000	0.01863493	0.00045021	0.00347069	0.00265444	0.01322112	0.01112247	0.01613159
A[T>C]T	0.00831193	0.00632947	0.01662463	0.00111549	0.01939836	0.01191310	0.00200735	0.00463529	0.01538157	0.01183939	0.00587671
A[T>G]A	0.00022808	0.00023478	0.00040929	0.00000000	0.00167679	0.00097988	0.00576033	0.00000000	0.00279192	0.00187550	0.00006070
A[T>G]C	0.00044740	0.00029612	0.00179795	0.00000000	0.00195270	0.00000000	0.00090955	0.00104004	0.00131661	0.00239756	0.00033762
A[T>G]G	0.00081124	0.00058825	0.00184997	0.00000000	0.00566606	0.00000000	0.00000000	0.00246331	0.00490356	0.00157605	0.00064985
A[T>G]T	0.00203400	0.00166979	0.00383543	0.00227064	0.00610174	0.00367347	0.00267632	0.00000000	0.00454990	0.00008830	0.00121809
C[C>A]A	0.02083338	0.02020866	0.01179579	0.03660636	0.02021722	0.01725513	0.04478558	0.02821857	0.01262945	0.02984582	0.01680782
C[C>A]C	0.02885181	0.03238789	0.01800120	0.00104433	0.00947594	0.00082572	0.00428067	0.00716026	0.01052153	0.00614505	0.02069980
C[C>A]G	0.00528592	0.00394741	0.00772115	0.00310565	0.00308862	0.00575366	0.00353847	0.00111617	0.00932983	0.00660149	0.00344519
C[C>A]T	0.10169052	0.08713494	0.03274380	0.01438694	0.01560125	0.00806894	0.01747866	0.01687040	0.01201342	0.00219701	0.07088624
C[C>G]A	0.00014467	0.00010792	0.00086838	0.00001022	0.00966886	0.00154495	0.00164085	0.00068048	0.01010742	0.00389382	0.00155255
C[C>G]C	0.00007338	0.00005095	0.00008315	0.00000000	0.00248251	0.00450951	0.00280426	0.00000000	0.00316823	0.00081755	0.00133890
C[C>G]G	0.00029299	0.00001368	0.00085058	0.00004235	0.00534859	0.00000000	0.00141868	0.00298042	0.00292746	0.00297544	0.00115397
C[C>G]T	0.00049296	0.00031202	0.00047406	0.00055127	0.00872930	0.00067580	0.00127349	0.00252788	0.00882977	0.00022756	0.00035619
C[C>T]A	0.00975327	0.01157245	0.00749581	0.00813393	0.01461481	0.06975148	0.04065566	0.02312756	0.02355462	0.00511263	0.00798794
C[C>T]C	0.01012344	0.01487839	0.00854516	0.00011213	0.00644776	0.02926065	0.00412393	0.01187875	0.01054985	0.04754074	0.02032590
C[C>T]G	0.01460550	0.02357026	0.00788982	0.00000000	0.00734330	0.00760589	0.00378098	0.05391040	0.00833068	0.02563178	0.01651172
C[C>T]T	0.00987869	0.01489598	0.00841644	0.00274452	0.01337307	0.02918955	0.00480651	0.01381293	0.01993806	0.01146225	0.01690742
C[T>A]A	0.00027482	0.00045423	0.00134466	0.00080800	0.00748651	0.00176368	0.00044232	0.00209736	0.00931272	0.00309667	0.00115802
C[T>A]C	0.00189996	0.00202542	0.00333158	0.00000647	0.00502905	0.00129172	0.00059644	0.00000000	0.00758387	0.00406679	0.00198359
C[T>A]G	0.00082361	0.00121828	0.00242215	0.00005778	0.00765416	0.00000000	0.00090823	0.00090724	0.00836469	0.00201228	0.00050268
C[T>A]T	0.00101721	0.00058154	0.00225086	0.00006280	0.00628427	0.00233996	0.00473952	0.00267979	0.00589283	0.00091174	0.00441713
C[T>C]A	0.01903381	0.01724382	0.03608638	0.00121923	0.01216093	0.00374563	0.00635975	0.00089890	0.01594975	0.00035007	0.01044405
C[T>C]C	0.01379794	0.00938517	0.02726434	0.00000000	0.00459025	0.00053356	0.00098557	0.00023637	0.00793967	0.00034445	0.00921740
C[T>C]G	0.04008971	0.03044140	0.06854666	0.00160032	0.00207880	0.00000000	0.00587501	0.00006460	0.00635225	0.00156440	0.02399613
C[T>C]T	0.01222072	0.01221818	0.02468307	0.00000000	0.01506280	0.00000000	0.00243373	0.00430511	0.01067077	0.00564197	0.00731116
C[T>G]A	0.00084603	0.00068720	0.00073476	0.00000000	0.00157654	0.00044418	0.00102196	0.00158733	0.00103213	0.00699158	0.00269656
C[T>G]C	0.00324714	0.00401647	0.00549695	0.00000000	0.00245344	0.00214323	0.00063806	0.00000000	0.00281445	0.00010900	0.00165464
C[T>G]G	0.00366887	0.00376989	0.00878092	0.00000000	0.00588460	0.00273860	0.00127691	0.00045972	0.00675111	0.00181011	0.00347800
C[T>G]T	0.00568210	0.00633059	0.00863619	0.00000000	0.00237915	0.00190424	0.00542015	0.00260287	0.00445972	0.00018194	0.00528045
G[C>A]A	0.00978089	0.00516954	0.01060644	0.38045003	0.03118059	0.05397779	0.14666999	0.08462525	0.03482952	0.31555741	0.00886405
G[C>A]C	0.00414681	0.00369047	0.00698936	0.01420165	0.00489348	0.00207299	0.00641157	0.00677246	0.01281887	0.03783722	0.01561492
G[C>A]G	0.00208288	0.00047708	0.00122655	0.01145276	0.00569715	0.00416827	0.00795351	0.00301298	0.00362523	0.00116844	0.00343200
G[C>A]T	0.01631351	0.01356184	0.01192145	0.10096051	0.01962016	0.07581760	0.07104357	0.06541875	0.02544842	0.01227648	0.01397273
G[C>G]A	0.00042139	0.00078904	0.00180421	0.00335214	0.00858909	0.00411728	0.00242080	0.00000000	0.00712401	0.00297776	0.00262304
G[C>G]C	0.00174589	0.00131959	0.00348792	0.00079410	0.00414449	0.00123806	0.00046661	0.00278781	0.00452140	0.00459096	0.00445030
G[C>G]G	0.00008916	0.00000000	0.00016653	0.00000000	0.00423631	0.00000000	0.00041726	0.00112348	0.00102950	0.00172139	0.00167879
G[C>G]T	0.00125135	0.00154043	0.00394403	0.00000000	0.01222014	0.00394538	0.00138504	0.00049390	0.00812452	0.00823627	0.00128907
G[C>T]A	0.07102971	0.07986471	0.01006377	0.00019948	0.01616712	0.03016836	0.00754890	0.02778309	0.02149793	0.02045911	0.06640596
G[C>T]C	0.05690933	0.05015197	0.02141625	0.00142744	0.00639657	0.02305941	0.00394864	0.00221385	0.00851746	0.00278310	0.03496338
G[C>T]G	0.03551082	0.04315095	0.02880472	0.00506606	0.00701759	0.00201663	0.00873727	0.03997997	0.00743697	0.02116422	0.02507312
G[C>T]T	0.04970890	0.05598464	0.01253985	0.00000000	0.01578712	0.01592301	0.00000000	0.00493369	0.01777271	0.01069116	0.05015891
G[T>A]A	0.00014948	0.00036876	0.00126184	0.00000000	0.00290776	0.00000000	0.00000801	0.00000000	0.00631469	0.00000000	0.00009359
G[T>A]C	0.00080412	0.00059029	0.00260467	0.00038357	0.00211310	0.00065319	0.00078068	0.00044935	0.00543175	0.00320054	0.00361801
G[T>A]G	0.00065802	0.00065201	0.00098217	0.00025413	0.00472025	0.00227991	0.00000000	0.00000000	0.00626832	0.00035300	0.00030734
G[T>A]T	0.00204768	0.00212718	0.00264803	0.00000000	0.00729768	0.00116177	0.00111161	0.00048864	0.00420142	0.00533236	0.00165393
G[T>C]A	0.01368836	0.01161396	0.03247077	0.00000000	0.00661846	0.00182383	0.00000000	0.00144056	0.00767872	0.00387361	0.00836242
G[T>C]C	0.00722106	0.00551438	0.01482464	0.00115362	0.00209455	0.00014782	0.00042907	0.00000000	0.00257536	0.00026432	0.00736490
G[T>C]G	0.01785690	0.01870871	0.02444395	0.00001071	0.00628514	0.00127092	0.00034636	0.00486616	0.00306257	0.00067881	0.01144538
G[T>C]T	0.00688723	0.00582723	0.01676594	0.00001137	0.00946665	0.00004756	0.00106387	0.00287136	0.00482584	0.00179204	0.00466726
G[T>G]A	0.00015094	0.00000000	0.00029427	0.00068165	0.00007947	0.00000000	0.00146515	0.00000000	0.00229241	0.00037918	0.00077927
G[T>G]C	0.00032829	0.00004624	0.00053955	0.00000000	0.00072205	0.00230462	0.00358948	0.00000000	0.00123363	0.00180203	0.00197532
G[T>G]G	0.00002926	0.00004063	0.00076685	0.00000000	0.00630928	0.00078729	0.00122286	0.00149887	0.00439417	0.00000000	0.00029903
G[T>G]T	0.00108372	0.00085926	0.00298326	0.00000000	0.00410606	0.00257505	0.00036903	0.00228009	0.00329220	0.00110952	0.00144379
T[C>A]A	0.00349722	0.00553430	0.00759204	0.05238636	0.02995618	0.04711639	0.07644730	0.05209469	0.02916585	0.01436633	0.00421341
T[C>A]C	0.00474821	0.00470867	0.00533126	0.01308327	0.02527428	0.01776212	0.03431388	0.02648337	0.01685610	0.00484234	0.00361308
T[C>A]G	0.00161721	0.00075749	0.00147887	0.00692868	0.00504510	0.00045067	0.01059440	0.00940488	0.00363473	0.00010801	0.00116385
T[C>A]T	0.02802740	0.01972224	0.02236305	0.09089494	0.03891419	0.07840684	0.14236412	0.13175201	0.03994334	0.02731973	0.10808001
T[C>G]A	0.00021484	0.00017650	0.00110494	0.00000000	0.01493832	0.00640002	0.00169469	0.00080974	0.01045105	0.00073879	0.00242242
T[C>G]C	0.00020807	0.00041531	0.00170306	0.00019311	0.00630205	0.00309777	0.00260675	0.00000000	0.00457054	0.00538428	0.00146838
T[C>G]G	0.00001046	0.00000000	0.00044432	0.00000000	0.00300891	0.00085093	0.00311450	0.00235336	0.00389313	0.00000000	0.00061161
T[C>G]T	0.00072561	0.00185752	0.00214329	0.00116944	0.01935490	0.00412903	0.00369873	0.00060823	0.01155798	0.02263708	0.00432279
T[C>T]A	0.00896379	0.01125134	0.00542158	0.00431333	0.01442284	0.05313941	0.00930888	0.02304883	0.02500846	0.04254056	0.01437157
T[C>T]C	0.00804422	0.01127075	0.00586157	0.00417351	0.01286603	0.03232297	0.00522272	0.00610016	0.01399727	0.02714515	0.01443755
T[C>T]G	0.00836272	0.01106970	0.00258265	0.00223167	0.01263564	0.00444930	0.01910187	0.02620247	0.00510387	0.00063981	0.00754451
T[C>T]T	0.00830709	0.01291506	0.00683430	0.00392226	0.01789902	0.04138309	0.00298145	0.00572109	0.01766463	0.00103647	0.00745115
T[T>A]A	0.00340674	0.00250584	0.00843169	0.00383935	0.01581717	0.00551954	0.00484076	0.00353805	0.01509996	0.00153112	0.00366227
T[T>A]C	0.00029687	0.00047012	0.00129767	0.00099354	0.01165008	0.00192225	0.00004789	0.00069458	0.01285532	0.00100848	0.00013245
T[T>A]G	0.00032187	0.00046089	0.00093605	0.00257873	0.00618793	0.00375441	0.00123678	0.00365136	0.01075472	0.00250033	0.00251746
T[T>A]T	0.00264772	0.00243083	0.00606403	0.00044599	0.02368337	0.00512783	0.00675993	0.00294738	0.01669450	0.00890576	0.00649441
T[T>C]A	0.01802779	0.00991499	0.03464568	0.00199002	0.03116768	0.00986827	0.01112759	0.00034783	0.02108079	0.00404463	0.01270329
T[T>C]C	0.01181756	0.00862325	0.02938919	0.00070348	0.00476550	0.00205066	0.00008561	0.00294733	0.00555152	0.00000000	0.00579617
T[T>C]G	0.01854758	0.01833197	0.03103444	0.00152330	0.00470751	0.00001393	0.00533289	0.00196888	0.00678929	0.00257733	0.01032554
T[T>C]T	0.01207326	0.01222163	0.02752522	0.00047669	0.01244682	0.01223620	0.00432094	0.00964414	0.01458078	0.00251837	0.00809427
T[T>G]A	0.00002033	0.00006880	0.00013987	0.00023948	0.00260664	0.00191983	0.00191737	0.00126251	0.00398202	0.01213136	0.00000000
T[T>G]C	0.00058934	0.00073410	0.00184599	0.00000000	0.00185593	0.00067690	0.00233338	0.00227955	0.00277221	0.00078922	0.00097431
T[T>G]G	0.00098879	0.00149034	0.00264046	0.00034624	0.00247764	0.00210228	0.00107213	0.00191506	0.00410867	0.00216149	0.00363067
T[T>G]T	0.00181162	0.00199281	0.00404560	0.00172055	0.01080725	0.00666037	0.00302071	0.00202934	0.00940489	0.02127368	0.00524601
