MutationsType	SBS96A	SBS96B	SBS96C	SBS96D	SBS96E	SBS96F	SBS96G	SBS96H	SBS96I	SBS96J	SBS96K
A[C>A]A	6.71E-04	2.87E-04	4.73E-04	2.51E-03	1.12E-03	4.87E-03	2.13E-02	3.67E-03	2.77E-03	3.67E-03	1.00E-03
A[C>A]C	3.42E-04	1.54E-04	6.00E-04	8.01E-05	4.77E-04	3.71E-04	2.15E-04	4.17E-04	1.35E-03	1.27E-03	1.28E-03
A[C>A]G	1.32E-04	6.74E-05	1.51E-04	1.28E-04	1.82E-04	2.02E-03	5.17E-04	1.59E-04	6.14E-04	4.69E-04	6.87E-04
A[C>A]T	4.38E-04	1.33E-04	6.78E-04	3.26E-04	3.07E-04	2.12E-03	1.80E-03	8.90E-04	6.32E-04	4.71E-03	1.00E-02
A[C>G]A	2.64E-04	1.88E-04	2.44E-04	1.21E-04	2.57E-04	8.72E-04	8.41E-04	0.00E+00	6.81E-04	1.35E-04	2.46E-04
A[C>G]C	1.44E-04	5.58E-05	2.20E-04	1.01E-04	3.08E-04	2.65E-04	1.39E-03	2.19E-04	7.35E-04	1.94E-50	5.58E-04
A[C>G]G	5.86E-05	4.53E-05	8.13E-05	1.07E-04	3.16E-04	3.80E-04	1.03E-03	1.45E-04	4.24E-04	0.00E+00	5.63E-05
A[C>G]T	3.43E-04	3.91E-04	1.96E-04	1.53E-04	1.70E-04	1.05E-04	1.32E-03	2.09E-04	8.99E-04	9.81E-05	5.27E-04
A[C>T]A	2.46E-03	1.23E-03	3.39E-03	6.30E-04	2.02E-03	7.95E-03	2.71E-03	2.24E-03	5.53E-03	1.05E-02	2.33E-02
A[C>T]C	3.27E-04	1.97E-04	6.22E-04	2.40E-04	4.06E-04	1.85E-03	4.32E-04	3.10E-04	3.32E-03	2.61E-03	3.02E-03
A[C>T]G	1.10E-03	5.07E-04	4.86E-04	1.92E-04	6.65E-04	1.17E-03	6.62E-04	4.21E-04	1.41E-04	3.17E-03	4.32E-03
A[C>T]T	6.22E-04	3.58E-04	1.71E-03	2.28E-04	3.96E-04	2.79E-03	4.09E-04	2.25E-04	4.33E-04	1.62E-03	3.98E-03
A[T>A]A	1.34E-04	1.01E-04	1.18E-04	2.46E-04	3.26E-04	2.31E-04	1.81E-03	2.99E-04	8.63E-04	1.78E-04	1.18E-04
A[T>A]C	1.57E-04	4.82E-05	2.29E-04	0.00E+00	1.89E-04	2.62E-04	3.20E-04	2.12E-04	5.42E-04	1.87E-04	2.85E-04
A[T>A]G	9.53E-05	5.46E-05	2.27E-04	4.62E-05	2.00E-04	3.78E-04	4.58E-04	8.74E-05	2.58E-04	2.49E-102	8.94E-05
A[T>A]T	4.11E-04	5.18E-05	1.19E-03	6.88E-05	3.96E-04	1.91E-04	5.34E-04	3.21E-04	5.45E-04	1.36E-03	2.86E-03
A[T>C]A	2.20E-03	8.56E-04	3.87E-03	2.07E-04	5.64E-04	7.84E-04	8.64E-04	9.01E-05	3.26E-03	3.34E-04	3.36E-03
A[T>C]C	5.74E-04	8.07E-05	1.82E-03	5.95E-05	6.45E-04	0.00E+00	3.05E-04	2.35E-04	6.52E-04	0.00E+00	1.56E-03
A[T>C]G	1.47E-03	2.30E-04	3.88E-03	4.59E-58	7.48E-04	1.60E-04	8.06E-04	3.71E-04	1.17E-03	1.70E-03	3.11E-03
A[T>C]T	3.09E-04	3.25E-04	7.58E-04	1.55E-04	2.50E-04	1.41E-03	3.88E-04	2.74E-04	2.71E-04	2.14E-03	1.21E-03
A[T>G]A	4.57E-05	4.12E-05	1.08E-04	0.00E+00	7.35E-05	9.75E-04	5.55E-04	0.00E+00	3.10E-04	8.05E-04	1.58E-05
A[T>G]C	5.98E-05	3.55E-05	1.35E-04	0.00E+00	2.19E-04	0.00E+00	8.14E-05	4.52E-05	1.46E-04	5.83E-04	9.35E-05
A[T>G]G	1.39E-04	6.60E-05	5.41E-05	0.00E+00	1.36E-04	0.00E+00	0.00E+00	5.44E-05	5.45E-04	3.75E-04	1.65E-04
A[T>G]T	1.31E-04	1.47E-04	1.46E-04	9.50E-05	6.81E-04	1.42E-04	7.22E-04	0.00E+00	1.01E-04	8.83E-05	2.69E-04
C[C>A]A	5.14E-04	1.11E-04	3.36E-04	2.21E-04	4.00E-04	2.08E-03	3.77E-03	4.66E-04	6.16E-04	5.92E-03	2.88E-03
C[C>A]C	5.05E-04	3.49E-04	6.34E-04	1.17E-04	6.59E-04	2.34E-04	1.34E-03	2.31E-04	8.96E-04	2.03E-03	3.65E-03
C[C>A]G	3.13E-04	2.74E-05	2.05E-04	9.83E-05	1.74E-04	6.78E-04	6.00E-04	1.94E-04	3.35E-04	1.23E-03	5.81E-04
C[C>A]T	3.20E-03	1.77E-03	3.26E-03	3.23E-04	1.76E-03	1.49E-03	1.18E-03	5.37E-04	5.93E-05	1.47E-03	1.55E-02
C[C>G]A	4.50E-05	2.22E-05	2.17E-04	1.02E-05	3.78E-04	2.75E-04	2.79E-04	1.10E-04	9.08E-04	3.30E-04	9.52E-04
C[C>G]C	2.91E-05	1.43E-05	8.32E-05	0.00E+00	9.74E-05	5.04E-04	7.08E-05	0.00E+00	1.90E-04	3.63E-04	6.71E-04
C[C>G]G	5.22E-05	8.58E-06	2.59E-05	2.17E-05	1.17E-04	0.00E+00	2.43E-04	1.10E-04	3.25E-04	6.13E-04	1.01E-03
C[C>G]T	1.06E-04	5.29E-05	2.71E-04	3.79E-05	2.87E-04	1.16E-04	2.28E-04	7.05E-05	8.84E-04	1.69E-04	3.08E-04
C[C>T]A	8.40E-04	2.47E-04	1.11E-03	1.20E-03	4.53E-04	1.00E-02	4.42E-03	1.20E-03	3.47E-03	3.41E-03	1.74E-03
C[C>T]C	1.97E-04	2.55E-04	1.52E-04	1.12E-04	3.93E-04	3.62E-03	8.51E-04	9.80E-04	2.44E-03	5.86E-03	6.77E-03
C[C>T]G	1.02E-03	5.01E-04	2.22E-04	0.00E+00	2.97E-04	2.79E-03	8.10E-04	4.87E-04	5.17E-04	3.06E-03	2.72E-03
C[C>T]T	7.18E-04	1.75E-04	2.16E-04	1.59E-04	3.22E-04	3.06E-03	5.36E-04	2.38E-04	1.51E-03	1.48E-03	2.64E-03
C[T>A]A	8.23E-05	7.67E-05	2.04E-04	4.30E-05	3.09E-04	1.27E-04	1.10E-04	8.93E-05	8.51E-04	5.42E-04	3.73E-04
C[T>A]C	1.92E-04	7.79E-05	1.91E-04	6.47E-06	2.04E-04	2.43E-04	1.25E-04	0.00E+00	6.61E-04	7.61E-04	5.10E-04
C[T>A]G	1.45E-04	1.36E-04	1.06E-04	3.12E-05	8.87E-04	0.00E+00	1.64E-04	1.15E-04	9.29E-04	4.05E-04	9.86E-05
C[T>A]T	1.46E-04	6.71E-05	5.83E-05	1.85E-05	7.20E-04	4.01E-04	8.28E-04	1.87E-04	2.87E-04	5.53E-04	2.08E-03
C[T>C]A	6.14E-04	8.54E-05	1.59E-03	1.99E-04	1.20E-04	6.34E-04	1.37E-03	2.13E-04	1.23E-03	2.54E-04	2.68E-03
C[T>C]C	5.53E-04	8.70E-05	1.37E-03	0.00E+00	2.11E-04	5.34E-04	2.18E-04	5.80E-05	8.72E-04	2.04E-04	1.45E-03
C[T>C]G	1.66E-03	3.47E-04	3.56E-03	1.60E-04	4.05E-04	1.82E-88	9.30E-04	4.46E-05	6.79E-04	8.35E-04	3.60E-03
C[T>C]T	4.76E-04	2.41E-04	1.29E-03	0.00E+00	1.54E-04	0.00E+00	4.30E-04	4.85E-04	1.19E-03	9.09E-04	1.23E-03
C[T>G]A	3.07E-05	3.03E-05	2.27E-05	0.00E+00	4.82E-05	1.16E-04	2.04E-04	1.90E-04	1.15E-04	8.45E-04	1.59E-03
C[T>G]C	2.39E-04	5.41E-05	1.16E-04	0.00E+00	4.69E-05	4.29E-04	2.43E-04	0.00E+00	1.01E-04	1.09E-04	3.32E-04
C[T>G]G	2.71E-04	9.99E-05	2.87E-04	0.00E+00	1.08E-04	1.29E-03	2.54E-04	1.15E-04	5.95E-04	7.72E-04	6.43E-04
C[T>G]T	9.83E-05	6.51E-05	2.61E-04	0.00E+00	7.57E-05	3.31E-04	1.36E-03	2.47E-04	1.65E-04	1.22E-04	7.91E-04
G[C>A]A	1.26E-03	1.21E-03	1.74E-03	4.79E-03	1.82E-03	6.51E-03	2.48E-02	5.81E-03	2.49E-03	2.60E-02	1.91E-03
G[C>A]C	4.18E-04	1.30E-04	4.86E-04	5.20E-04	3.80E-04	5.41E-04	1.19E-03	9.57E-04	1.43E-03	4.71E-03	7.33E-03
G[C>A]G	7.89E-05	6.49E-05	9.61E-05	1.04E-04	6.95E-05	2.78E-04	4.76E-04	2.16E-04	7.83E-05	7.35E-04	1.77E-03
G[C>A]T	1.85E-03	4.36E-04	1.98E-03	2.30E-03	3.23E-04	3.77E-02	3.05E-03	1.75E-03	2.66E-04	8.18E-03	2.35E-03
G[C>G]A	1.30E-04	8.92E-05	4.17E-05	4.31E-05	2.38E-04	5.51E-04	9.38E-05	0.00E+00	2.48E-04	7.54E-04	1.28E-03
G[C>G]C	1.06E-04	7.52E-05	2.22E-05	8.60E-05	8.51E-05	1.48E-04	1.52E-04	3.15E-04	5.02E-04	1.55E-03	3.01E-03
G[C>G]G	2.48E-05	0.00E+00	1.97E-05	0.00E+00	8.97E-05	0.00E+00	9.04E-05	1.06E-04	1.15E-04	5.21E-04	1.13E-03
G[C>G]T	2.95E-04	1.78E-04	1.05E-04	0.00E+00	2.13E-04	6.48E-04	3.30E-04	1.67E-04	5.62E-04	1.54E-03	7.42E-04
G[C>T]A	2.58E-03	1.47E-03	4.23E-03	1.23E-04	1.88E-03	5.26E-03	2.78E-03	1.13E-03	2.31E-03	9.84E-03	1.28E-02
G[C>T]C	1.66E-03	6.49E-04	2.30E-03	1.12E-04	8.09E-04	2.79E-03	5.76E-04	2.96E-04	1.95E-03	1.36E-03	6.71E-03
G[C>T]G	6.71E-04	6.28E-04	2.99E-04	2.15E-04	8.33E-04	3.83E-04	1.48E-03	4.15E-04	4.52E-04	3.20E-03	4.97E-03
G[C>T]T	2.51E-03	1.29E-03	1.82E-03	4.11E-123	1.18E-03	2.75E-03	4.22E-13	5.14E-04	5.44E-04	4.85E-03	8.20E-03
G[T>A]A	4.99E-05	6.16E-05	1.48E-04	0.00E+00	5.30E-04	0.00E+00	8.01E-06	0.00E+00	7.02E-04	0.00E+00	9.36E-05
G[T>A]C	1.48E-04	5.04E-05	1.18E-04	5.20E-05	1.59E-04	1.50E-04	1.55E-04	1.30E-04	5.76E-04	9.24E-04	1.81E-03
G[T>A]G	1.15E-04	1.09E-04	2.09E-04	1.64E-05	1.84E-04	2.62E-04	0.00E+00	0.00E+00	4.25E-04	1.20E-04	6.87E-05
G[T>A]T	1.19E-04	1.46E-04	8.77E-05	0.00E+00	8.25E-05	1.62E-04	2.05E-04	1.28E-04	3.58E-04	8.87E-04	2.84E-04
G[T>C]A	7.07E-04	4.60E-05	1.95E-03	0.00E+00	2.42E-04	3.26E-04	0.00E+00	1.39E-04	4.94E-04	1.24E-03	1.20E-03
G[T>C]C	5.67E-04	1.90E-04	1.16E-03	4.74E-05	2.87E-04	5.71E-05	1.19E-04	0.00E+00	1.85E-04	2.20E-04	1.02E-03
G[T>C]G	4.34E-04	7.55E-05	1.08E-03	9.24E-06	5.90E-04	1.19E-03	1.07E-04	9.26E-05	2.84E-04	4.50E-04	1.61E-03
G[T>C]T	3.79E-04	1.97E-04	1.12E-03	1.14E-05	1.40E-04	2.54E-05	2.52E-04	6.57E-05	4.74E-04	1.16E-04	6.45E-04
G[T>G]A	1.97E-05	0.00E+00	1.14E-04	2.16E-05	7.95E-05	0.00E+00	2.44E-04	0.00E+00	2.55E-04	2.53E-04	6.52E-04
G[T>G]C	7.75E-05	1.41E-05	5.99E-05	0.00E+00	2.02E-05	2.59E-04	6.03E-04	0.00E+00	5.89E-05	6.81E-04	1.57E-03
G[T>G]G	2.93E-05	9.92E-06	6.00E-05	0.00E+00	7.24E-04	9.45E-05	5.17E-04	7.93E-05	3.85E-04	2.38E-45	1.24E-04
G[T>G]T	9.52E-05	9.64E-05	1.26E-04	0.00E+00	5.98E-05	3.09E-04	1.01E-04	8.22E-05	9.21E-05	4.35E-04	7.64E-04
T[C>A]A	7.66E-04	6.19E-04	4.80E-04	6.67E-04	7.89E-04	1.45E-03	2.84E-03	1.04E-03	1.78E-03	9.58E-03	7.53E-04
T[C>A]C	6.03E-04	5.27E-04	2.83E-04	6.07E-04	3.42E-04	5.18E-03	1.94E-03	7.54E-04	6.73E-04	3.23E-03	7.90E-04
T[C>A]G	7.02E-05	8.73E-05	6.90E-05	3.34E-04	1.22E-04	1.33E-04	2.84E-03	4.54E-04	3.12E-04	1.07E-04	2.56E-04
T[C>A]T	8.14E-04	5.19E-04	7.14E-04	2.64E-03	8.40E-04	8.99E-03	5.90E-03	2.87E-03	5.86E-03	1.82E-02	7.49E-02
T[C>G]A	9.60E-05	3.92E-05	1.23E-04	0.00E+00	3.85E-04	7.35E-04	2.77E-04	9.02E-05	3.63E-04	4.82E-04	9.92E-04
T[C>G]C	5.90E-05	6.00E-05	8.94E-05	5.90E-05	1.59E-04	6.75E-04	4.44E-04	0.00E+00	2.31E-04	9.56E-04	1.00E-03
T[C>G]G	1.05E-05	0.00E+00	5.63E-05	0.00E+00	5.24E-04	1.17E-04	9.91E-04	1.43E-04	3.12E-04	1.45E-35	3.17E-04
T[C>G]T	2.01E-04	2.25E-04	4.22E-05	2.25E-04	4.23E-04	9.11E-04	6.57E-04	3.73E-04	7.48E-04	2.47E-03	2.05E-03
T[C>T]A	3.96E-04	1.14E-04	1.03E-03	4.42E-04	5.70E-04	5.96E-03	1.58E-03	6.83E-04	3.99E-03	3.99E-03	5.01E-03
T[C>T]C	2.87E-04	1.14E-04	4.50E-04	3.69E-04	2.54E-04	1.24E-03	9.61E-04	6.09E-04	2.06E-03	3.57E-03	4.88E-03
T[C>T]G	6.08E-04	6.38E-05	8.36E-05	3.87E-04	2.31E-04	6.64E-04	4.65E-03	8.76E-04	6.84E-05	4.28E-04	1.66E-03
T[C>T]T	3.85E-04	1.84E-04	1.30E-04	1.72E-04	2.15E-04	3.84E-03	8.35E-04	2.02E-04	2.98E-03	5.62E-04	1.63E-03
T[T>A]A	5.17E-04	2.84E-04	7.67E-05	1.73E-04	3.45E-04	2.09E-03	6.13E-04	4.87E-04	1.48E-03	7.86E-04	2.05E-03
T[T>A]C	8.81E-05	7.90E-05	2.98E-04	3.16E-05	4.55E-04	2.25E-04	2.58E-05	8.74E-05	1.21E-03	2.90E-04	3.26E-05
T[T>A]G	9.37E-05	7.85E-05	3.58E-04	3.50E-05	3.74E-04	4.37E-04	4.34E-04	7.20E-05	7.18E-04	7.30E-04	8.00E-04
T[T>A]T	3.47E-04	2.73E-04	1.08E-04	9.31E-05	4.77E-04	5.88E-04	1.13E-03	3.76E-04	1.24E-03	9.45E-04	1.51E-03
T[T>C]A	7.47E-04	6.80E-04	1.65E-03	8.35E-05	2.46E-04	1.19E-03	1.59E-03	1.33E-04	1.22E-03	1.81E-03	2.83E-03
T[T>C]C	6.48E-04	4.35E-05	1.90E-03	6.55E-05	2.37E-04	3.63E-04	7.87E-05	9.37E-05	2.80E-04	0.00E+00	1.58E-03
T[T>C]G	1.19E-03	1.23E-04	9.85E-04	7.11E-05	4.98E-04	1.39E-05	2.06E-04	1.67E-04	7.55E-04	9.24E-04	2.02E-03
T[T>C]T	5.52E-04	1.70E-04	1.35E-03	1.05E-04	9.84E-05	1.48E-03	5.74E-04	1.58E-04	4.82E-05	8.96E-04	1.40E-03
T[T>G]A	9.14E-06	2.90E-05	1.40E-04	1.03E-04	1.49E-04	2.53E-04	3.75E-04	2.47E-04	2.50E-04	1.60E-03	1.97E-78
T[T>G]C	1.31E-04	5.94E-05	3.34E-05	0.00E+00	7.42E-05	1.22E-04	1.00E-04	5.07E-05	2.23E-04	3.59E-04	5.63E-04
T[T>G]G	9.60E-05	2.62E-05	6.99E-06	3.84E-05	1.06E-04	2.39E-04	1.17E-04	1.52E-04	2.50E-04	7.40E-04	1.57E-03
T[T>G]T	2.99E-04	2.31E-04	5.25E-05	2.35E-04	2.43E-04	8.09E-04	5.58E-04	4.48E-04	3.25E-04	2.39E-03	2.48E-03
