MutationType	SBS96A	SBS96B	SBS96C	SBS96D	SBS96E	SBS96F	SBS96G	SBS96H	SBS96I	SBS96J	SBS96K	SBS96L	SBS96M	SBS96N	SBS96O
A[C>A]A	0.0017640531179495156	0.0004377024160930887	0.0	1.178798993350938e-05	0.00028624271144508386	5.6051938572992686e-46	0.0002490765546099283	0.0029492278277757577	0.0004199394836753356	0.0009642079996410758	5.6051938572992686e-46	0.0006371267132635694	0.010523077439825102	0.06151939327828586	0.0007969321595737711
A[C>A]C	0.0020604802179150284	9.715039341244847e-05	9.005034808069467e-05	0.00047672360960859805	0.007513869879767298	0.001572843648513711	0.0021842381538590416	0.001990953483618796	0.0006355172081384808	0.0035941154055763036	0.010674131754785775	0.0005153864563908428	0.01944092456251383	0.04521533232182264	2.892063930630684e-05
A[C>A]G	0.0010249991319142282	2.6005236213677564e-05	0.0	0.0	0.0005383575029554777	7.467093037121231e-05	0.0003926704725017771	1.865081458163331e-08	3.184217202942818e-05	0.000751805049367249	0.00024161230940080713	0.000220435562368948	0.007373002672102303	0.016338837565854192	0.0003545166897310992
A[C>A]T	0.01547781629487872	7.86618096753955e-05	2.843265001217787e-09	0.0	0.06135899763321504	0.0008038922873311094	0.026060995180159807	3.700284273122634e-06	0.0	0.00046888140786407464	0.005089633430088725	0.0	0.005526702563614094	0.005231626909294107	0.00010213127136893263
A[C>G]A	0.0002705742356738483	0.0017146867583505809	0.0008136436990753282	0.0006611813834751957	0.000553100947581698	0.00046839486676617523	4.3130828998982905e-06	0.0004609974916093051	0.000224253284977749	3.380458292667754e-06	0.0004342573694884777	0.0017942120437510311	0.020390930585563183	0.006949269026517868	0.00029238708666525783
A[C>G]C	2.1067461784696206e-05	0.0006348048744257539	0.00020636237243678578	0.00016202374681597575	0.00043873318609257697	0.0004793761851033196	0.0002538620276027359	0.0004968020220985636	0.0016598718357272446	0.0003621175652369857	0.0	0.0018057669745758175	0.01783392208162695	0.013386420998722314	0.0016734935343265533
A[C>G]G	1.7400937758793587e-05	4.1111062455456707e-05	2.1627880414598622e-06	0.0	4.51401574537158e-06	0.00010057750605483307	0.00011565712920855731	1.62490970978979e-05	2.974776871269569e-05	0.00028523067533114954	9.5447952116956e-05	0.0005792319454485551	0.014432654809206724	0.00880778890568763	5.335492678568698e-05
A[C>G]T	0.0001528172546386486	0.0014760514022782445	7.951575898914597e-05	6.21938195763505e-05	6.681505183223636e-05	0.0008307842770591378	0.00010228758910670876	0.0009815880839596502	0.0005762137821875513	0.0014410233270609751	0.0	0.002363853610586375	0.0259436447173357	0.01125452378581997	0.00020975176012143492
A[C>T]A	0.0	0.002337201382033527	0.0	2.8025969286496343e-46	0.010770472831791267	0.10854682922363282	0.0172971960157156	0.0008820109556836542	1.4012984643248171e-46	0.0012889401754364372	0.023700924823060632	0.0025435535004362463	0.00736402643378824	0.01688519581221044	0.005185998394154012
A[C>T]C	0.001822959299897775	0.0007389282429357991	0.009522887831553816	0.0007140383648220453	0.024449759046547115	0.03756535965949297	0.025393549539148807	0.006461497163400054	0.002146088780136779	0.008505940665642697	0.08514891862869263	0.0	0.0025057121529243886	0.003527726652100682	0.00039102255759644323
A[C>T]G	0.015107212169095875	0.22811510041356087	0.010461001540534198	0.01233036060823452	0.21732406467203097	0.032001038827003045	0.006290758820244956	0.01833302803895549	0.009390962308179951	0.043441205141462616	0.04274664837950013	0.00026953257038258015	0.015078108385205269	0.024972470942884684	0.005274632968939841
A[C>T]T	0.001596195762977004	0.001666954404936405	5.12046623043716e-05	0.002815428245230578	0.031199784902855753	0.036921501532197	0.014552772743627429	0.006075420463457703	0.00018118848092854022	0.004889165982604027	0.05168261006474495	9.730775418574922e-05	0.0021018465980887414	0.011626412556506694	0.0011128678313980344
A[T>A]A	0.0005650550883729011	7.715275707198543e-09	1.755770672460244e-05	1.4012984643248171e-46	9.30400041397661e-05	0.00018956376773928695	2.8436804200282494e-08	0.014530511717618566	0.004111159953754395	3.781299405600791e-05	0.0014331167858870231	4.737495946756098e-05	0.019915072643198074	0.0005303344718413427	0.00012585321383085102
A[T>A]C	1.5590163820888846e-05	5.6064667575128624e-08	0.001679373177466914	0.0	5.4002052519722495e-34	0.001286331022856757	0.0011224837973713875	0.023770679446761277	0.009625004604458809	0.0015866313653532416	0.00027926575858145953	0.00017257630242966114	0.02949360886705108	0.004645526837938974	0.0008118105557514355
A[T>A]G	4.321781671023928e-06	1.3449374819174409e-05	3.648566053016111e-06	7.036299211904406e-06	1.4012984643248171e-46	0.00010376091107957563	0.0002389778869201109	0.006546316121239215	0.0006064955363399349	0.0007672119309063419	0.000550454125914257	0.0004313292258302681	0.020449847169220447	0.010467839520424604	0.0013213206315413118
A[T>A]T	0.0028766193659976124	0.0009798939165193588	0.0008633984863990918	2.8025969286496343e-46	0.0010954554309137166	0.0024150543846189975	0.009255167003720999	0.015791999455541373	0.0014348462456837297	0.010988521005492658	0.0021810618927702308	1.9648909983516204e-07	0.01931146674323827	0.003088884986937046	0.00107613957952708
A[T>C]A	0.00042377751669846474	0.0022008805709702985	0.0014274599030613898	0.002042713332048152	0.0032219480257481337	0.006834245269419626	0.002303314517484978	0.007610426726751052	0.0446830078959465	0.015988234989345075	0.00644159980583936	3.155991398671176e-05	0.016083384631201625	0.010450159944593907	0.0
A[T>C]C	0.0007242405554279685	0.00033486305904375515	0.005983555875718594	0.003527657181257382	0.0089828992029652	0.0009509408846497536	0.0026204396621324123	0.00892344918102026	0.024891548976302146	0.03362077799392864	0.001330152340233326	0.0002557514511863701	0.005833893897943199	0.006806060811504722	0.00526145250769332
A[T>C]G	0.0006249747122637928	0.00030985926398443555	0.00020427227864274755	0.0006009283009916544	0.007343858620164667	0.008659273521698197	0.004185792803764343	0.004286847708203823	0.030578259099274873	0.12539382103132085	0.0043650617981874276	0.00013443536525556966	0.0032255323908316315	0.005249220412224531	0.00040323511930182574
A[T>C]T	0.002119881613180041	0.0002626962878139238	0.0	7.798965671099723e-05	0.003914918820373714	7.006492321624085e-46	0.0034842961322283372	0.009899027424398809	0.024065956100821496	0.0077421278692781925	0.011382534354925155	0.00043469579541124406	0.013406364107504487	0.03549273181706667	0.0013788886280963197
A[T>G]A	0.0011778301253798419	0.0	0.0	0.0	2.511210477678105e-05	0.0	3.5389256663620475e-05	0.005209800996817648	0.0003502391448819253	0.00022531884314958006	1.6302187577821315e-05	0.00015725748187094267	0.004360959785458363	0.007145904607205012	0.0024537016113754364
A[T>G]C	0.001960896560922265	0.0005866306033567526	0.00024450470761578914	0.00065375646809116	0.004159410146530718	0.0	0.0008194193942472339	0.0094270785106346	0.0038599375635385512	0.001015202427879558	7.878226426782931e-09	0.0001877445505670039	0.004045747255440801	0.001985958486329764	0.006280517927370966
A[T>G]G	0.0010595388768706471	0.00011261259569437244	2.9317049393284832e-05	0.0002421529032289982	0.0017365591076668352	0.0	0.0006429974469938316	0.0049295563017949465	0.0008582728652982042	0.0008467734791338444	0.0	0.00010930493153864518	0.006429721508175135	0.0068518899381160734	0.003061588597483933
A[T>G]T	0.011920859945530538	0.0	0.0003311696054879576	0.001533992565225617	0.013300462858751416	0.0	0.0045556967903394256	0.04390409588813782	0.0007871334286846832	1.4287304747995221e-05	0.000535229201796028	1.1810760014441257e-08	1.8518884985496699e-07	1.3556800126934831e-08	0.029252356849610806
C[C>A]A	0.0015454379317816347	0.0004321083368267864	5.2301835967227814e-05	0.002571713028009983	0.0023190657957457006	0.0065396945341490206	0.037886939384043215	0.0009492702316492796	0.0007100644448655658	0.01766339357709512	0.0	0.0007973652798682451	0.014282371033914387	0.047165727522224185	0.0008700833393959328
C[C>A]C	0.000585576772573404	0.0012267523037735374	0.0008495891335769557	0.00025435385826124703	0.0017707972088828682	0.03380433339625597	0.03722063987515867	0.00044195028173987794	4.215137741994113e-05	0.038409971306100486	0.0	0.00020142542862924273	0.01567921442911029	0.012360000726769252	0.0010093022370710968
C[C>A]G	0.0014814891736023128	0.0013356353680137544	0.0016492685404955409	0.0	0.00030741821974515914	0.010759605630300938	0.013728636060841381	0.0006314346566796303	2.0847065025009214e-05	0.02311255714739673	0.00017345559317618608	0.00012785465805791317	0.005365179537329822	0.014930754248052836	0.0
C[C>A]T	0.004312253533120725	1.4711486073792913e-08	1.6238541689972407e-06	2.570003414348321e-06	0.04150794681818297	0.015474907441159758	0.42664363980293274	8.251208711840263e-07	0.00010758422515095844	0.03504690757519313	2.1244692902655515e-07	0.0	2.444058111450431e-07	1.2171213370493206e-08	0.0
C[C>G]A	0.0	2.212941035395488e-05	0.0	0.0	2.2898597853782122e-05	0.0	1.0389471572125331e-05	4.3552273609748224e-08	0.0	0.0	0.0002403689104539808	0.004435613751411438	0.021124791901092975	0.007210761401802301	0.0009067073871847243
C[C>G]C	0.0	0.0	2.0075333850400057e-05	7.061243222779012e-05	2.2590252046938986e-05	0.0	0.0	2.0658306311815975e-06	0.00011938572715735063	0.0	0.0	0.0008485103404382244	0.02258855298277922	0.007132518208345573	0.0002563730580732226
C[C>G]G	0.0	6.854484654823522e-05	0.0	4.911694122711196e-06	4.933827585773542e-06	0.0003873884947019235	0.00029283225812832826	1.708577940462419e-07	1.6840969692566432e-06	0.0008208546264143024	0.0001383414198699029	0.00027175138294381894	0.019140757086615424	0.007536593172699213	7.44153767300304e-05
C[C>G]T	0.00011170707366545685	2.7143841069943163e-06	2.179110385824856e-05	0.00012777566444128753	1.9820654415525496e-05	6.137766467873007e-06	5.776383113698103e-06	0.0001111094476073049	0.00011943499030167004	1.6003109158191366e-05	9.465882612857968e-06	0.003743486967869103	0.031922763555888876	0.010595968601228379	4.52138073342212e-05
C[C>T]A	0.0	0.0010548496749834158	3.277580544818193e-05	0.00034058163728332145	1.4012984643248171e-46	0.009528130252147094	0.010605722479548507	0.008591224998235702	0.0	0.015620644576847554	0.05981427691876888	0.01105442177504301	0.019877804350107907	0.0482464644825086	0.006322744418866932
C[C>T]C	0.00028890678441066556	2.7128715492352738e-05	0.0027717671256585396	6.359032122418284e-05	0.00037060028407722714	0.009436858404316694	0.022619303979445247	0.005739204028604296	0.00472149535198696	0.017266489626942418	0.13193410784006118	0.0006011287914589047	0.004532603488769382	0.005987835276039277	0.0007093097432516515
C[C>T]G	0.00227573534431979	0.4227917045354843	9.271479029848706e-07	0.009974070462817508	0.030658725649118423	1.666207861200643e-06	0.014607690252057636	0.00728003602280296	0.005038022315541712	0.025732837898021898	0.11982324376504039	0.002582662325585261	0.0016878167168800375	4.7657410557269275e-08	0.0015853241784498096
C[C>T]T	0.0011274622054770588	9.085598853142816e-41	0.0017375909548718483	0.00043578497716225686	0.010116308904252946	0.00627797122579068	0.020867203979287298	0.006333870057278546	0.002195381262572482	0.020473351841792463	0.12584280744194984	0.0025691476184874773	0.014811587799340487	0.005603968556988264	0.003337867703521624
C[T>A]A	4.8723716827225874e-05	0.0	9.039571887115017e-06	1.6451802991923614e-05	1.7803561422624626e-05	3.3386913855792955e-06	3.615197801991599e-05	0.005923616384097841	0.000461263200850226	0.0003068507394345943	0.0001642538030864671	0.00022459504689322784	0.014460632856935263	0.0011811582031100443	0.0009489524061791598
C[T>A]C	2.2991873265709728e-05	1.3634076458401978e-05	0.0011662413453450426	0.0	0.004363138070402783	0.002499838135554455	0.001517991497530602	0.009942889476224081	0.0013136409788785386	0.005046037687861826	0.0007742192941805115	0.00017227932548848912	0.023401514254510404	0.002310811959250714	0.012870166171342134
C[T>A]G	0.0006496330694062636	7.423711097871432e-05	2.1622884378302843e-05	0.0	0.00015267855487763882	0.000338928063865751	0.0006614836878725327	0.010905827954411506	0.0008081372623564675	0.0018559472111519427	1.1581327999010683e-05	0.00018855097723644577	0.03521474748849869	0.0080925980117172	0.006346728047356009
C[T>A]T	0.0008158565586199984	0.0	0.0	0.0	0.0024442440282470557	0.00016674165381118654	0.0020169792929664253	0.005079811727046035	4.188393795629963e-05	0.0008227678830735385	0.0024329822554136626	0.0	0.019115736708045006	0.004093222826440979	0.04230867251753807
C[T>C]A	5.9621859327307904e-05	0.00010057036193309444	0.0	0.0	9.378998947795843e-06	0.0029326776068436043	0.0034634991693963	0.01157345411775168	0.01977433366701007	0.03263670045416802	0.00043256873614154755	8.277326411132436e-06	0.01025635178069706	0.0022142010792322252	0.005025271256454289
C[T>C]C	4.2083064909093085e-05	0.0010142674422240817	0.001074725356281192	1.2147060408551624e-05	0.005189712764695287	0.001287547964602709	0.005660248565254733	0.003898747474886477	0.016440784092992544	0.04408411310753522	0.015858917078003288	1.3600848978967406e-05	0.002335689525352791	0.009136458812281489	0.05775924324989319
C[T>C]G	0.00011482486152090133	2.8025969286496343e-46	0.00010871607987610332	1.4012984643248171e-46	0.00016676757604727754	0.014902582152899413	0.013672631880035624	0.0015668698761643896	0.030862319141260742	0.17805451154708862	0.0013390357642521166	2.164998091913617e-09	7.233224295077889e-08	5.612609290217563e-07	0.027387343626469374
C[T>C]T	0.00020532422058749944	0.0	0.0	0.0	2.8025969286496343e-46	0.0018255135859362782	0.0024680544156581163	0.012266988097690047	0.011903629440348595	0.038323153369128705	0.009067112545017153	0.0002626950600586042	2.750910755366931e-06	0.008305458107497544	0.13372907564043998
C[T>G]A	0.0017310229130089283	6.311059987638146e-05	4.87069773953408e-05	0.0002929158469697768	2.8025969286496343e-46	2.5972729781642555e-05	3.9761529478710145e-05	0.007499445299617946	0.00047437938628718256	0.0014242766570532694	0.0	4.5232405096129465e-06	0.0036019223742187025	0.004633782465054992	0.002040009503252804
C[T>G]C	0.0004857660329435021	0.0018242268706671894	0.0012190902372822166	0.0008110116235911846	0.00308693039114587	0.0005224852415267378	0.000456922628279699	0.004080967613845132	0.001217708944750484	0.013510285154916346	0.0	0.00027246440295130013	0.007248110510408879	0.0019289911724627018	0.024960472993552685
C[T>G]G	0.0017483541741967774	0.0009431578771909698	0.0023132296890253203	0.0004520565766142681	0.00150228619313566	0.00031345468014478686	0.0008738007563081851	0.00863173808902502	0.001161156860678858	0.023702764185145497	0.0	2.230779318779241e-06	0.011336112115532159	0.0038671290501952173	0.020710337348282336
C[T>G]T	0.012801683484576642	2.8025969286496343e-46	0.00195581980199222	5.4619023160285e-06	0.002154158764014369	1.815482755063158e-06	0.0024310359846708707	0.0295225802809	7.442590501227642e-07	3.663975235213002e-07	3.639173833391851e-08	0.0	0.0	5.411762344920135e-08	0.3513738542795181
G[C>A]A	0.0006710195157211274	0.0008543318370357155	0.0018695446419769723	0.0013634874630952254	0.002847692912990851	0.00028161239388282413	0.002493987762136385	0.00036898991064475694	0.0009305427985964343	0.0004460129035578575	0.00024681559962118625	6.706391286570579e-06	0.006138509092852473	0.09182435804978013	0.0037562053184956312
G[C>A]C	0.0009110032522585243	0.0008873449753082241	0.009927382646128535	1.4012984643248171e-46	0.01525929745985195	0.0013426323848989342	0.004517098563519539	0.0052684023481560874	0.004674122901633382	0.005900050699710846	0.004558298597112298	0.0004286788574972888	0.020919173769652844	0.03239208627492189	5.1917835662607104e-05
G[C>A]G	5.4288742830976844e-05	0.0012340612034449805	0.0023436704010237007	1.4012984643248171e-46	0.0016281304629178982	0.0015552938653854652	0.0002333927433937788	0.00048498735413886606	0.0004106217995285988	0.0017574558063643054	7.0705296820960936e-06	0.0002765253546385793	0.0038229269441217182	0.029711629450321197	0.00047758936416357755
G[C>A]T	0.003317149386703022	0.0002444271929562092	0.022083637490868568	0.00021009626798331737	0.11807781178504229	0.0	0.06314715147018432	0.0014173349480131492	0.0009353693633173066	0.0016297257225460272	0.0	5.912426743748256e-08	0.0003702273602272044	0.014800940222126257	1.435639278497547e-05
G[C>G]A	0.0001202600309625268	0.0010811304935486987	0.0005719302808756766	0.0006186980346683413	0.0005218515674641821	3.110882590801094e-44	0.0002409674432783504	0.00016803409962449223	0.0003151764802169055	2.367655238533217e-11	0.0013172584061976523	0.001316043914994225	0.014059950620867312	0.004366856440901757	0.0025777461472898723
G[C>G]C	0.00011671570155158406	0.001253240543883294	0.000608090355672175	0.000513003594824113	0.00025676211807876823	0.001633117240271531	0.0005022711469791829	0.007399201608495787	0.002346113318344578	0.004134734813123942	0.0	0.0006309682416031137	0.027614725567400456	0.005263224430382252	0.0
G[C>G]G	0.0	0.0002470505205565132	5.858811847048173e-06	0.0	4.1784268978517504e-05	9.587612439645454e-05	6.813174113631248e-05	0.0009544348617453125	3.363685209478717e-07	0.00032760992180556057	0.0	0.0004957022436428815	0.011180988163687289	0.003335135476663709	1.9605286070145667e-06
G[C>G]T	0.0004512479514232837	0.0006345104557112791	0.0005073072655079613	0.00025618604704504835	0.0005544146391912363	0.0013398273615166545	4.9967831364483574e-05	0.00023139494005590676	0.0009526382607873529	0.00022352116648107767	0.0	0.0017667268868535757	0.02499556974507868	0.008232754771597683	3.237339260522276e-05
G[C>T]A	0.000382082990668664	0.00020630031362463432	0.023602762445807456	7.064599230943714e-07	0.016878699790686368	0.22994930148124695	0.002613432123325765	0.001048327078171951	0.007888396405542153	0.00018300163476965282	0.006479909491866919	0.0036926720524206756	0.0005850824100740226	4.742996395634691e-09	0.0005512326606549323
G[C>T]C	0.02031375877559185	1.4012984643248171e-46	0.17262397408485414	2.9345960967930295e-07	0.007078596424307903	0.18140571042895318	0.005755330063402652	0.00021372615463874923	0.04951509013772011	0.0019252087963337772	0.0018598439358129327	0.0001731327234963942	1.4012984643248171e-46	1.974984762398435e-07	2.879160235380596e-06
G[C>T]G	0.03131352039054036	0.24369342220302315	0.5294483810663223	3.5741188639804025e-07	0.055445514320490476	1.679940828818752e-24	0.06525019291148056	0.0036636485461826853	2.052950375309277e-36	0.043045345065939954	8.719201218809949e-08	0.0	1.3050427583038981e-08	8.953796623259819e-07	0.004513510229025996
G[C>T]T	0.00845994713017717	0.0	0.07567548360675573	0.024057956784963606	0.037244058772921564	0.15549509301781655	0.0026992829548788677	0.00973320184275508	0.027844282670412213	1.933335988818007e-08	0.0033672373032686666	8.230523307225345e-39	1.1225934315461928e-08	1.2411173599957692e-08	4.452121602298576e-05
G[T>A]A	2.3874886755947956e-05	2.737517108020171e-05	1.3615562954782945e-05	4.024890877190046e-05	0.0	4.1228657937608657e-05	0.0	0.007338484027422964	0.0022683586983475836	0.0005448576531549065	0.0	0.00021416243298517658	0.01423928125295788	0.001398182450884633	0.0
G[T>A]C	0.0	7.48482086856614e-15	0.002265910990536213	0.0	0.0003579980810172856	0.0011739931826014072	0.0027187457541003822	0.018132060021162032	0.005806657602079213	0.002126816732663209	0.0005145218456164002	0.0003751454976736568	0.02197607362177223	2.3210684219066024e-08	0.0016735132201574742
G[T>A]G	0.0	5.184804318001823e-43	4.57814560377301e-06	0.0	0.0	0.0010835822396558115	0.00034934014547616243	0.009428674878280674	0.0014057595250818622	0.001294726356445608	6.40422378875627e-05	8.76107249332847e-05	0.021682918863371016	0.0012841064658744017	0.0006980468198889867
G[T>A]T	0.0005696808861102909	0.0	0.0004548899094515946	0.0	0.0003594027599319816	0.00025263573625124993	0.0020291872031521054	0.006628901232033968	0.0008330801851116121	0.0034444502787664534	0.0030075785820372404	5.022980258218013e-06	0.015311842318624258	0.0011674566602266623	0.0074637019075453285
G[T>C]A	0.0026007351024105673	2.1617910679339046e-07	0.014010042725909954	0.0005113659154922345	0.008945515153071426	0.001973396851977327	0.0038681816267192915	0.002179217777397824	0.16261305958032607	0.0015711925842310849	7.79239144321764e-09	0.0	5.1513791277102425e-08	0.0	0.0
G[T>C]C	0.0005996998357705507	1.3169969115267576e-09	0.04259959571063519	0.009164840634912252	0.02067292029969394	5.511282807901807e-09	0.0020324661905760876	0.011267366260290146	0.06987550780177117	0.0007202625178763355	0.0	0.0	0.0003013565193455747	2.1317975779311383e-06	0.00772723276168108
G[T>C]G	0.0001300314994296059	8.124923336083612e-06	0.01012460640631616	4.5714802343610475e-08	0.007479441565774181	0.0035761243232389694	0.012259324686601758	0.002895267674986002	0.11658205464482307	0.04403381980955601	4.626670744301009e-08	5.307778438989885e-08	0.0	1.4012984643248171e-46	0.0025337368077089197
G[T>C]T	0.0015360965058221153	0.0001588523642567452	0.0025229457416571675	0.012851086468435824	0.016836979985237123	0.0002506786737285439	0.0032044516177847982	0.017118222638964654	0.10147734805941581	1.4012984643248171e-46	0.0020729674608446656	0.0	0.0011188254924491049	0.0025365154119413092	0.005938790808431804
G[T>G]A	4.757155766128562e-05	0.0	0.00011967037426074967	0.0014440718514379114	0.0005455581260321197	0.0	1.1617870768532157e-05	0.0028627092950046064	0.00023669993024668656	1.109025761252269e-05	0.0	0.0	0.005745795578695834	0.0030932681751437486	0.002166490370291285
G[T>G]C	0.0005769852548837661	1.782105246093124e-05	0.0037691759411245585	0.0014559943112544716	0.003239987470442429	0.0	0.0002761065814411268	0.0034533995902165772	0.0022925462573766707	1.4012984643248171e-46	0.0	1.3831127103003382e-05	0.00439796163700521	0.0019742332532644014	0.010897789429873229
G[T>G]G	0.00014404035755433142	0.0	0.0025582776172086595	0.0003807194081673515	0.0026687652454711495	3.907782956957817e-06	0.0004564784874673933	0.0017289465409703552	0.0010074736579554155	0.0006134746421594172	0.0	1.3092081196930394e-09	0.01073398197768256	0.005467259978217953	0.007481344928964973
G[T>G]T	0.001247579538836252	9.744283602231008e-09	0.005012729297959595	2.758157170816844e-05	0.0038906739559024573	0.0	0.0013478419487043425	0.0069535234943032265	0.0005061347998662313	4.153880909640861e-06	2.434769612591481e-08	0.0	2.4449718694086187e-07	9.805126168771495e-08	0.09437045827507973
T[C>A]A	0.04505105298012495	2.249867538921535e-05	0.0	0.0	3.412954416859293e-08	0.0	0.000378528970759362	0.05082739833631535	0.0	0.0003691690402732206	4.2957810819643785e-08	0.03292436599731445	2.9868154172163486e-08	0.09927703551948071	0.00025549343699822203
T[C>A]C	0.016292172949761152	0.0021678145043551923	0.0007455571118043736	8.876781503204256e-05	0.03246992416679859	8.993982337415218e-05	0.0185319692856865	0.0014599063608329744	4.6568558900617065e-06	0.0014702605603815755	0.0036125971004366876	0.01705932803452015	0.020488488441333174	0.044895372539758685	1.1710289254551753e-05
T[C>A]G	0.006760681862942874	9.24203093751805e-05	8.611390148871578e-05	0.0	1.4012984643248171e-46	0.0011228178394958378	0.0003348538593854755	0.0026321901474148034	0.0	0.0020036772941239176	8.83575710687426e-23	0.005160641530528665	0.00127007376358117	0.033991446159780024	0.0004198586000711657
T[C>A]T	0.6389908760786056	5.6051938572992686e-46	1.1302402473489793e-06	1.8111878178799676e-06	0.0391140062580206	1.1429483063096767e-06	0.026857597246873866	0.0012201816239780783	1.4596729545957031e-06	2.0406691227659035e-07	2.058782136700188e-05	0.0021435621988828758	3.0858412927159404e-07	8.617992499182492e-07	3.534483027465285e-05
T[C>G]A	0.0	3.6722112017884e-09	1.2774340696353192e-09	0.0	1.4788089806039358e-07	0.0	3.3381798658638217e-09	2.7652491851881678e-08	0.0	0.0	1.5808298314823334e-08	0.16829971075057984	0.0001979481916563941	2.3244456087923027e-06	5.606518698186846e-08
T[C>G]C	0.0	0.0002151802956177562	2.0111965386604425e-05	2.8025969286496343e-46	5.9927819529548286e-05	6.716515053994954e-06	1.415505012118956e-05	0.0006742179676621163	0.00026240923180012035	1.865164886112325e-05	0.0	0.056054937466979024	0.02309578952845186	0.0058271058835089205	0.00011528372051543556
T[C>G]G	5.436983792606043e-06	9.623351979826112e-06	3.563941027096007e-05	1.8442500004312023e-05	1.5951435489114375e-05	1.694381280685775e-05	2.5916198501363398e-05	0.00011318428441882133	6.763609690096928e-07	6.662224768660962e-06	0.00012703181037068134	0.017398027796298267	0.010676992568187415	0.005631680711758236	0.0002004194655455649
T[C>G]T	4.207637001361064e-05	0.0	0.0	0.0	8.812039013719186e-05	0.0	7.524084430770017e-05	2.4816772202029826e-05	0.00011356976807519459	1.0870192636502906e-05	0.0	0.20910102874040604	0.015971057291244505	0.0031900689581902952	0.00046696505833097033
T[C>T]A	0.00030096824048087	0.0001945930067449808	0.004047742113471031	0.009557905420660973	0.0023741037131499443	0.01639573173597455	0.0014334510546177627	0.05364710046851542	0.00444527983199805	0.0001357434899546206	0.0355732967145741	0.2570633485913277	0.008660862129181624	0.0004650416783988476	0.004311318788677454
T[C>T]C	0.00600705825490877	0.0033163819171022624	0.01853177109733224	0.04381272234022617	0.024835127219557763	0.00035610969394213044	0.0025483234087005256	0.03266825079917908	0.004899456002749503	0.0005784481763839722	0.12242089360952377	0.05866644307971001	0.014878194243647159	0.0009932528482750058	0.002009201402105321
T[C>T]G	0.011825252815265232	0.06823594567467808	6.754066936061065e-05	0.7502805829048157	0.017609501060496767	0.0032506781676336243	0.010014960749933266	0.0007608663893627465	8.631098751266108e-08	0.02344335338566452	1.8567715187600698e-08	0.016156091187974654	0.0	1.0396570743864686e-06	0.00025354081348751836
T[C>T]T	0.020412586256861688	0.0	0.0012464605224295155	0.08212743662297725	0.0315697718411684	2.631702863627488e-38	0.00457472875714302	0.04160481058061123	0.0027073837523857946	2.6092351390616386e-08	0.06810004115104676	0.10845054294914007	0.007611810912163719	0.0	0.0003988605923950672
T[T>A]A	0.00048704323580750497	0.000599233596585691	0.00010841916664503515	0.0	0.0002181278308853507	0.0011241438776778522	0.0001654014631640166	0.010368602315429598	0.0012136910537403622	0.0016773217008449136	0.0	4.6560312330257145e-05	0.019441150513011964	0.007725606672465801	2.7541667805053294e-05
T[T>A]C	0.0009659054572694004	8.555279709980823e-05	0.00014522353885695338	0.0001280483826121781	0.0028005377897501347	8.405404223594814e-05	0.0010697876336053015	0.009127999797055964	0.0012057496991474182	3.100964240729809e-05	0.002158251265063882	0.00013890043264837005	0.019103260117117316	0.004132053384091705	0.0032073850510641933
T[T>A]G	0.0010218674113275483	0.0	0.0	0.0	0.00021629391703754665	2.5301318351012016e-05	6.744121037627338e-05	0.005134146232012427	0.00035861782325810056	0.0007536272561992519	5.75797981582582e-05	1.9179048103978856e-05	0.013016499998047947	0.005283956494531594	0.0013218948675785213
T[T>A]T	0.006031618406996131	0.0004452098408364691	0.0	2.8025969286496343e-46	0.002820679239812307	0.0008461376244667917	0.0008223305689170956	0.006967739656101912	0.0002788683748804033	0.0002666679327376187	0.0014470196736510843	1.4012984643248171e-46	0.017796714417636396	0.009737898828461766	0.00625815219245851
T[T>C]A	0.003025720309233293	2.5732090580277146e-05	0.00035869003914882366	4.68831742182374e-05	0.001161121390759945	0.011184323532506823	0.0028919569973368197	0.004366257064975798	0.04884745664894581	1.1210387714598537e-45	0.0009758503934278906	6.706627864332404e-05	0.006592733971774578	0.004870238341391086	0.0018883800599724053
T[T>C]C	0.003064071200788021	0.0005457594743347727	0.0038303569628624244	0.0026592940208502113	0.006605215766467154	0.001237240235786885	0.006410807371139526	0.022855443693697453	0.04454605244100094	0.015808802098035812	0.007489565899595619	0.0002212198669440113	0.003272766014561057	0.0050984714180231094	0.007957613421604037
T[T>C]G	0.0045131517690606415	2.0838355396790574e-08	2.3227420863997397e-24	0.00044661747862165154	0.002180114711825354	0.02161153396591544	0.0016991748940199613	0.008206945444835866	0.035243064165115356	0.03270016424357891	0.0006644293796853162	1.6420880569967267e-05	0.0	0.002091916836798191	0.004921708989422768
T[T>C]T	0.006407233407298918	0.00017355166201014072	0.0	0.0	0.004247267020400613	0.0034357203519903125	0.003496964299120009	0.02276635654270649	0.03573234602808952	0.007492004503000108	0.016464269999414683	9.816726287681376e-06	0.005649705980613362	0.0037262227153405545	0.004326760803814977
T[T>G]A	0.005314864683896303	0.0	0.0	1.2284166928111518e-08	0.0	0.0	0.0	0.01836107842173078	0.00011664022276818287	1.4012984643248171e-46	0.0	4.5944075526227476e-05	0.004035872415533959	0.013643767201574519	0.0006468229452986307
T[T>G]C	0.002329720673151314	0.0	0.000984619425435085	0.007469240168897074	0.00507900498341769	0.0	0.0009255287237465382	0.021270905248820783	0.0004152441368205473	0.0	0.0008325857382544654	0.00012454222550601913	0.004205042077228427	0.0014994089551009892	0.011015220312401652
T[T>G]G	0.001775937367347069	0.0001568832049088087	1.4012984643248171e-46	0.0006111897266237066	0.00016602663687591529	0.0008169664783054031	0.00019783143798122183	0.006259850872447714	0.00020632947198464535	0.0011422932948335074	0.0001729469993733801	0.0001780448124918621	0.009780458477325737	0.009044919745065272	0.0036409130261745304
T[T>G]T	0.05254384616573589	5.216889985604212e-06	5.522114491895991e-07	0.008498284690530511	0.000950528656856875	9.846873645784626e-05	0.001389371978893905	0.22328785367269824	5.32227911520522e-08	5.518332102383283e-09	1.2900684712491283e-06	0.0	9.96856838497706e-07	0.001054344751433689	0.025853898333753022
