MutationType	SBS96A	SBS96B	SBS96C	SBS96D	SBS96E	SBS96F	SBS96G	SBS96H	SBS96I	SBS96J	SBS96K	SBS96L	SBS96M	SBS96N	SBS96O
A[C>A]A	1.52E-04	1.52E-04	0.00E+00	1.18E-05	1.50E-04	3.74E-46	9.02E-05	1.32E-03	2.01E-04	3.14E-04	4.28E-46	1.36E-04	3.84E-03	8.16E-03	2.91E-04
A[C>A]C	3.41E-04	5.76E-05	9.01E-05	1.94E-04	2.00E-03	3.29E-04	1.07E-03	6.83E-04	1.98E-04	7.02E-04	6.59E-04	9.42E-05	3.84E-03	2.36E-03	2.89E-05
A[C>A]G	8.43E-05	1.74E-05	0.00E+00	0.00E+00	1.42E-04	4.32E-05	1.30E-04	1.87E-08	1.71E-05	1.86E-04	1.22E-04	4.81E-05	1.70E-03	1.95E-03	1.35E-04
A[C>A]T	1.28E-03	5.70E-05	2.84E-09	0.00E+00	1.44E-02	4.96E-04	9.21E-03	3.68E-06	0.00E+00	4.69E-04	1.56E-03	0.00E+00	1.85E-03	2.33E-03	7.75E-05
A[C>G]A	8.57E-05	5.48E-04	1.91E-04	1.15E-04	3.59E-04	1.51E-04	4.31E-06	1.87E-04	8.70E-05	3.38E-06	1.49E-04	1.24E-04	4.70E-03	3.54E-03	1.78E-04
A[C>G]C	1.45E-05	1.29E-04	6.64E-05	6.75E-05	2.87E-04	1.46E-04	1.14E-04	1.52E-04	1.84E-04	1.62E-04	0.00E+00	8.56E-05	4.02E-03	2.74E-03	1.53E-04
A[C>G]G	6.43E-06	1.85E-05	2.16E-06	0.00E+00	4.51E-06	3.54E-05	4.38E-05	8.75E-06	2.16E-05	7.73E-05	3.99E-05	1.12E-04	3.46E-03	2.54E-03	2.99E-05
A[C>G]T	4.86E-05	2.76E-04	4.57E-05	4.02E-05	4.45E-05	1.45E-04	1.02E-04	7.05E-04	1.11E-04	2.40E-04	0.00E+00	1.43E-04	5.35E-03	4.05E-03	1.24E-04
A[C>T]A	0.00E+00	5.93E-04	0.00E+00	1.87E-46	5.66E-03	5.79E-03	4.50E-03	8.72E-04	1.40E-46	5.79E-04	4.95E-03	3.03E-04	1.94E-03	2.22E-03	4.17E-04
A[C>T]C	4.15E-04	4.11E-04	5.42E-04	4.51E-04	6.12E-03	2.03E-03	1.78E-03	2.96E-03	6.52E-04	3.02E-03	3.85E-03	0.00E+00	1.81E-03	2.69E-03	3.56E-04
A[C>T]G	2.79E-03	4.74E-02	3.67E-03	3.63E-03	9.07E-02	9.48E-03	4.43E-03	1.08E-02	2.84E-03	4.22E-02	1.66E-02	1.51E-04	1.16E-02	7.36E-03	1.53E-03
A[C>T]T	6.19E-04	6.83E-04	5.12E-05	8.14E-04	8.02E-03	2.90E-03	3.31E-03	1.97E-03	1.81E-04	1.74E-03	4.46E-03	5.88E-05	1.16E-03	3.26E-03	3.36E-04
A[T>A]A	4.43E-05	3.99E-09	9.80E-06	1.40E-46	5.10E-05	1.10E-04	2.84E-08	7.51E-03	9.59E-04	3.78E-05	5.14E-04	2.71E-05	6.31E-03	3.84E-04	1.04E-04
A[T>A]C	1.56E-05	4.66E-08	2.23E-04	0.00E+00	5.40E-34	4.89E-04	6.03E-04	1.22E-02	1.99E-03	7.18E-04	2.79E-04	7.06E-05	1.09E-02	2.30E-03	3.20E-04
A[T>A]G	4.32E-06	1.08E-05	3.65E-06	7.04E-06	1.40E-46	7.67E-05	1.01E-04	3.29E-03	2.17E-04	2.26E-04	1.88E-04	9.06E-05	2.91E-03	2.42E-03	2.68E-04
A[T>A]T	3.63E-04	2.28E-04	1.98E-04	2.80E-46	5.23E-04	9.81E-04	1.61E-03	7.54E-03	8.58E-04	2.22E-03	5.89E-04	1.96E-07	6.39E-03	1.04E-03	4.16E-04
A[T>C]A	2.59E-04	7.91E-04	4.67E-04	7.18E-04	2.25E-03	9.27E-04	7.37E-04	1.94E-03	6.24E-04	2.79E-03	1.46E-03	1.85E-05	2.81E-03	2.77E-03	0.00E+00
A[T>C]C	3.71E-04	1.58E-04	8.27E-04	1.01E-03	2.81E-03	9.51E-04	1.11E-03	2.26E-03	1.03E-03	5.22E-03	8.96E-04	8.92E-05	1.76E-03	2.79E-03	6.16E-04
A[T>C]G	3.37E-04	2.08E-04	1.84E-04	6.01E-04	2.04E-03	5.26E-03	3.35E-03	1.22E-03	5.93E-03	1.87E-02	1.50E-03	5.28E-05	1.50E-03	3.68E-03	2.70E-04
A[T>C]T	8.73E-04	1.48E-04	0.00E+00	7.80E-05	1.32E-03	3.13E-46	8.77E-04	2.24E-03	7.76E-04	1.88E-03	7.38E-04	1.04E-04	2.29E-03	3.15E-03	4.59E-04
A[T>G]A	4.74E-04	0.00E+00	0.00E+00	0.00E+00	1.77E-05	0.00E+00	3.54E-05	1.03E-03	1.19E-04	1.02E-04	1.63E-05	4.44E-05	1.51E-03	1.55E-03	4.15E-04
A[T>G]C	8.04E-04	1.70E-04	1.26E-04	2.62E-04	7.33E-04	0.00E+00	4.81E-04	2.49E-03	3.09E-04	5.61E-04	7.88E-09	4.09E-05	8.13E-04	6.41E-04	5.83E-04
A[T>G]G	3.58E-04	4.05E-05	2.36E-05	2.11E-04	3.98E-04	0.00E+00	2.78E-04	9.84E-04	1.24E-04	2.34E-04	0.00E+00	3.18E-05	1.27E-03	1.27E-03	2.94E-04
A[T>G]T	4.02E-03	0.00E+00	8.69E-05	9.16E-04	3.04E-03	0.00E+00	2.44E-03	1.22E-02	1.25E-04	1.43E-05	3.56E-04	1.18E-08	1.25E-07	1.36E-08	2.67E-03
C[C>A]A	4.37E-04	1.83E-04	5.23E-05	4.33E-04	1.45E-03	2.77E-03	4.81E-03	5.98E-04	2.75E-04	4.24E-03	0.00E+00	9.51E-05	3.65E-03	5.31E-03	2.41E-04
C[C>A]C	3.79E-04	5.95E-04	3.29E-04	1.14E-04	1.15E-03	4.58E-03	9.21E-03	2.67E-04	4.22E-05	8.59E-03	0.00E+00	8.50E-05	3.74E-03	3.08E-03	3.52E-04
C[C>A]G	1.46E-04	4.10E-04	4.11E-04	0.00E+00	3.07E-04	2.73E-03	4.29E-03	6.31E-04	2.08E-05	4.73E-03	1.73E-04	4.91E-05	1.38E-03	2.27E-03	0.00E+00
C[C>A]T	1.61E-03	1.47E-08	4.76E-07	6.69E-07	2.77E-02	1.55E-02	4.51E-02	5.74E-07	1.04E-04	2.33E-02	9.78E-08	0.00E+00	1.81E-07	1.22E-08	0.00E+00
C[C>G]A	0.00E+00	2.21E-05	0.00E+00	0.00E+00	2.15E-05	0.00E+00	1.04E-05	4.36E-08	0.00E+00	0.00E+00	4.28E-05	2.78E-04	4.85E-03	3.38E-03	2.62E-04
C[C>G]C	0.00E+00	0.00E+00	1.25E-05	1.82E-05	2.26E-05	0.00E+00	0.00E+00	1.61E-06	4.53E-05	0.00E+00	0.00E+00	8.50E-05	5.02E-03	3.63E-03	9.00E-05
C[C>G]G	0.00E+00	4.74E-05	0.00E+00	4.91E-06	4.93E-06	1.03E-04	1.56E-04	1.16E-07	1.68E-06	2.44E-04	4.78E-05	7.31E-05	4.49E-03	3.23E-03	6.52E-05
C[C>G]T	3.07E-05	2.71E-06	1.37E-05	4.07E-05	1.98E-05	6.14E-06	5.78E-06	6.08E-05	5.52E-05	1.24E-05	9.47E-06	3.86E-04	7.45E-03	5.41E-03	4.41E-05
C[C>T]A	0.00E+00	3.96E-04	3.28E-05	1.62E-04	1.40E-46	2.86E-03	4.34E-03	5.09E-03	0.00E+00	3.73E-03	3.48E-03	1.25E-03	5.82E-03	8.60E-03	1.03E-03
C[C>T]C	1.52E-04	2.26E-05	7.69E-04	6.36E-05	2.51E-04	3.01E-03	5.25E-03	4.79E-03	1.63E-03	4.83E-03	4.85E-03	1.88E-04	4.45E-03	3.20E-03	4.35E-04
C[C>T]G	1.54E-03	7.53E-02	9.27E-07	3.07E-03	8.62E-03	9.58E-07	5.79E-03	5.56E-03	2.68E-03	7.91E-03	2.08E-02	4.96E-04	1.69E-03	4.77E-08	9.15E-04
C[C>T]T	4.84E-04	9.09E-41	5.59E-04	2.68E-04	3.86E-03	1.69E-03	4.50E-03	2.78E-03	1.08E-03	3.82E-03	5.44E-03	1.98E-04	3.31E-03	2.66E-03	5.71E-04
C[T>A]A	1.52E-05	0.00E+00	6.31E-06	1.34E-05	1.48E-05	3.34E-06	3.35E-05	3.14E-03	2.22E-04	2.01E-04	6.90E-05	4.26E-05	2.81E-03	7.07E-04	1.35E-04
C[T>A]C	2.30E-05	1.36E-05	1.78E-04	0.00E+00	1.12E-03	4.80E-04	5.63E-04	5.25E-03	6.30E-04	1.06E-03	3.50E-04	5.26E-05	4.33E-03	1.12E-03	6.77E-04
C[T>A]G	5.96E-05	4.96E-05	2.16E-05	0.00E+00	9.26E-05	1.86E-04	2.77E-04	5.62E-03	3.80E-04	5.20E-04	1.16E-05	7.43E-05	3.25E-03	2.44E-03	3.90E-04
C[T>A]T	1.33E-04	0.00E+00	0.00E+00	0.00E+00	8.26E-04	1.67E-04	4.11E-04	2.60E-03	3.35E-05	3.02E-04	6.24E-04	0.00E+00	1.07E-03	1.54E-03	1.91E-03
C[T>C]A	2.85E-05	6.29E-05	0.00E+00	0.00E+00	9.38E-06	1.57E-03	1.86E-03	6.13E-03	1.89E-03	4.21E-03	1.93E-04	8.27E-06	3.52E-03	9.58E-04	8.20E-04
C[T>C]C	2.56E-05	7.30E-04	4.06E-04	1.21E-05	1.67E-03	1.29E-03	2.17E-03	2.84E-03	1.91E-03	6.49E-03	2.09E-03	1.07E-05	1.50E-03	2.78E-03	1.79E-03
C[T>C]G	8.07E-05	2.80E-46	6.00E-05	1.40E-46	1.67E-04	8.59E-03	8.46E-03	1.13E-03	7.21E-03	2.33E-02	6.84E-04	1.56E-09	4.72E-08	5.09E-07	3.20E-03
C[T>C]T	1.08E-04	0.00E+00	0.00E+00	0.00E+00	1.87E-46	1.67E-03	1.80E-03	8.81E-03	2.76E-03	6.06E-03	1.93E-03	8.97E-05	2.56E-06	2.33E-03	5.57E-03
C[T>G]A	7.11E-04	3.20E-05	2.89E-05	1.22E-04	2.80E-46	2.60E-05	2.66E-05	1.52E-03	1.17E-04	1.93E-04	0.00E+00	4.17E-06	7.93E-04	8.31E-04	3.86E-04
C[T>G]C	2.41E-04	3.31E-04	2.19E-04	3.34E-04	7.91E-04	4.49E-04	2.88E-04	9.97E-04	4.74E-04	1.83E-03	0.00E+00	6.34E-05	1.45E-03	9.89E-04	6.87E-04
C[T>G]G	7.31E-04	5.28E-04	5.47E-04	3.16E-04	1.13E-03	3.13E-04	5.05E-04	2.38E-03	7.51E-04	2.72E-03	0.00E+00	2.23E-06	2.54E-03	1.98E-03	8.70E-04
C[T>G]T	2.12E-03	1.87E-46	4.90E-04	2.37E-06	1.79E-03	1.68E-06	1.17E-03	8.74E-03	5.79E-07	3.37E-07	3.06E-08	0.00E+00	0.00E+00	5.41E-08	6.65E-03
G[C>A]A	2.23E-04	3.24E-04	2.24E-04	3.57E-04	7.21E-04	2.27E-04	5.67E-04	2.59E-04	2.51E-04	2.68E-04	2.46E-04	6.71E-06	4.74E-03	1.30E-02	8.08E-04
G[C>A]C	2.90E-04	5.23E-04	5.34E-04	1.40E-46	3.64E-03	5.81E-04	2.06E-03	1.78E-03	4.37E-04	1.37E-03	8.49E-04	1.24E-04	1.77E-03	2.61E-03	3.56E-05
G[C>A]G	2.89E-05	3.10E-04	3.71E-04	1.40E-46	4.64E-04	4.07E-04	1.32E-04	4.62E-04	1.43E-04	5.70E-04	7.07E-06	7.60E-05	1.72E-03	4.87E-03	1.47E-04
G[C>A]T	1.51E-03	2.44E-04	1.15E-03	2.10E-04	2.60E-02	0.00E+00	2.00E-02	8.11E-04	5.11E-04	1.25E-03	0.00E+00	4.79E-08	3.70E-04	5.42E-03	1.44E-05
G[C>G]A	5.66E-05	2.83E-04	1.42E-04	1.11E-04	1.80E-04	3.11E-44	1.30E-04	8.09E-05	1.05E-04	2.37E-11	2.93E-04	1.44E-04	3.01E-03	2.23E-03	2.02E-04
G[C>G]C	5.66E-05	2.59E-04	2.05E-04	1.14E-04	2.57E-04	5.02E-04	4.71E-04	3.68E-03	4.87E-04	8.14E-04	0.00E+00	7.21E-05	1.80E-03	2.34E-03	0.00E+00
G[C>G]G	0.00E+00	4.81E-05	3.91E-06	0.00E+00	3.24E-05	4.06E-05	4.54E-05	7.00E-04	3.36E-07	9.90E-05	0.00E+00	7.20E-05	1.86E-03	1.51E-03	1.96E-06
G[C>G]T	8.32E-05	1.45E-04	1.40E-04	1.05E-04	2.12E-04	2.62E-04	4.91E-05	1.68E-04	8.68E-05	2.24E-04	0.00E+00	1.53E-04	5.31E-03	4.03E-03	3.24E-05
G[C>T]A	1.71E-04	2.06E-04	1.36E-03	7.06E-07	9.37E-03	1.44E-02	2.07E-03	8.24E-04	1.99E-03	1.83E-04	5.00E-03	2.42E-04	5.85E-04	4.74E-09	3.00E-04
G[C>T]C	1.03E-03	1.40E-46	3.47E-03	1.88E-07	7.08E-03	1.02E-02	4.27E-03	2.14E-04	3.71E-03	1.05E-03	1.86E-03	1.65E-04	1.40E-46	1.90E-07	2.87E-06
G[C>T]G	3.13E-03	3.36E-02	1.61E-02	3.57E-07	3.52E-02	1.68E-24	9.87E-03	3.66E-03	2.05E-36	4.14E-02	5.94E-08	0.00E+00	1.31E-08	7.86E-07	1.14E-03
G[C>T]T	2.15E-03	0.00E+00	5.33E-03	3.48E-03	1.53E-02	1.04E-02	1.80E-03	3.42E-03	4.01E-03	1.92E-08	2.67E-03	8.23E-39	1.12E-08	1.24E-08	4.33E-05
G[T>A]A	1.30E-05	1.66E-05	1.34E-05	1.85E-05	0.00E+00	2.89E-05	0.00E+00	3.79E-03	5.01E-04	2.92E-04	0.00E+00	7.30E-05	3.63E-03	8.52E-04	0.00E+00
G[T>A]C	0.00E+00	7.48E-15	2.37E-04	0.00E+00	2.25E-04	5.45E-04	5.93E-04	9.36E-03	1.50E-03	7.59E-04	4.82E-04	4.50E-05	7.06E-03	2.32E-08	5.07E-04
G[T>A]G	0.00E+00	5.18E-43	4.22E-06	0.00E+00	0.00E+00	2.34E-04	2.33E-04	4.93E-03	5.77E-04	4.16E-04	6.40E-05	5.06E-05	4.90E-03	9.07E-04	2.28E-04
G[T>A]T	6.72E-05	0.00E+00	6.56E-05	0.00E+00	1.45E-04	2.04E-04	3.92E-04	3.51E-03	4.21E-04	8.50E-04	3.04E-04	5.02E-06	3.29E-03	5.66E-04	4.41E-04
G[T>C]A	8.70E-04	1.01E-07	2.54E-03	5.05E-04	8.73E-03	1.07E-03	1.23E-03	1.47E-03	6.31E-03	1.08E-03	7.79E-09	0.00E+00	5.15E-08	0.00E+00	0.00E+00
G[T>C]C	4.02E-04	1.32E-09	5.08E-03	2.10E-03	1.94E-02	5.51E-09	1.06E-03	4.01E-03	6.61E-03	7.20E-04	0.00E+00	0.00E+00	2.41E-04	1.93E-06	8.07E-04
G[T>C]G	1.23E-04	8.10E-06	1.68E-03	3.45E-08	6.37E-03	2.15E-03	2.33E-03	1.24E-03	2.14E-03	5.91E-03	2.80E-08	2.18E-08	0.00E+00	1.40E-46	5.42E-04
G[T>C]T	8.00E-04	1.19E-04	9.53E-04	1.79E-03	4.91E-03	2.49E-04	1.68E-03	4.86E-03	4.66E-03	1.40E-46	1.16E-03	0.00E+00	7.44E-04	1.19E-03	7.84E-04
G[T>G]A	1.96E-05	0.00E+00	4.53E-05	2.95E-04	3.38E-04	0.00E+00	1.16E-05	4.02E-04	7.52E-05	1.11E-05	0.00E+00	0.00E+00	8.70E-04	7.26E-04	3.22E-04
G[T>G]C	2.43E-04	1.78E-05	5.11E-04	4.40E-04	1.56E-03	0.00E+00	1.69E-04	1.12E-03	3.17E-04	1.40E-46	0.00E+00	1.04E-05	1.06E-03	7.36E-04	7.28E-04
G[T>G]G	8.21E-05	0.00E+00	3.35E-04	1.98E-04	8.35E-04	3.91E-06	2.46E-04	5.16E-04	2.18E-04	2.14E-04	0.00E+00	1.31E-09	2.38E-03	1.94E-03	6.05E-04
G[T>G]T	5.22E-04	9.74E-09	5.93E-04	2.66E-05	1.69E-03	0.00E+00	4.37E-04	2.03E-03	1.42E-04	3.77E-06	1.66E-08	0.00E+00	2.05E-07	8.25E-08	1.73E-03
T[C>A]A	7.12E-03	2.25E-05	0.00E+00	0.00E+00	3.27E-08	0.00E+00	2.76E-04	1.80E-02	0.00E+00	1.72E-04	4.30E-08	1.98E-03	1.70E-08	4.51E-02	1.61E-04
T[C>A]C	1.25E-03	3.67E-04	3.52E-04	6.03E-05	7.34E-03	8.99E-05	5.63E-03	1.44E-03	4.66E-06	5.19E-04	8.33E-04	2.92E-04	4.39E-03	5.56E-03	1.17E-05
T[C>A]G	5.09E-04	5.92E-05	5.13E-05	0.00E+00	1.40E-46	2.67E-04	2.50E-04	9.14E-04	0.00E+00	5.35E-04	8.84E-23	1.56E-04	1.15E-03	3.52E-03	1.47E-04
T[C>A]T	3.24E-02	2.29E-46	4.56E-07	4.85E-07	2.02E-02	7.94E-07	1.57E-02	4.43E-04	5.06E-07	1.05E-07	2.00E-05	9.50E-04	1.53E-07	8.53E-07	2.66E-05
T[C>G]A	0.00E+00	2.88E-09	1.28E-09	0.00E+00	8.31E-08	0.00E+00	3.34E-09	1.75E-08	0.00E+00	0.00E+00	6.86E-09	5.58E-03	1.87E-04	9.33E-07	5.61E-08
T[C>G]C	0.00E+00	6.34E-05	1.84E-05	2.80E-46	4.95E-05	6.72E-06	9.68E-06	5.26E-04	6.29E-05	1.26E-05	0.00E+00	2.85E-03	4.76E-03	3.09E-03	5.44E-05
T[C>G]G	3.24E-06	5.28E-06	1.33E-05	1.42E-05	1.60E-05	1.13E-05	2.59E-05	1.13E-04	6.76E-07	6.66E-06	4.38E-05	8.36E-04	2.38E-03	1.82E-03	7.46E-05
T[C>G]T	1.63E-05	0.00E+00	0.00E+00	0.00E+00	5.98E-05	0.00E+00	4.93E-05	2.48E-05	5.57E-05	1.09E-05	0.00E+00	9.38E-03	4.46E-03	2.18E-03	2.30E-04
T[C>T]A	2.64E-04	1.55E-04	5.19E-04	1.15E-03	1.35E-03	2.57E-03	1.33E-03	3.68E-02	1.27E-03	1.36E-04	5.59E-03	1.00E-02	7.63E-03	4.65E-04	9.24E-04
T[C>T]C	1.84E-03	1.42E-03	1.09E-03	2.32E-03	5.99E-03	3.56E-04	1.50E-03	2.29E-02	1.06E-03	5.78E-04	9.95E-03	6.54E-03	1.10E-02	7.09E-04	9.61E-04
T[C>T]G	6.31E-03	1.60E-02	6.75E-05	2.35E-02	1.54E-02	2.17E-03	3.07E-03	5.52E-04	5.96E-08	1.18E-02	1.86E-08	8.13E-03	0.00E+00	8.87E-07	2.53E-04
T[C>T]T	5.05E-03	0.00E+00	6.55E-04	6.50E-03	6.64E-03	2.63E-38	2.77E-03	3.10E-02	9.40E-04	2.61E-08	1.01E-02	9.29E-03	7.61E-03	0.00E+00	3.99E-04
T[T>A]A	1.41E-04	1.59E-04	5.90E-05	0.00E+00	1.50E-04	2.89E-04	1.30E-04	4.56E-03	4.71E-04	6.46E-04	0.00E+00	2.28E-05	5.62E-03	1.67E-03	2.75E-05
T[T>A]C	1.02E-04	4.25E-05	4.42E-05	5.34E-05	6.40E-04	5.61E-05	4.32E-04	4.53E-03	4.78E-04	3.10E-05	5.08E-04	4.28E-05	4.51E-03	1.53E-03	3.83E-04
T[T>A]G	8.76E-05	0.00E+00	0.00E+00	0.00E+00	7.33E-05	1.72E-05	4.30E-05	2.44E-03	1.78E-04	2.43E-04	4.36E-05	1.35E-05	1.61E-03	8.97E-04	1.41E-04
T[T>A]T	2.73E-04	2.01E-04	0.00E+00	1.87E-46	6.68E-04	1.66E-04	4.56E-04	2.54E-03	1.62E-04	2.07E-04	3.96E-04	1.40E-46	2.99E-03	1.74E-03	3.69E-04
T[T>C]A	4.20E-04	2.16E-05	2.16E-04	4.69E-05	7.82E-04	9.57E-04	1.18E-03	1.50E-03	1.41E-03	4.58E-46	5.73E-04	4.60E-05	1.51E-03	3.37E-03	4.14E-04
T[T>C]C	1.26E-03	1.56E-04	7.84E-04	8.39E-04	2.57E-03	7.13E-04	1.54E-03	5.44E-03	1.59E-03	3.61E-03	1.58E-03	8.48E-05	9.87E-04	1.22E-03	1.08E-03
T[T>C]G	7.05E-04	1.72E-08	2.32E-24	2.48E-04	1.28E-03	1.24E-03	1.27E-03	2.18E-03	1.78E-03	5.04E-03	4.11E-04	1.61E-05	0.00E+00	2.09E-03	7.28E-04
T[T>C]T	1.87E-03	1.12E-04	0.00E+00	0.00E+00	1.36E-03	6.91E-04	9.47E-04	4.07E-03	8.94E-04	2.34E-03	8.66E-04	8.42E-06	2.50E-03	1.52E-03	8.25E-04
T[T>G]A	2.17E-03	0.00E+00	0.00E+00	1.23E-08	0.00E+00	0.00E+00	0.00E+00	5.26E-03	4.75E-05	1.40E-46	0.00E+00	2.58E-05	1.01E-03	8.49E-03	3.03E-04
T[T>G]C	1.18E-03	0.00E+00	3.01E-04	2.25E-03	1.19E-03	0.00E+00	5.07E-04	5.94E-03	8.04E-05	0.00E+00	5.43E-04	6.51E-05	1.07E-03	6.60E-04	1.57E-03
T[T>G]G	6.03E-04	5.93E-05	1.40E-46	1.62E-04	8.61E-05	1.83E-04	9.95E-05	1.38E-03	1.09E-04	2.61E-04	8.18E-05	5.83E-05	1.58E-03	1.22E-03	4.46E-04
T[T>G]T	2.15E-02	5.22E-06	3.79E-07	4.89E-03	6.68E-04	9.85E-05	7.59E-04	6.10E-02	3.44E-08	3.70E-09	4.96E-07	0.00E+00	8.47E-07	1.05E-03	9.96E-03
