MutationType	SBS96A	SBS96B	SBS96C	SBS96D	SBS96E	SBS96F	SBS96G	SBS96H
A[C>A]A	1.94E-05	5.19E-05	0.00E+00	5.40E-05	4.27E-03	9.88E-05	1.02E-04	3.72E-03
A[C>A]C	2.59E-05	1.41E-04	8.38E-04	1.76E-04	3.22E-03	1.86E-04	1.76E-04	3.76E-03
A[C>A]G	1.79E-05	1.87E-05	4.20E-05	4.23E-05	1.43E-03	8.61E-06	7.07E-05	1.28E-03
A[C>A]T	2.62E-04	8.98E-05	4.72E-03	4.45E-04	5.97E-03	7.19E-05	1.33E-05	1.08E-03
A[C>G]A	1.72E-05	7.34E-05	1.29E-04	5.08E-05	1.97E-03	2.86E-05	1.39E-04	1.73E-03
A[C>G]C	1.58E-05	5.80E-05	3.27E-05	8.24E-05	2.13E-03	8.81E-05	1.26E-04	1.61E-03
A[C>G]G	4.49E-06	1.50E-05	1.04E-05	3.31E-05	1.59E-03	7.91E-06	7.36E-05	1.44E-03
A[C>G]T	1.01E-05	6.77E-05	1.01E-05	1.08E-04	2.63E-03	7.21E-05	1.66E-04	2.27E-03
A[C>T]A	9.60E-06	4.84E-04	3.08E-03	7.30E-04	2.72E-03	9.24E-05	2.26E-04	1.54E-03
A[C>T]C	2.15E-04	3.68E-04	3.80E-03	9.60E-04	4.62E-03	6.54E-04	1.31E-04	1.94E-03
A[C>T]G	6.66E-04	8.89E-03	7.25E-03	4.39E-03	6.35E-03	2.82E-03	2.87E-04	1.50E-03
A[C>T]T	1.56E-04	6.10E-04	4.21E-03	1.02E-03	4.17E-03	3.04E-04	1.52E-04	1.47E-03
A[T>A]A	2.50E-05	9.19E-06	1.06E-04	7.40E-05	1.18E-03	1.14E-04	5.05E-05	9.50E-04
A[T>A]C	0.00E+00	2.64E-05	2.54E-04	1.46E-04	1.58E-03	2.17E-04	7.26E-05	1.33E-03
A[T>A]G	1.12E-06	1.52E-05	1.70E-05	5.45E-05	2.03E-03	6.48E-05	9.64E-05	1.70E-03
A[T>A]T	4.30E-05	1.16E-04	2.48E-04	1.48E-04	9.00E-04	3.11E-04	2.25E-05	8.51E-04
A[T>C]A	1.59E-04	2.06E-04	4.93E-04	4.33E-04	1.58E-03	6.77E-04	7.84E-05	1.48E-03
A[T>C]C	7.60E-05	1.25E-04	4.83E-04	2.72E-04	9.07E-04	4.86E-04	7.43E-05	3.79E-04
A[T>C]G	9.73E-05	3.94E-04	0.00E+00	9.51E-04	1.79E-03	1.53E-03	1.03E-04	8.38E-04
A[T>C]T	1.03E-04	2.30E-04	5.41E-04	3.56E-04	2.30E-03	6.77E-04	1.17E-04	2.35E-03
A[T>G]A	3.61E-05	4.50E-06	0.00E+00	2.29E-05	5.82E-04	7.03E-05	3.66E-05	1.56E-04
A[T>G]C	3.16E-05	3.89E-05	1.40E-04	0.00E+00	2.82E-04	1.59E-04	3.24E-05	5.87E-04
A[T>G]G	3.30E-05	5.85E-05	9.81E-05	1.78E-05	7.91E-04	8.16E-05	3.62E-05	4.16E-04
A[T>G]T	2.51E-04	0.00E+00	9.00E-04	0.00E+00	1.41E-03	2.64E-04	0.00E+00	4.25E-03
C[C>A]A	4.10E-05	1.99E-04	1.08E-03	3.30E-04	2.55E-03	9.24E-05	1.44E-04	3.10E-03
C[C>A]C	8.90E-05	4.88E-04	1.18E-03	4.98E-04	1.26E-03	2.79E-04	9.95E-05	1.60E-03
C[C>A]G	4.07E-05	1.83E-04	1.96E-04	3.81E-04	1.18E-03	2.04E-04	5.03E-05	1.10E-03
C[C>A]T	6.01E-04	1.04E-09	1.97E-02	4.11E-03	2.93E-02	1.59E-08	4.18E-10	2.57E-09
C[C>G]A	0.00E+00	1.34E-05	1.06E-05	0.00E+00	1.95E-03	8.97E-06	1.90E-04	1.67E-03
C[C>G]C	5.55E-06	7.42E-06	1.51E-05	0.00E+00	2.12E-03	2.36E-05	8.45E-05	1.90E-03
C[C>G]G	1.61E-06	1.52E-05	5.77E-06	4.19E-05	1.90E-03	0.00E+00	1.11E-04	1.68E-03
C[C>G]T	9.29E-06	1.32E-05	1.29E-05	6.11E-06	3.04E-03	2.43E-05	1.93E-04	2.68E-03
C[C>T]A	4.38E-05	3.10E-04	1.22E-03	4.31E-04	4.22E-03	2.98E-04	3.02E-04	4.12E-03
C[C>T]C	1.31E-04	2.88E-04	3.33E-03	7.66E-04	3.83E-03	7.94E-04	2.20E-04	3.09E-03
C[C>T]G	6.45E-04	8.22E-03	6.58E-03	4.11E-03	8.65E-03	2.67E-03	4.14E-04	1.50E-03
C[C>T]T	2.02E-04	2.97E-04	3.93E-03	9.32E-04	3.22E-03	6.90E-04	3.40E-04	3.18E-03
C[T>A]A	6.61E-06	0.00E+00	2.67E-05	3.59E-05	1.06E-03	3.86E-05	6.22E-05	9.04E-04
C[T>A]C	7.83E-06	1.65E-05	2.08E-04	8.43E-05	1.18E-03	1.35E-04	3.82E-05	2.98E-04
C[T>A]G	2.01E-05	3.39E-05	4.35E-05	1.19E-04	2.88E-03	1.29E-04	8.04E-05	1.89E-03
C[T>A]T	8.35E-05	7.40E-31	3.59E-04	6.60E-05	1.22E-03	2.03E-04	3.23E-05	2.31E-03
C[T>C]A	2.04E-05	1.24E-04	1.40E-46	3.72E-04	9.31E-04	6.78E-04	2.20E-05	3.73E-04
C[T>C]C	6.56E-05	1.99E-04	5.08E-04	5.19E-04	4.73E-04	1.65E-03	4.58E-05	6.15E-03
C[T>C]G	5.25E-05	3.23E-04	0.00E+00	1.51E-03	3.62E-04	2.78E-03	6.77E-10	4.48E-03
C[T>C]T	1.59E-04	6.60E-05	1.28E-41	5.50E-04	5.55E-04	2.20E-03	4.76E-05	1.42E-02
C[T>G]A	4.00E-05	2.95E-05	9.23E-08	4.64E-05	5.56E-04	6.88E-05	1.89E-05	1.55E-04
C[T>G]C	5.44E-05	1.55E-04	2.29E-04	2.07E-04	6.22E-04	6.69E-04	3.99E-05	2.50E-03
C[T>G]G	1.07E-04	1.91E-04	1.41E-04	4.24E-04	1.18E-03	9.62E-04	1.70E-05	2.51E-03
C[T>G]T	9.96E-04	8.08E-05	8.47E-04	2.37E-04	1.60E-03	1.42E-03	1.39E-08	3.31E-02
G[C>A]A	2.50E-05	1.90E-04	1.64E-04	1.31E-04	5.10E-03	9.81E-05	1.09E-04	4.40E-03
G[C>A]C	8.03E-05	1.85E-04	5.57E-04	2.03E-04	2.06E-03	3.92E-04	9.60E-05	2.94E-03
G[C>A]G	1.31E-05	7.04E-05	1.35E-04	8.55E-05	1.68E-03	8.70E-05	4.64E-05	1.42E-03
G[C>A]T	4.23E-04	5.70E-04	9.31E-03	1.24E-03	1.29E-02	5.27E-04	1.60E-05	9.54E-04
G[C>G]A	9.97E-06	4.29E-05	9.59E-05	1.32E-05	1.29E-03	4.30E-05	9.97E-05	1.01E-03
G[C>G]C	1.58E-05	1.41E-04	1.25E-04	2.56E-04	2.18E-03	1.29E-04	8.37E-05	1.95E-03
G[C>G]G	3.62E-07	3.26E-05	0.00E+00	4.81E-05	9.94E-04	1.41E-05	3.84E-05	9.33E-04
G[C>G]T	1.67E-05	6.10E-05	1.16E-04	1.16E-04	2.40E-03	4.82E-05	1.50E-04	2.07E-03
G[C>T]A	0.00E+00	1.78E-03	2.26E-03	2.56E-03	4.95E-03	2.47E-03	2.58E-04	7.35E-04
G[C>T]C	3.67E-04	5.36E-03	1.34E-02	5.59E-03	1.81E-03	7.32E-03	2.10E-04	0.00E+00
G[C>T]G	1.33E-03	1.09E-02	3.70E-02	7.00E-03	2.11E-03	5.52E-03	0.00E+00	1.06E-03
G[C>T]T	2.68E-04	2.46E-03	5.95E-03	2.33E-03	3.48E-03	4.40E-03	8.59E-05	1.69E-04
G[T>A]A	2.20E-06	2.41E-05	2.33E-05	5.62E-05	9.17E-04	9.88E-05	8.06E-05	7.96E-04
G[T>A]C	0.00E+00	0.00E+00	2.52E-04	1.61E-04	1.04E-03	2.09E-04	3.89E-05	7.15E-04
G[T>A]G	0.00E+00	2.32E-06	1.04E-05	1.22E-04	1.34E-03	1.17E-04	5.74E-05	1.16E-03
G[T>A]T	1.97E-05	0.00E+00	8.20E-05	4.90E-05	7.97E-04	9.63E-05	2.86E-05	1.66E-04
G[T>C]A	4.28E-04	1.53E-07	2.65E-03	7.63E-04	3.40E-07	8.25E-04	1.36E-08	6.10E-10
G[T>C]C	3.41E-04	4.97E-04	4.78E-03	1.80E-05	0.00E+00	1.78E-03	3.02E-09	1.36E-03
G[T>C]G	2.91E-04	2.54E-09	1.27E-03	5.50E-04	6.04E-04	1.27E-03	0.00E+00	8.76E-04
G[T>C]T	1.99E-04	8.23E-05	8.66E-04	8.35E-05	4.62E-04	1.12E-03	1.77E-05	6.88E-04
G[T>G]A	2.78E-05	0.00E+00	5.25E-05	3.28E-07	6.34E-04	6.51E-05	1.36E-05	4.13E-04
G[T>G]C	4.36E-05	2.92E-05	4.61E-04	0.00E+00	4.86E-04	2.01E-04	2.77E-06	8.66E-04
G[T>G]G	3.16E-05	1.75E-05	2.51E-04	2.80E-05	1.20E-03	1.06E-04	9.29E-06	3.85E-04
G[T>G]T	2.15E-04	1.68E-05	3.75E-04	2.63E-05	6.34E-04	6.85E-04	0.00E+00	9.50E-03
T[C>A]A	3.94E-04	8.58E-05	0.00E+00	1.19E-04	3.11E-03	0.00E+00	2.92E-04	2.46E-03
T[C>A]C	1.04E-04	3.38E-04	2.96E-03	4.57E-04	1.58E-03	3.39E-05	3.17E-04	3.46E-03
T[C>A]G	8.50E-05	9.37E-05	0.00E+00	1.19E-04	1.67E-03	0.00E+00	1.31E-04	1.28E-03
T[C>A]T	1.72E-03	0.00E+00	7.06E-03	1.13E-03	1.20E-02	0.00E+00	3.34E-04	2.55E-05
T[C>G]A	6.17E-11	6.22E-09	5.56E-08	0.00E+00	1.46E-07	2.20E-08	1.32E-03	1.60E-07
T[C>G]C	2.30E-06	4.61E-05	0.00E+00	1.21E-05	1.70E-03	4.62E-05	4.15E-04	1.20E-03
T[C>G]G	2.68E-06	1.36E-05	1.14E-05	9.62E-06	9.98E-04	3.50E-06	2.31E-04	8.09E-04
T[C>G]T	7.34E-06	0.00E+00	1.30E-05	0.00E+00	2.68E-04	5.22E-05	1.70E-03	2.68E-04
T[C>T]A	5.90E-05	2.64E-04	1.24E-03	4.68E-04	2.82E-03	7.12E-04	1.65E-03	4.34E-04
T[C>T]C	1.95E-04	7.21E-04	3.23E-03	5.93E-04	5.47E-03	1.25E-03	5.19E-04	2.63E-03
T[C>T]G	1.29E-03	1.43E-03	6.17E-03	2.20E-05	3.10E-03	6.22E-04	5.87E-04	3.25E-04
T[C>T]T	1.61E-04	2.32E-04	2.80E-03	2.41E-04	4.78E-03	1.07E-03	1.00E-03	6.13E-04
T[T>A]A	9.81E-06	8.57E-05	8.64E-06	1.92E-04	1.57E-03	1.01E-04	6.72E-05	1.31E-03
T[T>A]C	1.82E-05	2.26E-05	2.35E-04	2.52E-05	1.12E-03	7.23E-05	6.53E-05	9.62E-04
T[T>A]G	1.20E-05	9.70E-07	1.71E-05	5.22E-05	1.20E-03	1.07E-04	2.16E-05	8.72E-04
T[T>A]T	7.56E-05	4.74E-05	2.57E-04	6.94E-05	1.31E-03	8.30E-05	2.90E-05	9.39E-04
T[T>C]A	1.11E-04	1.06E-04	2.46E-04	1.55E-04	1.95E-04	5.54E-04	5.40E-05	3.11E-04
T[T>C]C	1.18E-04	8.91E-05	2.68E-04	2.93E-04	2.79E-04	8.55E-04	6.54E-05	9.10E-04
T[T>C]G	8.74E-05	1.97E-04	3.15E-04	3.33E-04	8.18E-04	9.67E-04	3.50E-05	1.41E-03
T[T>C]T	1.39E-04	1.17E-04	8.03E-04	3.01E-04	6.92E-04	1.20E-03	3.81E-05	4.78E-04
T[T>G]A	1.26E-04	0.00E+00	0.00E+00	0.00E+00	7.42E-04	3.80E-05	1.92E-05	4.83E-04
T[T>G]C	9.96E-05	2.11E-05	2.35E-04	0.00E+00	3.87E-04	7.21E-05	4.07E-05	9.72E-04
T[T>G]G	6.52E-05	4.48E-05	1.87E-05	6.03E-05	1.15E-03	5.27E-05	5.47E-05	5.16E-04
T[T>G]T	9.99E-04	7.42E-05	3.22E-04	1.75E-05	1.09E-04	9.29E-05	0.00E+00	6.19E-03
