MutationType	SBS96A	SBS96B	SBS96C	SBS96D	SBS96E	SBS96F	SBS96G	SBS96H
A[C>A]A	0.0010122834937646985	0.0008790076710283757	0.0	0.0007110485603334382	0.01063904760812875	0.00033046677331185494	0.0011806606024038046	0.014852536423131824
A[C>A]C	0.002004075690638274	0.0004153577421675436	0.002204229007475078	0.002472601702902466	0.01612561261281371	0.0007607142095366725	0.0013915731018641964	0.01392063835519366
A[C>A]G	0.0005703521077521145	5.2857294758723586e-05	6.305903661996126e-05	0.0006055072852177545	0.004048949651769362	8.608906500739977e-06	0.0004445966384082567	0.004974585573654622
A[C>A]T	0.009252915158867836	0.00019554758473532273	0.013929755613207816	0.0010564622163656168	0.028332556411623955	0.00013919764023739845	1.621035953576211e-05	0.004139112235053232
A[C>G]A	0.0004266436328180134	0.0012147403962444515	0.0006088153793825768	0.00012654037855099886	0.005280715693152161	9.204855196003337e-05	0.0020793863805010915	0.006586032744962722
A[C>G]C	0.00021585537178907542	0.0007691182603593915	7.633986574845375e-05	0.0007210668816696852	0.005198103841394186	0.0011929369589779525	0.0019882710417732596	0.007491048483643681
A[C>G]G	1.2847324069298337e-05	5.246383407211397e-05	1.5479428475373426e-05	0.00030547809874406087	0.003908602352566959	1.2822667395084864e-05	0.0007894944428699091	0.005354785325471312
A[C>G]T	0.000161703783669509	0.001005794742377475	1.0075540194520726e-05	0.001489864813629538	0.006433255225419998	0.00044036104227416215	0.002664850326254964	0.008670931018423289
A[C>T]A	9.60341130848974e-06	0.0056141088483855125	0.010248703532852232	0.05575973279774189	0.02601510863751173	9.239828214049339e-05	0.003901128889992833	0.008261185535229743
A[C>T]C	0.0026346780359745026	0.003184248344041407	0.023971662297844885	0.027826917357742786	0.03525069523602724	0.005444949795491994	0.0009668059356044978	0.008390058716759085
A[C>T]G	0.011797360423952342	0.26094110161066053	0.019925445422995836	0.012181442044675351	0.061326376348733905	0.009396065509645269	0.0018362278991844506	0.012408874044194818
A[C>T]T	0.0038875959813594817	0.0029493073816411197	0.013240758380561601	0.020405857637524605	0.03234063498675823	0.0019670146309835406	0.00105321456794627	0.007793712383136153
A[T>A]A	0.00017935552532435394	9.193164441967382e-06	0.0004898078099358827	0.00037509550575123287	0.0032756708202214212	0.0054463269654661415	0.00027570838428800923	0.0035916955821448937
A[T>A]C	0.0	4.539679212030023e-05	0.0012178311837487854	0.0025231335079297424	0.0039227043016580865	0.011577108036726713	0.0005569302491494454	0.006032340247475077
A[T>A]G	1.1154243111377582e-06	4.296147235436365e-05	3.253816794313025e-05	0.0008354123565368354	0.005117497261653625	0.0010208722960669547	0.0008380395709536969	0.007179608382284641
A[T>A]T	0.001851901924237609	0.0009583081409800798	0.0012786409410182388	0.008888440020382405	0.005166926421225071	0.004701569629833102	0.00015729274819022975	0.005787272553425283
A[T>C]A	0.002234305127058178	0.0016206540924031288	0.0033456077333539726	0.007905012788251042	0.007588478620164096	0.036314503848552705	0.0003443593202973716	0.005728273135900963
A[T>C]C	0.0038410938577726483	0.0014762490289285779	0.004604779742658138	0.008989502955228091	0.003862097195815295	0.027204205095767976	0.00039617157490283715	0.007581565948203206
A[T>C]G	0.0015538770006969572	0.002625814889324829	0.0	0.04011322371661663	0.0047821428335737435	0.04450017400085926	0.00039397553919116033	0.006534516392275691
A[T>C]T	0.0035459150094538927	0.0006768395891413092	0.0012907072436064483	0.0025751768378540875	0.012932178564369678	0.019103657454252243	0.0009282099636038765	0.012294170120730996
A[T>G]A	0.0017060652957297862	4.503373202169314e-06	0.0	4.028305775136687e-05	0.0014365042708959664	0.0005811509443446993	0.0002514823579986114	0.0038255724823102353
A[T>G]C	0.0035796018317341806	0.0003969464509282261	0.0012017021887004375	0.0	0.001891439885366708	0.003552534920163453	0.0002012282348005101	0.005365401785820722
A[T>G]G	0.001716828322969377	0.00026543939784460233	0.00028945033554919066	2.784579646686325e-05	0.002813279052497819	0.0010072607430629433	0.0001863223747932352	0.0051684938604012135
A[T>G]T	0.017944845370948315	0.0	0.0030728300727787426	0.0	0.004191748893394731	0.001245952697354369	0.0	0.018638603994622825
C[C>A]A	0.002842290746048093	0.0012998775753658264	0.0032523746602237226	0.022859046794474126	0.01432440085336566	9.244639077223837e-05	0.0014151759503874927	0.012765663961181417
C[C>A]C	0.0012092482240404934	0.0019115018425509334	0.0037297618866432456	0.047456477954983714	0.009875038731843233	0.0006245283206226304	0.0005789831600850448	0.007376214400574099
C[C>A]G	0.00118909208686091	0.0027336049010045827	0.0006863395712571219	0.02098032534122467	0.0038579028623644263	0.00022070839474963577	0.0002885286507080309	0.0038870889227837326
C[C>A]T	0.011760478839278221	1.0368387037829053e-09	0.05637645873881958	0.11404126137495041	0.08758333921432496	2.0111188092641897e-08	4.176282430989886e-10	2.5748256859969842e-09
C[C>G]A	0.0	3.2008703365704604e-05	2.2417526270164487e-05	0.0	0.00487109460082138	1.34475230879616e-05	0.004504296160303056	0.006870491727022454
C[C>G]C	2.2560898105439265e-05	7.4171781307086345e-06	3.871947951665789e-05	0.0	0.005191465467214584	9.75178674707422e-05	0.0012187366839498282	0.007090434280689806
C[C>G]G	4.431048409969662e-06	7.036459537630435e-05	5.7659213780425486e-06	0.000782089534914121	0.0046739190845983105	0.0	0.000680826099596743	0.006254537321365205
C[C>G]T	9.34470554057043e-05	5.1238263495179126e-05	2.1391384143498728e-05	1.2811446299565433e-05	0.007442947184472359	9.646749294915935e-05	0.004122153227217496	0.009826884511858225
C[C>T]A	0.0004381665406981483	0.0018230992136523128	0.005102174519561231	0.021132038347423075	0.02399252075701952	0.000943102159362752	0.013484799209982157	0.021041274862363936
C[C>T]C	0.0004840712714212714	0.0009332081812317483	0.017861033184453846	0.024747029691934586	0.03415938690304756	0.008137084660120308	0.00292323543690145	0.013521487917751073
C[C>T]G	0.004570760647766292	0.2368556797504425	0.011497778934426606	0.029355868324637414	0.06126066483557224	0.007999838422983884	0.005355082242749632	0.0118604124058038
C[C>T]T	0.001996395131573081	0.00046869075595168397	0.016230986965820194	0.020303387939929963	0.039883801713585854	0.007916487054899335	0.004884511721320451	0.017702936846762895
C[T>A]A	2.0520264297374523e-05	0.0	5.336120339052286e-05	0.0002157718045054935	0.002643518167315051	0.0010016284533776343	0.00033957107025237574	0.0037158376100705935
C[T>A]C	1.0321667332391371e-05	1.649602490942925e-05	0.0021261297632008793	0.003203205089084804	0.005683209421113134	0.003426586673595011	0.0003968816148699261	0.01210537301376462
C[T>A]G	0.0002940921811386943	5.634533226839267e-05	0.00011211434248252772	0.00154046161333099	0.007311790759558789	0.001880073721986264	0.0005130929290316999	0.012898252438753843
C[T>A]T	0.0006232863845070824	7.402415560913406e-31	0.0010429413174279033	0.0012994603137485683	0.006328368291724474	0.0006837988970801234	9.57034426392056e-05	0.0244201747700572
C[T>C]A	8.589997905801283e-05	0.0003931288345484063	1.4012984643248171e-46	0.013162599131464957	0.002273295447230339	0.02093859277665615	8.076978228928055e-05	0.006522688921540976
C[T>C]C	0.00046610200879513284	0.0011531681549968198	0.0025984355335822327	0.014895572885870933	0.006748500978574157	0.02269649300724268	0.0001522333739558235	0.03491524849087
C[T>C]G	0.0001867120125098154	0.00045408346923068164	0.0	0.0693238589912653	0.0006475163689174223	0.050665083527565005	6.772175709102157e-10	0.02243033079430461
C[T>C]T	0.000587509569595813	6.599562475457787e-05	1.2807167314696666e-41	0.013657417334616184	0.004165925446432084	0.01960149360820651	0.00032932499598246066	0.07056687287986278
C[T>G]A	0.002586077945306897	0.00014669786032754927	9.23099605643074e-08	0.0003231572161894292	0.0013498098123818636	0.0008156113850418478	6.0406673583202064e-05	0.0034194903913885356
C[T>G]C	0.0015342861181125045	0.002142098976764828	0.0008048342213442083	0.0031852586660534145	0.002184232228319161	0.004755201772786677	0.0003067473531700671	0.015828594192862512
C[T>G]G	0.003199229785241187	0.002352597308345139	0.0002929673901235219	0.005300663411617279	0.002855329029262066	0.006894513848237693	3.044350123673212e-05	0.017884730268269776
C[T>G]T	0.01634328914806247	0.00011343846122399901	0.004597943625412881	0.0008732638813512495	0.0046329204770501065	0.00452749258838594	1.3940658050159982e-08	0.15380987375974656
G[C>A]A	0.001201622746884823	0.0025361122912727295	0.001233362663333537	0.0007790096940880175	0.015020336047746241	0.00024316910639754497	0.0005863438782398589	0.01977999401278794
G[C>A]C	0.0016829778091050685	0.0019373689661733805	0.008807607553899288	0.0023174697998911142	0.014312419947236777	0.0055803826311603185	0.0008051782409893349	0.011214358273718972
G[C>A]G	9.077098511625081e-05	0.002442127699032426	0.0010520171897951513	0.0012729870388284326	0.004909556904749479	0.0005059759132564068	0.0005162513611139729	0.005798085987044033
G[C>A]T	0.00554552732501179	0.001828770391875878	0.04616709006950259	0.0026105290278792383	0.04699657657183707	0.0029990994487889113	2.3576920648338272e-05	0.0047444007155718285
G[C>G]A	0.00029134817013982685	0.0006181530799949542	0.0008738782547879964	1.3221109111327677e-05	0.003822922642575577	0.0002636279779835604	0.0014510240172967315	0.005557938467245549
G[C>G]C	0.00020593897861544974	0.0012350502132903785	0.0002646829292643815	0.003387147607281804	0.005329239275306463	0.0030820767395198347	0.0009825900080613792	0.007120311073958874
G[C>G]G	4.930563363814145e-07	0.00019687346284626983	0.0	0.00036482037539826707	0.0024294037837535145	2.938020468263858e-05	0.0006249594938708469	0.003423412423580885
G[C>G]T	0.00029911167221143844	0.0007433664577547461	0.0006110161717515439	0.0007255564560182393	0.006010933535219465	0.0006088303780416027	0.002197122829966247	0.007609364751260728
G[C>T]A	0.0	0.006797798845218495	0.035033960826694965	0.10133408457040786	0.02382321688346565	0.010084755718708038	0.005299993231892586	0.002166980949550634
G[C>T]C	0.011873695440590382	0.016014708363536558	0.11213301196694374	0.08915050774812698	0.001807841658592224	0.05451697688549757	0.001283021275594365	0.0
G[C>T]G	0.027567695081233978	0.28878103047609327	0.2618930459022522	0.020569144330217882	0.003105131372868186	0.0159114626714981	0.0	0.002247521623523596
G[C>T]T	0.014737009350210429	0.007185236178338527	0.07427294254302978	0.06727239936590194	0.012474842858500779	0.032870945241302255	0.0016097320709377526	0.0004302748708141735
G[T>A]A	3.164947702316567e-06	4.097714754607296e-05	5.20771785886609e-05	0.00019825432100333272	0.0022434838581830265	0.003162855189293623	0.0003530721714923857	0.002878431836143136
G[T>A]C	0.0	0.0	0.002074237808119506	0.002597694657742977	0.0029634695616550743	0.00821080319583416	0.0006220086652319878	0.0048029595753178
G[T>A]G	0.0	3.4628312278073283e-06	1.5672474773964495e-05	0.0017784696072340011	0.003285793401300907	0.002304588130209595	0.0003396440220967634	0.004741215420654044
G[T>A]T	0.00026761049375636505	0.0	0.0007762532914057374	0.002223936503287405	0.003474598319735378	0.002349028503522277	0.00012493566500779708	0.007440493069589138
G[T>C]A	0.002849780704127625	1.9419235215423213e-07	0.015201606275513768	0.003237802465446293	5.475393123788308e-07	0.1130462110042572	1.3649712116148293e-08	6.099862392971999e-10
G[T>C]C	0.0074369112029671666	0.001276606327155605	0.030367727484554054	1.7992161068036695e-05	0.0	0.060903563350439074	3.0201604772628342e-09	0.00408391167584341
G[T>C]G	0.0013106631603932329	2.5389454094693064e-09	0.010343483579345048	0.018325553741306067	0.0016192786511965095	0.09266325011849404	0.0	0.0019694545306265356
G[T>C]T	0.009422786347568036	0.000151018386168289	0.010162091674283147	8.350543794222176e-05	0.004713367763906717	0.06986929327249528	2.1860480301488795e-05	0.00541943006683141
G[T>G]A	0.0009516270307358355	0.0	0.00028763532027369364	4.896420477962238e-07	0.0015527463904618343	0.0004921520783682353	4.2993943043256874e-05	0.003297190461307764
G[T>G]C	0.001815636025276035	5.074491855339147e-05	0.0034937360091134907	0.0	0.001161409305404959	0.002778286428656429	6.566172214661492e-06	0.006937234010547399
G[T>G]G	0.0007520525716245175	2.0680410307249987e-05	0.00229203897761181	5.67231785680633e-05	0.0032797083229525016	0.0017803909140639007	1.4488439342130733e-05	0.007737817848101259
G[T>G]T	0.003048194129951298	2.7735424373531715e-05	0.004845710517838597	2.6453667362602574e-05	0.0018379968591034413	0.0037065915239509195	0.0	0.04146461393684149
T[C>A]A	0.03872900865972042	0.00028421397946658543	0.0	0.0009014125826070085	0.0076258830726146695	0.0	0.029599480517208576	0.010159811872290448
T[C>A]C	0.00898330332711339	0.0018982894776854663	0.009091300267027692	0.0013572895943070762	0.02598369773477316	7.291092988452874e-05	0.016129708383232355	0.013263185019604861
T[C>A]G	0.004259914020076394	0.00047711747465655207	0.0	0.0017693292000330984	0.004178914247313514	0.0	0.0052325086202472445	0.005958506948081777
T[C>A]T	0.3103806138038635	0.0	0.02015713932945893	0.002205395148193645	0.03572280406951904	0.0	0.005740426271222532	2.5505461962893605e-05
T[C>G]A	6.172871658272072e-11	2.8567410104152202e-08	1.4947205699833433e-07	0.0	3.589779645984947e-07	2.1972736874431574e-08	0.1335692971944809	2.2440974264474197e-07
T[C>G]C	2.299033985764254e-06	0.00026632249864633195	0.0	2.2858144438941964e-05	0.0041319539198411805	0.0001752819007379003	0.04887488335371017	0.004582004131225404
T[C>G]G	5.303288730829081e-06	4.671698034144356e-05	3.628188387665432e-05	4.52074307759176e-05	0.0024590345507021993	4.6458557335427034e-06	0.015501565299928188	0.0029899486238718965
T[C>G]T	2.8097098947910126e-05	0.0	1.4914232451701537e-05	0.0	0.0005556350675760769	7.924263627501205e-05	0.1744702249765396	0.001326233526742726
T[C>T]A	0.0028421681374311445	0.001127205285592936	0.01087576278951019	0.0077357913833111525	0.007101036282256246	0.00888250763528049	0.23864228874444962	0.0011592502414714545
T[C>T]C	0.016219648346304894	0.0037702646455727517	0.041481023840606215	0.0016173346200957894	0.03299540337175131	0.011115717235952616	0.06736172437667846	0.012705395347438753
T[C>T]G	0.24018608033657074	0.11863753870129586	0.02358482116833329	2.1981420286465436e-05	0.009217041358351708	0.0031889082514680923	0.062324176728725436	0.0006264572934014722
T[C>T]T	0.036180461198091506	0.0005427155236247927	0.029221347626298667	0.0002409659791737795	0.022183909080922604	0.008254383737221361	0.11874878704547882	0.0031543234072159976
T[T>A]A	0.00046790013439022	0.0005800330982310697	1.1335792078170925e-05	0.00180316295591183	0.0038377467542886736	0.002559314318932593	0.0002605320099974051	0.004954772046767175
T[T>A]C	0.0005429194075986743	7.385674907709472e-05	0.0013305463988217525	0.00011998849849987891	0.005165183986537159	0.002355106291361153	0.0003962109491112642	0.006211262196302414
T[T>A]G	0.0005647680838592351	1.1672703749354697e-06	3.105052455794066e-05	0.0004043057924718596	0.0031977813534467712	0.0008524341741576791	0.0001061057917809194	0.00479939728975296
T[T>A]T	0.0034553037956357004	0.00018957351167046	0.0006368034755838574	0.0011191092082299293	0.0061246946454048155	0.0007225848152302205	0.000124905924894847	0.008656331850215793
T[T>C]A	0.002531328098848462	0.00016164091357495636	0.0018570914282463491	0.006422900501638651	0.00333377355709672	0.034003252163529396	0.00018297424976481124	0.002896368462825194
T[T>C]C	0.007032110914587974	0.00040435586052311117	0.005399935250170529	0.00645050541497767	0.0054953951388597485	0.03684921301901341	0.00033837494265753776	0.008847219590097665
T[T>C]G	0.004234792292118072	0.0005066855769808726	0.000761890783905983	0.019931188598275185	0.0028677794044142503	0.032661840505898	0.00015364828577730806	0.004529670719057322
T[T>C]T	0.008034855313599109	0.00029289299855008724	0.0019322967462358065	0.004004535009153187	0.008660191390663385	0.028502652980387212	7.752425262879115e-05	0.007163199735805393
T[T>G]A	0.007662010611966252	0.0	0.0	0.0	0.0018046374432742595	0.0001458801209082594	4.5768481820473994e-05	0.0034345878404565154
T[T>G]C	0.008949482627213002	5.2483495346677954e-05	0.002564846002496779	0.0	0.002123355434741825	0.0007773885881761089	0.00018672323185455752	0.008956044539809227
T[T>G]G	0.0025619890075176954	0.00020268251682864502	1.8660721252672374e-05	0.0008715983422007412	0.0030528144896379674	0.0003082974290009588	0.00042311703728046266	0.006544213462620974
T[T>G]T	0.08410190939903259	0.00011952246627515706	0.0011656614356923	2.4558154836995528e-05	0.00018500753049277563	0.0003635454505456437	0.0	0.02890471676364541
