MutationsType	SBS96A	SBS96B	SBS96C	SBS96D	SBS96E	SBS96F	SBS96G	SBS96H
A[C>A]A	0.02439434	0.07780608	0.00000000	0.03869329	0.14659698	0.06256094	0.00000000	0.04605043
A[C>A]C	0.00890043	0.00652714	0.00303487	0.00324639	0.00832629	0.00690119	0.00000000	0.00216329
A[C>A]G	0.00558471	0.00257470	0.00059849	0.00102993	0.00588671	0.00545753	0.00606749	0.00115761
A[C>A]T	0.01051863	0.02677750	0.00842984	0.01515155	0.02740109	0.00669640	0.00077709	0.02871013
A[C>G]A	0.00839729	0.00297106	0.00271247	0.00320024	0.00147673	0.00788090	0.00000000	0.00000000
A[C>G]C	0.00509785	0.00224104	0.00047731	0.00244661	0.00012751	0.00549429	0.00000000	0.00333988
A[C>G]G	0.01386571	0.00114365	0.00020422	0.00169890	0.00043529	0.00294300	0.00000000	0.00179279
A[C>G]T	0.01690652	0.00287462	0.00474272	0.00058943	0.00195679	0.00467619	0.00000000	0.00258763
A[C>T]A	0.02285088	0.03330904	0.08256908	0.08102946	0.00000000	0.00324073	0.00373272	0.05271506
A[C>T]C	0.00727245	0.00347098	0.02134647	0.04006678	0.00000000	0.02106099	0.03050237	0.00000000
A[C>T]G	0.01404779	0.00587216	0.02855561	0.01483285	0.00538808	0.00441741	0.01450987	0.07440677
A[C>T]T	0.01345274	0.00403007	0.03841417	0.01428442	0.00048773	0.01389934	0.01872586	0.00351566
A[T>A]A	0.00567652	0.00436323	0.00048182	0.00137046	0.00202902	0.00674859	0.00003390	0.00290268
A[T>A]C	0.00287407	0.00185829	0.00083638	0.00129981	0.00000000	0.00531309	0.00000000	0.00128077
A[T>A]G	0.00307848	0.00028676	0.00033391	0.00361310	0.00184398	0.00151971	0.00000000	0.00237282
A[T>A]T	0.01256177	0.00535410	0.01453275	0.00279094	0.00146863	0.01491613	0.00034886	0.00128047
A[T>C]A	0.05407933	0.00690710	0.01191815	0.00675729	0.00443924	0.04014866	0.00000000	0.00117266
A[T>C]C	0.00690256	0.00083806	0.00563518	0.00000000	0.00037166	0.01820141	0.00046528	0.00174458
A[T>C]G	0.01829912	0.00655303	0.01917845	0.00289273	0.00107584	0.05010763	0.00452456	0.00314975
A[T>C]T	0.01711120	0.00159612	0.00388798	0.01209932	0.00021093	0.01254083	0.01707873	0.00248794
A[T>G]A	0.00192986	0.00457131	0.00023578	0.00000000	0.00000000	0.00559937	0.00985725	0.00005632
A[T>G]C	0.00143755	0.00000000	0.00019802	0.00000000	0.00000000	0.00107293	0.00954379	0.00082472
A[T>G]G	0.00699334	0.00000000	0.00040885	0.00000000	0.00000000	0.00099840	0.00005872	0.00256300
A[T>G]T	0.00588079	0.00195536	0.00153113	0.00404151	0.00160744	0.00609326	0.00000000	0.00000000
C[C>A]A	0.01707163	0.04119438	0.02151479	0.01793375	0.03746337	0.00686070	0.06652879	0.02392987
C[C>A]C	0.00977465	0.00006393	0.03656667	0.00182192	0.00084749	0.01175096	0.02748244	0.00000000
C[C>A]G	0.00540012	0.00373183	0.00368344	0.00568225	0.00217083	0.00601544	0.00602686	0.00076167
C[C>A]T	0.01605124	0.01893499	0.13053993	0.00718936	0.01708269	0.00759698	0.00027001	0.00000000
C[C>G]A	0.00949426	0.00218835	0.00009094	0.00267124	0.00000000	0.00040070	0.00037073	0.00189112
C[C>G]C	0.00213033	0.00208248	0.00011108	0.00461929	0.00000000	0.00188484	0.00000000	0.00126325
C[C>G]G	0.00478413	0.00277044	0.00011458	0.00000000	0.00026622	0.00278375	0.00000333	0.00203867
C[C>G]T	0.01001102	0.00109184	0.00033518	0.00080055	0.00054897	0.00027884	0.00015054	0.00226733
C[C>T]A	0.01098580	0.02672747	0.00920706	0.05070121	0.00220857	0.04969335	0.02871713	0.01739469
C[C>T]C	0.00596153	0.00510931	0.01220438	0.03587930	0.00000000	0.00360187	0.04234014	0.01580689
C[C>T]G	0.00639848	0.00450802	0.01602666	0.00640844	0.00002120	0.02119487	0.01771406	0.05055911
C[C>T]T	0.01484978	0.00465704	0.01057991	0.03307952	0.00000000	0.00541162	0.01936168	0.01315899
C[T>A]A	0.00946477	0.00123004	0.00023000	0.00234434	0.00091036	0.00019777	0.00026581	0.00421794
C[T>A]C	0.00592907	0.00000000	0.00201672	0.00166525	0.00000000	0.00211653	0.00832967	0.00000000
C[T>A]G	0.00964757	0.00161758	0.00048130	0.00000000	0.00028865	0.00155661	0.00041474	0.00204940
C[T>A]T	0.00707263	0.00426290	0.00109409	0.00361132	0.00000000	0.00117908	0.00013351	0.00227129
C[T>C]A	0.01380030	0.00810299	0.01069475	0.00401111	0.00192085	0.02714953	0.00004386	0.00272098
C[T>C]C	0.00678546	0.00179388	0.00758485	0.00009084	0.00016440	0.02092769	0.00000000	0.00186577
C[T>C]G	0.00333687	0.00542040	0.02418079	0.00021424	0.00296400	0.05070827	0.00000000	0.00572930
C[T>C]T	0.01645025	0.00302728	0.00790492	0.00000000	0.00041187	0.01715008	0.00847454	0.00622994
C[T>G]A	0.00110665	0.00144951	0.00102004	0.00089819	0.00000000	0.00031212	0.01007853	0.00102590
C[T>G]C	0.00297917	0.00032399	0.00279642	0.00206716	0.00000000	0.00491993	0.00027707	0.00000000
C[T>G]G	0.00542690	0.00198891	0.00355337	0.00186614	0.00000000	0.00747437	0.00000000	0.00223790
C[T>G]T	0.00248391	0.00377986	0.00570142	0.00373334	0.00000000	0.00549974	0.00000000	0.00196872
G[C>A]A	0.02901619	0.16379026	0.00061956	0.05671860	0.39662415	0.00335055	0.26298549	0.13072251
G[C>A]C	0.00656371	0.00883184	0.00386639	0.00401466	0.01612453	0.00339904	0.02000940	0.01431649
G[C>A]G	0.00430887	0.00743371	0.00105341	0.00273239	0.01234914	0.00180881	0.00008349	0.00643160
G[C>A]T	0.01821583	0.06160868	0.01455904	0.03244835	0.09930258	0.07339762	0.03814454	0.06250685
G[C>G]A	0.00682050	0.00370667	0.00045321	0.00499156	0.00254315	0.00213301	0.00000000	0.00215053
G[C>G]C	0.00454179	0.00178740	0.00088031	0.00085501	0.00134874	0.00279124	0.00003937	0.00358984
G[C>G]G	0.00269869	0.00094091	0.00004716	0.00000000	0.00001938	0.00016176	0.00061206	0.00087983
G[C>G]T	0.01118240	0.00000000	0.00087776	0.00354217	0.00000000	0.00324974	0.02746751	0.00025174
G[C>T]A	0.01754151	0.00277330	0.09800219	0.04092557	0.00000000	0.00465395	0.03471816	0.00859108
G[C>T]C	0.00608994	0.00483822	0.06952978	0.02427000	0.00000000	0.01176940	0.00364199	0.00146848
G[C>T]G	0.00917100	0.00852427	0.03816086	0.00415043	0.00665497	0.01676336	0.03739333	0.03367026
G[C>T]T	0.01612235	0.00001288	0.07145979	0.02386056	0.00000000	0.00148628	0.01187593	0.00025157
G[T>A]A	0.00481075	0.00000000	0.00011362	0.00000220	0.00000000	0.00060805	0.00034962	0.00000000
G[T>A]C	0.00297008	0.00122624	0.00044722	0.00099869	0.00083267	0.00170776	0.00008612	0.00158585
G[T>A]G	0.00613965	0.00000000	0.00032701	0.00267592	0.00000000	0.00079322	0.00054094	0.00000000
G[T>A]T	0.00703920	0.00077361	0.00209641	0.00041977	0.00000000	0.00230776	0.01252350	0.00004045
G[T>C]A	0.00728810	0.00000000	0.00767613	0.00274331	0.00000000	0.02239532	0.00024066	0.00096281
G[T>C]C	0.00312898	0.00065936	0.00397771	0.00080367	0.00132350	0.01056860	0.00000000	0.00046620
G[T>C]G	0.00589198	0.00141867	0.01517814	0.00075514	0.00051306	0.01932068	0.00000000	0.00553849
G[T>C]T	0.00879202	0.00190039	0.00394127	0.00069047	0.00055728	0.01215560	0.00004269	0.00299473
G[T>G]A	0.00077703	0.00178464	0.00015140	0.00000000	0.00060253	0.00000000	0.00012973	0.00015338
G[T>G]C	0.00062765	0.00315369	0.00007897	0.00193315	0.00000000	0.00049399	0.00033473	0.00247925
G[T>G]G	0.00654854	0.00076475	0.00000000	0.00095443	0.00000000	0.00012573	0.00036480	0.00127892
G[T>G]T	0.00428209	0.00116368	0.00051693	0.00299499	0.00000000	0.00461066	0.00000000	0.00106084
T[C>A]A	0.02815276	0.08596511	0.00032708	0.04047670	0.04968605	0.02298318	0.00312855	0.05005747
T[C>A]C	0.02341797	0.02695799	0.00419181	0.01024437	0.01276342	0.02429027	0.00986408	0.02579296
T[C>A]G	0.00534135	0.00674763	0.00106468	0.00040084	0.00726802	0.00519394	0.00000000	0.00765931
T[C>A]T	0.03606600	0.15880277	0.01878102	0.08737806	0.09380697	0.02357130	0.02574265	0.12468352
T[C>G]A	0.01444382	0.00172649	0.00044406	0.00728321	0.00000000	0.00149559	0.00000000	0.00060625
T[C>G]C	0.00436817	0.00146189	0.00054601	0.00333404	0.00000000	0.00507508	0.00957027	0.00000000
T[C>G]G	0.00309753	0.00227995	0.00000000	0.00102119	0.00000000	0.00237017	0.00000000	0.00266876
T[C>G]T	0.01675711	0.00481070	0.00151848	0.00661094	0.00081297	0.00071383	0.03342786	0.00135427
T[C>T]A	0.01634571	0.01143533	0.00722705	0.05936400	0.00000000	0.00364781	0.03644363	0.02932754
T[C>T]C	0.00949080	0.00710296	0.01152007	0.03376453	0.00057939	0.01631217	0.01554704	0.00459206
T[C>T]G	0.01219109	0.00780855	0.01014344	0.00456209	0.00226811	0.00904165	0.01534140	0.01708770
T[C>T]T	0.01695144	0.00587335	0.00903195	0.04160500	0.00000000	0.00727580	0.00000000	0.00506467
T[T>A]A	0.01744447	0.00600903	0.00153259	0.00284296	0.00423486	0.00975459	0.00000000	0.00406032
T[T>A]C	0.01204370	0.00010691	0.00000782	0.00265934	0.00106684	0.00182937	0.00000000	0.00174660
T[T>A]G	0.00751246	0.00111861	0.00000241	0.00398633	0.00178933	0.00272795	0.00017516	0.00252798
T[T>A]T	0.02475227	0.00881658	0.00096156	0.00672455	0.00066022	0.00430990	0.00597625	0.00875492
T[T>C]A	0.03235927	0.01448491	0.00921173	0.00897635	0.00252645	0.02493090	0.00129730	0.00837665
T[T>C]C	0.00607578	0.00000000	0.00643481	0.00196673	0.00062091	0.02175566	0.00000000	0.00190469
T[T>C]G	0.00488283	0.00589228	0.01547490	0.00097424	0.00238033	0.02034965	0.00012276	0.00320571
T[T>C]T	0.01256461	0.00682514	0.00629634	0.01286028	0.00000000	0.02039996	0.00007740	0.01095220
T[T>G]A	0.00269053	0.00154245	0.00000008	0.00160862	0.00009098	0.00004065	0.01388551	0.00306858
T[T>G]C	0.00182835	0.00329322	0.00037452	0.00076308	0.00000000	0.00156439	0.00003082	0.00464874
T[T>G]G	0.00271089	0.00156515	0.00105842	0.00258909	0.00010977	0.00221853	0.00000000	0.00085980
T[T>G]T	0.01243182	0.00234106	0.00133790	0.00609862	0.00214027	0.00294096	0.02457532	0.00394398
