MutationType	SBS96A	SBS96B	SBS96C	SBS96D	SBS96E	SBS96F	SBS96G	SBS96H	SBS96I	SBS96J	SBS96K
A[C>A]A	3.43E-05	6.72E-05	6.79E-05	0.00E+00	0.00E+00	2.16E-05	8.81E-05	6.11E-05	7.93E-04	1.07E-04	2.34E-04
A[C>A]C	2.14E-04	9.85E-05	1.02E-04	4.73E-05	1.60E-04	2.88E-04	1.70E-04	2.65E-04	5.26E-04	9.18E-05	8.64E-05
A[C>A]G	3.18E-05	2.38E-05	2.87E-05	0.00E+00	0.00E+00	3.80E-05	5.28E-06	8.96E-05	2.37E-04	5.28E-05	1.39E-04
A[C>A]T	7.43E-04	8.50E-05	1.36E-05	0.00E+00	0.00E+00	3.22E-03	1.40E-46	6.66E-03	3.16E-04	0.00E+00	7.05E-05
A[C>G]A	7.86E-05	8.33E-05	2.54E-05	1.66E-04	1.53E-04	1.23E-04	1.64E-05	1.07E-04	3.24E-04	1.20E-04	1.31E-04
A[C>G]C	2.29E-05	4.51E-05	9.96E-05	4.23E-05	8.31E-05	2.23E-06	1.04E-04	7.38E-05	3.49E-04	8.41E-05	1.12E-04
A[C>G]G	8.77E-06	1.78E-05	3.08E-05	6.43E-07	2.96E-06	1.78E-05	6.15E-06	1.87E-05	1.08E-04	6.75E-05	4.23E-05
A[C>G]T	3.16E-05	6.36E-05	9.45E-05	4.59E-05	4.41E-05	0.00E+00	8.82E-05	2.80E-46	3.23E-04	1.18E-04	7.19E-05
A[C>T]A	0.00E+00	4.30E-04	3.38E-04	1.91E-04	3.13E-04	2.06E-03	0.00E+00	9.13E-04	1.13E-03	1.23E-04	3.99E-04
A[C>T]C	4.69E-04	4.25E-04	2.94E-04	8.12E-04	6.65E-04	1.66E-03	6.06E-04	1.23E-03	1.42E-03	5.55E-05	4.36E-04
A[C>T]G	9.40E-04	1.27E-03	2.14E-46	4.39E-03	2.30E-03	5.35E-03	1.26E-03	4.64E-03	2.18E-03	2.23E-04	7.27E-04
A[C>T]T	5.20E-04	3.75E-04	5.29E-04	6.40E-05	6.00E-04	9.68E-04	1.22E-04	1.13E-03	9.38E-04	1.18E-04	3.24E-04
A[T>A]A	2.59E-05	5.73E-06	3.76E-05	3.43E-05	0.00E+00	1.74E-04	1.32E-04	3.26E-05	3.17E-04	2.94E-05	5.79E-05
A[T>A]C	0.00E+00	0.00E+00	9.85E-05	8.89E-05	0.00E+00	2.19E-08	2.41E-04	0.00E+00	2.61E-04	6.26E-05	1.56E-04
A[T>A]G	1.78E-06	9.98E-06	5.10E-05	0.00E+00	0.00E+00	5.67E-05	7.90E-05	5.89E-06	3.26E-04	6.64E-05	1.46E-04
A[T>A]T	8.13E-05	9.32E-05	1.21E-04	2.04E-04	0.00E+00	2.73E-04	2.47E-04	2.61E-04	3.44E-04	2.53E-05	2.71E-04
A[T>C]A	2.99E-04	1.77E-04	3.83E-04	3.47E-04	6.60E-04	4.54E-04	3.30E-04	8.60E-04	2.88E-04	1.63E-05	8.90E-05
A[T>C]C	4.27E-04	1.64E-04	2.43E-04	5.03E-04	7.05E-04	2.13E-04	4.41E-04	1.09E-03	3.95E-04	6.38E-05	4.62E-04
A[T>C]G	2.76E-04	2.99E-04	6.95E-04	0.00E+00	2.80E-46	4.67E-04	6.66E-04	7.26E-04	3.28E-04	9.38E-05	4.29E-04
A[T>C]T	5.99E-04	1.17E-04	1.39E-04	0.00E+00	1.09E-04	4.86E-04	3.58E-04	1.33E-03	4.39E-04	8.78E-05	3.58E-04
A[T>G]A	2.84E-04	9.01E-07	2.02E-05	0.00E+00	0.00E+00	9.14E-06	8.17E-05	6.68E-04	1.94E-04	4.58E-05	2.40E-04
A[T>G]C	5.46E-04	6.04E-05	0.00E+00	1.84E-04	2.76E-04	2.49E-04	1.50E-04	1.13E-03	1.24E-04	3.68E-05	4.36E-04
A[T>G]G	2.49E-04	5.39E-05	1.87E-46	1.23E-05	1.42E-04	8.58E-05	1.10E-04	4.74E-04	2.27E-04	3.07E-05	2.30E-04
A[T>G]T	2.56E-03	0.00E+00	0.00E+00	1.31E-04	2.69E-04	8.40E-04	1.05E-04	5.27E-03	1.49E-07	0.00E+00	1.70E-03
C[C>A]A	4.91E-04	1.13E-04	2.27E-04	3.55E-04	5.18E-04	6.36E-04	7.73E-05	2.00E-03	4.43E-04	1.21E-04	3.02E-04
C[C>A]C	2.64E-04	8.46E-05	4.11E-04	2.40E-04	2.41E-04	6.77E-04	2.45E-04	1.81E-03	5.10E-04	1.00E-04	2.87E-04
C[C>A]G	9.83E-05	2.30E-04	1.19E-04	2.23E-04	1.87E-46	0.00E+00	8.01E-05	4.53E-04	3.14E-04	5.64E-05	0.00E+00
C[C>A]T	3.03E-03	2.28E-08	1.28E-03	3.17E-07	1.45E-06	1.51E-02	4.15E-07	3.07E-02	0.00E+00	4.18E-09	6.50E-09
C[C>G]A	0.00E+00	4.81E-06	0.00E+00	2.50E-07	0.00E+00	1.82E-05	0.00E+00	0.00E+00	2.64E-04	1.14E-04	2.06E-04
C[C>G]C	0.00E+00	0.00E+00	0.00E+00	1.36E-05	1.55E-05	0.00E+00	1.04E-05	0.00E+00	2.80E-04	3.32E-05	7.03E-05
C[C>G]G	2.36E-06	1.72E-05	3.70E-05	3.93E-06	7.25E-06	2.24E-05	0.00E+00	1.58E-06	2.51E-04	6.44E-05	1.23E-05
C[C>G]T	3.07E-05	7.71E-06	4.13E-06	1.50E-05	5.38E-05	1.05E-05	2.84E-05	3.27E-05	5.15E-04	1.57E-04	1.13E-05
C[C>T]A	0.00E+00	2.08E-04	2.84E-04	1.40E-46	2.49E-04	1.60E-03	2.13E-05	0.00E+00	5.53E-04	1.83E-04	4.91E-04
C[C>T]C	1.63E-04	1.32E-04	4.67E-04	3.78E-04	4.03E-04	3.12E-03	6.38E-04	2.89E-04	1.84E-03	1.73E-04	6.27E-04
C[C>T]G	2.73E-04	9.75E-04	7.57E-04	4.12E-03	2.90E-03	7.18E-03	1.31E-03	3.05E-03	2.30E-03	2.37E-04	1.15E-03
C[C>T]T	3.71E-04	4.08E-06	2.88E-04	3.47E-04	7.29E-04	2.42E-03	6.15E-04	7.26E-04	1.69E-03	2.04E-04	6.13E-04
C[T>A]A	8.54E-06	0.00E+00	3.32E-05	1.94E-05	6.58E-06	1.20E-05	7.62E-05	1.53E-05	2.25E-04	4.98E-05	1.21E-04
C[T>A]C	0.00E+00	1.40E-46	8.29E-05	1.39E-04	0.00E+00	1.43E-04	1.79E-04	2.47E-04	2.77E-04	3.73E-05	3.97E-04
C[T>A]G	2.47E-05	3.54E-05	7.15E-05	2.36E-05	0.00E+00	3.34E-05	1.33E-04	7.28E-05	4.62E-04	8.03E-05	2.99E-04
C[T>A]T	9.19E-05	0.00E+00	7.20E-05	0.00E+00	0.00E+00	1.96E-04	3.80E-05	3.98E-04	3.76E-04	3.17E-05	7.03E-04
C[T>C]A	3.89E-05	9.12E-05	2.50E-04	1.32E-05	0.00E+00	4.06E-05	2.33E-04	7.79E-05	2.51E-04	1.83E-05	3.93E-04
C[T>C]C	1.11E-04	1.63E-04	3.83E-04	1.72E-04	9.70E-05	3.76E-04	3.70E-04	4.11E-04	5.28E-04	4.82E-05	1.63E-03
C[T>C]G	6.04E-05	1.99E-05	9.35E-04	0.00E+00	0.00E+00	0.00E+00	3.83E-04	5.27E-05	4.88E-04	0.00E+00	1.09E-03
C[T>C]T	9.02E-05	4.12E-05	2.46E-04	0.00E+00	0.00E+00	4.40E-04	5.14E-04	1.23E-04	8.89E-04	7.20E-05	4.17E-03
C[T>G]A	4.26E-04	3.47E-05	2.80E-05	1.91E-05	1.42E-04	0.00E+00	5.97E-05	8.83E-04	1.43E-04	4.08E-06	1.54E-04
C[T>G]C	2.18E-04	2.21E-04	2.46E-04	2.30E-04	3.62E-04	1.40E-05	2.58E-04	4.52E-04	2.22E-04	5.49E-05	4.09E-04
C[T>G]G	5.00E-04	1.71E-04	3.25E-04	1.71E-04	3.47E-04	0.00E+00	2.45E-04	1.21E-03	2.85E-04	1.19E-05	6.60E-04
C[T>G]T	1.53E-03	3.06E-09	2.15E-04	3.36E-04	1.66E-03	7.84E-08	2.55E-08	3.73E-03	2.60E-04	2.22E-09	3.24E-03
G[C>A]A	2.09E-04	1.42E-04	8.87E-05	1.82E-04	3.75E-04	1.72E-04	6.62E-05	4.35E-04	9.41E-04	8.08E-05	4.21E-04
G[C>A]C	2.19E-04	1.91E-04	1.94E-04	5.36E-04	1.40E-46	6.08E-04	3.83E-04	5.76E-04	4.40E-04	8.83E-05	1.23E-04
G[C>A]G	2.46E-05	6.78E-05	6.97E-05	1.81E-04	3.67E-39	1.31E-04	1.19E-04	2.21E-04	2.88E-04	5.91E-05	2.45E-04
G[C>A]T	1.17E-03	3.31E-04	0.00E+00	6.15E-04	1.40E-46	7.96E-03	2.06E-04	1.44E-02	1.01E-03	1.93E-05	1.35E-04
G[C>G]A	3.62E-05	5.57E-05	0.00E+00	1.29E-04	7.62E-05	1.11E-04	4.88E-05	1.17E-04	2.51E-04	8.45E-05	1.81E-04
G[C>G]C	4.26E-05	7.69E-05	1.34E-04	1.46E-04	1.15E-04	0.00E+00	1.15E-04	0.00E+00	2.54E-04	6.75E-05	0.00E+00
G[C>G]G	3.50E-06	3.45E-05	4.25E-05	8.64E-06	0.00E+00	0.00E+00	2.11E-05	6.84E-06	1.46E-04	3.07E-05	0.00E+00
G[C>G]T	4.39E-05	8.08E-05	7.42E-05	1.39E-04	8.41E-05	1.40E-46	6.07E-05	1.08E-04	3.88E-04	9.94E-05	1.33E-05
G[C>T]A	0.00E+00	3.30E-04	5.14E-04	1.11E-03	0.00E+00	3.95E-03	9.38E-04	5.33E-04	7.83E-04	2.84E-04	0.00E+00
G[C>T]C	5.33E-04	9.95E-09	1.99E-03	3.74E-03	7.89E-09	5.54E-03	1.07E-03	8.72E-04	0.00E+00	1.77E-04	0.00E+00
G[C>T]G	2.11E-03	3.15E-03	3.55E-03	4.60E-03	2.02E-03	2.14E-46	0.00E+00	7.19E-03	1.54E-08	0.00E+00	9.35E-04
G[C>T]T	1.22E-03	1.40E-46	5.77E-04	2.65E-03	1.57E-03	3.40E-03	8.09E-04	2.20E-03	5.81E-05	3.91E-05	6.12E-05
G[T>A]A	8.32E-06	2.21E-05	2.66E-05	2.44E-05	0.00E+00	0.00E+00	1.02E-04	0.00E+00	2.16E-04	7.13E-05	4.06E-07
G[T>A]C	0.00E+00	0.00E+00	1.29E-04	2.24E-04	0.00E+00	2.90E-04	1.63E-04	7.19E-05	1.59E-04	3.37E-05	1.56E-04
G[T>A]G	0.00E+00	0.00E+00	8.38E-05	1.41E-05	0.00E+00	2.05E-05	1.03E-04	0.00E+00	2.33E-04	4.36E-05	1.01E-04
G[T>A]T	4.75E-05	0.00E+00	4.92E-05	6.56E-05	0.00E+00	1.85E-04	7.37E-05	1.73E-04	1.24E-04	2.58E-05	3.28E-04
G[T>C]A	5.17E-04	1.31E-08	5.39E-04	1.19E-03	1.50E-03	3.82E-05	1.57E-03	7.26E-04	0.00E+00	0.00E+00	0.00E+00
G[T>C]C	3.88E-04	0.00E+00	0.00E+00	1.40E-03	1.68E-03	4.82E-09	9.56E-04	2.00E-03	1.04E-07	0.00E+00	3.95E-04
G[T>C]G	2.34E-04	1.26E-23	4.18E-04	9.28E-04	6.19E-04	3.42E-04	1.32E-03	5.46E-04	0.00E+00	0.00E+00	3.81E-04
G[T>C]T	9.10E-04	1.21E-04	0.00E+00	6.70E-04	1.65E-03	7.58E-04	1.21E-03	2.08E-03	3.66E-04	0.00E+00	2.86E-04
G[T>G]A	6.53E-05	1.17E-06	0.00E+00	4.71E-05	2.07E-04	1.40E-46	5.93E-05	2.80E-04	1.26E-04	2.61E-25	2.07E-04
G[T>G]C	2.32E-04	0.00E+00	0.00E+00	2.69E-04	3.92E-04	3.24E-05	1.13E-04	5.79E-04	2.21E-04	0.00E+00	4.64E-04
G[T>G]G	1.09E-04	0.00E+00	1.31E-05	1.84E-04	1.43E-04	8.23E-06	1.19E-04	2.73E-04	2.58E-04	0.00E+00	4.66E-04
G[T>G]T	3.68E-04	7.91E-06	5.24E-08	2.13E-04	2.90E-04	1.65E-06	1.27E-04	8.20E-04	9.64E-05	0.00E+00	1.03E-03
T[C>A]A	5.29E-03	4.08E-05	1.16E-04	0.00E+00	0.00E+00	0.00E+00	0.00E+00	1.17E-02	9.61E-04	3.14E-04	3.21E-04
T[C>A]C	6.48E-04	1.45E-04	6.88E-05	1.09E-04	1.10E-04	2.00E-03	2.43E-06	4.32E-03	5.96E-04	3.29E-04	5.08E-05
T[C>A]G	3.94E-04	7.22E-05	1.24E-04	2.24E-05	0.00E+00	2.64E-05	0.00E+00	9.19E-04	3.18E-04	1.26E-04	1.99E-04
T[C>A]T	5.44E-03	0.00E+00	3.55E-09	2.92E-07	2.30E-07	2.92E-07	1.57E-06	1.35E-02	6.21E-10	5.99E-04	3.43E-05
T[C>G]A	0.00E+00	6.32E-09	0.00E+00	4.95E-08	4.89E-09	8.93E-08	2.97E-08	1.62E-07	2.02E-07	9.19E-04	1.45E-09
T[C>G]C	0.00E+00	3.52E-05	1.35E-05	2.65E-05	8.32E-06	1.35E-05	3.87E-05	1.07E-06	4.34E-04	6.23E-04	6.85E-05
T[C>G]G	3.14E-06	9.60E-06	1.21E-05	1.23E-05	1.71E-05	2.38E-05	0.00E+00	0.00E+00	2.22E-04	2.85E-04	3.73E-05
T[C>G]T	1.35E-05	0.00E+00	0.00E+00	0.00E+00	0.00E+00	0.00E+00	4.34E-05	5.70E-05	6.55E-04	1.87E-03	3.64E-04
T[C>T]A	1.40E-46	1.69E-04	3.37E-04	4.71E-04	5.36E-04	1.50E-03	3.85E-04	1.80E-04	0.00E+00	1.79E-03	4.79E-04
T[C>T]C	6.77E-04	2.98E-04	2.53E-04	1.06E-03	1.51E-03	3.43E-03	8.47E-04	1.00E-03	1.98E-03	2.81E-04	4.89E-04
T[C>T]G	1.89E-02	1.19E-03	1.52E-03	2.04E-04	7.55E-03	1.20E-08	3.09E-15	2.95E-46	7.96E-09	5.22E-03	3.39E-04
T[C>T]T	2.41E-03	0.00E+00	0.00E+00	6.48E-04	1.64E-03	1.78E-03	4.27E-04	8.01E-04	1.25E-04	1.04E-03	4.51E-04
T[T>A]A	7.34E-05	7.61E-05	1.19E-04	5.15E-05	0.00E+00	0.00E+00	9.26E-05	1.77E-04	3.41E-04	4.30E-05	4.81E-05
T[T>A]C	2.51E-05	2.47E-05	3.50E-06	1.25E-04	3.64E-05	8.68E-05	9.94E-05	1.71E-04	2.74E-04	4.67E-05	1.98E-04
T[T>A]G	1.73E-05	7.37E-06	4.49E-05	0.00E+00	0.00E+00	4.92E-05	1.10E-04	5.70E-05	1.63E-04	2.00E-05	1.20E-04
T[T>A]T	1.44E-04	4.70E-05	7.94E-05	0.00E+00	1.40E-46	1.77E-04	8.65E-05	2.49E-04	3.18E-04	1.66E-05	2.68E-04
T[T>C]A	2.96E-04	6.90E-05	2.81E-04	1.95E-04	1.83E-04	3.84E-04	4.95E-04	7.02E-04	2.87E-04	4.93E-05	3.35E-04
T[T>C]C	7.95E-04	1.26E-04	1.89E-04	4.33E-04	5.76E-04	4.80E-04	6.61E-04	2.23E-03	4.50E-04	3.27E-05	7.25E-04
T[T>C]G	6.25E-04	2.06E-04	3.84E-04	6.15E-05	7.95E-05	4.37E-04	3.93E-04	1.53E-03	0.00E+00	3.56E-05	5.02E-04
T[T>C]T	1.35E-03	6.93E-05	1.54E-04	0.00E+00	0.00E+00	5.57E-04	3.43E-04	3.23E-03	3.38E-04	6.28E-06	7.85E-04
T[T>G]A	1.28E-03	3.68E-10	2.96E-30	0.00E+00	1.40E-46	0.00E+00	3.37E-05	3.03E-03	2.71E-04	5.97E-06	2.78E-04
T[T>G]C	8.61E-04	0.00E+00	0.00E+00	2.44E-04	1.09E-03	3.34E-04	5.47E-05	3.16E-03	2.72E-04	1.02E-06	1.09E-03
T[T>G]G	3.55E-04	5.47E-05	6.32E-05	0.00E+00	1.49E-04	5.79E-05	7.82E-05	7.69E-04	2.06E-04	6.02E-05	2.82E-04
T[T>G]T	1.38E-02	2.25E-05	0.00E+00	1.47E-04	1.11E-03	4.34E-04	0.00E+00	3.21E-02	8.86E-08	0.00E+00	6.03E-03
