MutationType	SBS96A	SBS96B	SBS96C	SBS96D	SBS96E	SBS96F	SBS96G	SBS96H	SBS96I	SBS96J	SBS96K
A[C>A]A	0.00173046	0.00099638	0.00064479	0.00000000	0.00000000	0.00002157	0.00037875	0.00032941	0.03280357	0.00094112	0.00083926
A[C>A]C	0.00291194	0.00040249	0.00205038	0.00004731	0.00047887	0.00777851	0.00056550	0.00477826	0.03190331	0.00087913	0.00008636
A[C>A]G	0.00093572	0.00004457	0.00055416	0.00000000	0.00000000	0.00003804	0.00000528	0.00070968	0.01140963	0.00029557	0.00031698
A[C>A]T	0.01214768	0.00032532	0.00001989	0.00000000	0.00000000	0.01030240	0.00000000	0.05885678	0.01030258	0.00000000	0.00011792
A[C>G]A	0.00026515	0.00113541	0.00008299	0.00090275	0.00079263	0.00050870	0.00003897	0.00019014	0.01538902	0.00189914	0.00026132
A[C>G]C	0.00009909	0.00072278	0.00075925	0.00028215	0.00044784	0.00000223	0.00125611	0.00010825	0.01598659	0.00188769	0.00145159
A[C>G]G	0.00004143	0.00005057	0.00027701	0.00000064	0.00000439	0.00004396	0.00001041	0.00002925	0.01221526	0.00068191	0.00008056
A[C>G]T	0.00026775	0.00113309	0.00144321	0.00012623	0.00007231	0.00000000	0.00061037	0.00000000	0.02010219	0.00253265	0.00012332
A[C>T]A	0.00000000	0.00323326	0.05608842	0.00048689	0.00036996	0.05151215	0.00000000	0.00752469	0.00942241	0.00314653	0.00346459
A[C>T]C	0.00362949	0.00156714	0.02763701	0.00948732	0.00229472	0.06371324	0.00204522	0.01624552	0.00761133	0.00007131	0.00206555
A[C>T]G	0.01434102	0.30289555	0.00000000	0.02393785	0.00230462	0.10941701	0.00198970	0.02872804	0.01418157	0.00063715	0.00187346
A[C>T]T	0.00399278	0.00193634	0.02054959	0.00007517	0.00391289	0.04740599	0.00012205	0.02032544	0.00865446	0.00019148	0.00234381
A[T>A]A	0.00035257	0.00001017	0.00013567	0.00019449	0.00000000	0.00124354	0.00644001	0.00003258	0.00870377	0.00015424	0.00013681
A[T>A]C	0.00000000	0.00000000	0.00257846	0.00216961	0.00000000	0.00000002	0.01328068	0.00000000	0.01281680	0.00045473	0.00074629
A[T>A]G	0.00000178	0.00002023	0.00080581	0.00000000	0.00000000	0.00027158	0.00125698	0.00000867	0.01547527	0.00063392	0.00098147
A[T>A]T	0.00281249	0.00067445	0.00938306	0.00115045	0.00000000	0.00194362	0.00530108	0.00328396	0.01048554	0.00004732	0.00232836
A[T>C]A	0.00132326	0.00149775	0.00874339	0.00224081	0.00455802	0.00673204	0.04182962	0.00086019	0.01327567	0.00003156	0.00010049
A[T>C]C	0.00289937	0.00116280	0.00999826	0.00601794	0.00473714	0.00031195	0.03012947	0.00461605	0.00825268	0.00018691	0.00778576
A[T>C]G	0.00262127	0.00269753	0.04389040	0.00000000	0.00000000	0.00167889	0.05144499	0.00079521	0.01346289	0.00032797	0.00273767
A[T>C]T	0.00527760	0.00051619	0.00241955	0.00000000	0.00010879	0.00820250	0.02278013	0.00356266	0.02315248	0.00060130	0.00288785
A[T>G]A	0.00251370	0.00000107	0.00004246	0.00000000	0.00000000	0.00000914	0.00064664	0.00066782	0.00449541	0.00019655	0.00297933
A[T>G]C	0.00472723	0.00051092	0.00000000	0.00063314	0.00065231	0.00059864	0.00378256	0.00332697	0.00331060	0.00015134	0.00727343
A[T>G]G	0.00230606	0.00032905	0.00000000	0.00002039	0.00018354	0.00008577	0.00107201	0.00211157	0.00695121	0.00013456	0.00373393
A[T>G]T	0.02513250	0.00000000	0.00000000	0.00035369	0.00026952	0.00247560	0.00048432	0.01654764	0.00000015	0.00000000	0.03439592
C[C>A]A	0.00148593	0.00036115	0.02388104	0.00037905	0.00344620	0.00063621	0.00020161	0.01754628	0.02934389	0.00092906	0.00194576
C[C>A]C	0.00047198	0.00015092	0.05061718	0.00311764	0.00067465	0.00067694	0.00044638	0.01608849	0.01784695	0.00034305	0.00165960
C[C>A]G	0.00148098	0.00164402	0.02285639	0.00172630	0.00000000	0.00000000	0.00008309	0.00379027	0.01102732	0.00019201	0.00000000
C[C>A]T	0.00379775	0.00000005	0.11250890	0.00000063	0.00000630	0.01514013	0.00000079	0.27276732	0.00000000	0.00000000	0.00000001
C[C>G]A	0.00000000	0.00000696	0.00000000	0.00000025	0.00000000	0.00016182	0.00000000	0.00000000	0.01523286	0.00448670	0.00063624
C[C>G]C	0.00000000	0.00000000	0.00000000	0.00003387	0.00011234	0.00000000	0.00001503	0.00000000	0.01625152	0.00103673	0.00022672
C[C>G]G	0.00000459	0.00007980	0.00083472	0.00000393	0.00001640	0.00004793	0.00000000	0.00000216	0.01442279	0.00045418	0.00001735
C[C>G]T	0.00010483	0.00001179	0.00001498	0.00002049	0.00017501	0.00001353	0.00007007	0.00003503	0.02318359	0.00387885	0.00001125
C[C>T]A	0.00000000	0.00067761	0.02074593	0.00000000	0.00269468	0.02838111	0.00002129	0.00000000	0.03702162	0.01275035	0.00792390
C[C>T]C	0.00027686	0.00024278	0.02389324	0.00131814	0.00462310	0.06940047	0.00481087	0.00076020	0.01438458	0.00140917	0.00414141
C[C>T]G	0.00051571	0.27741247	0.01424138	0.00411672	0.01112538	0.13541301	0.00131480	0.00487995	0.00658320	0.00342327	0.00475549
C[C>T]T	0.00211964	0.00000408	0.01982788	0.00060556	0.00508737	0.06560923	0.00403506	0.00562624	0.02211716	0.00329995	0.00844303
C[T>A]A	0.00002280	0.00000000	0.00019165	0.00003648	0.00000658	0.00001196	0.00120850	0.00003087	0.00810416	0.00028613	0.00055645
C[T>A]C	0.00000000	0.00000000	0.00327238	0.00129489	0.00000000	0.00263695	0.00323454	0.00211659	0.01247019	0.00028631	0.01123064
C[T>A]G	0.00043205	0.00005601	0.00153654	0.00004235	0.00000000	0.00003341	0.00216798	0.00034159	0.02233924	0.00037828	0.00555428
C[T>A]T	0.00041678	0.00000000	0.00121251	0.00000000	0.00000000	0.00142024	0.00010572	0.00335390	0.01290558	0.00007489	0.03446658
C[T>C]A	0.00016353	0.00031998	0.01458454	0.00001323	0.00000000	0.00005582	0.02458952	0.00007794	0.00707222	0.00005742	0.00617445
C[T>C]C	0.00022938	0.00214961	0.01597655	0.00029826	0.00028435	0.00709950	0.02233506	0.00271634	0.00728912	0.00010434	0.05735867
C[T>C]G	0.00021198	0.00002036	0.07863993	0.00000000	0.00000000	0.00000000	0.05535078	0.00006740	0.00257972	0.00000000	0.03720568
C[T>C]T	0.00013030	0.00004116	0.01524089	0.00000000	0.00000000	0.00281658	0.01707836	0.00018190	0.00723899	0.00043023	0.11915931
C[T>G]A	0.00371298	0.00013773	0.00040959	0.00002720	0.00026518	0.00000000	0.00077932	0.00088275	0.00414961	0.00000411	0.00300867
C[T>G]C	0.00123463	0.00241628	0.00372874	0.00103968	0.00117836	0.00001397	0.00344330	0.00133608	0.00584454	0.00031961	0.02536771
C[T>G]G	0.00406525	0.00281752	0.00622759	0.00058322	0.00055534	0.00000000	0.00537530	0.00121239	0.00943929	0.00001647	0.02526463
C[T>G]T	0.01675109	0.00000000	0.00047639	0.00247430	0.00222535	0.00000009	0.00000003	0.00878480	0.00025995	0.00000000	0.29760048
G[C>A]A	0.00072616	0.00219164	0.00077110	0.00111960	0.00192692	0.00043605	0.00015249	0.00341579	0.04193600	0.00021170	0.00434662
G[C>A]C	0.00196998	0.00132481	0.00182042	0.00949737	0.00000000	0.00527133	0.00543244	0.01084642	0.02571062	0.00059844	0.00030876
G[C>A]G	0.00007484	0.00236722	0.00126885	0.00175173	0.00000000	0.00045804	0.00053971	0.00078187	0.01359628	0.00040327	0.00072470
G[C>A]T	0.00223822	0.00168263	0.00000000	0.02062604	0.00000000	0.00796327	0.00218651	0.12892559	0.01262945	0.00001928	0.00032272
G[C>G]A	0.00008281	0.00060845	0.00000000	0.00066623	0.00074978	0.00078737	0.00016442	0.00042445	0.01038520	0.00134534	0.00215110
G[C>G]C	0.00014809	0.00098459	0.00395142	0.00066377	0.00049919	0.00000000	0.00335348	0.00000000	0.01711076	0.00078804	0.00000000
G[C>G]G	0.00000975	0.00020719	0.00037844	0.00001231	0.00000000	0.00000000	0.00003978	0.00000880	0.00783683	0.00055675	0.00000000
G[C>G]T	0.00033734	0.00073500	0.00054461	0.00099436	0.00021964	0.00000000	0.00070026	0.00040927	0.01835131	0.00196390	0.00001331
G[C>T]A	0.00000000	0.00038058	0.10343465	0.03322708	0.00000000	0.07290249	0.00458575	0.00267974	0.00078286	0.00433325	0.00000000
G[C>T]C	0.01592924	0.00000001	0.09016010	0.18176262	0.00000001	0.02144725	0.04344438	0.00087238	0.00000000	0.00093418	0.00000000
G[C>T]G	0.02535637	0.27524943	0.01264404	0.46252258	0.00202152	0.00000000	0.00000000	0.05110460	0.00000002	0.00000000	0.00454461
G[C>T]T	0.00964495	0.00000000	0.06730308	0.09090018	0.02353341	0.04149080	0.02499459	0.01282756	0.00005806	0.00005379	0.00006123
G[T>A]A	0.00001495	0.00005456	0.00018834	0.00006109	0.00000000	0.00000000	0.00370088	0.00000000	0.00702371	0.00029336	0.00000041
G[T>A]C	0.00000000	0.00000000	0.00250980	0.00233213	0.00000000	0.00153584	0.00930964	0.00013394	0.00823263	0.00056415	0.00197864
G[T>A]G	0.00000000	0.00000000	0.00179500	0.00002388	0.00000000	0.00003047	0.00277552	0.00000000	0.01045292	0.00021000	0.00065692
G[T>A]T	0.00040557	0.00000000	0.00226551	0.00053471	0.00000000	0.00148465	0.00230504	0.00075509	0.00781304	0.00008033	0.00707224
G[T>C]A	0.00227070	0.00000002	0.00452502	0.02081375	0.00419326	0.00003818	0.13110528	0.00089111	0.00000000	0.00000000	0.00000000
G[T>C]C	0.00086396	0.00000000	0.00000000	0.04295563	0.01844790	0.00000001	0.06126316	0.00356731	0.00000011	0.00000000	0.00851936
G[T>C]G	0.00125808	0.00000000	0.02060069	0.01368342	0.00080860	0.00034195	0.10705754	0.00545908	0.00000000	0.00000000	0.00421832
G[T>C]T	0.00468197	0.00032214	0.00000000	0.00613892	0.01781611	0.00530386	0.08260111	0.00938295	0.00108498	0.00000000	0.00682377
G[T>G]A	0.00020311	0.00000117	0.00000000	0.00010736	0.00208636	0.00000000	0.00037247	0.00034595	0.00484043	0.00000000	0.00210649
G[T>G]C	0.00139819	0.00000000	0.00000000	0.00432656	0.00199944	0.00003243	0.00182478	0.00095481	0.00369227	0.00000000	0.01014506
G[T>G]G	0.00063983	0.00000000	0.00001348	0.00280429	0.00045699	0.00000823	0.00117244	0.00125979	0.00927765	0.00000000	0.00705848
G[T>G]T	0.00253779	0.00000793	0.00000005	0.00501363	0.00039970	0.00000165	0.00037840	0.00427298	0.00009708	0.00000000	0.08153581
T[C>A]A	0.05950590	0.00009977	0.00135323	0.00000000	0.00000000	0.00000000	0.00000000	0.01173294	0.02344185	0.03162118	0.00125528
T[C>A]C	0.01244657	0.00258441	0.00011195	0.00014683	0.00019828	0.00556990	0.00000243	0.03847850	0.03338918	0.01671709	0.00006434
T[C>A]G	0.00678941	0.00033287	0.00199146	0.00003150	0.00000000	0.00004569	0.00000000	0.00091870	0.01316604	0.00530816	0.00082402
T[C>A]T	0.50603555	0.00000000	0.00000000	0.00000050	0.00000083	0.00000037	0.00000166	0.12617461	0.00000000	0.00440101	0.00003432
T[C>G]A	0.00000000	0.00000001	0.00000000	0.00000009	0.00000001	0.00000012	0.00000003	0.00000019	0.00000205	0.15217248	0.00000000
T[C>G]C	0.00000000	0.00022847	0.00001949	0.00002887	0.00000942	0.00001351	0.00029753	0.00000107	0.01347456	0.05301415	0.00017008
T[C>G]G	0.00000437	0.00002419	0.00003594	0.00003257	0.00004091	0.00005987	0.00000000	0.00000000	0.00801342	0.01649748	0.00010315
T[C>G]T	0.00002756	0.00000000	0.00000000	0.00000000	0.00000000	0.00000000	0.00006992	0.00027827	0.00262365	0.19732004	0.00070883
T[C>T]A	0.00000000	0.00073079	0.00710806	0.00509264	0.01025092	0.02727579	0.00692868	0.00017973	0.00000000	0.26010430	0.00435946
T[C>T]C	0.00164145	0.00287795	0.00025340	0.01626924	0.05367748	0.07374838	0.00719963	0.00183650	0.01228711	0.06516353	0.00629010
T[C>T]G	0.02120916	0.09445881	0.01287408	0.00020365	0.69185604	0.00000002	0.00000000	0.00000000	0.00000001	0.01691868	0.00033924
T[C>T]T	0.01107348	0.00000000	0.00000000	0.00193788	0.09535909	0.05043797	0.00459090	0.00774180	0.00012510	0.11699536	0.00285668
T[T>A]A	0.00074141	0.00059266	0.00189096	0.00013827	0.00000000	0.00000000	0.00293759	0.00017684	0.01187678	0.00014546	0.00014304
T[T>A]C	0.00082262	0.00006596	0.00000350	0.00046441	0.00004479	0.00272746	0.00247483	0.00157962	0.01055280	0.00029279	0.00291018
T[T>A]G	0.00095504	0.00000737	0.00036551	0.00000000	0.00000000	0.00015451	0.00101661	0.00011307	0.00922547	0.00009279	0.00124262
T[T>A]T	0.00538383	0.00029048	0.00082455	0.00000000	0.00000000	0.00218758	0.00065245	0.00262975	0.01275690	0.00004426	0.00572311
T[T>C]A	0.00395935	0.00014241	0.00678028	0.00158617	0.00018290	0.00503750	0.04004050	0.00108288	0.00319372	0.00013107	0.00148243
T[T>C]C	0.00684737	0.00044190	0.00693462	0.00473864	0.00653142	0.00527747	0.04154154	0.00577279	0.00537574	0.00004337	0.01156716
T[T>C]G	0.00647425	0.00024973	0.02140483	0.00006152	0.00019865	0.00774240	0.03696835	0.00157280	0.00000000	0.00007759	0.00661823
T[T>C]T	0.01205714	0.00016013	0.00396482	0.00000000	0.00000000	0.01364858	0.03302616	0.00404262	0.00402968	0.00000628	0.00714693
T[T>G]A	0.01144463	0.00000000	0.00000000	0.00000000	0.00000000	0.00000000	0.00015197	0.00303228	0.00560744	0.00000845	0.00133951
T[T>G]C	0.00681413	0.00000000	0.00000000	0.00073702	0.01096705	0.00175940	0.00021003	0.00416335	0.00336360	0.00000102	0.01358112
T[T>G]G	0.00344408	0.00014840	0.00088595	0.00000000	0.00074872	0.00031940	0.00029085	0.00081356	0.00911006	0.00032246	0.00422461
T[T>G]T	0.12357142	0.00003296	0.00000000	0.00073197	0.00111054	0.00059428	0.00000000	0.03212136	0.00000016	0.00000000	0.05260670
