MutationType	SBS96A	SBS96B	SBS96C	SBS96D	SBS96E	SBS96F	SBS96G	SBS96H	SBS96I	SBS96J	SBS96K	SBS96L	SBS96M	SBS96N	SBS96O	SBS96P	SBS96Q	SBS96R	SBS96S	SBS96T	SBS96U	SBS96V	SBS96W
A[C>A]A	8.160215984389651e-05	6.540695585499634e-05	7.58218759372653e-05	7.245364122354658e-05	7.893514966781368e-05	7.346330676227808e-05	0.02222682119390811	0.016749465379325555	0.011275054316502064	0.0010915163104073145	0.025679118824336912	8.814600223558955e-05	0.001630150006894837	0.03481583396787755	0.0003775136297917925	8.460668250336312e-05	0.09090665140138299	7.850090678402921e-05	8.321556572354893e-05	8.587066586187574e-05	8.578551787650213e-05	0.056151655943904186	0.001648380869301036
A[C>A]C	5.942386930701815e-05	5.151141622927735e-05	7.867742751841434e-05	6.330366934439446e-05	0.0007061087361307728	7.774796766284453e-05	8.435764102614485e-05	0.027385380352279755	7.438627781084506e-05	0.020093852070567665	0.00012727705616271122	8.281125174107729e-05	0.0007679299861365508	8.993534211185761e-05	6.707862210078019e-05	6.508929338906455e-05	8.725232764845714e-05	6.366333339897778e-05	8.929769755923189e-05	7.992885221028701e-05	0.37909579494371426	0.02871236866394611	0.00048503257926424403
A[C>A]G	8.818442547635641e-05	9.225930916727521e-05	9.538102385704405e-05	9.325313294539228e-05	0.0015322740051487926	8.654076991660986e-05	9.8045589402318e-05	9.081764364964329e-05	9.548536982038059e-05	0.001833988889484317	9.754468701430596e-05	9.840106722549535e-05	0.012071719615050824	0.001397255995470914	0.02148966116074007	9.105076105697663e-05	9.30450449232012e-05	9.588136090314947e-05	9.824252410908229e-05	0.0013555373276176396	8.932733417168492e-05	9.702256284072064e-05	0.0016598488989757244
A[C>A]T	9.158784596365876e-05	8.211633539758622e-05	0.04963836233728216	7.885282110464686e-05	0.0015288565708033274	8.552419440093218e-05	9.79690143140033e-05	9.513618642813526e-05	9.307925647590309e-05	0.0018339519298024242	0.0017545647773658858	9.664371536928229e-05	0.01206212160341238	0.027122852375759975	9.718773071654141e-05	7.987756562215509e-05	9.468335629208014e-05	9.400805065524764e-05	9.406339377164841e-05	0.0001048871512466576	9.693124302430078e-05	9.53379254497122e-05	0.0016612981959042371
A[C>G]A	8.61884491314413e-05	8.022034489840735e-05	9.365473815705627e-05	8.574732237320859e-05	0.000888802709596348	8.398157660849392e-05	8.765679331190768e-05	9.42831211432349e-05	0.02226003465309958	0.0011292174567643087	0.001752214153384557	9.348796520498581e-05	0.012995914433849976	8.664922221441884e-05	0.0016728444687032606	9.194291706080549e-05	9.555102224112488e-05	8.78761942658457e-05	8.63079615108564e-05	0.0013455087066631677	8.427793786456306e-05	0.020062569143192377	0.06619951767279417
A[C>G]C	7.217185485899335e-05	8.107987177936593e-05	8.070931162365013e-05	8.686779437994119e-05	0.0015246917075273814	9.457996493438259e-05	9.771819750312716e-05	9.087399594136514e-05	8.683281464527681e-05	0.0018365185322181787	0.07414800635451683	9.871913498500362e-05	0.0017003529901558068	0.0013945386544946814	0.04626320396273513	9.118946618400515e-05	9.403096191817895e-05	9.609075204934925e-05	8.985532640508609e-05	0.001356730447150767	8.461743905172626e-05	9.783423884073273e-05	0.001640874706733797
A[C>G]G	7.825675165804569e-05	7.239038554418542e-05	9.32842529437039e-05	7.815608842065558e-05	0.0015238857587974053	7.012501846475061e-05	0.025048781681107357	8.505560108460486e-05	8.183086411008844e-05	0.00023926842550281435	0.0017442509655666073	8.948547183535993e-05	0.07288235007763433	0.04489406577486079	8.750122251512948e-05	8.133859973895597e-05	0.04293558536301134	6.854258353996556e-05	7.667505742574577e-05	0.0013493396851117722	7.44052143090812e-05	8.265702454082202e-05	0.0007543434969193186
A[C>G]T	0.011111929112193063	0.010555570206274734	0.016728822357254102	7.903027574229782e-05	9.463876267545857e-05	6.588179230675451e-05	9.123212039412465e-05	8.534269909432624e-05	9.466734118177556e-05	0.0015314295525968192	0.001739596408151556	8.333530358868302e-05	0.216167996564036	8.679276343173114e-05	8.799820170679595e-05	8.5594689608115e-05	9.094047782127745e-05	8.609247743152082e-05	8.294877807202283e-05	0.001350140630529495	8.259328715212177e-05	8.717023038116168e-05	8.289780562336091e-05
A[C>T]A	5.341142338863847e-05	3.639454374047002e-05	5.7910988243747855e-05	5.431541308098531e-05	8.720288051335955e-05	0.04143431601550572	9.041247394634411e-05	8.061040316533762e-05	5.670162204296503e-05	6.279522801548865e-05	7.379836539200824e-05	8.856143758748659e-05	5.562456808547722e-05	7.372990849034977e-05	7.653648463019635e-05	6.732295232723118e-05	8.025186971281074e-05	5.302920856902205e-05	7.480062413378619e-05	4.5996657097657764e-05	6.009430699123186e-05	0.5835267499789552	5.488335272900713e-05
A[C>T]C	8.34856338769896e-05	7.77926479713642e-05	0.014772624360102782	7.257591041707201e-05	0.0015243969355651643	8.103240315904259e-05	0.06545025277300738	8.413837931584567e-05	8.895354294509161e-05	0.0011335361101373564	0.00035247438645455984	9.598240940249525e-05	0.0014282475908657943	0.00045628203518405485	0.0016689415599103086	8.07913457720133e-05	0.02556030802429632	8.669427261338569e-05	0.010087761910108383	0.0013278692149171877	8.788600098341703e-05	0.04965275599315646	0.01038641984378046
A[C>T]G	4.8646193940271586e-05	0.9037693500518799	7.630666793794205e-05	3.9666042125929836e-05	7.38686225759011e-05	6.15991780563263e-05	8.46416805870831e-05	6.649995784755447e-05	5.163161746679634e-05	6.0938490150874713e-05	9.444817624171264e-05	7.96845865039586e-05	4.7094954584281365e-05	8.371129260922316e-05	8.312366026075324e-05	8.215994812417193e-05	7.031577781617671e-05	7.704226431428651e-05	7.723950115092748e-05	4.4356779631016253e-05	7.483792613811601e-05	8.789714079462385e-05	9.305478088208474e-05
A[C>T]T	7.044087615213357e-05	6.527144145322961e-05	7.937662194308359e-05	7.240666759571468e-05	0.0742347474591952	7.205332312878454e-05	0.034688890647521474	0.049338255186285096	8.113156509352848e-05	8.750981105549726e-05	8.314587612403556e-05	0.024856336392258527	0.00016505903695360758	0.0013999549315485637	0.02541042872944672	6.94589732120221e-05	0.01285005256140721	6.489354929044567e-05	0.09129556440384476	0.0007419895109705976	7.581002728329622e-05	6.307551466306904e-05	0.00037472707131200875
A[T>A]A	8.005131364825502e-05	7.871196955325926e-05	9.074505032913294e-05	7.98704106216519e-05	0.0015303039974241984	8.114960704119767e-05	9.299375597038306e-05	9.026824627653696e-05	9.08828196770628e-05	0.0018357088927587028	0.0017531668665469625	0.025826309205876898	0.0017191524442750961	0.008653616242372663	0.0016641206775602768	8.780615071373177e-05	9.094518791243899e-05	8.803517812339123e-05	9.355208494525869e-05	8.333757068612613e-05	0.0887959249492269	9.221162836183793e-05	0.001667915203870507
A[T>A]C	6.591437036149728e-05	7.287716011887824e-05	7.61370154236829e-05	7.142442445911002e-05	0.0005589337164565222	7.649508500549019e-05	0.04873124144214671	7.147227252062294e-05	6.996741460625344e-05	0.03382600459867717	0.033454935447082335	9.226876427419484e-05	0.00216314963545301	0.0001777299607056193	0.025830380323168357	8.635601370770019e-05	8.738559408811852e-05	7.994081279321108e-05	0.010126223011047842	0.0173781026081997	7.965928980411264e-05	0.022321402045781723	0.04118732897240207
A[T>A]G	6.70351245389611e-05	4.595507596434345e-05	8.41002891320386e-05	5.5375727792005316e-05	8.58647603308782e-05	6.773241098520338e-05	7.63815371783494e-05	7.750748191028833e-05	7.975504122441635e-05	0.000823802574450383	8.465349260404764e-05	8.336047067132313e-05	8.307512762257829e-05	0.00016244796281210107	0.0016641545747916099	8.321627101395279e-05	8.557833043596475e-05	6.905137359396463e-05	7.62024224968627e-05	6.522831495203718e-05	6.644940558544476e-05	8.417722601734567e-05	0.4977151497390878
A[T>A]T	9.421658833161928e-05	8.963646832853556e-05	9.540884857415222e-05	8.947181631810964e-05	0.013991959868872073	9.131113984039985e-05	0.02022819276608061	9.647597398725339e-05	9.640727075748146e-05	0.0018352206665440463	0.0017497124390501995	9.715361302369274e-05	0.0040745434511336494	0.0014018473309988621	0.001674214666854823	9.608577965991572e-05	9.199261803587433e-05	0.01736629753431771	9.49925793975126e-05	0.000427422889333684	9.525258719804697e-05	9.790157273528166e-05	0.0009016665579110849
A[T>C]A	5.766498920820595e-05	6.649971047387738e-05	6.693426648780587e-05	6.623296634415965e-05	0.08693029006353754	7.995420128281694e-05	8.681557337695268e-05	7.576235375381657e-05	0.01256082427498768	0.0002346823901461903	0.015303278677220079	0.04188408359905225	0.020778987532048633	0.08071787104281611	0.02541851394016703	7.919112904346548e-05	7.766587623336818e-05	7.775115100230323e-05	7.909896521596238e-05	8.117857978504617e-05	7.131384429612809e-05	6.680748947474058e-05	0.0004751772285089828
A[T>C]C	9.578022509231232e-05	8.81275951542193e-05	9.11874642042676e-05	9.145244112005458e-05	0.014074828189768596	8.544816482753958e-05	9.796119047678076e-05	9.505234120297246e-05	9.312528491136617e-05	0.001832840819406556	0.001004607791401213	9.684942488092929e-05	0.004570034399148426	0.001399402635070146	0.0011045595434552523	0.020464897359488532	9.263660394935869e-05	8.787930273683742e-05	0.02526034094116767	0.0013540372026909608	9.549098249408416e-05	9.496282145846636e-05	0.00019448208768153564
A[T>C]G	4.544027436024448e-05	6.919626950576684e-05	6.783913211165782e-05	6.944844810670147e-05	0.0015147377320317902	5.356079875582509e-05	7.197434491388322e-05	7.626631695529795e-05	7.25608191714855e-05	8.440418241661973e-05	7.996261383595993e-05	7.508836917011764e-05	0.001415746935936113	8.239467788371258e-05	7.326385934902646e-05	8.325228632770632e-05	0.3620588830577617	7.013418127321813e-05	7.287818572194737e-05	7.776209231451503e-05	7.607182910760458e-05	7.563281710076808e-05	0.0016443615087723628
A[T>C]T	3.634194427794557e-05	6.747736533299075e-05	7.705957341386238e-05	5.197830871566112e-05	0.0005449576590763172	6.05552690546407e-05	8.984818305179942e-05	5.861591715614622e-05	7.986259097378934e-05	6.786341546103359e-05	7.510693528729462e-05	8.560181959182955e-05	0.0007669793056265916	9.028246713569388e-05	7.841385049687233e-05	8.357701682371044e-05	8.723952669242863e-05	6.362525246004225e-05	8.572839506086894e-05	0.4316149688325822	8.078822770585248e-05	8.667634501762223e-05	8.18271747448307e-05
A[T>G]A	8.389467548113317e-05	7.367612423081482e-05	9.329952044936362e-05	7.645427916713743e-05	0.0218920222539964	8.576318209918554e-05	9.708439101814292e-05	9.152249986073002e-05	9.392906758876052e-05	0.0018310567833395909	0.0017472551484388533	9.184013197227614e-05	0.002948535505311156	0.10629706603867817	9.403155963809695e-05	9.132986888289451e-05	9.042483143275603e-05	8.387785092054401e-05	9.568423010932747e-05	0.0013464076899253996	9.560399848851375e-05	9.262989842682146e-05	0.0001935980784764979
A[T>G]C	9.734864797792398e-05	9.569110043230466e-05	9.939607552951202e-05	9.43189748795703e-05	0.0015337149168772157	9.452952508581802e-05	0.00010001657283282838	9.763170601218008e-05	9.901697630994022e-05	0.0018380059576884379	0.0017579832834599073	9.942485776264221e-05	0.004574072366813198	0.0014030902937520295	0.0016770361326052807	9.91374283330515e-05	9.795631558517925e-05	9.666635232861154e-05	0.00010047707837657072	0.0013579363760072738	9.804028304642998e-05	9.934447662089952e-05	0.001670550705603091
A[T>G]G	9.734864797792398e-05	9.569110043230466e-05	9.939607552951202e-05	9.43189748795703e-05	0.0015337149168772157	9.452952508581802e-05	0.00010001657283282838	9.763170601218008e-05	9.901697630994022e-05	0.0018380059576884379	0.0017579832834599073	9.942485776264221e-05	0.004574072366813198	0.0014030902937520295	0.0016770361326052807	9.91374283330515e-05	9.795631558517925e-05	9.666635232861154e-05	0.00010047707837657072	0.0013579363760072738	9.804028304642998e-05	9.934447662089952e-05	0.001670550705603091
A[T>G]T	9.47201595408842e-05	9.15504788281396e-05	9.735862986417487e-05	9.079880546778441e-05	0.0015324406798754354	9.334792703157291e-05	9.97051756712608e-05	9.755283463164233e-05	0.026858414375601568	0.0014315958054794465	0.001755620420590276	9.906521154334769e-05	0.004029135924793081	0.0014019648369867355	0.0016761945982580074	9.929852894856595e-05	9.65423765592277e-05	9.687214987934567e-05	0.00010043401343864388	0.001356214191764593	9.546879300614819e-05	9.50234207266476e-05	0.001670140689384425
C[C>A]A	7.4848586882581e-05	7.14304061148141e-05	9.047217172337696e-05	6.968770469484298e-05	0.009485632399446331	7.905366355771548e-05	9.31017377297394e-05	8.72277123562526e-05	9.584575527696871e-05	0.0007922536311525619	0.04994040448400483	9.413830121047795e-05	0.028426324430305527	0.0003734331464983143	0.0009911533823469653	0.014451762053795392	9.087473918043543e-05	0.05864144514112013	8.082134590949863e-05	0.03351335678526084	9.504986664978787e-05	8.90699197043432e-05	0.0011169696423166896
C[C>A]C	8.135457810567459e-05	9.117038644035347e-05	9.439677451155149e-05	0.013364991028720397	0.0015306089822843204	9.177860483760014e-05	9.801810374483466e-05	8.674297217936555e-05	9.439122513867914e-05	0.00024194996876758523	0.029563535277702613	0.03939387738732876	0.0042105745313165245	0.0014004215016029775	0.0010793707449920475	9.042252495419233e-05	8.759682104937383e-05	9.22588904359145e-05	9.459998364036437e-05	0.001349131656843383	9.490106895100325e-05	9.599070399417542e-05	9.049659402080579e-05
C[C>A]G	6.884692727453512e-05	7.862621569074691e-05	8.569414931116625e-05	6.7977133403474e-05	0.02723045406601159	7.93443283328088e-05	9.551850671414286e-05	7.758363790344447e-05	7.577119288271206e-05	9.118440102611203e-05	0.051323498710553396	9.375724112032912e-05	0.026734467111236882	0.00010999959595210384	0.04679067286560894	8.625871050753631e-05	9.37022236030316e-05	8.733194772503339e-05	9.310169043601491e-05	0.0013444958234686056	8.884366980055347e-05	8.897893603716511e-05	8.502787034458947e-05
C[C>A]T	8.088788854365703e-05	8.72629061632324e-05	0.02500521232068422	7.534623982792254e-05	0.0005488737908308395	8.689533788128757e-05	0.01691952881810721	0.009234926794670173	8.694797070347704e-05	0.055419287530094154	0.000829073279601289	9.636751710786484e-05	0.0037686497111280915	0.00018651524769666138	0.0008998387875180924	8.798892486083787e-05	0.033763690809428225	7.946838086354546e-05	9.096251633309294e-05	0.013859170280193211	8.465373939543497e-05	9.70640336163342e-05	0.001661988660634961
C[C>G]A	7.565946905288001e-05	7.821383460395736e-05	8.748767249926459e-05	8.253042578871827e-05	0.03405401404197619	7.610156371811172e-05	0.047617316398827825	0.02001629412479815	9.269854781450704e-05	9.882446756819263e-05	0.00034984639278263786	9.334955029771663e-05	0.029585773747385247	0.0013985792989842593	0.0001053390558809042	9.43539274885552e-05	9.409919948666357e-05	9.045137030625484e-05	9.655260801082477e-05	0.001353318455949193	9.867132102954201e-05	9.017043303174432e-05	0.0016558900480958983
C[C>G]C	7.369052764261141e-05	0.008375710630116374	7.374931664951844e-05	6.28381706647474e-05	0.0013484612391039263	8.345794203705737e-05	9.080307681870181e-05	0.05646672502630281	8.75547240866581e-05	8.652418509882409e-05	0.022646211513620073	7.851967038732254e-05	0.021422037081356392	8.59841784404125e-05	0.0009689708502264693	8.898167143343017e-05	0.08887423679382138	7.689023068451206e-05	0.029711519880220295	0.0002334310964215547	7.128453262339463e-05	0.025213571119365952	7.796843956384692e-05
C[C>G]G	0.006719380484901194	7.990501726474831e-05	0.01477361897841547	8.746152816456743e-05	0.0015214748636935838	9.350467953481712e-05	9.345046419184655e-05	8.576229975005844e-05	9.548953676130623e-05	0.05969132810641895	9.148965655185748e-05	9.807144888327458e-05	0.0030468940960417966	0.03349106533351005	0.0016700779931852594	9.360330368508585e-05	9.442087903153152e-05	8.784730872700014e-05	9.374838409712539e-05	0.0013494748283847003	8.604691856817226e-05	8.950005430961028e-05	0.001526191457378445
C[C>G]T	9.528855880489573e-05	8.772921610216145e-05	9.27286808291683e-05	8.485130310873502e-05	0.0015328731264162344	8.278868256756944e-05	0.06460255122801754	9.641369324526749e-05	9.7244830976706e-05	0.0011343007688992656	0.0017542956069519279	9.691812811070122e-05	0.0022147946590848734	0.001401898804033408	0.026720477363778628	9.396638633916155e-05	8.629687181382906e-05	9.150387268164195e-05	9.414792220923119e-05	0.0013554977245803456	9.079569445020752e-05	0.020058068013958062	0.0016690952397766523
C[C>T]A	6.94583872586918e-05	5.913762611271522e-05	6.59377510601189e-05	0.01676724326916883	0.00013233476674940904	5.614365577479852e-05	7.315560378629016e-05	7.270441424225282e-05	7.821467753963419e-05	0.1739011973651941	0.05134051479108166	8.981627761386334e-05	7.125092706701252e-05	0.0009857084067334653	0.00037554510272457263	8.1186546049139e-05	0.06492651668231701	0.024971494175906626	6.6180736610022e-05	0.01536099233989745	8.524854856659659e-05	8.508814244123641e-05	7.284799839908373e-05
C[C>T]C	6.441063043915451e-05	5.780176609045571e-05	6.509189229007007e-05	8.057384477737628e-05	7.408353776554577e-05	0.010002792022171558	7.130306112230755e-05	7.65876209243288e-05	0.062449179062605255	0.001603061547484305	7.489526224162546e-05	9.07614768948406e-05	0.001623361377278343	0.0008818163711111993	0.16344215024946607	0.048278540984256324	8.672888543515e-05	0.012742773105856031	7.621864533575717e-05	8.535005472367629e-05	7.966243317127918e-05	8.136885408021044e-05	8.138309285641299e-05
C[C>T]G	2.9500091554379714e-05	5.866067592137369e-05	6.216582832161647e-05	0.937100225687027	6.886520336593093e-05	4.7735134436743384e-05	9.385025477968157e-05	8.130728533615184e-05	7.795409752588966e-05	7.830981791130398e-05	8.415228912781459e-05	6.63403140151786e-05	6.42908757981786e-05	9.070441155927256e-05	6.914865632552391e-05	8.356668598707984e-05	6.842792221988248e-05	6.581131528946572e-05	7.725089202494927e-05	8.131131035042927e-05	7.954190580221621e-05	6.859402421994787e-05	7.519363953178981e-05
C[C>T]T	6.823672816125281e-05	4.210381693749987e-05	0.024986404112610217	5.3266116341370295e-05	8.589847984694643e-05	5.910916941126441e-05	7.79500496264518e-05	7.922585265234261e-05	7.160834597925713e-05	0.0007094380571771808	0.340663806664088	6.03223146754317e-05	0.0016023209565901198	6.920142395756556e-05	7.426728416248807e-05	6.970720312438061e-05	6.997403077093622e-05	6.660175413344404e-05	8.719329671293962e-05	7.310777095881349e-05	6.291551858197408e-05	6.847980746442772e-05	0.04253425386627967
C[T>A]A	8.061995158641367e-05	8.911580844142008e-05	9.166836134681944e-05	8.3805143731297e-05	0.0012133789525250905	9.311201283708214e-05	9.819055921980179e-05	9.342744233435951e-05	0.011180867450457299	0.0018317258753086207	0.0017477269691880792	0.04038687377451424	0.024383883378322934	9.743361806613393e-05	0.0016740093517000787	9.694436303107068e-05	9.421610484423581e-05	9.519803934381344e-05	9.839763806667179e-05	0.00010395391218480654	9.703903051558883e-05	8.543998783352435e-05	0.0016680116546922362
C[T>A]C	8.626804917639674e-05	9.239071623596828e-05	9.272612951463088e-05	8.782439545029774e-05	0.0015297438156267162	0.011220554338797229	0.03381922714688699	0.009205365756497486	9.64661106991116e-05	8.795339545031311e-05	0.001197431573382346	8.896546496544034e-05	0.003517340242251521	0.0013992231550219003	0.0012050029312376865	8.509473460662775e-05	9.724219125928357e-05	9.388042672071606e-05	9.71395980741363e-05	0.034234202840161744	9.573084607836791e-05	9.641705109970644e-05	0.001666352862957865
C[T>A]G	7.340517206912977e-05	0.0105519772732805	9.002135557238944e-05	7.301869654838811e-05	0.0007153145827942353	0.007201052181699197	0.016896528439974644	0.01838661729816522	8.758441617828794e-05	0.0015411330523875221	8.459940031571022e-05	8.509068366038263e-05	0.003612587974930648	0.0009762917616765066	0.021473779552559337	9.488578871241771e-05	8.642957072879653e-05	7.963095704326406e-05	9.287392349506262e-05	7.980480775131582e-05	0.0733339023473036	8.887236181180924e-05	0.02744672043978653
C[T>A]T	8.89687733433675e-05	8.199935618904419e-05	9.502215834800154e-05	7.131992731501668e-05	0.0011309720335702877	0.01819824593148951	9.563549101585523e-05	8.8981629232876e-05	9.560427133692428e-05	0.0018301656033145263	8.854170082486234e-05	9.678214046289213e-05	0.06189240244639223	0.02618486106293858	0.0007715783940511756	8.314448950841324e-05	9.313636837759987e-05	7.589171746076317e-05	9.082447140826844e-05	0.0013497436528268735	0.0516870585612196	0.025476229273044736	0.0007534215701525682
C[T>C]A	8.190487806132296e-05	8.080217694441671e-05	8.125673221002217e-05	9.099135495489463e-05	9.317073127022014e-05	9.135209838859737e-05	7.925691106720478e-05	0.029119914464843077	8.862845133990049e-05	0.0018341572096687742	0.034090082122565944	0.03956648928287905	0.004571406838658731	0.0013986502497573383	0.0001280110052903183	8.717308737686836e-05	9.172901991405524e-05	0.0203529670892749	9.23725514439866e-05	0.0003272565903898794	9.363811259390786e-05	9.137614033534191e-05	0.001660316269772011
C[T>C]C	7.882304385020689e-05	8.63163935719058e-05	7.643931471079668e-05	7.47905267697746e-05	0.0015191812505236158	0.014312317912663275	8.369504757865798e-05	7.917377279227366e-05	8.36419483903228e-05	0.12455196216178592	0.001400043398462003	9.355215006507933e-05	0.003168790722702397	9.213949015247635e-05	0.020423382602993458	8.694489915797021e-05	0.020053219818510114	7.794948770865063e-05	9.005537976918277e-05	0.0013492136113200104	8.145085819819542e-05	9.336864604847506e-05	0.0016547056649983461
C[T>C]G	4.5812734288119825e-05	5.2434341307616704e-05	5.19855130733049e-05	6.721985974891264e-05	8.020739637117912e-05	6.0897039652729745e-05	7.916528065834427e-05	7.105743486022221e-05	0.011271677436237226	0.001820465949458594	6.587364582628652e-05	0.3348719362307747	0.012694423817447387	0.000986427374368759	7.630751899760924e-05	7.768862742523197e-05	8.564610507164617e-05	7.43148312892572e-05	7.953083095344483e-05	6.851534908491885e-05	8.309594034585643e-05	6.547173921944704e-05	0.0007481634778912394
C[T>C]T	7.954320972203277e-05	7.407260726289278e-05	8.606470835275104e-05	7.511848030671287e-05	0.0015290403352992143	0.007195836841441405	7.829443629816523e-05	7.752241263005998e-05	8.178735843102913e-05	0.01705824360542465	7.736571113241553e-05	9.303285623900593e-05	0.0037161470267164987	0.15022696645828545	0.010423522931523621	9.123142481257674e-05	8.496463724441127e-05	0.03949696725685499	9.125196011154913e-05	0.0001721950844512321	0.021006070668227038	9.286010172218084e-05	9.218310988217127e-05
C[T>G]A	9.413017105543985e-05	9.14011376153212e-05	9.565656509948894e-05	8.898736341507174e-05	0.0015333116585679817	9.171107158181257e-05	9.70533990766853e-05	9.6766313072294e-05	9.694425389170647e-05	0.026985489507205786	0.0017530361408716999	9.888358690659515e-05	0.004573366277327295	0.001399746198876528	0.0016767862303822766	9.760765460669063e-05	9.593691283953376e-05	9.569655012455768e-05	9.486421186011285e-05	0.00011264367640251294	9.460289511480369e-05	9.868100823950954e-05	0.01575301816119463
C[T>G]C	7.355332524383584e-05	7.200243763918479e-05	0.04963463137319195	7.42545911975867e-05	0.0015285737285012147	9.11957657081075e-05	9.150246442004572e-05	9.478135325480253e-05	8.991472859634086e-05	0.0018302245680388296	0.0003508439382130746	9.817335158004425e-05	0.0008283896362627274	0.0013968135222967248	9.598567485227249e-05	9.231989515683381e-05	0.025560118767907626	8.800937284831889e-05	0.16717638005648042	0.001350351399014471	8.362856333405943e-05	9.472992896917277e-05	0.0016494460878675454
C[T>G]G	7.088282906977383e-05	7.543124718505379e-05	7.847323390990369e-05	7.967939891386777e-05	0.0007251763665408362	7.79580856061557e-05	8.647098038636614e-05	9.54454364546109e-05	8.917812592699193e-05	8.886490904842503e-05	0.03551489601377398	9.134986612480134e-05	0.0032938069312876904	0.0013902866943595882	7.554061339760665e-05	0.2055941874954442	8.779918207437731e-05	7.813730301222676e-05	9.604083898011595e-05	0.020659825246912077	0.014477734388492536	9.027311534737237e-05	8.208330091292737e-05
C[T>G]T	7.36319058432855e-05	5.530451144538823e-05	8.332447432621848e-05	6.674017333807569e-05	0.33000908606045415	7.924786550574935e-05	9.339735916000791e-05	8.644353583804331e-05	8.544438496755901e-05	8.961247658589855e-05	7.186655934674491e-05	0.014410106488139719	0.0020399095767061224	8.02034703156096e-05	0.0010728294084401569	8.440106685156935e-05	8.393299503950402e-05	7.92933934235407e-05	9.089085579034872e-05	7.984811963979155e-05	6.858605541992802e-05	0.01440066126185684	0.0010742325208411784
G[C>A]A	7.664336310618694e-05	5.696628152939975e-05	0.020038947644934524	5.334072625373665e-05	7.48021504477947e-05	8.239686430897564e-05	8.13489116353594e-05	7.488109422411071e-05	7.095109572219371e-05	8.57054768857779e-05	0.0011873150750034255	7.707979821134359e-05	0.002976147771187243	7.72670701664424e-05	6.87482362081937e-05	8.215238166258132e-05	8.285585781315774e-05	0.009125062130897277	0.401216373401985	7.509796880640351e-05	6.401715154424892e-05	7.422748856242834e-05	7.423941879096674e-05
G[C>A]C	7.740152173365544e-05	8.539328482584096e-05	8.756038751016604e-05	7.755561651947573e-05	0.0011742077484086621	8.288597855425906e-05	9.555482320138254e-05	0.016728371532371965	0.03313454724629992	0.0018354849358729552	0.00035302502219565214	9.900323639158159e-05	0.10369565576256719	0.0014002639341924804	9.24126823520055e-05	0.025560358641087078	9.628261686884798e-05	8.64219760501328e-05	9.445829564356246e-05	9.721055321278981e-05	8.52271306939656e-05	9.754799248185009e-05	0.0016631241433060495
G[C>A]G	7.596157538500848e-05	0.00777434237450052	9.055411574081518e-05	7.297566517081578e-05	0.02611547713201077	7.455821813664442e-05	9.451651712879538e-05	9.495099948253483e-05	9.577932287356817e-05	0.0018257284928040463	7.931445215945133e-05	8.678837239131098e-05	0.0014288075850345193	0.04074039342667675	0.0010513648368942086	9.204768284689634e-05	8.920569434849313e-05	0.059079337740695334	0.010133538696027244	0.0013514164864318445	9.421868817298673e-05	8.400823862757534e-05	0.0016665532057231758
G[C>A]T	0.005079235813900596	7.599866278269473e-05	7.51802144066005e-05	0.013346709819966598	0.0005002457982300257	7.311285904734177e-05	0.15364472732180728	9.530419774819165e-05	8.467693482998584e-05	0.00183059091832547	0.0017333502554151893	0.025821349642501445	0.0012538603309053542	0.0012367287257802674	0.0004913940883852774	9.145048315986059e-05	8.712089397704404e-05	7.931387826829451e-05	8.762304437368585e-05	0.0013414352279141895	9.05624507140601e-05	8.131163776852191e-05	7.735776239883307e-05
G[C>G]A	8.843278883432503e-05	8.347241166291041e-05	9.63440332270693e-05	8.243095639173247e-05	0.0015318772064347285	9.40672485739924e-05	0.011168291564536048	9.722010072437115e-05	0.0646037417180196	0.0018285035706867348	0.0017530383200210053	9.272943680116441e-05	0.0027053325446104283	0.0014008109072165098	0.001675028959289193	9.36050302698277e-05	9.624969607102685e-05	9.38071112614125e-05	9.937787981471047e-05	0.0013480994171004568	9.614962182240561e-05	9.713410690892488e-05	0.0016623322360828751
G[C>G]C	8.530727207016753e-05	0.008379820123758463	9.168892647721804e-05	8.10626785234303e-05	0.034381973284325795	8.432658723904752e-05	0.099199319233594	8.806701134744799e-05	9.636098038754426e-05	9.95208007225301e-05	0.0017563521549163851	8.605510611232603e-05	0.0036878860533761325	0.0013923706845162087	0.0016709305309632327	9.36343985813437e-05	9.033824462676421e-05	9.653815577621571e-05	9.240899235010147e-05	0.01720686008266057	9.549903552397154e-05	9.737358486745506e-05	0.0016619666479527951
G[C>G]G	8.211230733650155e-05	9.324559359811247e-05	8.595713006798178e-05	9.081243915716186e-05	9.386094388901256e-05	8.379014761885628e-05	9.404203337908257e-05	8.82478998391889e-05	8.55616348417243e-05	0.0018223148827928525	0.02266611304221442	8.858081728249089e-05	0.004574552785925334	0.001403486460185377	0.03513703369171708	9.715973355923779e-05	9.495130871073343e-05	9.274981275666505e-05	8.829839813131457e-05	0.06565563692347495	9.686249250080436e-05	9.001375601656037e-05	0.00012804139623767696
G[C>G]T	8.291797075798968e-05	8.523992764821741e-05	8.851156999298838e-05	8.793980814516544e-05	0.0015291745163267477	8.334174217452527e-05	9.857708282652311e-05	9.692738312878646e-05	0.012571985684189713	0.0273061348561896	0.0003520967125950847	8.677368023199961e-05	0.0027100194209197072	0.0014003031072206795	0.0016646166550344788	9.491981181781739e-05	0.12011565864886506	8.992088696686551e-05	9.684058895800262e-05	0.0013536488830141024	9.594677394488826e-05	8.487433769914788e-05	9.191935532726347e-05
G[C>T]A	7.476659120584373e-05	7.492969562008511e-05	0.045069880494846615	6.58507339295511e-05	8.602702400821727e-05	6.578584727776616e-05	8.753776128287428e-05	7.884029510023538e-05	0.04945237562060356	0.0018173580873735774	7.706789385792945e-05	0.04002229717443697	0.001311374574652291	0.11644214129264582	0.017344725271323115	8.391475639655255e-05	0.06478156130979187	7.715780229773372e-05	9.16998127650004e-05	0.00016639095047139564	7.189153759270538e-05	8.436121370323236e-05	0.000849800248943211
G[C>T]C	5.793072273974076e-05	7.5574671063805e-05	0.012668200952612096	4.554029636137652e-05	8.588103664806113e-05	0.014295733985954583	8.036220187932486e-05	9.718729634187185e-05	8.448308399238158e-05	0.001824503971147351	8.157468546414748e-05	0.0792187450624624	0.0012010100101178978	0.015894810873658117	0.049187969066770164	0.07552099267504672	5.709845477763764e-05	8.624578294984531e-05	0.07405707726193214	0.049716852800884226	8.978697551356162e-05	7.160661286320646e-05	7.45751447539078e-05
G[C>T]G	0.8826114594936371	4.771102293805902e-05	4.315329749049468e-05	7.721241981926142e-05	5.7122770408035706e-05	4.56398403317404e-05	6.559437360920128e-05	6.58091267268901e-05	8.622574096079915e-05	5.6442727651528915e-05	5.823400792905886e-05	7.844673218642129e-05	6.814698544985732e-05	6.626578356190293e-05	8.115941363939783e-05	8.103871642219928e-05	6.764680086348562e-05	5.99170115464176e-05	6.0674827375351013e-05	9.319754244643263e-05	8.127167622973275e-05	7.564187744719675e-05	6.690816090682006e-05
G[C>T]T	6.2953826935086e-05	0.00529980900330429	7.407287193927914e-05	5.653054288838888e-05	0.0011164555595314595	5.575636913306426e-05	7.605195214637206e-05	7.211760936769452e-05	8.261613147624303e-05	0.0016890620594494977	0.0003461208922090009	8.750942979531828e-05	7.484894381946106e-05	8.770931344770361e-05	9.883403909043409e-05	0.3678878154074482	8.945603331085294e-05	0.012573710821970962	0.02991709851521591	0.0013256038866813924	7.261410767114284e-05	8.949708244472276e-05	0.00017280490064877085
G[T>A]A	9.146463053184561e-05	9.192428988171741e-05	9.562597406329588e-05	8.530329760105814e-05	0.0015320321246690583	9.2416529514594e-05	0.016926665164646693	9.197204781230539e-05	9.677039270172827e-05	0.0018352272621996236	0.0008318016327393707	9.858019184321165e-05	0.0032256696096737867	0.026186468012019758	0.001675894819345558	9.113395735766971e-05	9.708690922707319e-05	8.879262877599103e-05	9.90622429526411e-05	0.00135607494157739	9.035058828885668e-05	9.888555796351284e-05	0.0016641929381876253
G[T>A]C	9.444881216040813e-05	9.170390912913718e-05	9.485875343671069e-05	9.401243078173138e-05	0.0015326472632295918	9.463619062444195e-05	9.95668102405034e-05	9.743612608872353e-05	9.888393979053944e-05	0.02730853511529858	0.00035520566380000675	0.00010002792914747261	0.004572447151440428	0.00140330845315475	0.0016763963431003504	9.976278961403296e-05	9.73005902778823e-05	9.666299520176836e-05	0.00010013978462666273	0.0013578741127275862	9.911409360938706e-05	9.639990457799286e-05	0.0016688439252902753
G[T>A]G	8.855272935761604e-05	8.567830664105714e-05	9.492714671068824e-05	8.893555641407148e-05	0.0007431542697304394	0.008468452747183618	0.012583592407463585	9.133176718023606e-05	9.115623943216633e-05	0.0010388517308456357	0.001750131011067424	9.557817902532406e-05	0.003900088509908528	0.001045957925816765	0.03639439737671637	0.025213019484726828	9.656516485847532e-05	0.0250828346623166	9.301921672886238e-05	0.0001192212468595244	9.202457658830099e-05	9.411339415237308e-05	0.0016668273558025249
G[T>A]T	9.175313971354626e-05	9.070210508070886e-05	9.5194268214982e-05	8.210701635107398e-05	0.001531257411261322	9.326509170932695e-05	9.844777159742079e-05	9.69565451669041e-05	9.604209481040016e-05	0.0018356719476287254	0.001747944523958722	9.469421784160658e-05	0.004572015464509605	0.00865607002415345	0.0011034397706680466	9.200952481478453e-05	8.857508983055596e-05	9.286372733185999e-05	0.025512967832764844	0.012643151547308662	9.156701344181783e-05	9.76324692601338e-05	0.015167773303255671
G[T>C]A	8.861031747073867e-05	0.007777811107371235	8.12472271718434e-05	8.706790467840619e-05	0.0015175739453297866	7.991439415491186e-05	9.494347250438295e-05	9.063429133675527e-05	8.48327974381391e-05	0.060107389123731994	0.0008280205991468392	0.01692333513747144	0.002949847508534731	0.0011818936836789362	0.0008977882767794654	0.020459370700700676	8.689820206200238e-05	8.276420485344715e-05	0.02007612041415996	0.001353259843745036	8.640702908451204e-05	8.840044029057026e-05	0.00018394699200143804
G[T>C]C	6.683097326458665e-05	7.131357869525346e-05	9.136139196925796e-05	7.394130113880237e-05	0.06826277337095235	8.61066859215498e-05	9.059884541784413e-05	8.117806537484284e-05	8.781043325143401e-05	9.527009897283278e-05	0.016883980799320852	9.560292819514871e-05	0.052953884671141684	9.921662619092331e-05	0.020676488546450857	9.40091944357846e-05	8.650339441373944e-05	7.856419033487327e-05	9.052293717104476e-05	0.001351835406239843	8.258015723185962e-05	8.485051221214235e-05	0.014436922951495035
G[T>C]G	8.383102406810395e-05	8.098350313048285e-05	0.014355495739437174	7.391066186528406e-05	0.0012321350113779772	0.009185424343809246	9.824099033721723e-05	9.104562923312187e-05	9.497182109043933e-05	0.0011337516982166563	9.69351254752837e-05	9.773739802767522e-05	0.002751601343334187	0.0013990051644213962	0.01042897331135464	9.861133439699188e-05	9.60292985837441e-05	8.971865427156444e-05	0.010083807105547748	0.0013561530504375696	0.16525312442681753	9.484786860411987e-05	0.0016651683195959776
G[T>C]T	6.885925531605608e-05	8.152442311200047e-05	9.181657806038857e-05	8.817410416668281e-05	0.013286935750511476	9.238707425538451e-05	9.461494155402761e-05	8.237206566263922e-05	9.570188703946769e-05	8.887449730536901e-05	0.015101041546586202	0.02027154350216733	0.07355633854167536	9.921476666931994e-05	0.0016694044912583194	9.460743167437613e-05	8.733324029890355e-05	8.694181560713332e-05	9.383845826960169e-05	0.001351619257548009	0.01691682548407698	8.346754621015861e-05	0.0004782019248523284
G[T>G]A	0.005330340176442405	8.74549703212324e-05	9.865848114714027e-05	9.080751042347401e-05	0.0014395797770703211	9.265623011742719e-05	9.865204556263052e-05	9.392363535880577e-05	9.832861978793516e-05	0.0018362996466748881	0.010969652108906302	9.437208573217503e-05	0.0045716648157394955	0.0013998629139678088	0.0016751636263506952	9.374971086799633e-05	9.312876609328669e-05	9.560802354826591e-05	9.885099207167514e-05	0.0013568118163675535	8.919271058545064e-05	9.806660818867385e-05	0.0016696242630132474
G[T>G]C	7.873193660543621e-05	7.856438759858974e-05	9.421770155313425e-05	8.5500432066965e-05	0.0015325364052841905	8.402564412790525e-05	9.288693363487254e-05	8.594924147473649e-05	9.673068052507006e-05	0.0018372761493083089	8.912713992685895e-05	9.857492041192018e-05	0.003566808266623411	9.674016619101166e-05	0.14565955275393208	9.533138363622129e-05	8.897758343664463e-05	9.571179834892974e-05	9.609204134903848e-05	0.0013542402703023981	8.981186783785233e-05	9.750848839757964e-05	0.0016580530070314126
G[T>G]G	7.598729516757884e-05	0.007785637942288304	0.016684887562587392	7.55962471885141e-05	0.0005524580883502495	8.990827118395827e-05	9.45198415138293e-05	0.05878710725155543	0.025413393418421037	0.0018326691068068612	0.0017561338128871285	0.02012697198697424	0.0038232624690863306	0.0011784712507505902	9.470734221395105e-05	9.021063451655209e-05	9.4399212684948e-05	7.883723355917027e-05	9.11464016098762e-05	0.0005282209756842348	8.76211486684042e-05	9.342186749563552e-05	0.034814879167970506
G[T>G]T	8.79619114130037e-05	8.38789924273442e-05	8.813120502964012e-05	8.856270505930297e-05	0.0015303695305192377	8.248956341958547e-05	9.853606607066468e-05	9.696234847069717e-05	0.011294635574449785	0.001834307110402733	0.001752283271343913	9.495237609371542e-05	0.002954616406952937	0.000998352115857415	0.0016730823990656063	0.04965438984509092	9.60025230597239e-05	9.215376267093233e-05	9.48058037465671e-05	0.0013496691895852563	0.020220737703493797	9.843644074862823e-05	0.0008975576491138781
T[C>A]A	0.009182511210198826	5.6397117114554907e-05	8.315717677760403e-05	6.244943642741418e-05	0.10074384263843968	8.759822849242482e-05	8.148664219334023e-05	7.356838578971292e-05	8.08346714165964e-05	8.885513234417886e-05	0.0839694037170375	8.420214048783236e-05	0.0016618919323150294	0.00021649877598974853	0.0016677741426974536	0.07339093270238664	0.0202846628015692	7.158026945006669e-05	8.216282349167159e-05	6.583044414583128e-05	0.014469415167195621	8.72620799782453e-05	7.051916398310709e-05
T[C>A]C	4.5803577910419337e-05	6.103676518903756e-05	8.438651457254309e-05	6.497205213236157e-05	0.0007986932422584303	7.884578189987224e-05	0.14825859683805903	6.83112374645134e-05	0.010079017197494978	0.01682940607861383	0.015765391802051453	8.727226049813908e-05	0.0020086636793962497	8.663288354000542e-05	8.44334044813877e-05	9.138269560935442e-05	9.025624785863329e-05	7.230643723232788e-05	8.464092088615871e-05	0.07005378500180086	7.772660563318823e-05	7.33784272426874e-05	0.04000186069083611
T[C>A]G	0.018326939769031013	8.054249301494564e-05	9.007190164993517e-05	8.068217130130506e-05	9.24415209738072e-05	7.780429344848017e-05	0.05633751561545068	9.550001486786641e-05	9.252007293980569e-05	0.0018296260670467746	0.0008193525174647221	0.016925598647503648	0.0027571029656760617	0.027120437693520218	0.0016738307029299903	9.126493096118793e-05	9.400329508935101e-05	8.917938721424435e-05	9.554520293022505e-05	9.587314852979034e-05	9.716859349282459e-05	0.02546856732260494	0.0016653846694680396
T[C>A]T	7.112331027201436e-05	8.040371822062297e-05	8.566168435208965e-05	6.128173745919008e-05	0.03851404294837266	9.522664622636512e-05	9.577626697137021e-05	8.776102113188245e-05	0.025191802949120757	9.039502365340013e-05	0.0017515414518129546	9.327514562755823e-05	0.0032104073125083232	8.653198347019497e-05	0.0016710541043721606	8.789759099272487e-05	9.273390714952257e-05	9.127457742579282e-05	0.0371816053542716	0.00010202514022239484	0.0496494739974878	0.09933988873890484	0.00042257977547706106
T[C>G]A	0.02997079711058177	6.113303926724711e-05	7.856379955057946e-05	7.47945729813182e-05	0.012531589312106916	8.383836084249196e-05	0.03677825771101197	8.832783969410229e-05	9.096490866795648e-05	0.01704383696709897	0.001507621921973623	8.777595066931099e-05	0.002931111986981705	0.0013984835244627903	8.580419432178133e-05	9.247501366189681e-05	8.982851140899583e-05	7.869595076641645e-05	0.020525680959406767	8.704444480827078e-05	0.06178832516379771	8.27746924528583e-05	0.10023506415745942
T[C>G]C	0.02507120727951957	8.688679663464427e-05	0.00838982081654649	7.358356942859246e-05	8.047459749604968e-05	0.03343465440455233	0.045176067104250706	7.731811010671663e-05	7.603008125443012e-05	0.1482254714552255	0.001743815939698834	8.074716206465382e-05	0.011283143412219943	0.0005843836821441073	0.0002666142143425532	8.224990187954972e-05	8.468007763440255e-05	0.01815459630688565	7.236564988488681e-05	8.863682742230595e-05	8.039439189815312e-05	8.530115737812594e-05	0.0008934516528825043
T[C>G]G	7.945252607441944e-05	0.023196110535718618	9.407245452166534e-05	7.890518318163232e-05	0.001523738631658489	8.027448348002508e-05	0.016921187507978174	0.08294218919581908	0.01256803083451814	0.0003720043307112064	0.0008304772803967353	9.049134532688186e-05	0.001774499127350282	0.0013930179833550938	0.020440016654174543	8.341880966327153e-05	9.076625065063126e-05	8.374131430173292e-05	8.972113191703101e-05	0.0013453467610816006	8.490841400998761e-05	8.648656075820327e-05	0.0016617888748442055
T[C>G]T	5.7491177267365855e-05	5.2623440114984985e-05	6.0304577834813246e-05	4.839535119597061e-05	5.871053624559863e-05	5.004687382950124e-05	8.06266540166689e-05	0.5802759904836421	0.014296608919539721	0.0014144968132313806	4.711514161499508e-05	7.628138348110269e-05	7.3730098259972e-05	7.441020927672071e-05	9.180723573081196e-05	8.169146958607598e-05	6.72822834985709e-05	7.208662427728995e-05	7.259730409714393e-05	0.037484681005457786	5.72558756397612e-05	5.668041999342677e-05	9.391671887897246e-05
T[C>T]A	6.926752066114262e-05	4.062962216917487e-05	0.6303917683231702	5.049738690381389e-05	6.195428675255243e-05	5.0249926435341764e-05	8.17116946564056e-05	7.961422052176204e-05	5.741681599147341e-05	7.469154186878768e-05	8.52526777634921e-05	9.529380913591013e-05	5.791531277026252e-05	7.392425900434318e-05	9.44575083849486e-05	5.476536863397996e-05	6.962750145191876e-05	5.239756943637985e-05	5.738407799498191e-05	5.490712115374663e-05	0.03623544716720204	8.555399726901669e-05	6.729914184688823e-05
T[C>T]C	3.420952150676726e-05	5.4913585003824036e-05	0.03985151928183086	3.2693322342858264e-05	6.770515022083145e-05	3.985544002615346e-05	8.042314693739172e-05	7.808766386006028e-05	0.46013756986212684	6.580401040992e-05	7.055055995124349e-05	7.111055146111767e-05	4.840677397316265e-05	6.662034667357375e-05	6.398554130804257e-05	6.378992561337782e-05	7.697418651844145e-05	6.535839418120304e-05	7.862737857067259e-05	7.359351511695422e-05	6.027850039913574e-05	6.841494986247199e-05	0.0004151803936110809
T[C>T]G	4.7471158483203266e-05	4.011380298168379e-05	6.687493690833435e-05	5.140468990703084e-05	4.84483622017251e-05	0.8183609843254089	8.354917795827532e-05	6.84749215125624e-05	6.835339734152512e-05	6.887463241582737e-05	6.164476383219153e-05	5.7027538662790535e-05	8.030564385990147e-05	5.881274572416828e-05	7.729152948741103e-05	8.750012711971067e-05	6.98678707522049e-05	6.503052760500338e-05	6.0427716653066456e-05	6.932399671768507e-05	4.0394109237240625e-05	6.958083392873959e-05	6.251606639580131e-05
T[C>T]T	4.656816774684103e-05	4.140790571653952e-05	7.630293837337376e-05	4.8374832992023044e-05	6.48499763883592e-05	5.358691569909979e-05	7.639652735633718e-05	7.072462913129129e-05	4.3009087335121876e-05	7.228535323520192e-05	6.296566566561523e-05	7.233106821331603e-05	0.0001662602831057569	7.489763738703914e-05	6.660132839897415e-05	6.88326177169074e-05	7.549343049504387e-05	0.6954006016254425	6.358073253522888e-05	6.82739871308513e-05	8.40205539134331e-05	7.67400346148861e-05	8.17829809150572e-05
T[T>A]A	9.246358022210188e-05	9.227943810401485e-05	0.0102021127124317	8.975889286375605e-05	0.0015333297415054403	9.312412439612671e-05	9.901195226120762e-05	9.222251101164148e-05	9.691212981124408e-05	0.0007982641807757318	0.0017529706397908739	9.486872186244e-05	0.004113072016480146	0.001399716760352021	0.0016758192054112443	9.228020862792619e-05	9.772677003638819e-05	9.371228370582684e-05	9.558250603731721e-05	0.016808196892088744	9.266512861358934e-05	9.883691018330865e-05	0.016451915392826776
T[T>A]C	9.139172834693454e-05	9.066122147487477e-05	9.418822519364767e-05	8.498362367390656e-05	0.0011748703829653096	9.055370319401845e-05	9.895859766402282e-05	9.080260424525477e-05	9.65285100392066e-05	0.0011326553380058614	0.001756385296175722	9.496090060565621e-05	0.003223248624271946	0.0428468353493372	0.0016755242373619693	9.086229592867313e-05	0.02005516830686247	8.929036757763243e-05	9.634720117901452e-05	0.0013565869761805517	9.096571302507073e-05	9.864057938102633e-05	0.001666218165337341
T[T>A]G	8.308590977321729e-05	9.423933151992969e-05	9.263540923711843e-05	0.012567303524701857	0.0012733360315905883	8.904302630980964e-05	9.382377829751931e-05	8.868424729371326e-05	9.236715086444747e-05	0.0018366989890637342	0.0017526304887724108	9.642484146752395e-05	0.00305121034689364	0.03442833776061889	0.0016722030224627816	9.741616086103022e-05	9.669365099398419e-05	9.603799117030576e-05	9.465634357184172e-05	0.008367502702094498	8.78880416166794e-05	9.68701351666823e-05	0.0016660529843647964
T[T>A]T	8.689337355463067e-05	8.710604997759219e-05	9.31677313928958e-05	7.455313639184168e-05	9.189370830426924e-05	7.566538525978217e-05	9.476423801970668e-05	9.184212321997621e-05	9.132371997111477e-05	0.001833116274428903	9.595040610292927e-05	9.145406820607605e-05	0.004574293287441833	0.06667813570893485	0.0016730003342672716	0.03312536287703551	9.763831985765137e-05	9.381865020259283e-05	9.00513952728943e-05	0.018073730151127166	9.529089948046021e-05	8.759000720601762e-05	0.001116041586828942
T[T>C]A	9.624167141737416e-05	9.109148231800646e-05	9.832195864873938e-05	9.280488520744257e-05	0.0015266571448592004	7.655689063170711e-05	9.844022133620456e-05	8.747700427989003e-05	9.591830530553125e-05	9.93371540971566e-05	0.0017518341683171457	9.771162149263546e-05	0.0030414914353968925	0.001401766060735099	0.13884456858286284	9.730873935041018e-05	9.705568663775921e-05	9.35941599891521e-05	9.880994330160319e-05	0.0013482529084285488	8.643013134133071e-05	8.892979503798415e-05	0.0016616878783679567
T[T>C]C	6.631509558090443e-05	8.102350657281931e-05	8.590818506490905e-05	5.985300024455853e-05	0.0015228820360789542	9.336448929389007e-05	9.721879468997941e-05	7.80780371187072e-05	0.08211310294614123	0.0018238271820621322	0.0017524397699162364	9.285279993491713e-05	0.012137055959908239	0.0013897231026930967	0.024857257149778888	8.770029380684718e-05	9.365582518512383e-05	8.582365958318406e-05	0.020531148643931373	9.930343585438096e-05	8.50485397677403e-05	9.704186086310074e-05	7.654222820787648e-05
T[T>C]G	8.13589427707484e-05	9.300953170168213e-05	9.225838548445608e-05	9.246819754480385e-05	0.0015285531833796994	8.942186068452428e-05	9.397136491315906e-05	9.117438094108365e-05	9.044955368153751e-05	0.001038011258788174	0.001745784862578148	0.037357345813506984	0.0030520833068294452	0.001400372421630891	0.0016717851227440405	8.913498058973345e-05	9.567056986270472e-05	9.445004761801101e-05	8.628970945210313e-05	0.008365204746405652	9.326629369752482e-05	8.998592747957445e-05	0.0016658820532029495
T[T>C]T	8.015677485673223e-05	9.009640634758398e-05	8.76612506544916e-05	7.625400630786316e-05	0.02189033842787467	7.571797104901634e-05	9.188219992211089e-05	7.373453062218815e-05	8.137878376146546e-05	0.10679385756739065	0.0009107710238822619	9.28052562812809e-05	0.0014296180619112419	8.316504499816801e-05	0.0016686764072801452	9.368296523462049e-05	7.699744974161149e-05	7.536951088695786e-05	9.05061373487115e-05	0.05255595642229309	7.851885991385643e-05	0.022319585721561452	0.00018401781017018948
T[T>G]A	9.33304450882133e-05	9.055195478140377e-05	9.898537900880911e-05	8.909401076380163e-05	0.0015333910945628305	9.473791942582466e-05	9.965897697838955e-05	9.739629604155198e-05	0.03469151303943363	0.0018341171748033958	0.0017569165771419647	9.685074619483202e-05	0.0033003572665620596	0.0014026622149685864	0.001676940076140454	9.72082736552693e-05	9.741960166138597e-05	9.530961542623118e-05	0.00010035180603154003	0.001353329248377122	9.784302892512642e-05	9.883864622679539e-05	0.0016673283447744326
T[T>G]C	8.666672438266687e-05	8.811137631710153e-05	9.923728066496551e-05	8.82920969161205e-05	0.0015308959307731129	9.438272609259002e-05	9.21490638575051e-05	8.35576784083969e-05	9.477923667873256e-05	9.797275706660002e-05	0.0017499406467322842	9.538750236970372e-05	0.004574312669865322	0.0497535286405764	0.001062668675876921	9.882872109301388e-05	9.728967925184406e-05	9.334228598163463e-05	0.010136674966634018	0.018642365466803312	9.745436618686653e-05	9.498594517935999e-05	0.001667796193214599
T[T>G]G	9.734864797792398e-05	9.569110043230466e-05	9.939607552951202e-05	9.43189748795703e-05	0.0015337149168772157	9.452952508581802e-05	0.00010001657283282838	9.763170601218008e-05	9.901697630994022e-05	0.0018380059576884379	0.0017579832834599073	9.942485776264221e-05	0.004574072366813198	0.0014030902937520295	0.0016770361326052807	9.91374283330515e-05	9.795631558517925e-05	9.666635232861154e-05	0.00010047707837657072	0.0013579363760072738	9.804028304642998e-05	9.934447662089952e-05	0.001670550705603091
T[T>G]T	6.926014513055633e-05	7.890373149166408e-05	7.719826953689335e-05	7.20306086122946e-05	9.027849846461322e-05	7.334143565458362e-05	8.703632672677487e-05	0.01832830718740297	9.169844415737315e-05	8.160096786014037e-05	0.0006207553552023626	0.17501569435480632	0.003054708732815925	9.415617241756991e-05	0.0010736056552559602	0.03310395580663668	8.851328529999592e-05	8.324589089170331e-05	7.397638637485215e-05	0.0013379860834120904	7.817583900759928e-05	7.171116025119772e-05	0.0016630682155664544
