MutationType	SBS96A	SBS96B	SBS96C	SBS96D	SBS96E	SBS96F	SBS96G	SBS96H	SBS96I	SBS96J	SBS96K	SBS96L	SBS96M
A[C>A]A	0.013711803522892297	8.241684809036087e-05	8.773267109063454e-05	0.007926545441296184	0.020775189767164193	0.00788057174104324	7.96899083070457e-05	0.018041633256871137	8.606438932474702e-05	0.022322382894344628	0.008462826611207674	0.028747482121980285	0.00012772395493811927
A[C>A]C	0.0048142804127564885	6.994032200964284e-05	7.215820223791525e-05	0.011655117545160465	0.017710640987206715	0.012140111279586563	0.046512586224707775	0.009949838764805463	8.309989605095324e-05	0.00036322957065522133	0.04884225853238604	0.04360491919724154	0.0003685946850964683
A[C>A]G	9.319164309999906e-05	9.519202722003683e-05	9.136684311670252e-05	0.001346155980718322	0.0012836541296564973	0.0010908222255238797	0.005741051756922388	0.0023644576947845055	0.00010117262354469858	0.001873660463024862	0.001298534272791585	0.010478875913395313	0.001362486730067758
A[C>A]T	9.120764516410418e-05	0.006840266714425525	8.859646550263278e-05	0.0023601072156452575	0.0012849350270698779	0.0010810044173922505	9.45238301937934e-05	0.0013988892525958363	9.851976865320467e-05	0.0019113605056190863	0.007951305035385303	9.442573245905805e-05	0.013060189364114193
A[C>G]A	8.437456181127345e-05	8.432142894889693e-05	7.661310679076827e-05	0.0459001874558453	9.214803649228997e-05	0.0010811599306180142	9.262767853215336e-05	0.010114974169846391	9.191837093567302e-05	0.0014407439419301226	0.0012921398934850003	9.265229746233672e-05	0.008379452143708476
A[C>G]C	8.647281101730187e-05	8.873754377418664e-05	8.83928471012041e-05	0.0013401821503066457	0.0012759421249938895	0.0010827033191162627	8.938572427723557e-05	0.026819404768320964	9.935578564181923e-05	0.007050385649199598	0.00129218792062602	0.010474018980312394	0.001357870730862487
A[C>G]G	8.310491866723169e-05	0.010628950596219511	0.005976101268606726	0.009225322469137608	9.39216959523037e-05	0.000320568560709944	8.454844282823615e-05	0.03690592675629887	0.027270780567778274	0.0003835157200228423	0.001070876361336559	9.898506759782321e-05	0.001002052422700217
A[C>G]T	0.006738316265727917	8.053386154642795e-05	7.739579741610214e-05	0.009264884267759043	8.721972053535865e-05	0.019586558455921478	8.180773402273189e-05	0.0486158619831258	8.457706280751154e-05	0.00034256315702805293	0.03801855808342225	0.01148296136125282	9.294338669860736e-05
A[C>T]A	7.248382590319125e-05	0.015098828289887933	6.811267535278718e-05	0.00036975189650547693	0.06773632119538035	6.13794401033374e-05	0.022380204520959523	0.0007136096711064966	6.915702442711336e-05	0.039407267428759954	8.458465706553397e-05	7.102805552676728e-05	0.12739351208165317
A[C>T]C	7.766196103551338e-05	0.0067971285593557695	0.005343895656551467	0.001152160457422724	0.0007477642633602954	0.033915325155612665	9.565462896716781e-05	0.01682243953255238	9.587553722667508e-05	0.00898598363783094	0.0012912655914988137	9.253152093151585e-05	0.033134307340515076
A[C>T]G	5.113510762013718e-05	0.7038971722126007	7.073168085298675e-05	5.31907680851873e-05	4.06872371144118e-05	6.787055372114992e-05	3.440016958400349e-05	6.960431575535609e-05	4.7785465959471193e-05	5.234459123464319e-05	6.234480046227731e-05	7.129597361199558e-05	6.160236129630903e-05
A[C>T]T	0.013711937456832857	0.005948038476708462	8.627175484434701e-05	0.019169016895466483	0.028841688433021772	0.03296762555182795	8.171310073521454e-05	0.0012097694612748454	0.022311641476972	0.00030589343441533856	9.124294520006515e-05	9.732293401611968e-05	0.000941875675925985
A[T>A]A	0.006324501798917481	8.762182696955278e-05	8.824787619232666e-05	0.002355448259822879	0.0011442241324402858	0.0010802608380345192	9.343629499198869e-05	0.0013284338572702836	0.010621945303864778	0.00015193880317383447	0.014409530285047368	9.658576163928956e-05	0.023202683465206063
A[T>A]C	0.009174000983512088	7.141234782466199e-05	7.521340503444663e-05	0.0013357655006984714	0.0005287046458761324	0.01288351499433702	7.933978123304541e-05	0.03430672575268545	0.031936272942402866	9.173843573080376e-05	0.0004310023708967492	0.05498496678046649	0.0010804534744238482
A[T>A]G	6.515243649118929e-05	6.401187158644461e-05	6.501650914287893e-05	0.011613504691880428	7.817018631612882e-05	0.011870564282116903	7.09264786564745e-05	0.0005366607321775519	6.497459563519215e-05	7.672226292925189e-05	0.0012752708380503464	0.030667524855743977	0.15162182491476414
A[T>A]T	0.0046957980317529294	0.0048469925743120255	9.546360524836928e-05	0.002214033876225585	0.0012855038447014521	0.0008517894850228914	9.704412004793995e-05	0.0014106375332630706	0.00010104167013196275	0.0022093789943028242	0.0012988539128855336	0.011807251214486314	0.0013625617895741016
A[T>C]A	0.006314863233092183	7.181045912147965e-05	8.01652447989909e-05	0.0003978141801781021	0.0011318908640532755	0.05336485438456293	0.01578153237896913	0.048196154720062626	0.012696047623467165	0.006988609572727	8.0372991214972e-05	8.746167877689004e-05	0.0204769381263759
A[T>C]C	9.126526565523818e-05	8.562446091673337e-05	8.741442634345731e-05	0.0013578383768617641	0.0012769097958880594	0.0085480086170719	9.109741949941963e-05	0.0023575286020786736	0.011877757702677627	0.002207984619599301	0.0007449222454852134	0.00010039829940069466	0.02610831705314922
A[T>C]G	7.409542414719217e-05	6.399240656094208e-05	6.42939293584277e-05	0.11714627943074447	8.501437914674171e-05	0.02927116779824246	7.314472964026209e-05	0.0012967359861249862	6.883742894387978e-05	0.001144635962191387	0.00010393015254521743	6.637624710492673e-05	0.028073592192777143
A[T>C]T	7.040476157271769e-05	0.01061539702091352	8.520686460542493e-05	0.059582496498205725	0.11121174060281191	8.07962618637248e-05	0.01610871021548519	0.002027492964407429	7.205946494650561e-05	0.00016349300858564675	7.527596062573139e-05	7.99799570813775e-05	0.0009959201119272621
A[T>G]A	9.197137187584303e-05	8.874314953573048e-05	8.843042633088771e-05	0.016628725608461535	0.0012836294779845047	0.006622605874872534	8.67976137669757e-05	0.0023547736840555445	9.996513181249611e-05	0.0022068827158364	0.04775917820807081	9.763209382072092e-05	0.0013600931830296758
A[T>G]C	9.722367030917667e-05	9.591149064362981e-05	9.586395826772786e-05	0.002367206523922505	0.0012874814325186889	0.0010924329384579324	9.774312784429639e-05	0.0023658672558667603	0.00010230285915895365	0.0022103243150922935	0.0012992782321816776	0.00010364808404119685	0.0013636034535011276
A[T>G]G	9.722367030917667e-05	9.591149064362981e-05	9.586395826772786e-05	0.002367206523922505	0.0012874814325186889	0.0010924329384579324	9.774312784429639e-05	0.0023658672558667603	0.00010230285915895365	0.0022103243150922935	0.0012992782321816776	0.00010364808404119685	0.0013636034535011276
A[T>G]T	8.741792295046125e-05	9.398777256137691e-05	9.462451344006695e-05	0.0023661429222556762	0.001286409515159903	0.04092225197528023	9.712096361909061e-05	0.0023648269227123818	0.0001004092577204574	0.0018041398994682822	0.0012977130121726078	0.00010234589426545426	0.00010249823317280971
C[C>A]A	7.125354968593456e-05	0.009586599767135339	6.550176367454696e-05	0.001036435135983993	7.103465045474878e-05	0.009737978127213864	7.866062342145596e-05	0.00813840475238976	0.00843339509915495	0.002198885495454306	0.0010217154387646588	0.0211665303184418	0.054962778149638326
C[C>A]C	7.832189803593791e-05	8.012780463104719e-05	8.051664663071279e-05	0.0023624435285455546	0.0012730324495350942	7.692309154663234e-05	9.248000424122438e-05	0.002354859842307633	9.146692609647289e-05	0.0011544876026164275	0.023425331400721915	0.0248517911525596	0.03313317567735794
C[C>A]G	9.30046990106348e-05	8.90616782271536e-05	9.344417485408485e-05	0.002351545845522196	0.023793083944474346	0.007372636493164464	8.933801545936148e-05	0.0023601785556820686	9.381918425788172e-05	0.02754314447010984	0.0012933436359162443	9.588356369931717e-05	9.974725107895211e-05
C[C>A]T	9.31846043386031e-05	0.005958915575320134	8.761153731029481e-05	0.001364908706091228	0.013247735024924623	0.00788916417513974	8.967729008872994e-05	0.013560533185227541	0.017137511695182184	0.01472023885944509	0.00042911335549433716	9.6815315191634e-05	0.007929147664253833
C[C>G]A	8.929098112275824e-05	8.686331457283814e-05	8.921234621084295e-05	0.030908870689745526	0.007755543140228837	0.001082521576245199	0.007216662032806198	0.002156801307137357	9.921404198394157e-05	0.0022065185970859603	9.506711721769534e-05	0.010466914710923448	0.0004522789502516389
C[C>G]C	8.388887290493585e-05	0.01262188466948828	7.740464425296523e-05	0.021051547691968153	9.428167650185059e-05	8.830502047203481e-05	6.950789452275785e-05	0.02898792091946234	7.50317564325087e-05	0.04046476466319291	0.0010393773183750455	0.04412169291099417	8.161005228828344e-05
C[C>G]G	8.748349337110995e-05	8.205253252526745e-05	8.626598573755473e-05	0.013801519162370823	0.0007487561510060914	0.0006929800809302832	0.014664862196150352	0.0023601207954925484	9.632076325942762e-05	0.0019733868728508243	0.009131160237302538	9.892615271382965e-05	0.008379741723911139
C[C>G]T	0.008445815299637616	9.265681146644055e-05	0.010283807384621469	0.0020839358833489975	0.0012832109721784945	0.0010846052420674824	8.680035222141669e-05	0.002362669316062238	9.990693142754025e-05	0.013985704550577793	0.0012970774558198172	0.00010108236165251583	0.0008165057042788249
C[C>T]A	7.999161193765758e-05	8.597749329055659e-05	0.03895561542718582	0.02918014893148211	7.34892935724929e-05	0.011888262912179925	7.470078116966761e-05	0.000545327493455261	0.02195923237036368	0.06554682243113348	0.03800192072085338	8.982191247923766e-05	8.391454484808491e-05
C[C>T]C	5.7031515893868345e-05	7.667343779758085e-05	6.944071507177795e-05	0.01453381191022345	0.0007339048956055194	7.156129217946727e-05	6.717717442370486e-05	0.00013213153870310633	0.0829746226365387	0.03347223637174466	0.009126409377495292	8.533048840035918e-05	0.028498871861665977
C[C>T]G	3.940145335263878e-05	1.9773926606792003e-05	0.6828740775585175	5.648352259868261e-05	3.4132299037992195e-05	7.83388728450518e-05	4.355781048968055e-05	7.581607169413474e-05	5.028521259191621e-05	3.59867212623044e-05	6.22958719759481e-05	6.38514722822947e-05	6.202605310168252e-05
C[C>T]T	7.319369487959193e-05	6.554559440701269e-05	0.020426841149135556	0.006824929586582584	6.209300972841447e-05	0.02490312722700878	0.028575641942370566	0.04548714436459704	6.465935598498618e-05	0.0011304516203381354	8.72743994477787e-05	0.051527682146115694	0.030548104137415065
C[T>A]A	9.39958255912643e-05	9.431440485059283e-05	0.010141156255849637	0.00236525781583623	0.0005448309646453708	0.00109088410899858	9.423425362911075e-05	0.009574386206077179	0.00010061227440019138	0.002208946380415	0.010402710906782886	0.0001020244941173587	0.0013611591566586867
C[T>A]C	9.433039303985424e-05	8.89538994670147e-05	8.999899837363046e-05	0.0013727865778491832	0.001283649388642516	0.001085432600666536	9.130599137279205e-05	0.011060221013030969	9.769416283234023e-05	0.014805501244700281	0.01652525931276614	9.918630385072902e-05	0.012627627825713717
C[T>A]G	7.320441100091556e-05	7.780515261401888e-05	8.472604713460896e-05	0.001342281965435177	0.0009039520173246274	0.0068776975317632605	0.012713320558395936	0.0006833399274910334	0.05452568617838551	0.0007354200755798956	0.016768337049143156	9.617546311346814e-05	0.04427263807010604
C[T>A]T	0.004687301016019774	8.787624028627761e-05	0.006036586479604011	0.000122279462084407	0.013348375425630365	0.0008479159565467853	8.330795099027455e-05	0.012554233329137788	0.01679369752164348	0.001140875915734796	0.0007845640888263006	0.00010239764378638938	0.03309935725701507
C[T>C]A	9.192573561449535e-05	8.520380579284393e-05	9.153335558949038e-05	0.0013529988427762873	0.0012776406816556118	0.010739181375538465	9.136072039837018e-05	0.0006536362794577144	9.139403773588129e-05	0.030859842776408186	0.018315102268388728	0.021983335218101273	0.0013548225877457298
C[T>C]C	8.705293585080654e-05	8.295153929793742e-05	7.35801590394658e-05	0.0013341548179596429	9.64618389843963e-05	0.0010748743647127413	9.246553745470009e-05	0.04458370320207905	0.006527064018700912	0.0011561843886738643	9.904912003548816e-05	0.07049860935974266	0.0005730203243729193
C[T>C]G	8.140501293726343e-05	7.022815548283213e-05	0.023624748410111352	0.010576114395371405	0.007101912775985398	0.0007150469948101091	7.763121247990057e-05	8.668676346132998e-05	7.872326996221091e-05	0.008102133507782128	0.0003928284524590708	0.1529824919802195	0.0013496108644176275
C[T>C]T	0.006748269302988774	8.39180331240641e-05	8.805710422166158e-05	0.019256972082075663	0.0012733089541143272	8.873429469531402e-05	8.74123190442333e-05	0.01612983978993725	0.028836470652458958	0.000279771182249533	0.01924949944659602	9.530094466754235e-05	0.00057081700724666
C[T>G]A	9.660333962528967e-05	8.95041273906827e-05	8.828925147099653e-05	0.0023622756732947893	0.0012750636968121398	9.840109123615548e-05	9.279795558541082e-05	0.0013405150413746015	9.413438237970695e-05	0.013784798426786437	0.0012851147997935187	9.962957992684096e-05	0.026110008497926173
C[T>G]C	9.302850085077808e-05	8.971377028501592e-05	0.006029725249391049	0.0005972371131065301	0.0012817807553801685	0.00107762953684869	8.792865010036622e-05	0.016820049811212812	9.248018905054778e-05	0.007822284409485292	0.007948357980058062	0.009370256800548305	0.0013559698625613236
C[T>G]G	8.59551333633135e-05	0.02598394649103284	7.810930255800486e-05	0.013484257012169109	0.001269145924197801	9.179834778478835e-05	0.00550807383551728	0.02236272693844512	8.812743944872637e-05	0.0011476888503239024	0.0005540457015740686	0.02485814895844669	0.00037766954701510256
C[T>G]T	8.442044018011074e-05	0.02112733366120665	0.011978784853272372	0.015499847545288502	0.0008228512484492967	0.0008926496546337148	0.01747531023574993	0.0013350323366466909	0.0219236869001179	0.0016502816280990374	0.008813372939039254	9.504943009233102e-05	0.0005339661845937371
G[C>A]A	6.839722337751153e-05	8.147029293468223e-05	6.369777188095906e-05	0.05425626655705855	0.02277009903191356	7.75153844060128e-05	0.01090623172776759	0.00048443287960253656	0.011197390636584714	0.01678362305756309	8.419359364779666e-05	0.10020625840479624	7.67440583501866e-05
G[C>A]C	9.430075806449167e-05	0.0073244477047410324	9.480386506766081e-05	0.0021428651562018786	0.001285729984374484	0.0010923522218945435	0.014324359116289997	0.0011658474591968115	0.010203025790542598	0.0022083259784267282	0.0008776720816968009	0.00010058950210805051	0.0013634034847200382
G[C>A]G	8.528403104719473e-05	8.276230892079184e-05	9.236104815499858e-05	0.02915961512408103	0.0007725427396508167	0.00833898382334155	8.822587369650137e-05	0.002355373343016254	0.008431105857616217	0.001148307096809731	0.019198325557954376	9.342408666270784e-05	0.02109231551658013
G[C>A]T	8.393452662858181e-05	7.928376835479867e-05	0.04120147745488793	0.0016009833576390519	0.0007072304466419155	8.987240980786737e-05	8.606909250374883e-05	0.0011503927133162505	0.048999250427368676	0.0356945171886764	9.881213118205779e-05	9.065322083188221e-05	0.0013517634062736761
G[C>G]A	9.556601216900162e-05	9.174629085464402e-05	9.362845303257927e-05	0.00113713082682807	0.0012874505926447454	0.001092868704290595	0.011377801836715662	0.013750172878644662	9.718288602016401e-05	0.001540862858382752	0.001298909861361608	0.00010132826573681087	0.0013620739067846444
G[C>G]C	8.586556143130863e-05	0.006841449580679182	0.005116657220060006	0.010099485472164816	0.0012863309901149477	0.034115675968496365	9.632224173401482e-05	0.0017124897123721894	9.98529198113829e-05	0.001912333812651923	0.001298102249711519	0.00010038845794042572	0.00010111436422448606
G[C>G]G	9.310572640970349e-05	0.011822420553653502	0.013778118338086643	0.002359432451339671	0.0012801862765627447	0.0001717686820484232	9.21633982216008e-05	0.0009620176650059875	9.62793805229012e-05	0.013782315416756319	0.0012906361211207696	0.00010141979582840576	0.0013618766570289154
G[C>G]T	8.889079945220146e-05	9.016948897624388e-05	8.673638149048202e-05	0.0007489573610655498	0.0012806951439415571	0.010257169306714786	0.02670590743146022	0.002357341566676041	9.71536836004816e-05	0.001167476775299292	0.014402327478455846	9.386606543557719e-05	0.016470465076417896
G[C>T]A	8.091024647001177e-05	6.678838866776004e-05	0.04166974010268447	0.0079732571285831	0.026060820075826996	0.02097922564989858	7.403474010629907e-05	0.00011333015681884717	0.01859595939768042	0.0805026110563631	0.0006279154601315895	8.15962441265583e-05	0.023683945709490218
G[C>T]C	7.935381672723452e-05	0.014398549488142797	0.010597355875049175	0.07792872829231783	0.050245922238536876	7.341671816902817e-05	7.175971059041331e-05	0.00747427266833256	7.486873655579985e-05	9.142735725617968e-05	9.263476458727382e-05	8.806325131445192e-05	0.011439147062628763
G[C>T]G	0.7815685212612152	3.980761300681479e-05	5.3937553457217294e-05	5.966193855329038e-05	4.559028572685975e-05	5.713680684493738e-05	5.501789491972886e-05	5.937667019679793e-05	8.138596240314655e-05	1.912573905968884e-05	7.013112481217832e-05	5.7336431109433764e-05	7.362181841017446e-05
G[C>T]T	0.024824413504211405	0.014061052581382683	8.006123043742263e-05	0.0010151167327421718	8.091503295872826e-05	0.000691762152564479	0.006901342900710006	0.0022662465788016563	8.836681536195101e-05	0.0657350803645386	0.03794056203641958	9.653736342443153e-05	0.00012561646653921343
G[T>A]A	9.604333463357762e-05	9.390164632350206e-05	8.966304521891288e-05	0.0013421067997114733	0.0012854285363573582	0.001091205620468827	0.005740865805273642	0.016824699222343042	9.92885157756973e-05	0.0018728952149103862	0.001298266922822222	9.654518180468585e-05	0.001362194159446517
G[T>A]C	9.723957700771279e-05	9.525110945105553e-05	9.364290526718833e-05	0.0013741137030592655	0.001286757961497642	0.0010907546420639846	9.580884070601315e-05	0.002365153417485999	0.000101574224390788	0.015572481162962504	0.001298048569879029	0.00010218637762591243	0.0013633062881126534
G[T>A]G	8.946535926952492e-05	9.025110775837675e-05	0.01530267496345914	0.03268613751861267	0.00026650310610421	0.0010849838086869567	9.362942801089957e-05	0.0012404269553371705	0.010617846947570796	0.0011890122346812858	0.0012974097415280994	9.515926067251712e-05	0.0008160936304193456
G[T>A]T	9.429974743397906e-05	0.013488813562435097	9.18306817766279e-05	0.009786095412709982	0.0007499398867366836	0.0008962752261140849	9.489280491834507e-05	0.0016769608067988885	9.925378544721753e-05	0.002207904151873663	0.00104961748002097	0.00010123262254637666	0.009192223526770248
G[T>C]A	9.297463402617723e-05	0.006764768564971746	8.852020255289972e-05	0.0010650188978615915	0.013244489126373082	9.293171751778573e-05	0.011176848371542291	0.035366045179398495	9.297987271565944e-05	0.0022040083204046823	0.001038857749881572	9.330781977041624e-05	0.02303922297869576
G[T>C]C	8.993898445623927e-05	0.006832419422789826	0.005979244707123144	0.006856746503035538	0.01650214537876309	0.00073286812112201	8.037527586566285e-05	0.01342675724226865	0.012707561106435606	0.0019061847298871726	0.0010667872724297923	0.011488548883062322	0.0001036559187923558
G[T>C]G	0.006915367817055085	8.546300014131703e-05	9.258231802959927e-05	0.0001047920151904691	0.0077583372825756666	0.01897920186711417	8.705313885002398e-05	0.0017175019551359584	0.010190498864176334	0.0017404724545485805	0.0007898144518549089	0.031025547095487126	0.00045135803447919897
G[T>C]T	9.35159441723954e-05	8.700162652530707e-05	0.006959857309993822	0.0013969523475680034	0.0007461097040504683	0.007902490592096	9.389247788931243e-05	0.001719924209464807	0.022817154709628085	0.0017822325935412664	0.018869925613398664	9.9989721638849e-05	0.00010864225550903939
G[T>G]A	9.545449574943632e-05	9.391636922373436e-05	9.610934648662806e-05	0.0013582011531980242	0.0012819237112125848	0.010747515827824827	9.285436608479359e-05	0.0012597467626619618	0.0001008611376164481	0.002209379382111365	0.0012959403851709795	0.02566498995074653	0.001361139973596437
G[T>G]C	9.167331882053986e-05	9.049771724676248e-05	8.197298505057959e-05	0.02901783735724166	0.007838485106549341	0.00108789721125504	9.554680727887898e-05	0.002359377488028258	9.070524665730773e-05	0.0022058954629756043	0.0012922067457111553	0.010471567494460033	0.0013622699421830474
G[T>G]G	8.703828352736309e-05	8.846937780617736e-05	8.538614583812887e-05	0.009225503523884982	8.975855221251549e-05	0.0003170094634697307	0.006381269228222663	0.008142760233022272	8.811435145616997e-05	0.02260574915489997	0.03967498635566926	0.011484974648192292	0.0013540093896153849
G[T>G]T	9.421729992027394e-05	8.84895351191517e-05	8.97925656317966e-05	0.001133939180726884	0.0007494706878787838	0.0066232715755177194	8.97329293366056e-05	0.013746492197242333	9.574990544933826e-05	0.0022067336045438423	0.001294275961117819	0.00010098711063619704	0.009188007108605234
T[C>A]A	0.014979610444606805	0.025851602122202166	7.385739372693934e-05	0.02254520249116467	7.990945487108547e-05	7.483330055038095e-05	7.489394708954933e-05	0.0012307378707191673	0.012704043435496715	0.0008511611318681389	0.0012871698816525167	0.0789342331176158	0.0001000478419882711
T[C>A]C	6.9661962356804e-05	6.412441213097254e-05	7.046731455982446e-05	0.00010250220311718295	6.343179887835504e-05	0.027356702864562977	0.006887478972953431	0.17369576718920143	7.636101900061476e-05	0.001141199778248847	0.009172230113466639	8.300080189656e-05	8.113469266390894e-05
T[C>A]G	9.141923001152464e-05	7.869506534916582e-05	8.705439904588275e-05	0.008086207481392193	0.011794372279837262	0.015664367352292173	9.386190722580068e-05	0.0007874336512031732	0.03868798049807083	0.0003472249380138237	0.015789409334320225	9.346546794404275e-05	0.0013595975695352535
T[C>A]T	0.00928755288296088	8.322757566929795e-05	7.92021022704148e-05	0.03146779362359666	7.987360550032463e-05	0.02880865514125617	9.081300013349391e-05	0.017649504879045708	0.011794667735057374	0.0011463819799246266	0.0012880386275355704	0.02566208133503096	0.0001245706691406667
T[C>G]A	7.190203250502236e-05	6.568301187144243e-05	7.296718449651962e-05	0.09125635865784716	0.0012742377664835657	0.006598148662768599	6.320287784546962e-05	9.87588176940335e-05	8.189380735643682e-05	0.028914891640670248	0.013194815794122405	7.719177383478382e-05	0.08674255733549216
T[C>G]C	0.02361622601747513	6.965592747292249e-05	8.034142736050854e-05	0.001796181503596017	6.611183193285796e-05	0.00026867730329058757	7.29910772633957e-05	7.965320846778923e-05	0.03366053903655484	0.19304405920629505	7.282125784513482e-05	8.38124098663684e-05	7.572901317871583e-05
T[C>G]G	0.028547443375282457	8.298704196931794e-05	8.105130218609702e-05	0.0010629662298015318	0.001278089717379771	0.001081538459038711	8.393780262849759e-05	0.01681858284136979	8.893071062630043e-05	0.006994624597427901	0.007942459681362379	0.02244412812021892	9.03365060366923e-05
T[C>G]T	5.3100143884421416e-05	5.056323722101297e-05	3.5144843594991924e-05	7.407277771562804e-05	5.2119695595820303e-05	0.3458332205867919	0.01888343124039693	5.120313162478851e-05	5.886163930881594e-05	0.017410157269134176	9.663576329330681e-05	8.325354647240602e-05	0.00011234622725169175
T[C>T]A	6.110390966300727e-05	0.030567985466264956	7.508852249884512e-05	4.728201520265429e-05	0.42245290123319135	6.636661310039926e-05	4.907832062599482e-05	7.750076092634117e-05	6.913276474733721e-05	0.0001254158744131928	6.528210411262946e-05	7.721601159573765e-05	7.478889656340471e-05
T[C>T]C	4.408356894253663e-05	4.629186805216179e-05	4.896693438922739e-05	5.889886098273678e-05	5.240438806595193e-05	0.029771110256308474	5.5533190044343427e-05	0.011464188959507737	5.3797020316181944e-05	7.57854722223783e-05	0.3760407276247861	7.361877787843696e-05	6.269591278709185e-05
T[C>T]G	4.7993435191528985e-05	5.546936751485987e-05	5.031503378862823e-05	5.868326536528912e-05	6.274366634215767e-05	5.425637421581086e-05	0.6151752293109893	6.429046498794833e-05	8.49993848532904e-05	6.760952273907606e-05	5.620613677062014e-05	6.297043200902408e-05	6.369970751620712e-05
T[C>T]T	5.334806219539079e-05	7.076350277657184e-05	0.014506541101536641	0.000638221515191617	0.031121646400060855	0.0290130753417543	0.015552793176928504	7.336848248087335e-05	0.3480588131118566	0.0006490953034926861	7.888195268606069e-05	9.425055686733686e-05	7.53072044773262e-05
T[T>A]A	9.69104738032911e-05	9.412059516762383e-05	9.05845212400891e-05	0.01288764516284573	0.007760153600247577	0.001087628879758995	9.618469775887206e-05	0.0081087048878544	9.97202550934162e-05	0.0013250640731712338	0.0012968120041477959	9.913680623867549e-05	0.0004509998041612562
T[T>A]C	9.474588223383762e-05	0.005366302627226105	9.33974573854357e-05	0.0023647067464480642	0.0012857288907980545	0.0010904552313149908	9.643824960221536e-05	0.002026964737160597	0.00010009343313868157	0.0014445787361182737	0.010404350674798479	0.009591136957897105	0.0011848990194266661
T[T>A]G	9.087962826015428e-05	9.19969032111112e-05	8.813488520900136e-05	0.0023644062712264713	0.0012771257210260956	0.0010901714631472714	0.008018885093042627	0.008627989795058966	9.808174581849016e-05	0.0016133146025822497	0.014208672486711293	0.0001005452788376715	0.0013600010432128328
T[T>A]T	9.355978399980814e-05	0.005954531387760653	0.006963047362660291	0.001339207005366916	0.0012808371560822708	0.0006050834286725149	9.558468300383539e-05	0.0021703059035644403	9.832322029978968e-05	0.0022079375186876858	0.019455377005942864	9.934975096257404e-05	0.001361261014244519
T[T>C]A	9.09444523131242e-05	9.131738370342646e-05	9.197310282615945e-05	0.0023663075153308455	0.0012853794389229734	0.0010880848443775904	9.255336699425243e-05	0.002360375215357635	0.01963536741604912	0.0011573765652428847	0.0012982650085177738	0.011560429565724917	0.0005372539773816243
T[T>C]C	0.018453317038074603	0.005099439556215657	9.320494209532625e-05	0.001425327477409155	0.0012824940415157471	0.008620191957015777	8.739812838030048e-05	0.002229739911854267	9.545239881845192e-05	0.008099446148844437	0.0007528023619670421	0.0001012778768199496	0.01163887549409992
T[T>C]G	8.87833526576287e-05	8.375986399187241e-05	8.861120113579091e-05	0.00236438796564471	0.0012835803514462895	0.0010874721832806245	9.289182853535748e-05	0.0014059984234336298	9.752287660376169e-05	0.008051711173902732	0.001293195834296057	0.011803629303176421	0.008378184610046446
T[T>C]T	8.894638522178866e-05	8.058891307882732e-05	0.01013707986276131	0.0006956236669793725	9.61385085247457e-05	9.434023522771894e-05	0.005497177931465558	0.05049389508421882	8.628202449472156e-05	0.013882837292112527	0.001277433785799076	9.189184456772636e-05	0.021085929090077116
T[T>G]A	9.67005340498872e-05	9.534089767839759e-05	9.46513217058964e-05	0.0023663593070523347	0.0012859767244663089	0.0010921831730229315	9.792516575544142e-05	0.002365042720339261	0.00010024849107139743	0.0014450462876993697	0.0012990659648494328	0.009591348816320533	0.0013618841701827477
T[T>G]C	9.625852981116622e-05	9.351833068649285e-05	9.221334257745185e-05	0.0023660345672396944	0.0009183772483083886	0.001088689646712737	0.012724597939813976	0.013753469440416666	9.956724752555602e-05	0.00220674048687215	0.008375428953877417	0.00010343425383325666	0.0005367908393964172
T[T>G]G	9.722367030917667e-05	9.591149064362981e-05	9.586395826772786e-05	0.002367206523922505	0.0012874814325186889	0.0010924329384579324	9.774312784429639e-05	0.0023658672558667603	0.00010230285915895365	0.0022103243150922935	0.0012992782321816776	0.00010364808404119685	0.0013636034535011276
T[T>G]T	9.329078675364144e-05	8.605021284893155e-05	9.198199622915127e-05	0.0013515425867808516	0.012169486308266642	0.001085007686924655	0.025230325330630875	0.028659011695708614	9.443717935937457e-05	0.033267071933369155	0.0004271895675628912	9.504618501523509e-05	0.0005439452274003997
