MutationType	SBS96A	SBS96B	SBS96C	SBS96D	SBS96E	SBS96F	SBS96G	SBS96H	SBS96I	SBS96J	SBS96K	SBS96L	SBS96M
A[C>A]A	1.36E-02	3.96E-06	3.74E-06	7.82E-03	2.00E-02	6.77E-03	7.02E-06	1.73E-02	7.10E-06	2.14E-02	7.80E-03	2.00E-02	2.77E-05
A[C>A]C	4.74E-03	9.55E-06	8.00E-06	1.15E-02	1.76E-02	1.21E-02	3.29E-02	8.64E-03	1.02E-05	2.87E-04	3.26E-02	4.35E-02	2.84E-04
A[C>A]G	3.47E-06	1.25E-06	3.32E-06	1.24E-03	1.19E-03	9.93E-04	5.64E-03	1.51E-03	1.14E-06	1.21E-03	1.20E-03	1.04E-02	1.26E-03
A[C>A]T	4.25E-06	6.75E-03	4.67E-06	1.52E-03	1.19E-03	9.94E-04	2.22E-06	1.22E-03	3.45E-06	1.23E-03	7.85E-03	1.04E-05	1.16E-02
A[C>G]A	8.45E-06	6.94E-06	1.10E-05	3.02E-02	4.46E-06	9.94E-04	2.85E-06	8.61E-03	9.72E-06	1.06E-03	1.20E-03	6.54E-06	8.28E-03
A[C>G]C	6.25E-06	5.71E-06	3.58E-06	1.24E-03	1.19E-03	9.94E-04	5.89E-06	2.43E-02	1.29E-06	6.95E-03	1.20E-03	1.04E-02	1.26E-03
A[C>G]G	5.66E-06	1.05E-02	5.89E-03	8.04E-03	3.85E-06	2.23E-04	5.84E-06	1.77E-02	2.72E-02	2.85E-04	9.74E-04	2.72E-06	9.09E-04
A[C>G]T	6.67E-03	6.41E-06	6.26E-06	8.10E-03	1.46E-05	1.42E-02	6.44E-06	3.35E-02	6.56E-06	2.47E-04	3.68E-02	1.14E-02	3.93E-06
A[C>T]A	8.80E-06	1.50E-02	1.22E-05	3.10E-04	3.58E-02	1.02E-05	2.23E-02	6.36E-04	9.38E-06	3.93E-02	1.10E-05	9.81E-06	5.83E-02
A[C>T]C	1.23E-05	6.72E-03	5.26E-03	1.05E-03	6.57E-04	3.29E-02	1.15E-06	1.43E-02	2.34E-06	7.78E-03	1.20E-03	5.12E-06	3.30E-02
A[C>T]G	1.24E-05	2.77E-02	9.08E-06	1.13E-05	1.31E-05	6.69E-06	1.14E-05	8.97E-06	1.33E-05	1.11E-05	1.14E-05	6.32E-06	1.22E-05
A[C>T]T	1.36E-02	5.87E-03	3.73E-06	1.25E-02	1.84E-02	3.26E-02	7.60E-06	1.03E-03	1.48E-02	1.74E-04	4.36E-06	3.12E-06	8.46E-04
A[T>A]A	6.24E-03	4.52E-06	5.43E-06	1.52E-03	1.05E-03	9.94E-04	2.59E-06	1.23E-03	1.05E-02	3.61E-05	1.30E-02	3.45E-06	2.17E-02
A[T>A]C	9.09E-03	1.00E-05	7.46E-06	1.24E-03	4.47E-04	1.17E-02	9.67E-06	1.78E-02	3.19E-02	6.21E-06	3.37E-04	3.75E-02	9.84E-04
A[T>A]G	1.03E-05	1.15E-05	8.52E-06	1.15E-02	1.42E-05	1.18E-02	8.14E-06	4.54E-04	1.20E-05	9.57E-06	1.20E-03	2.12E-02	5.32E-02
A[T>A]T	4.60E-03	4.75E-03	1.35E-06	1.41E-03	1.19E-03	7.53E-04	6.61E-07	1.22E-03	1.59E-06	1.40E-03	1.20E-03	1.17E-02	1.26E-03
A[T>C]A	6.24E-03	8.29E-06	5.32E-06	3.07E-04	1.05E-03	3.56E-02	1.57E-02	3.44E-02	1.26E-02	6.89E-03	8.40E-06	5.01E-06	1.36E-02
A[T>C]C	3.45E-06	5.89E-06	7.53E-06	1.24E-03	1.19E-03	8.45E-03	3.64E-06	1.51E-03	1.18E-02	1.40E-03	6.54E-04	2.81E-06	2.46E-02
A[T>C]G	9.78E-06	1.02E-05	1.15E-05	4.36E-02	6.79E-06	2.81E-02	1.15E-05	1.23E-03	1.10E-05	1.06E-03	2.05E-05	1.15E-05	2.80E-02
A[T>C]T	8.99E-06	1.05E-02	2.51E-06	3.97E-02	4.41E-02	9.39E-06	1.60E-02	1.30E-03	1.14E-05	7.13E-05	8.70E-06	1.06E-05	9.10E-04
A[T>G]A	2.91E-06	4.13E-06	4.66E-06	1.54E-02	1.19E-03	6.53E-03	5.75E-06	1.51E-03	2.00E-06	1.40E-03	4.76E-02	5.80E-06	1.26E-03
A[T>G]C	1.26E-06	1.02E-06	1.25E-06	1.52E-03	1.19E-03	9.93E-04	7.60E-07	1.51E-03	1.40E-06	1.40E-03	1.20E-03	2.50E-06	1.26E-03
A[T>G]G	1.26E-06	1.02E-06	1.25E-06	1.52E-03	1.19E-03	9.93E-04	7.60E-07	1.51E-03	1.40E-06	1.40E-03	1.20E-03	2.50E-06	1.26E-03
A[T>G]T	9.80E-06	2.28E-06	1.37E-06	1.52E-03	1.19E-03	3.29E-02	1.17E-06	1.51E-03	1.90E-06	1.18E-03	1.20E-03	2.87E-06	2.19E-06
C[C>A]A	9.91E-06	9.51E-03	1.08E-05	9.33E-04	1.11E-05	9.66E-03	8.74E-06	8.05E-03	8.35E-03	1.41E-03	9.43E-04	2.11E-02	3.09E-02
C[C>A]C	1.12E-05	9.36E-06	6.62E-06	1.52E-03	1.19E-03	1.08E-05	3.21E-06	1.51E-03	5.07E-06	1.06E-03	1.66E-02	2.48E-02	3.30E-02
C[C>A]G	2.03E-06	4.92E-06	2.50E-06	1.52E-03	1.53E-02	7.26E-03	5.64E-06	1.51E-03	4.23E-06	2.09E-02	1.20E-03	5.11E-06	2.15E-06
C[C>A]T	2.21E-06	5.86E-03	3.04E-06	1.24E-03	1.24E-02	6.77E-03	3.02E-06	1.12E-02	1.70E-02	1.32E-02	3.37E-04	5.04E-06	7.83E-03
C[C>G]A	4.48E-06	5.76E-06	3.89E-06	2.32E-02	6.45E-03	9.94E-04	7.13E-03	1.37E-03	1.81E-06	1.41E-03	3.32E-06	1.04E-02	3.52E-04
C[C>G]C	5.11E-06	8.39E-03	8.37E-06	1.99E-02	1.18E-05	4.17E-06	1.20E-05	2.13E-02	1.15E-05	3.92E-02	9.52E-04	3.34E-02	9.52E-06
C[C>G]G	7.72E-06	8.23E-06	5.99E-06	1.24E-02	6.54E-04	6.01E-04	9.74E-03	1.51E-03	2.94E-06	1.26E-03	7.79E-03	2.62E-06	8.28E-03
C[C>G]T	8.35E-03	2.22E-06	1.02E-02	1.33E-03	1.19E-03	9.94E-04	9.60E-06	1.51E-03	2.18E-06	1.28E-02	1.20E-03	3.33E-06	7.17E-04
C[C>T]A	8.64E-06	4.20E-06	2.29E-02	2.80E-02	8.24E-06	1.18E-02	8.40E-06	4.53E-04	2.19E-02	4.29E-02	3.68E-02	6.06E-06	9.41E-06
C[C>T]C	1.17E-05	8.82E-06	9.84E-06	1.44E-02	6.55E-04	9.66E-06	8.71E-06	3.80E-05	4.30E-02	3.22E-02	7.80E-03	7.07E-06	2.09E-02
C[C>T]G	9.73E-06	7.99E-06	4.68E-02	1.29E-05	8.49E-06	4.87E-06	1.38E-05	7.84E-06	1.37E-05	1.34E-05	9.85E-06	1.16E-05	1.22E-05
C[C>T]T	9.40E-06	6.57E-06	2.04E-02	6.75E-03	1.15E-05	2.48E-02	2.85E-02	3.06E-02	1.17E-05	1.05E-03	7.45E-06	3.43E-02	3.03E-02
C[T>A]A	2.38E-06	1.35E-06	1.00E-02	1.52E-03	4.46E-04	9.93E-04	1.77E-06	7.80E-03	2.45E-06	1.40E-03	9.05E-03	2.64E-06	1.26E-03
C[T>A]C	2.41E-06	4.07E-06	3.87E-06	1.24E-03	1.19E-03	9.94E-04	3.09E-06	8.58E-03	3.98E-06	1.33E-02	1.54E-02	2.84E-06	1.25E-02
C[T>A]G	1.06E-05	6.24E-06	6.22E-06	1.24E-03	8.22E-04	6.81E-03	1.26E-02	5.86E-04	3.34E-02	6.45E-04	1.54E-02	2.53E-06	2.94E-02
C[T>A]T	4.60E-03	4.81E-06	5.95E-03	1.78E-05	1.20E-02	7.53E-04	5.87E-06	1.13E-02	1.67E-02	7.90E-04	6.85E-04	2.26E-06	2.19E-02
C[T>C]A	3.83E-06	6.55E-06	3.73E-06	1.24E-03	1.19E-03	9.60E-03	3.17E-06	5.53E-04	6.98E-06	2.85E-02	1.82E-02	2.19E-02	1.26E-03
C[T>C]C	7.21E-06	5.79E-06	1.09E-05	1.24E-03	6.92E-06	9.95E-04	2.36E-06	2.90E-02	6.44E-03	1.06E-03	5.55E-06	4.71E-02	4.74E-04
C[T>C]G	9.48E-06	9.42E-06	2.35E-02	1.05E-02	6.34E-03	6.41E-04	8.18E-06	7.27E-06	8.83E-06	7.81E-03	3.05E-04	5.59E-02	1.26E-03
C[T>C]T	6.67E-03	5.03E-06	5.13E-06	1.20E-02	1.19E-03	4.19E-06	3.90E-06	1.43E-02	2.25E-02	1.80E-04	1.81E-02	3.31E-06	4.74E-04
C[T>G]A	1.34E-06	5.42E-06	7.64E-06	1.52E-03	1.19E-03	2.06E-06	3.23E-06	1.23E-03	5.41E-06	1.14E-02	1.20E-03	3.44E-06	2.46E-02
C[T>G]C	2.05E-06	2.71E-06	5.95E-03	5.06E-04	1.19E-03	9.95E-04	5.59E-06	1.43E-02	4.32E-06	6.91E-03	7.85E-03	9.28E-03	1.26E-03
C[T>G]G	7.92E-06	2.02E-02	6.51E-06	1.14E-02	1.19E-03	5.27E-06	5.42E-03	1.51E-02	6.10E-06	1.05E-03	4.58E-04	2.48E-02	2.83E-04
C[T>G]T	5.81E-06	1.51E-02	1.19E-02	1.44E-02	7.33E-04	8.01E-04	1.21E-02	1.23E-03	2.18E-02	1.12E-03	7.89E-03	3.97E-06	4.35E-04
G[C>A]A	1.24E-05	4.67E-06	1.06E-05	3.88E-02	2.25E-02	1.31E-05	1.08E-02	3.98E-04	1.11E-02	1.56E-02	5.15E-06	5.59E-02	1.10E-05
G[C>A]C	1.84E-06	7.23E-03	2.05E-06	1.40E-03	1.19E-03	9.93E-04	9.56E-03	7.11E-04	1.01E-02	1.40E-03	7.79E-04	3.06E-06	1.26E-03
G[C>A]G	7.94E-06	8.51E-06	1.44E-06	2.91E-02	6.86E-04	7.22E-03	5.44E-06	1.51E-03	8.35E-03	1.06E-03	1.81E-02	5.06E-06	1.96E-02
G[C>A]T	5.84E-06	5.46E-06	2.74E-02	1.09E-03	6.23E-04	1.04E-05	5.82E-06	1.03E-03	2.65E-02	2.87E-02	5.79E-06	6.09E-06	1.26E-03
G[C>G]A	1.37E-06	4.71E-06	2.02E-06	1.02E-03	1.19E-03	9.93E-04	1.13E-02	1.12E-02	5.60E-06	1.08E-03	1.20E-03	3.20E-06	1.26E-03
G[C>G]C	9.82E-06	6.75E-03	5.02E-03	7.63E-03	1.19E-03	3.29E-02	1.15E-06	1.07E-03	2.14E-06	1.23E-03	1.20E-03	3.15E-06	2.75E-06
G[C>G]G	3.16E-06	1.17E-02	1.37E-02	1.52E-03	1.19E-03	7.44E-05	3.41E-06	8.41E-04	3.25E-06	1.14E-02	1.20E-03	2.73E-06	1.26E-03
G[C>G]T	3.98E-06	3.27E-06	3.88E-06	6.36E-04	1.19E-03	1.02E-02	2.66E-02	1.51E-03	2.88E-06	1.05E-03	1.30E-02	4.69E-06	1.50E-02
G[C>T]A	5.05E-06	9.85E-06	4.16E-02	7.82E-03	1.98E-02	2.02E-02	1.03E-05	2.33E-05	1.85E-02	6.05E-02	5.46E-04	8.33E-06	2.22E-02
G[C>T]C	7.02E-06	1.43E-02	1.05E-02	4.02E-02	3.37E-02	8.84E-06	8.77E-06	6.73E-03	8.55E-06	3.64E-06	8.16E-06	2.67E-06	1.00E-02
G[C>T]G	5.14E-02	1.15E-05	9.84E-06	1.28E-05	1.10E-05	1.20E-05	1.14E-05	1.09E-05	7.00E-06	8.53E-06	9.96E-06	1.34E-05	8.92E-06
G[C>T]T	2.00E-02	9.33E-03	8.20E-06	7.97E-04	7.77E-06	6.01E-04	6.82E-03	1.45E-03	8.07E-06	3.47E-02	3.72E-02	3.28E-06	2.43E-05
G[T>A]A	1.19E-06	2.27E-06	4.93E-06	1.24E-03	1.19E-03	9.93E-04	5.64E-03	1.43E-02	2.42E-06	1.21E-03	1.20E-03	5.50E-06	1.26E-03
G[T>A]C	1.26E-06	1.24E-06	2.04E-06	1.24E-03	1.19E-03	9.93E-04	1.91E-06	1.51E-03	1.12E-06	1.32E-02	1.20E-03	2.22E-06	1.26E-03
G[T>A]G	4.74E-06	2.85E-06	1.09E-02	1.99E-02	1.70E-04	9.94E-04	1.75E-06	8.68E-04	1.05E-02	1.06E-03	1.20E-03	4.23E-06	7.17E-04
G[T>A]T	2.21E-06	8.93E-03	2.55E-06	7.33E-03	6.52E-04	8.01E-04	1.42E-06	1.24E-03	2.08E-06	1.40E-03	9.51E-04	2.82E-06	7.79E-03
G[T>C]A	2.28E-06	6.68E-03	3.68E-06	9.62E-04	1.24E-02	2.10E-06	1.11E-02	3.28E-02	3.57E-06	1.41E-03	9.52E-04	5.42E-06	1.62E-02
G[T>C]C	3.00E-06	6.75E-03	5.89E-03	6.75E-03	1.13E-02	6.39E-04	6.56E-06	1.12E-02	1.26E-02	1.23E-03	9.74E-04	1.14E-02	7.49E-06
G[T>C]G	6.83E-03	4.92E-06	2.81E-06	8.62E-06	6.45E-03	1.78E-02	5.63E-06	1.13E-03	1.01E-02	1.15E-03	6.93E-04	2.10E-02	3.52E-04
G[T>C]T	1.68E-06	3.61E-06	6.87E-03	1.24E-03	6.54E-04	7.26E-03	3.33E-06	1.13E-03	1.53E-02	1.16E-03	1.17E-02	2.46E-06	6.59E-06
G[T>G]A	2.16E-06	1.99E-06	8.45E-07	1.24E-03	1.19E-03	9.60E-03	3.33E-06	1.02E-03	1.28E-06	1.40E-03	1.20E-03	2.56E-02	1.26E-03
G[T>G]C	3.52E-06	4.21E-06	9.66E-06	2.80E-02	7.75E-03	9.93E-04	2.10E-06	1.51E-03	9.62E-06	1.41E-03	1.20E-03	1.04E-02	1.26E-03
G[T>G]G	3.50E-06	2.31E-06	8.13E-06	8.04E-03	1.63E-05	2.23E-04	6.30E-03	8.05E-03	6.68E-06	2.13E-02	2.74E-02	1.14E-02	1.26E-03
G[T>G]T	2.19E-06	5.58E-06	3.75E-06	1.02E-03	6.52E-04	6.53E-03	5.35E-06	1.12E-02	5.53E-06	1.40E-03	1.20E-03	2.92E-06	7.79E-03
T[C>A]A	1.07E-02	1.95E-02	7.96E-06	2.09E-02	7.81E-06	1.01E-05	9.52E-06	1.14E-03	1.26E-02	7.62E-04	1.20E-03	4.12E-02	8.28E-06
T[C>A]C	1.14E-05	1.15E-05	9.27E-06	2.03E-05	1.29E-05	1.85E-02	6.82E-03	5.95E-02	1.19E-05	1.06E-03	9.11E-03	8.09E-06	7.75E-06
T[C>A]G	2.00E-06	8.07E-06	5.88E-06	6.72E-03	1.05E-02	1.45E-02	2.57E-06	6.95E-04	3.86E-02	2.15E-04	1.44E-02	5.43E-06	1.26E-03
T[C>A]T	9.20E-03	6.13E-06	9.85E-06	2.89E-02	8.79E-06	2.82E-02	3.57E-06	1.73E-02	1.17E-02	1.05E-03	1.20E-03	2.56E-02	2.82E-05
T[C>G]A	9.90E-06	1.09E-05	9.83E-06	4.25E-02	1.19E-03	6.53E-03	9.11E-06	1.91E-05	9.54E-06	1.97E-02	1.31E-02	8.67E-06	8.67E-02
T[C>G]C	1.73E-02	8.03E-06	1.01E-05	1.18E-03	1.24E-05	2.00E-04	9.33E-06	1.16E-05	2.36E-02	8.15E-02	1.18E-05	7.69E-06	1.10E-05
T[C>G]G	2.09E-02	4.63E-06	6.48E-06	9.69E-04	1.19E-03	9.94E-04	6.40E-06	1.43E-02	5.79E-06	6.89E-03	7.85E-03	2.24E-02	7.44E-06
T[C>G]T	1.06E-05	1.02E-05	1.33E-05	5.90E-06	9.45E-06	8.08E-02	1.88E-02	1.01E-05	1.12E-05	1.74E-02	3.33E-05	3.40E-06	2.59E-05
T[C>T]A	9.07E-06	3.05E-02	5.97E-06	1.31E-05	7.37E-02	8.28E-06	1.23E-05	7.65E-06	9.39E-06	5.04E-05	9.89E-06	9.64E-06	1.04E-05
T[C>T]C	1.08E-05	1.24E-05	1.19E-05	1.21E-05	1.13E-05	2.97E-02	1.31E-05	1.14E-02	1.41E-05	9.08E-06	7.95E-02	9.18E-06	1.27E-05
T[C>T]G	8.93E-06	1.11E-05	1.39E-05	1.04E-05	9.42E-06	1.06E-05	4.65E-02	1.07E-05	4.66E-06	1.04E-05	1.25E-05	1.05E-05	7.77E-06
T[C>T]T	1.16E-05	1.20E-05	1.45E-02	5.81E-04	3.10E-02	2.89E-02	1.55E-02	1.23E-05	1.10E-01	5.87E-04	9.21E-06	3.88E-06	1.12E-05
T[T>A]A	1.00E-06	1.24E-06	4.19E-06	1.04E-02	6.45E-03	9.93E-04	1.26E-06	6.75E-03	1.78E-06	1.04E-03	1.20E-03	3.55E-06	3.52E-04
T[T>A]C	2.36E-06	5.27E-03	2.59E-06	1.52E-03	1.19E-03	9.93E-04	1.68E-06	1.28E-03	2.52E-06	1.06E-03	9.05E-03	9.49E-03	1.09E-03
T[T>A]G	3.70E-06	2.76E-06	8.22E-06	1.52E-03	1.19E-03	9.93E-04	7.93E-03	8.01E-03	2.84E-06	1.10E-03	1.28E-02	3.01E-06	1.26E-03
T[T>A]T	2.12E-06	5.87E-03	6.87E-03	1.24E-03	1.19E-03	5.11E-04	1.47E-06	1.38E-03	1.92E-06	1.40E-03	1.81E-02	3.47E-06	1.26E-03
T[T>C]A	5.74E-06	4.12E-06	2.81E-06	1.52E-03	1.19E-03	9.93E-04	3.71E-06	1.51E-03	1.95E-02	1.06E-03	1.20E-03	1.15E-02	4.37E-04
T[T>C]C	1.84E-02	5.01E-03	2.45E-06	1.04E-03	1.19E-03	8.44E-03	5.60E-06	1.44E-03	4.72E-06	6.91E-03	6.53E-04	3.35E-06	1.02E-02
T[T>C]G	7.94E-06	6.96E-06	6.24E-06	1.52E-03	1.19E-03	9.93E-04	3.26E-06	1.22E-03	2.46E-06	6.86E-03	1.20E-03	1.17E-02	8.28E-03
T[T>C]T	3.30E-06	9.39E-06	1.00E-02	6.05E-04	7.28E-06	3.93E-06	5.42E-03	3.46E-02	7.74E-06	1.27E-02	1.20E-03	5.28E-06	1.96E-02
T[T>G]A	1.17E-06	9.01E-07	1.69E-06	1.52E-03	1.19E-03	9.93E-04	6.62E-07	1.51E-03	2.52E-06	1.06E-03	1.20E-03	9.49E-03	1.26E-03
T[T>G]C	1.57E-06	2.26E-06	3.16E-06	1.52E-03	8.20E-04	9.93E-04	1.26E-02	1.12E-02	2.57E-06	1.40E-03	7.91E-03	2.37E-06	4.35E-04
T[T>G]G	1.26E-06	1.02E-06	1.25E-06	1.52E-03	1.19E-03	9.93E-04	7.60E-07	1.51E-03	1.40E-06	1.40E-03	1.20E-03	2.50E-06	1.26E-03
T[T>G]T	2.82E-06	4.63E-06	2.47E-06	1.24E-03	1.21E-02	9.94E-04	2.51E-02	1.79E-02	4.25E-06	2.53E-02	3.37E-04	3.79E-06	4.50E-04
