MutationType	SBS96A	SBS96B	SBS96C	SBS96D	SBS96E	SBS96F	SBS96G	SBS96H	SBS96I	SBS96J	SBS96K	SBS96L
A[C>A]A	6.51E-05	1.27E-04	0.00E+00	0.00E+00	9.56E-05	7.26E-05	1.04E-04	6.26E-03	3.77E-05	3.22E-03	8.48E-05	4.22E-04
A[C>A]C	1.16E-04	2.84E-04	5.99E-04	5.37E-05	2.27E-04	2.62E-04	1.27E-04	4.73E-03	7.94E-04	1.61E-03	8.67E-05	3.88E-05
A[C>A]G	2.02E-05	7.94E-05	0.00E+00	0.00E+00	7.99E-05	9.35E-05	3.38E-06	1.42E-03	2.46E-05	5.22E-04	5.47E-05	1.36E-04
A[C>A]T	6.00E-05	1.01E-03	2.26E-09	0.00E+00	2.14E-46	1.31E-03	1.87E-46	1.58E-03	6.37E-04	7.35E-04	0.00E+00	6.69E-05
A[C>G]A	7.69E-05	8.08E-05	7.14E-04	1.76E-04	1.14E-04	8.05E-05	2.79E-05	1.54E-04	1.29E-04	1.05E-03	1.20E-04	1.21E-04
A[C>G]C	4.94E-05	3.04E-05	1.84E-04	4.20E-05	1.24E-04	2.05E-05	1.49E-04	4.96E-04	0.00E+00	8.73E-04	9.34E-05	1.56E-04
A[C>G]G	2.10E-05	7.80E-06	8.68E-05	0.00E+00	3.78E-05	2.50E-05	2.48E-06	6.24E-05	1.52E-05	9.95E-04	7.15E-05	5.41E-05
A[C>G]T	5.46E-05	4.12E-05	2.43E-04	2.50E-05	1.61E-04	0.00E+00	9.10E-05	4.86E-04	0.00E+00	1.21E-03	1.30E-04	1.23E-04
A[C>T]A	5.39E-04	1.39E-05	2.42E-04	5.31E-05	8.96E-03	1.23E-03	2.86E-05	9.45E-04	5.60E-03	1.08E-03	1.21E-04	4.46E-04
A[C>T]C	3.20E-04	3.99E-04	2.65E-04	5.88E-04	1.99E-03	1.21E-03	3.20E-04	1.90E-03	1.99E-03	1.42E-03	0.00E+00	4.70E-04
A[C>T]G	1.18E-03	2.34E-03	2.67E-03	7.31E-03	6.71E-03	5.80E-03	1.69E-03	2.72E-03	1.33E-02	2.85E-03	1.74E-04	8.71E-04
A[C>T]T	2.89E-04	5.85E-04	3.94E-03	8.01E-05	2.59E-03	1.27E-03	4.02E-28	1.63E-03	1.05E-03	1.15E-03	5.56E-05	3.56E-04
A[T>A]A	5.65E-07	4.29E-05	0.00E+00	1.98E-05	1.30E-04	1.46E-05	2.26E-04	7.48E-05	2.39E-04	7.00E-04	3.18E-05	7.52E-05
A[T>A]C	0.00E+00	0.00E+00	0.00E+00	2.01E-04	4.15E-04	0.00E+00	4.94E-04	6.92E-04	2.83E-05	4.93E-04	7.02E-05	2.80E-04
A[T>A]G	9.03E-06	1.79E-06	0.00E+00	0.00E+00	1.14E-04	0.00E+00	8.51E-05	4.86E-04	1.31E-04	6.76E-04	5.74E-05	2.30E-04
A[T>A]T	8.00E-05	1.46E-04	8.79E-04	2.52E-04	1.15E-03	2.07E-04	7.53E-04	2.07E-03	4.68E-04	3.09E-04	1.86E-05	2.43E-04
A[T>C]A	1.42E-04	3.14E-04	5.75E-03	4.06E-04	8.49E-04	4.01E-05	8.78E-04	2.23E-03	1.08E-03	9.26E-04	2.77E-05	1.56E-05
A[T>C]C	2.09E-04	4.91E-04	7.44E-03	6.63E-04	1.49E-03	5.20E-04	2.04E-03	4.27E-03	2.23E-04	9.81E-04	6.39E-05	6.96E-04
A[T>C]G	4.28E-04	4.11E-04	4.94E-03	4.46E-04	6.09E-03	8.00E-04	6.45E-03	1.91E-02	1.59E-03	1.94E-03	1.07E-04	4.87E-04
A[T>C]T	9.19E-05	8.17E-04	3.85E-03	0.00E+00	3.42E-04	4.02E-04	5.70E-04	2.04E-03	9.90E-04	6.78E-04	8.35E-05	2.49E-04
A[T>G]A	3.05E-06	3.90E-04	1.23E-03	0.00E+00	2.77E-05	7.99E-06	7.89E-05	9.83E-04	3.10E-06	3.00E-04	4.54E-05	2.39E-04
A[T>G]C	8.29E-05	7.16E-04	3.17E-03	1.57E-04	0.00E+00	2.33E-04	2.12E-04	1.93E-03	7.05E-05	4.01E-04	3.11E-05	7.44E-04
A[T>G]G	5.63E-05	3.61E-04	1.85E-03	3.19E-06	0.00E+00	1.32E-04	1.58E-04	9.41E-04	0.00E+00	2.40E-04	3.28E-05	4.74E-04
A[T>G]T	0.00E+00	3.48E-03	1.77E-03	1.29E-04	0.00E+00	8.20E-04	1.11E-04	9.49E-03	2.77E-04	4.82E-07	3.47E-09	2.95E-03
C[C>A]A	1.38E-04	3.48E-04	4.85E-04	6.99E-05	3.82E-03	1.03E-03	1.12E-04	5.95E-03	0.00E+00	2.33E-03	1.24E-04	3.37E-04
C[C>A]C	2.12E-04	2.33E-04	2.65E-04	3.45E-04	5.75E-03	1.58E-03	3.28E-04	8.28E-03	0.00E+00	7.76E-04	7.22E-05	2.54E-04
C[C>A]G	3.32E-04	1.67E-04	0.00E+00	2.92E-04	3.48E-03	4.88E-04	1.69E-05	4.67E-03	1.24E-04	9.03E-04	5.55E-05	0.00E+00
C[C>A]T	1.01E-08	1.27E-03	9.65E-07	2.11E-07	2.10E-02	1.05E-02	6.11E-07	2.57E-02	1.89E-08	1.92E-09	2.80E-09	5.94E-09
C[C>G]A	4.64E-06	0.00E+00	0.00E+00	0.00E+00	0.00E+00	0.00E+00	0.00E+00	2.21E-04	2.48E-05	8.86E-04	1.27E-04	2.20E-04
C[C>G]C	0.00E+00	4.05E-06	1.97E-05	1.24E-05	0.00E+00	0.00E+00	2.36E-05	2.54E-09	0.00E+00	1.27E-03	4.54E-05	8.39E-05
C[C>G]G	2.07E-05	1.15E-06	4.69E-06	6.42E-06	1.28E-04	3.00E-06	0.00E+00	2.12E-04	4.42E-05	1.07E-03	6.33E-05	2.02E-05
C[C>G]T	6.93E-06	2.98E-05	5.79E-05	1.31E-05	1.06E-05	2.25E-06	4.29E-05	2.18E-05	1.09E-05	2.09E-03	1.66E-04	1.40E-46
C[C>T]A	1.56E-04	1.18E-05	3.30E-04	2.10E-05	3.18E-03	9.41E-05	0.00E+00	5.68E-03	4.20E-03	2.02E-03	2.72E-04	8.19E-04
C[C>T]C	3.35E-05	1.97E-04	6.18E-04	5.28E-04	3.16E-03	7.75E-04	6.29E-04	4.37E-03	6.66E-03	1.83E-03	1.85E-04	8.39E-04
C[C>T]G	1.51E-03	7.23E-04	2.25E-03	7.29E-03	2.07E-03	4.43E-03	4.83E-04	4.80E-03	4.83E-03	1.75E-03	2.30E-04	8.82E-04
C[C>T]T	0.00E+00	3.21E-04	3.05E-03	4.60E-04	2.06E-03	6.04E-04	5.66E-04	3.76E-03	6.75E-03	1.88E-03	2.18E-04	1.28E-03
C[T>A]A	0.00E+00	1.61E-05	0.00E+00	1.61E-05	4.20E-05	8.25E-06	5.90E-05	1.44E-04	2.24E-05	5.24E-04	4.69E-05	1.24E-04
C[T>A]C	1.40E-46	0.00E+00	0.00E+00	1.31E-04	4.41E-04	2.15E-04	2.75E-04	9.72E-04	3.49E-04	9.18E-04	3.72E-05	4.84E-04
C[T>A]G	3.37E-05	4.45E-05	0.00E+00	2.39E-05	2.26E-04	5.95E-05	1.24E-04	4.92E-04	5.02E-05	1.84E-03	7.32E-05	4.32E-04
C[T>A]T	0.00E+00	1.21E-04	8.15E-10	0.00E+00	1.62E-04	2.03E-04	8.54E-06	3.67E-04	3.27E-04	1.22E-03	2.01E-05	9.41E-04
C[T>C]A	7.10E-05	3.77E-05	0.00E+00	4.34E-05	2.06E-03	0.00E+00	1.55E-03	5.52E-03	1.99E-04	2.77E-04	1.87E-05	7.50E-04
C[T>C]C	2.34E-04	1.07E-04	4.05E-04	3.47E-04	2.44E-03	4.45E-04	2.41E-03	8.30E-03	1.38E-03	7.16E-04	2.24E-05	2.78E-03
C[T>C]G	6.91E-09	9.86E-05	3.02E-08	2.84E-04	1.09E-02	1.47E-04	7.84E-03	2.87E-02	6.55E-04	3.39E-04	0.00E+00	3.52E-03
C[T>C]T	1.59E-05	1.81E-04	0.00E+00	0.00E+00	2.20E-03	0.00E+00	2.15E-03	7.31E-03	5.84E-04	1.04E-03	6.87E-05	6.63E-03
C[T>G]A	2.69E-05	5.76E-04	1.91E-03	1.59E-05	7.97E-05	0.00E+00	9.96E-05	1.19E-03	1.40E-46	2.65E-04	7.22E-06	2.75E-04
C[T>G]C	1.79E-04	2.18E-04	3.65E-03	2.39E-04	6.48E-04	1.78E-04	5.66E-04	1.30E-03	5.68E-05	6.45E-04	6.02E-05	7.21E-04
C[T>G]G	3.33E-04	6.59E-04	4.22E-03	4.26E-04	9.36E-04	6.93E-05	7.23E-04	2.63E-03	0.00E+00	1.11E-03	1.37E-05	1.06E-03
C[T>G]T	1.86E-08	2.30E-03	1.29E-03	3.41E-04	2.49E-04	1.73E-03	4.28E-08	7.72E-03	2.15E-08	0.00E+00	0.00E+00	6.24E-03
G[C>A]A	2.55E-04	1.84E-04	3.90E-04	2.84E-04	1.37E-04	3.21E-04	1.16E-04	9.57E-03	4.14E-04	4.59E-03	7.66E-05	6.46E-04
G[C>A]C	2.21E-04	2.59E-04	1.25E-03	5.47E-04	3.73E-04	4.79E-04	4.91E-04	3.74E-03	3.24E-04	1.20E-03	1.07E-04	1.36E-04
G[C>A]G	1.88E-04	3.79E-05	1.77E-06	2.12E-04	2.52E-04	1.89E-04	1.10E-04	3.19E-03	1.72E-04	1.47E-03	5.49E-05	2.65E-04
G[C>A]T	4.00E-04	1.73E-04	5.94E-03	1.11E-03	0.00E+00	4.48E-03	3.52E-04	3.24E-03	3.11E-14	1.88E-03	0.00E+00	2.30E-04
G[C>G]A	6.84E-05	2.45E-05	2.73E-04	1.17E-04	0.00E+00	1.13E-04	7.78E-05	6.79E-05	2.02E-04	6.80E-04	9.14E-05	1.77E-04
G[C>G]C	1.26E-04	3.53E-05	1.18E-04	2.26E-04	5.50E-04	0.00E+00	2.17E-04	8.67E-04	0.00E+00	1.27E-03	6.39E-05	0.00E+00
G[C>G]G	4.24E-05	3.26E-06	0.00E+00	6.24E-06	5.36E-05	0.00E+00	2.46E-05	2.32E-04	1.87E-08	3.19E-04	2.85E-05	1.39E-05
G[C>G]T	1.11E-04	5.08E-05	1.04E-04	1.53E-04	1.95E-04	9.90E-05	7.35E-05	1.02E-04	0.00E+00	1.46E-03	1.11E-04	1.69E-05
G[C>T]A	4.34E-04	5.83E-05	7.58E-04	2.09E-03	1.94E-02	1.53E-03	2.01E-03	2.94E-08	9.82E-03	8.72E-04	2.44E-04	2.77E-04
G[C>T]C	5.09E-09	1.31E-03	2.12E-08	5.44E-03	1.34E-02	1.40E-46	4.42E-03	1.71E-03	4.52E-03	0.00E+00	1.50E-04	1.87E-46
G[C>T]G	3.95E-03	4.73E-03	2.04E-07	7.03E-03	2.74E-03	8.27E-03	8.18E-09	2.77E-03	6.36E-04	1.40E-46	0.00E+00	8.22E-04
G[C>T]T	0.00E+00	1.10E-03	3.01E-03	3.43E-03	1.33E-02	1.81E-03	3.12E-03	2.57E-03	5.40E-03	0.00E+00	2.14E-05	5.83E-05
G[T>A]A	2.19E-05	1.18E-05	0.00E+00	2.26E-05	2.97E-05	0.00E+00	1.13E-04	1.75E-04	0.00E+00	7.06E-04	7.03E-05	0.00E+00
G[T>A]C	0.00E+00	0.00E+00	0.00E+00	2.08E-04	3.13E-04	1.09E-04	2.90E-04	4.93E-04	2.73E-04	6.68E-04	3.42E-05	2.28E-04
G[T>A]G	0.00E+00	0.00E+00	0.00E+00	1.36E-05	2.27E-04	0.00E+00	1.53E-04	4.61E-04	1.70E-05	7.92E-04	4.48E-05	9.04E-05
G[T>A]T	0.00E+00	6.94E-05	0.00E+00	7.10E-05	3.18E-04	1.70E-04	2.47E-04	9.04E-04	1.11E-04	4.94E-04	2.13E-05	5.14E-04
G[T>C]A	2.64E-07	7.45E-04	1.58E-03	2.22E-03	1.17E-03	4.83E-04	5.67E-03	1.73E-03	0.00E+00	0.00E+00	0.00E+00	0.00E+00
G[T>C]C	0.00E+00	8.48E-04	2.38E-03	1.84E-03	1.40E-46	6.81E-04	3.35E-03	2.78E-03	2.94E-09	4.84E-05	0.00E+00	5.06E-04
G[T>C]G	1.40E-46	3.19E-04	6.12E-04	1.50E-03	2.63E-03	7.16E-04	1.09E-03	7.65E-03	2.52E-08	0.00E+00	0.00E+00	6.25E-04
G[T>C]T	1.56E-04	1.43E-03	2.82E-03	9.55E-04	3.69E-04	8.59E-04	3.96E-03	4.03E-03	9.16E-04	4.22E-04	0.00E+00	5.00E-04
G[T>G]A	4.20E-46	9.19E-05	3.96E-04	4.83E-05	0.00E+00	1.91E-05	5.29E-05	3.86E-04	6.72E-06	1.95E-04	1.71E-06	2.75E-04
G[T>G]C	0.00E+00	2.31E-04	2.25E-03	3.51E-04	0.00E+00	1.52E-04	2.49E-04	8.59E-04	2.97E-09	4.99E-04	0.00E+00	5.09E-04
G[T>G]G	0.00E+00	1.16E-04	1.95E-03	2.15E-04	5.96E-06	1.55E-04	1.27E-04	4.40E-04	0.00E+00	8.59E-04	0.00E+00	4.95E-04
G[T>G]T	5.67E-09	4.18E-04	3.55E-04	2.62E-04	2.67E-09	4.95E-04	1.18E-04	1.57E-03	1.26E-09	1.98E-08	0.00E+00	1.70E-03
T[C>A]A	4.87E-05	4.25E-03	1.40E-46	0.00E+00	1.48E-04	0.00E+00	0.00E+00	1.09E-02	0.00E+00	2.68E-03	3.41E-04	3.01E-04
T[C>A]C	1.63E-04	9.96E-04	1.11E-03	1.65E-04	1.20E-29	7.54E-04	1.84E-11	4.58E-03	6.27E-04	1.10E-03	3.10E-04	9.45E-06
T[C>A]G	8.32E-05	3.75E-04	1.40E-46	1.96E-05	2.66E-04	0.00E+00	0.00E+00	2.81E-03	6.02E-05	1.47E-03	1.32E-04	2.58E-04
T[C>A]T	0.00E+00	3.19E-02	1.79E-07	1.67E-07	1.87E-46	1.34E-02	3.19E-07	6.77E-06	9.22E-08	1.40E-08	8.09E-04	7.64E-05
T[C>G]A	4.71E-09	1.40E-46	8.05E-10	2.11E-08	0.00E+00	5.68E-08	2.56E-08	1.85E-45	9.43E-09	1.40E-05	1.08E-03	1.40E-46
T[C>G]C	3.56E-05	0.00E+00	7.34E-06	1.35E-05	1.44E-05	0.00E+00	8.21E-05	1.03E-05	3.44E-06	1.68E-03	7.11E-04	6.27E-05
T[C>G]G	9.95E-06	4.34E-06	1.36E-05	1.29E-05	1.08E-05	0.00E+00	1.94E-06	9.18E-06	2.65E-05	7.25E-04	3.17E-04	6.67E-05
T[C>G]T	0.00E+00	1.16E-05	1.06E-04	0.00E+00	0.00E+00	4.50E-05	7.42E-05	1.87E-46	0.00E+00	1.55E-03	2.04E-03	2.42E-04
T[C>T]A	1.49E-04	3.00E-04	1.06E-03	4.50E-04	2.33E-03	0.00E+00	9.05E-04	4.15E-04	1.67E-03	0.00E+00	1.82E-03	5.31E-04
T[C>T]C	2.57E-04	1.74E-03	4.50E-03	1.41E-03	5.99E-04	1.27E-03	1.18E-03	2.55E-03	9.92E-03	1.37E-03	6.03E-04	1.09E-03
T[C>T]G	4.41E-03	2.62E-02	7.24E-02	3.42E-03	2.65E-03	1.35E-44	1.63E-04	3.30E-03	6.72E-03	3.25E-09	6.78E-03	1.33E-05
T[C>T]T	0.00E+00	3.37E-03	9.34E-03	1.18E-03	0.00E+00	1.39E-03	7.17E-04	2.80E-46	6.05E-03	0.00E+00	7.16E-04	4.91E-04
T[T>A]A	8.71E-05	5.72E-05	0.00E+00	3.20E-05	1.98E-04	0.00E+00	1.18E-04	1.11E-03	0.00E+00	3.81E-04	4.38E-05	6.04E-05
T[T>A]C	2.56E-05	5.80E-05	9.01E-06	9.97E-05	4.25E-05	2.20E-04	1.78E-04	1.04E-04	2.93E-04	7.22E-04	4.32E-05	1.99E-04
T[T>A]G	9.37E-06	5.31E-05	0.00E+00	0.00E+00	4.94E-05	6.57E-05	1.31E-04	3.19E-04	7.92E-05	5.65E-04	1.99E-05	1.73E-04
T[T>A]T	5.46E-05	3.71E-04	1.40E-46	0.00E+00	1.60E-04	3.58E-04	1.14E-04	6.27E-04	2.78E-04	5.01E-04	1.49E-05	2.62E-04
T[T>C]A	5.82E-05	3.45E-04	1.36E-03	3.28E-04	1.25E-03	2.65E-04	1.36E-03	9.92E-04	6.36E-04	3.22E-04	4.54E-05	3.90E-04
T[T>C]C	1.36E-04	1.13E-03	7.73E-03	5.41E-04	9.13E-04	9.63E-04	1.20E-03	2.56E-03	8.57E-04	8.77E-04	5.60E-05	1.11E-03
T[T>C]G	9.44E-05	7.62E-04	3.67E-03	1.22E-13	1.02E-03	4.97E-04	1.57E-03	4.60E-03	1.13E-03	0.00E+00	2.30E-05	8.54E-04
T[T>C]T	6.38E-05	1.78E-03	6.82E-03	0.00E+00	1.27E-03	8.29E-04	6.85E-04	4.34E-03	1.06E-03	5.17E-04	2.84E-06	1.06E-03
T[T>G]A	0.00E+00	1.72E-03	1.23E-07	0.00E+00	0.00E+00	0.00E+00	4.02E-05	4.26E-03	6.18E-10	3.57E-04	1.13E-06	2.92E-04
T[T>G]C	0.00E+00	9.71E-04	2.69E-03	3.17E-04	0.00E+00	2.33E-04	7.36E-05	4.48E-03	3.64E-04	5.24E-04	1.18E-05	1.45E-03
T[T>G]G	5.89E-05	4.34E-04	1.13E-03	0.00E+00	9.17E-05	1.94E-05	7.98E-05	1.03E-03	7.55E-05	2.77E-04	5.88E-05	2.89E-04
T[T>G]T	1.08E-05	1.80E-02	4.05E-03	1.29E-04	1.35E-04	6.68E-04	5.70E-07	4.57E-02	8.66E-07	1.83E-07	0.00E+00	8.32E-03
