MutationType	SBS96A	SBS96B	SBS96C	SBS96D	SBS96E	SBS96F	SBS96G	SBS96H	SBS96I	SBS96J	SBS96K	SBS96L
A[C>A]A	0.0008578851528000086	0.0017593822441995144	0.0	0.0	0.00022470742114819587	0.00030208843236323446	0.00040814461972331627	0.00722957810794469	4.778706643264741e-05	0.03254309906624257	0.0008389070892008022	0.0012425817520124837
A[C>A]C	0.0003878244198858738	0.0028896676376461983	0.000996967482205946	5.372375017032027e-05	0.0010014239844167605	0.005462640663608909	0.00021780920778838794	0.008293460053391755	0.009517733613029123	0.03148402776569128	0.000781246621045284	3.878342977259308e-05
A[C>A]G	4.068388020073144e-05	0.0009462764544878155	0.0	0.0	0.0002670600442797877	0.0007148099655751138	3.3839125535450877e-06	0.0020520577396382577	2.8017262957291676e-05	0.011921173706650735	0.0002900730280089192	0.0003602563316235319
A[C>A]T	0.00029511999528040176	0.011867726221680641	2.2632443474890352e-09	0.0	4.203895392974451e-46	0.06359435096383095	2.8025969286496343e-46	0.0016261167009361088	0.007188206724822521	0.009919361770153045	0.0	0.00010419534082757309
A[C>G]A	0.0011493573139887304	0.0001819825191887503	0.0015752748877275735	0.0007855940619845399	0.00027068268391303716	0.0001570308129885234	6.141144258435816e-05	0.00022592493332922458	0.0004273593753168825	0.01766153620555997	0.0018592762877233326	0.0002458080794895068
A[C>G]C	0.0008148380264174193	0.00010938550622949727	0.0005801347360829823	0.00010224140414720751	0.000697490424499847	3.0218748725019397e-05	0.0014689813135191799	0.0007802627689670772	0.0	0.018139260448515417	0.0018385435570962728	0.0016988428425975144
A[C>G]G	5.0061266620105016e-05	2.4365549779759022e-05	8.965694451035233e-05	0.0	0.00018259694734297228	4.4150805661047346e-05	3.6646119042416102e-06	0.00022375849956119965	2.6070054898497118e-05	0.014228229131549596	0.0006673609430436044	0.00010532655578572303
A[C>G]T	0.0012453807168640197	0.00026043600410048385	0.00030410590625251643	4.995556678295543e-05	0.001100536689045839	0.0	0.0006496259709820151	0.0011078019888373092	0.0	0.023107147961854934	0.002446750446688384	0.00016273916698992253
A[C>T]A	0.003446116764098406	1.386142976116389e-05	0.00026500708481762557	5.305203376337886e-05	0.08718184307217598	0.007635414716787636	2.857223153114319e-05	0.0018114946069545113	0.03482645992189646	0.011827642004936934	0.0028379041235893966	0.004545023245736956
A[C>T]C	0.0009769847111329	0.0030512301716953518	0.0006813009269535542	0.010018160659819841	0.0342659093439579	0.021293150074779988	0.0015620355552528054	0.012972359813284129	0.06942167654633521	0.0034249190401169473	0.0	0.0010275797685608268
A[C>T]G	0.3077471852302551	0.015925583196803927	0.0038570421398620323	0.026393782161176205	0.013975301943719386	0.043502453435212377	0.007336606669211409	0.0032189328514505176	0.08225130140781403	0.016290267089777898	0.0006412234709519016	0.0023021009285002945
A[C>T]T	0.0016819192445836962	0.003073191849398427	0.00688360033382196	8.011170430108905e-05	0.02947176285088062	0.023699694499373435	4.0158716976525e-28	0.008243663003668189	0.04777851216495037	0.005692067719064653	7.959417125675827e-05	0.0015466796758119017
A[T>A]A	5.649992999678944e-07	0.00039398693334078414	0.0	2.8987219411646948e-05	0.0003739665771718137	1.4619584544561803e-05	0.007088566571474076	0.00010331875542348711	0.0012970198033144698	0.0100203656591475	0.0001278520649066195	0.00022889529209351166
A[T>A]C	0.0	0.0	0.0	0.0017209389305207878	0.0019805898307822646	0.0	0.014809065032750368	0.0023881003173300995	2.9325756895559606e-05	0.014222909044474364	0.00041607824969105425	0.0010012620681663976
A[T>A]G	1.665142698357158e-05	2.227906952612102e-06	0.0	0.0	0.0003699993059854023	0.0	0.0011634079390205442	0.0016033261315897107	0.0005501987092429772	0.017174130491912364	0.0006151693203719332	0.0011185114650288596
A[T>A]T	0.0005658450289047323	0.0027749164029955862	0.0008787604048848153	0.0013829412040649914	0.005772221431834623	0.002878703165333718	0.0029815514462825377	0.012417203281074762	0.002662458125503523	0.010483709909021855	2.326567846466787e-05	0.0016611946397460998
A[T>C]A	0.0015105766186024993	0.0011952704284340144	0.009372786025051028	0.0014946149284323696	0.007549386192113161	4.011206910945475e-05	0.0421142403036356	0.014318186230957508	0.005762736173346638	0.013286198861896992	4.7164993156911804e-05	1.5607243403792383e-05
A[T>C]C	0.0007888629712397233	0.0020358289242722095	0.012261272163596005	0.0065086779184639456	0.0031424467568285765	0.004097110591828823	0.025013179145753385	0.025644117780029774	0.0002789549413137138	0.006585939181968569	0.00018341706454521044	0.005844628519844264
A[T>C]G	0.001412811221529205	0.0017787044635042548	0.00493946932259527	0.0008972648007329554	0.01656060308423548	0.0015353157446952536	0.03311687707901001	0.08574076453223825	0.004074779540906093	0.007411104300990701	0.00018786886794259773	0.001072911950177513
A[T>C]T	0.0003409768392884871	0.004287370713427663	0.003944695630343631	0.0	0.0006667000940069556	0.00289700822904706	0.02120754923671484	0.013145198859274388	0.010572272539138793	0.022971910238265992	0.0004816953762201592	0.0019435368536505847
A[T>G]A	3.052359534194693e-06	0.002111596392933279	0.0012252667918801307	0.0	5.1453780906740575e-05	7.98926703282632e-06	0.0005549960944335908	0.002102062828094953	3.0965591577114536e-06	0.004434129619039595	0.00020188543494441545	0.0027542308904230594
A[T>G]C	0.0005335091758752242	0.003839249024167657	0.0038985126891930124	0.0004104660401935689	0.0	0.0023833105457015335	0.003944259299896657	0.0034399642259813844	0.00015736744953005478	0.00328345843590796	0.00013654287140525413	0.007052466669119894
A[T>G]G	0.0002721893299167277	0.0019454160908935591	0.002026129432488233	3.642787214630516e-06	0.0	0.0015000145416706801	0.0008289757284728694	0.0024385012569837273	0.0	0.007194937812164426	0.00013081746983516495	0.00342247283551842
A[T>G]T	0.0	0.02124739533755928	0.002569066131010089	0.00023652255531487755	0.0	0.012029696628451348	0.0006652313582890202	0.014202355593442916	0.0007740975223953228	5.100056814200116e-07	3.4719626285095727e-09	0.034278801269829275
C[C>A]A	0.00043445111214950315	0.0015597733727190644	0.003214464522898197	0.00012228444102220238	0.017785831692163755	0.016550494730472563	0.0002622933334350819	0.020422514667734502	0.0	0.029016129579395054	0.0008971375063993037	0.0016388043528422712
C[C>A]C	0.0005764304385010632	0.0005810994741082709	0.0005201804535317934	0.002002327670925297	0.044219624157994984	0.012004965753294527	0.0004454964364413172	0.027446345431962983	0.0	0.018156516645103694	0.0002670155925443396	0.0011307886918075383
C[C>A]G	0.0014842765609500933	0.0014933266036678105	0.0	0.0019595417497384913	0.016303572204196825	0.002606280194595456	2.2447552692028693e-05	0.017237790580838918	0.00016370171797461808	0.010593668511137366	0.00016193249975913205	0.0
C[C>A]T	1.813570627007266e-08	0.0020770005795867517	3.0804122786776133e-06	4.297355671312175e-07	0.09405270936476881	0.27641168385744097	1.1561471943366542e-06	0.05048494643226409	3.5439649170854184e-08	2.812377175587244e-09	2.795873577099428e-09	7.972129445477095e-09
C[C>G]A	4.637683377950452e-06	0.0	0.0	0.0	0.0	0.0	0.0	0.0002208717167377472	0.0002204953103500884	0.0173732940107584	0.004451778391376138	0.00084429518901743
C[C>G]C	0.0	4.047525726491585e-06	9.894283502944745e-05	2.2230800095712765e-05	0.0	0.0	4.351664101704955e-05	2.5350056276352007e-09	0.0	0.01883615953847766	0.0010049402073491365	0.00026443441456649455
C[C>G]G	7.062714412313653e-05	2.1272253889037527e-06	9.4124893166736e-06	6.41605001874268e-06	0.0005343339616956655	3.0011306080268696e-06	0.0	0.0005670345526567644	9.988764286390505e-05	0.01675332337617874	0.0004248496985383099	3.637426198110916e-05
C[C>G]T	7.155802904890152e-06	0.00010679924671421758	0.00017324962100246922	2.0816296091652517e-05	2.188835201195616e-05	2.2466061636805535e-06	0.00010190881694143173	2.4564067825849633e-05	1.605612051207572e-05	0.02703950647264719	0.0037960564950481057	1.4012984643248171e-46
C[C>T]A	0.000768195044292952	1.1753179569495842e-05	0.0015121279458981008	2.9957201331853866e-05	0.015201623854227363	9.41008678637445e-05	0.0	0.018642125837504863	0.042213508300483225	0.03238375186920166	0.01227278560400009	0.007029095571488142
C[C>T]C	3.3542595338076354e-05	0.0004285839706426486	0.0019167214893968775	0.0026306299027055503	0.017283880989998578	0.002621502004330978	0.003181278007104993	0.022748245735419913	0.09373254925012589	0.0050614341394975785	0.00100143090239726	0.002333396038739011
C[C>T]G	0.28098873794078827	0.0012572915537020315	0.008210039552068338	0.010872429609298706	0.00805903822183609	0.015781514604395853	0.000665543416107539	0.027573918271809817	0.13984458446502684	0.0026149334385991143	0.0034547100425697864	0.0019774421175753785
C[C>T]T	0.0	0.0015788473290740512	0.006170066514425798	0.0011788075812660282	0.013672540755942464	0.009164192946627736	0.0013908941386034713	0.02441854225471616	0.08833252117037774	0.01262308657169342	0.002826732606627047	0.004954917966097127
C[T>A]A	0.0	3.755976704269415e-05	0.0	2.7342954854248092e-05	8.909682001103647e-05	8.251455437857657e-06	0.001242452667793259	0.0004144641447055619	5.000821693101898e-05	0.009206118434667588	0.00026631682827735757	0.0007076001173118129
C[T>A]C	1.4012984643248171e-46	0.0	0.0	0.001167180429911241	0.0032933023234363646	0.002498158882372081	0.0030302256694994868	0.0030000141356140374	0.0021157347597181796	0.014078353438526392	0.0002523400893551297	0.011975422594696283
C[T>A]G	4.9843233136925845e-05	0.0004583610774716362	0.0	5.07994533109013e-05	0.0007242361898534	0.0002593593657366	0.0020481003797613085	0.002059349184855819	5.017967778258026e-05	0.025809450075030327	0.00033987012575380503	0.006021900894120335
C[T>A]T	0.0	0.0004884217487415299	8.153231867424893e-10	0.0	0.000429299712413922	0.0031376392347738148	8.54319878271781e-06	0.0015959456387520277	0.00223993047256954	0.014348448254168034	3.0095961880327594e-05	0.03743871226906777
C[T>C]A	0.00018401501256448682	0.00018290564767085016	0.0	4.3409198406152426e-05	0.006207831433130195	0.0	0.0206642247736454	0.024953240965260193	0.00031121965985221324	0.006432716595008969	4.622235862470347e-05	0.005791826639324427
C[T>C]C	0.0011632753623416648	0.00024505178807885384	0.00046064924345046165	0.001278737778920913	0.0047496513463556765	0.003067369107156992	0.01536618866957724	0.035906602954491974	0.011599142756313085	0.00428459735121578	3.040500287170289e-05	0.05705779530107975
C[T>C]G	1.0063014954653226e-08	0.000165765653548533	4.0931749367701166e-08	0.0004964377664691711	0.03162378609927998	0.0003190338349668309	0.03312667655013683	0.12505394757026805	0.0008352932316483929	0.0004937845622484005	0.0	0.029916122928261756
C[T>C]T	2.3477305512642487e-05	0.00029276450513862076	0.0	0.0	0.0046707862755283715	0.0	0.011561298789456487	0.03218377977609634	0.005724903428927064	0.004375579367124516	0.00031247013666870773	0.12293714508414269
C[T>G]A	8.52813478740444e-05	0.0030924309627153035	0.0022084599710069596	1.7645166326474283e-05	0.00014879048976581543	0.0	0.0005396787899371702	0.003518951853038743	1.4012984643248171e-46	0.0039573909714818	9.60380965011609e-06	0.0025432544411160053
C[T>G]C	0.0021039545070379974	0.0007934698573080823	0.004996260401094332	0.001302334846695885	0.001465539843775332	0.0007365515954006696	0.0019787333672866224	0.009089724835939705	5.6832085829228165e-05	0.0054424767382442955	0.0003072979243370355	0.024498425982892515
C[T>G]G	0.0020009942178148775	0.0031095336307771504	0.005260614602593705	0.0013903008562920149	0.0018184790387749672	0.00011796535181929357	0.0023271105950698257	0.016931436583406054	0.0	0.00975876587908715	1.6533951747987884e-05	0.022239005379378795
C[T>G]T	2.5442052020707706e-08	0.014773656873694562	0.0012970668776851823	0.0012026498473005631	0.0004845825093127587	0.0034310112771208877	5.6968059425344106e-08	0.011987882665720661	2.9546031043992117e-08	0.0	0.0	0.3222370117902756
G[C>A]A	0.0019608682836405934	0.000779708779464272	0.0016411828983109444	0.0013940515374997631	0.00038022702210582793	0.00318077506381087	0.0002856788776625763	0.010210241811000742	0.0006575530540430918	0.04059503078460693	0.00016495377494720742	0.004833420692011714
G[C>A]C	0.0011206828930880874	0.0013797775725834071	0.0012541163712739944	0.009576376667246223	0.0008768494160904083	0.012063458282500505	0.005145818064920604	0.008590931096114219	0.005650730384513736	0.025349580310285093	0.000525804769131355	0.0002857740624380559
G[C>A]G	0.002232969203032553	7.194372337835376e-05	1.7699989257380365e-06	0.0018822890764568002	0.0011907205684110523	0.000698914941494877	0.00045972319785505535	0.004406136492616497	0.0005495134741067886	0.013000446930527687	0.0003820909740170464	0.0007400867303658743
G[C>A]T	0.0009130732511579253	0.0003548694905475713	0.005941934511065483	0.021523364633321763	0.0	0.13740196898579599	0.001904225698672235	0.004377463856494046	3.10817913290809e-14	0.010348620784884587	0.0	0.00032518813968636097
G[C>G]A	0.0006377312092809007	5.800449507660232e-05	0.0009838640049565583	0.0005791874311398715	0.0	0.0005473458237247542	0.00022732092656951863	0.0001018874638248235	0.0010097308084368705	0.011846480052918195	0.0013279533595778048	0.0022515425342135133
G[C>G]C	0.0011971366126090287	0.0001686509989667684	0.00036740456671395804	0.0006432735302951187	0.002431830277055269	0.0	0.0037429666146636007	0.002650940848980099	0.0	0.01983154136687517	0.0007523889129515737	0.0
G[C>G]G	0.00025472058914601805	7.473847836081404e-06	0.0	6.244063843041658e-06	0.0001983307498448994	0.0	3.6551089488057185e-05	0.0004441788296389859	1.8704952253756346e-08	0.008891846984624863	0.0005446860915981234	1.3946511899121106e-05
G[C>G]T	0.0007353394117671997	0.000320704103432945	0.00032611110364087574	0.0007339855874306522	0.0009079645577003248	0.00024384026328334586	0.0008471754816127941	0.00010207559680566191	0.0	0.021394276060163975	0.001899629575200379	2.4734216276556252e-05
G[C>T]A	0.0006213997267678906	8.660722871525194e-05	0.000757818017154932	0.026535052806138992	0.16684339717030525	0.002957137132762	0.011067627556622028	4.350217892579167e-08	0.03993972800672054	0.0009974195156246424	0.003945284988731146	0.0002773539612984877
G[C>T]C	5.0911904025952024e-09	0.016817908361554147	2.1206430744776016e-08	0.17226394563913344	0.13408166244626046	1.4012984643248171e-46	0.05323482938110828	0.0026734838634411063	0.010386627716684416	0.0	0.0004906115508788389	2.8025969286496343e-46
G[C>T]G	0.27002373337745667	0.024630357194939733	2.6933237791126884e-07	0.48754793405532837	0.0057789433974392065	0.0679840736091137	8.183231869907104e-09	0.008361651841551066	0.0008079401845058953	1.4012984643248171e-46	0.0	0.0023613580852725135
G[C>T]T	0.0	0.008428384829312564	0.024279595352709293	0.08303597420454026	0.10900190696120263	0.013254124205559492	0.032868042960762976	0.0038000503554940224	0.022178837470710276	0.0	2.1377846132963894e-05	8.836074039209052e-05
G[T>A]A	4.7903490485623476e-05	1.995995289689745e-05	0.0	3.298407464664341e-05	4.373414849396795e-05	0.0	0.0038819707930088042	0.0005182624590815976	0.0	0.00818957258015871	0.0002945812208054122	0.0
G[T>A]C	0.0	0.0	0.0	0.0019024730543605983	0.0024114697822369634	0.00030810720490990204	0.010207499563694	0.0019104390987195075	0.0013015613541938365	0.00949431722983718	0.0005310152133461088	0.0022135462611913683
G[T>A]G	0.0	0.0	0.0	1.6373055223084522e-05	0.001276575998053886	0.0	0.0028428258839994667	0.0015062592218185954	1.9433827037573793e-05	0.011980777326971292	0.00020212952367728576	0.0008275807573227212
G[T>A]T	0.0	0.00040807960467645896	0.0	0.0005501306644873693	0.000861290717148222	0.0007542235784057993	0.0017478646070230753	0.003729272010968998	0.0022813121788203715	0.008415196975693106	3.963974047564989e-05	0.007254946744069457
G[T>C]A	3.58672557609907e-07	0.0028943302342668174	0.0030248550039225107	0.013623941456899047	0.006192345102317631	0.000707257156381047	0.1488116130232811	0.004486093157554194	0.0	0.0	0.0	0.0
G[T>C]C	0.0	0.0014300700824573908	0.014975346106803044	0.04146077930927276	1.4012984643248171e-46	0.004707570024766028	0.06906021982431412	0.0042737702045997136	2.9417151381494476e-09	4.83660725876689e-05	0.0	0.008816076023504139
G[T>C]G	1.4012984643248171e-46	0.0013421162380836903	0.0006356780940620866	0.010506753949448467	0.00972125176630243	0.005567018059082329	0.10871273726224899	0.03636176008731127	2.522152158235258e-08	0.0	0.0	0.002838788910594303
G[T>C]T	0.00040338842081837355	0.004531432106159627	0.01513750646263361	0.002607386115414556	0.000978698575636372	0.009610886126756668	0.0942184641957283	0.006038688123226166	0.0028349117143079638	0.0018545580946636164	0.0	0.007292248588055372
G[T>G]A	4.203895392974451e-46	0.0002566262965046917	0.0022223005478736015	7.909290943644009e-05	0.0	5.088879624963738e-05	0.00040872137033147736	0.0007010661181993782	6.725408822783052e-06	0.005425588740035891	2.5991160839566875e-06	0.0021770073042716833
G[T>G]C	0.0	0.0009917863295413553	0.00434391251183115	0.003938250290229916	0.0	0.0006988974928390235	0.0021521580405533315	0.0012840064708143472	2.9726972883281634e-09	0.0039057628018781543	0.0	0.010338974371552467
G[T>G]G	0.0	0.000365585254621692	0.002538659781635033	0.0026010006433352826	5.956065069767646e-06	0.0012090568838175387	0.000971394992666319	0.0009818846243433653	0.0	0.010407106531783939	0.0	0.006949877925217151
G[T>G]T	5.666150926231239e-09	0.002153004275316306	0.00048199334353524745	0.004590289830230176	2.672386223423473e-09	0.003294583479873836	0.00048682648775866255	0.0023212626951988114	1.2631141466101782e-09	1.9822093122456864e-08	0.0	0.08807065412402153
T[C>A]A	0.00010540763032622636	0.0593967005610466	1.4012984643248171e-46	0.0	0.0003265385785198305	0.0	0.0	0.021339837473351508	0.0	0.023018600605428218	0.03153419364243746	0.0010087083675898612
T[C>A]C	0.00238494718214497	0.012473716214299203	0.0013383449723690466	0.0002866624912712723	1.197794212217438e-29	0.040355715155601504	1.8363115195096923e-11	0.004930544426315464	0.004124964098446071	0.034457090124487874	0.016684578265994787	9.44733401411213e-06
T[C>A]G	0.0003388988341612276	0.007044987985864282	1.4012984643248171e-46	3.409576711419504e-05	0.001382012543035671	0.0	0.0	0.004997870313673047	6.495009693026077e-05	0.012850203830748797	0.005274064932018518	0.0009043470767210237
T[C>A]T	0.0	0.5257981568574905	3.708741107999458e-07	2.5085350094744107e-07	2.8025969286496343e-46	0.117288623198192	3.4006199598479727e-07	1.009289662761148e-05	2.3295413669188748e-07	1.895183068256756e-08	0.004083634883969012	9.961565714622367e-05
T[C>G]A	1.3449563063261394e-08	1.4012984643248171e-46	1.2011299066472248e-09	4.012523051599714e-08	0.0	9.079303873171795e-08	2.560359178005456e-08	2.382207389352189e-45	2.0391245891815403e-08	1.698093506092846e-05	0.15391844063997268	1.4012984643248171e-46
T[C>G]C	0.00021214610933384392	0.0	1.348060031887144e-05	1.653978652029764e-05	2.545745669522148e-05	0.0	0.0003575214155716822	1.0290583304595202e-05	4.702097339759348e-06	0.01662024836987257	0.05282584317028523	0.00016175624550669455
T[C>G]G	1.9815521323529595e-05	7.0484567004314155e-06	2.656196302268654e-05	2.8474380724219372e-05	2.5263037241529673e-05	0.0	1.94338099390734e-06	1.829553075367585e-05	8.941218511608895e-05	0.009489924460649491	0.016475587710738183	0.0001790709575288929
T[C>G]T	0.0	2.208933858938167e-05	0.00010640663094818592	0.0	0.0	0.00020597350521711633	0.00010845637661986985	2.8025969286496343e-46	0.0	0.0059242098708637055	0.19699153006076814	0.0006522958865389228
T[C>T]A	0.0003764880992093822	0.000300356512889266	0.008845175709575414	0.00462748717982322	0.013269266905263066	0.0	0.008264957414939999	0.00041522569954395295	0.033893541991710664	0.0	0.25872663855552674	0.004692315100692212
T[C>T]C	0.0026756409904919566	0.004111895861569792	0.04506359840743244	0.018803006783127785	0.0006482276687165723	0.005431353650055826	0.007988369651138782	0.002643812369205989	0.10451363995671273	0.003615299321245402	0.06447379291057587	0.004246945065096952
T[C>T]G	0.09767845571041107	0.03438320318236949	0.6451535165309906	0.0038000548325548777	0.009204064309597016	1.4573504028978098e-44	0.0001626685610972345	0.0071973190060816705	0.006723416254264691	3.2523050919053276e-09	0.024169918159688563	1.3277586549520493e-05
T[C>T]T	0.0	0.015241503296419979	0.08278628066182137	0.0029858792200684547	0.0	0.013693665340542793	0.005208910058718175	2.8025969286496343e-46	0.06729084849357606	0.0	0.11556206345558166	0.0013830375915858894
T[T>A]A	0.0005909994055400602	0.0007091847306583077	0.0	5.8059405300662885e-05	0.0015926952473819256	0.0	0.0029400606406852605	0.0030725989025086166	0.0	0.012656916305422783	0.0001199112988615525	0.00020464571862248703
T[T>A]C	7.957924826769158e-05	0.0007950206461828202	9.013104863697663e-06	0.00031353694503195585	7.007810527284163e-05	0.001935538905672729	0.002834242256358266	0.00010397939477115869	0.0032503330148756504	0.011864915210753679	0.000260564867494395	0.0032217301893979313
T[T>A]G	9.374316141474992e-06	0.0009729235142003744	0.0	0.0	0.00011849509028252214	0.000159471030383429	0.0009078608214622364	0.0010752050278824755	0.00020400153734954075	0.010390593484044076	7.000021570582326e-05	0.001327869651140645
T[T>A]T	0.0002775144705083221	0.005585799319669604	1.4012984643248171e-46	0.0	0.0011227905662963167	0.002452582260593772	0.0007434836254105904	0.0010442234415677376	0.002265425748191774	0.014008963014930487	3.363061259733513e-05	0.0062686204444617035
T[T>C]A	0.00010812025284394622	0.004018435860052705	0.0013591492548584937	0.000678507547127083	0.011055878037586809	0.0003775957738980651	0.04441907368600369	0.0015700969204772263	0.0017923996842000634	0.003993766847997904	0.00011698064554366283	0.0018004438345087693
T[T>C]C	0.00039164073023130187	0.00609113834798336	0.012434377626050264	0.0038181234674993904	0.004786664736457169	0.004679063288494945	0.042912039533257486	0.017035219911485912	0.0042015659710159525	0.004355606669560075	0.00017124387086369096	0.009993623616173864
T[T>C]G	0.00020607470360118897	0.005950529122492299	0.00389174904266838	1.221308102393459e-13	0.01911501055583358	0.0004965827334672213	0.03336182348430157	0.024806348234415056	0.004063834125526	0.0	4.614010646086797e-05	0.005310377618297934
T[T>C]T	0.00012640346967600634	0.010136829188559205	0.0068165212869644165	0.0	0.00491315996623598	0.0025094025040743873	0.03252113200724125	0.013693743325711693	0.013307146355509758	0.0029897432075813414	2.8368956918711772e-06	0.005590670085257443
T[T>G]A	0.0	0.009943010937422513	1.2315670119278366e-07	0.0	0.0	0.0	0.00014903640381334072	0.00674751231836126	6.175308708833426e-10	0.0060720720794051886	1.939801452355283e-06	0.001063579068725673
T[T>G]C	0.0	0.0057550844270735976	0.013124427979346365	0.0006716275325743482	0.0	0.0017401241580955683	0.00028738827677443624	0.0066383121535182	0.00113615021109581	0.0037669250043109058	1.4326110613183118e-05	0.01304001295939088
T[T>G]G	0.000140928287692077	0.0031016792345326394	0.0017651707545155658	0.0	0.001009687251644209	2.759644266916439e-05	0.0002718782801821362	0.002513795779668726	0.00016450935036118607	0.009983460884541273	0.0003142047025903594	0.004044680576771498
T[T>G]T	1.0809274571244031e-05	0.10620774324306695	0.005950956176576483	0.00020313774707865495	0.00020440578969385114	0.000771133985290362	5.695219442714006e-07	0.06849305101613012	2.1837982444594672e-06	4.0830671714786605e-07	0.0	0.04945320437150826
