MutationType	SBS96A	SBS96B	SBS96C	SBS96D	SBS96E	SBS96F	SBS96G	SBS96H	SBS96I	SBS96J	SBS96K	SBS96L	SBS96M	SBS96N	SBS96O	SBS96P	SBS96Q	SBS96R
A[C>A]A	5.61E-06	7.58E-06	8.59E-06	8.31E-03	8.97E-06	1.42E-02	5.11E-06	5.80E-06	3.83E-06	2.52E-02	1.02E-05	1.43E-02	4.49E-04	1.69E-02	1.69E-02	4.98E-06	5.63E-06	5.15E-02
A[C>A]C	1.11E-05	1.38E-05	8.98E-06	9.82E-04	4.85E-06	3.32E-02	5.47E-02	1.57E-02	7.70E-02	6.61E-04	1.27E-05	1.01E-05	1.29E-02	6.60E-06	1.07E-05	6.59E-06	7.62E-06	1.02E-05
A[C>A]G	1.08E-06	3.87E-06	2.20E-06	1.85E-03	2.28E-06	1.62E-06	9.26E-03	1.95E-06	1.23E-03	1.57E-03	2.08E-06	1.32E-03	1.40E-03	2.50E-06	1.23E-03	2.73E-06	3.64E-06	2.02E-02
A[C>A]T	6.27E-03	7.42E-06	2.82E-06	1.85E-03	9.15E-06	1.72E-06	9.26E-03	1.89E-06	1.14E-06	1.57E-03	5.50E-06	1.78E-03	1.40E-03	4.08E-06	1.23E-03	1.61E-06	2.92E-06	2.48E-02
A[C>G]A	2.92E-06	8.55E-03	1.65E-06	1.15E-03	7.11E-06	7.49E-06	9.10E-06	3.91E-06	1.23E-03	8.46E-03	3.15E-06	2.07E-03	5.96E-04	3.33E-02	1.23E-03	4.34E-06	6.58E-02	8.57E-06
A[C>G]C	8.34E-06	6.62E-06	1.53E-06	1.85E-03	4.29E-06	2.40E-06	9.44E-06	1.98E-06	1.23E-03	2.43E-02	1.01E-02	1.31E-03	1.02E-05	3.49E-06	1.68E-02	9.78E-06	4.22E-06	7.46E-06
A[C>G]G	7.17E-06	1.70E-02	4.97E-06	1.53E-02	6.22E-06	5.10E-06	3.89E-06	1.76E-06	4.26E-02	1.70E-04	3.33E-06	1.12E-02	2.63E-04	8.50E-03	6.28E-04	5.74E-06	3.71E-06	1.28E-02
A[C>G]T	1.14E-05	7.06E-06	1.21E-05	8.35E-04	9.16E-06	5.03E-06	9.26E-03	4.96E-06	3.92E-06	5.95E-04	6.73E-06	8.00E-02	2.50E-02	6.57E-06	1.25E-02	1.08E-05	4.34E-06	3.37E-02
A[C>T]A	2.32E-02	8.69E-06	9.49E-06	1.12E-05	5.58E-06	5.65E-06	1.16E-05	1.27E-05	5.52E-04	1.08E-05	3.98E-02	7.57E-06	1.07E-05	6.34E-06	1.22E-05	9.25E-06	1.15E-05	1.00E-01
A[C>T]C	8.09E-06	9.33E-06	4.53E-06	3.44E-02	5.94E-06	6.72E-03	9.41E-06	2.11E-06	2.08E-02	6.25E-04	5.63E-06	1.59E-03	1.24E-06	3.00E-06	9.13E-04	6.07E-06	1.74E-02	5.39E-06
A[C>T]G	1.25E-05	1.20E-05	3.53E-02	1.18E-05	1.20E-05	1.08E-05	1.39E-05	1.26E-05	7.96E-06	9.76E-06	1.12E-05	1.24E-05	9.48E-06	1.33E-05	1.08E-05	1.55E-05	1.13E-05	1.32E-05
A[C>T]T	8.17E-06	5.85E-06	9.84E-06	3.62E-02	1.00E-05	9.60E-06	1.30E-05	9.19E-06	9.14E-06	4.94E-02	2.46E-06	3.94E-04	3.62E-02	3.78E-06	2.57E-02	2.64E-02	1.28E-02	9.88E-06
A[T>A]A	3.35E-06	5.87E-06	3.99E-06	1.86E-03	3.24E-06	4.91E-06	4.22E-06	1.56E-02	1.26E-02	6.52E-04	1.45E-02	1.72E-03	5.30E-04	2.06E-06	1.23E-03	4.23E-06	3.33E-02	4.58E-06
A[T>A]C	2.50E-02	6.24E-03	1.07E-05	3.89E-02	1.16E-05	1.11E-05	1.25E-02	9.05E-03	1.12E-06	2.19E-02	9.91E-02	1.38E-03	1.12E-03	4.88E-06	1.23E-03	2.96E-06	2.86E-06	2.48E-02
A[T>A]G	1.14E-05	1.46E-05	8.86E-06	8.63E-04	2.59E-06	6.33E-03	9.79E-06	1.66E-02	9.44E-03	1.25E-03	1.20E-05	1.32E-02	9.39E-04	6.41E-06	5.25E-05	8.29E-03	6.44E-02	5.55E-02
A[T>A]T	1.57E-06	5.79E-06	1.95E-06	1.72E-03	2.11E-02	6.72E-03	1.80E-06	2.09E-06	1.23E-03	1.57E-03	5.70E-06	7.09E-03	1.40E-03	3.98E-06	9.12E-04	3.52E-06	1.69E-06	2.07E-06
A[T>C]A	9.39E-06	7.81E-06	6.37E-06	3.43E-02	8.11E-06	2.72E-02	1.02E-05	9.42E-06	4.72E-06	4.84E-02	1.04E-05	4.66E-04	2.27E-02	1.69E-02	9.98E-02	7.15E-06	4.21E-06	2.16E-06
A[T>C]C	4.21E-06	7.77E-06	5.87E-06	1.85E-03	1.04E-06	7.37E-06	1.01E-02	2.28E-06	1.62E-04	1.64E-02	4.60E-06	1.57E-03	1.40E-03	2.67E-06	2.08E-02	1.90E-06	9.82E-06	2.05E-06
A[T>C]G	1.06E-05	7.62E-06	1.26E-05	1.33E-03	6.24E-02	3.54E-06	1.22E-05	2.00E-02	5.03E-06	8.82E-06	3.04E-02	2.15E-02	6.37E-06	1.31E-05	1.23E-03	1.09E-05	5.24E-06	8.81E-06
A[T>C]T	9.67E-06	3.35E-02	9.85E-06	3.55E-02	6.09E-06	1.97E-02	1.84E-02	3.82E-06	5.49E-02	9.29E-04	3.65E-02	1.09E-03	1.00E-03	9.55E-06	1.25E-02	1.66E-02	7.22E-06	6.46E-06
A[T>G]A	3.22E-06	7.50E-06	3.63E-06	1.72E-03	4.34E-02	6.49E-06	2.28E-06	3.02E-06	1.23E-06	1.57E-03	1.71E-06	2.07E-03	1.40E-03	2.52E-06	4.88E-04	7.08E-06	3.96E-06	1.96E-06
A[T>G]C	1.64E-06	1.54E-06	7.45E-07	1.85E-03	8.08E-07	1.09E-06	1.84E-06	2.18E-06	1.23E-03	1.57E-03	1.60E-06	2.07E-03	1.40E-03	2.21E-06	1.23E-03	1.73E-06	1.46E-06	1.92E-06
A[T>G]G	1.64E-06	1.54E-06	7.45E-07	1.85E-03	8.08E-07	1.09E-06	1.84E-06	2.18E-06	1.23E-03	1.57E-03	1.60E-06	2.07E-03	1.40E-03	2.21E-06	1.23E-03	1.73E-06	1.46E-06	1.92E-06
A[T>G]T	2.00E-06	1.70E-06	3.52E-06	1.61E-03	8.10E-07	2.66E-06	2.04E-02	2.16E-06	1.23E-03	1.57E-03	1.68E-06	2.07E-03	8.40E-04	2.25E-06	1.23E-03	1.68E-02	1.54E-06	2.89E-06
C[C>A]A	5.16E-06	9.62E-06	4.50E-06	8.34E-04	2.88E-02	9.30E-03	4.01E-06	3.24E-06	1.69E-02	3.77E-02	3.75E-06	2.07E-02	1.40E-03	5.65E-06	1.64E-04	9.62E-06	4.57E-06	1.25E-02
C[C>A]C	1.06E-05	5.31E-06	8.51E-06	1.58E-03	7.69E-06	5.44E-06	8.14E-06	3.67E-06	3.41E-02	1.57E-03	5.68E-06	2.13E-02	5.00E-06	4.37E-06	1.01E-05	9.96E-06	1.71E-02	8.45E-06
C[C>A]G	6.19E-06	3.24E-06	8.33E-03	1.58E-03	6.64E-06	3.86E-06	9.56E-06	9.30E-06	1.76E-02	1.03E-02	4.67E-06	1.11E-02	2.49E-02	6.83E-06	7.74E-06	6.26E-06	6.69E-06	6.27E-06
C[C>A]T	8.62E-06	9.59E-06	9.26E-06	9.17E-03	4.10E-02	5.15E-06	9.64E-06	9.10E-06	6.25E-04	3.75E-04	9.21E-06	1.67E-02	3.75E-06	1.28E-02	1.23E-03	6.45E-06	8.18E-06	1.25E-02
C[C>G]A	3.24E-06	2.15E-02	6.15E-06	1.11E-03	1.49E-02	7.11E-03	4.32E-06	3.08E-06	5.00E-04	1.64E-02	4.68E-06	1.57E-03	1.40E-03	1.51E-06	1.23E-03	3.27E-06	1.74E-02	1.33E-06
C[C>G]C	5.70E-06	1.13E-05	8.17E-06	8.31E-04	2.87E-02	9.76E-06	9.23E-06	1.54E-02	6.67E-06	5.32E-04	3.37E-02	3.29E-02	1.40E-03	5.31E-06	3.13E-02	6.47E-06	4.91E-02	6.20E-06
C[C>G]G	6.51E-06	9.47E-06	6.44E-06	1.56E-03	1.03E-02	1.56E-06	3.38E-06	2.26E-06	1.23E-03	5.96E-04	1.39E-06	1.58E-03	6.17E-05	3.99E-02	4.88E-04	4.25E-06	2.57E-02	4.40E-06
C[C>G]T	4.90E-06	2.73E-06	9.68E-06	1.31E-03	6.56E-06	6.48E-06	2.26E-06	5.58E-06	1.68E-02	1.57E-03	8.41E-06	1.85E-03	1.40E-03	9.94E-02	1.23E-03	4.24E-06	2.63E-06	4.56E-06
C[C>T]A	1.10E-05	1.09E-05	1.06E-05	5.20E-04	1.22E-05	1.15E-05	1.06E-05	1.03E-02	3.74E-04	9.59E-06	6.66E-06	1.63E-03	9.41E-02	1.01E-05	1.17E-05	9.62E-06	4.36E-06	1.01E-05
C[C>T]C	1.33E-05	1.50E-02	7.64E-03	9.01E-04	2.35E-06	1.13E-05	7.73E-06	6.06E-06	4.94E-02	1.39E-03	4.16E-02	1.27E-03	9.79E-06	2.37E-06	4.24E-06	4.03E-02	5.12E-02	6.64E-06
C[C>T]G	1.17E-05	6.49E-02	1.23E-05	1.18E-05	1.03E-05	1.27E-05	1.15E-05	1.28E-05	9.59E-06	9.53E-06	1.35E-05	4.18E-06	1.27E-05	9.44E-06	1.24E-05	1.10E-05	1.37E-05	1.16E-05
C[C>T]T	9.61E-06	1.32E-05	8.34E-06	4.54E-04	2.36E-06	1.27E-02	8.31E-03	4.41E-02	1.10E-05	6.48E-05	3.98E-02	1.34E-03	1.40E-03	1.15E-05	9.48E-02	6.76E-06	9.38E-06	4.25E-06
C[T>A]A	2.91E-06	2.42E-06	2.87E-06	1.69E-03	1.69E-06	3.20E-06	2.46E-02	3.33E-06	1.23E-03	1.09E-03	1.66E-06	1.40E-02	1.40E-03	2.16E-06	1.23E-03	3.15E-06	1.43E-06	2.03E-06
C[T>A]C	4.55E-06	9.59E-06	6.55E-06	1.58E-03	2.53E-06	3.86E-06	6.55E-06	4.31E-06	1.17E-06	2.18E-02	1.26E-02	3.27E-02	4.48E-04	4.64E-06	1.69E-02	1.80E-06	4.14E-06	6.00E-06
C[T>A]G	5.44E-06	6.77E-06	5.89E-06	1.30E-03	4.06E-02	3.86E-06	6.56E-06	7.73E-06	1.24E-03	5.94E-04	1.45E-02	8.20E-04	2.56E-02	8.22E-06	6.10E-06	8.01E-06	2.49E-02	2.02E-02
C[T>A]T	9.28E-06	9.50E-06	1.67E-02	6.77E-03	7.42E-02	6.14E-06	1.01E-02	8.84E-06	7.14E-04	1.57E-03	7.37E-06	1.18E-03	1.46E-02	5.64E-06	9.56E-04	7.80E-06	1.03E-05	6.48E-06
C[T>C]A	6.93E-06	3.32E-06	2.70E-06	1.61E-03	2.49E-02	6.73E-06	3.57E-06	1.25E-02	3.56E-06	1.57E-03	3.32E-02	1.62E-03	1.40E-03	3.98E-06	1.23E-03	2.49E-02	2.78E-06	1.56E-06
C[T>C]C	8.14E-06	9.77E-06	9.16E-06	8.25E-03	3.30E-02	5.87E-06	1.10E-05	2.92E-02	3.44E-06	1.01E-05	1.31E-05	2.73E-02	1.79E-06	1.15E-05	3.25E-02	5.98E-06	8.38E-06	7.93E-06
C[T>C]G	9.98E-06	1.33E-02	9.28E-06	1.41E-03	1.03E-02	4.62E-06	1.25E-05	2.25E-02	1.09E-05	8.41E-03	9.96E-03	1.13E-05	3.18E-02	1.09E-05	4.90E-04	3.32E-02	7.72E-02	2.72E-06
C[T>C]T	9.62E-06	1.11E-05	9.34E-06	3.91E-02	3.43E-06	9.09E-03	5.64E-06	1.03E-02	1.70E-02	1.57E-03	4.76E-02	1.08E-03	4.46E-04	5.07E-06	1.01E-05	1.14E-02	3.48E-02	9.33E-06
C[T>G]A	2.11E-06	1.46E-06	1.69E-06	1.85E-03	8.31E-07	9.78E-07	4.35E-06	2.51E-06	9.43E-03	1.57E-03	2.38E-06	1.94E-03	1.40E-03	2.22E-06	5.04E-05	3.53E-06	3.62E-06	9.61E-03
C[T>G]C	5.73E-06	6.17E-06	8.37E-03	1.72E-03	1.42E-06	2.54E-02	1.60E-06	5.75E-06	9.74E-04	2.03E-02	2.34E-06	1.17E-03	1.45E-02	2.69E-06	1.24E-03	5.59E-06	2.57E-02	5.44E-06
C[T>G]G	6.27E-03	5.04E-06	8.33E-03	1.03E-03	1.49E-02	6.33E-06	1.02E-05	1.25E-02	3.30E-02	1.57E-03	1.13E-05	1.62E-03	1.40E-03	8.12E-06	6.57E-06	7.42E-02	4.19E-06	2.73E-06
C[T>G]T	1.71E-02	1.34E-05	7.01E-06	5.57E-02	9.18E-06	1.11E-05	1.37E-05	5.55E-06	9.78E-04	9.12E-06	1.12E-02	1.27E-03	2.09E-06	6.36E-06	5.22E-06	1.03E-05	9.47E-06	7.53E-06
G[C>A]A	9.27E-06	7.75E-03	1.53E-02	8.57E-04	4.51E-06	1.03E-05	1.14E-05	7.01E-06	1.77E-02	1.22E-03	9.23E-06	7.04E-02	1.40E-03	5.96E-02	7.47E-06	2.89E-02	5.30E-06	9.82E-06
G[C>A]C	4.58E-06	2.87E-06	2.30E-06	1.66E-03	1.59E-06	1.55E-06	8.31E-03	3.92E-06	8.10E-03	1.57E-03	1.76E-02	1.72E-03	9.03E-03	4.47E-06	1.23E-03	1.93E-06	2.62E-06	2.24E-06
G[C>A]G	8.20E-06	1.25E-05	4.09E-06	1.24E-02	7.67E-03	9.61E-06	8.65E-06	9.58E-06	9.37E-04	1.25E-02	1.15E-05	1.58E-03	6.21E-06	5.71E-06	5.49E-02	3.95E-06	7.79E-06	2.66E-06
G[C>A]T	7.95E-03	1.53E-02	3.66E-06	1.83E-02	5.26E-06	8.28E-06	5.65E-06	9.76E-06	6.67E-05	3.76E-04	9.69E-06	6.27E-02	1.04E-03	9.95E-06	4.95E-06	9.85E-06	1.88E-06	3.73E-02
G[C>G]A	9.58E-06	1.59E-06	7.07E-07	1.71E-03	9.64E-06	2.86E-06	8.52E-06	8.96E-06	1.23E-03	1.57E-03	2.86E-06	1.75E-02	1.40E-03	9.45E-06	1.24E-03	2.49E-06	4.95E-02	2.04E-06
G[C>G]C	8.79E-06	6.18E-06	5.80E-06	2.09E-02	2.05E-06	4.39E-06	4.96E-06	9.46E-06	1.23E-03	1.57E-03	1.60E-06	3.55E-02	1.40E-03	3.60E-06	1.23E-03	3.02E-06	2.27E-06	2.87E-06
G[C>G]G	5.43E-06	1.33E-02	7.87E-06	1.61E-03	2.56E-06	1.78E-06	5.87E-06	4.30E-06	1.23E-03	1.57E-03	1.54E-06	1.94E-03	1.17E-02	6.44E-02	3.69E-06	4.53E-06	5.37E-06	4.65E-06
G[C>G]T	1.21E-05	9.99E-06	5.66E-06	6.72E-03	3.35E-06	8.20E-06	3.25E-06	9.89E-06	1.44E-02	6.48E-02	8.91E-06	8.20E-03	1.40E-03	1.82E-06	9.71E-06	9.58E-06	7.32E-06	4.06E-06
G[C>T]A	9.93E-06	1.09E-05	1.02E-05	3.75E-02	1.22E-05	1.07E-05	1.29E-05	1.56E-02	8.11E-03	1.67E-02	1.01E-05	1.48E-05	1.04E-01	5.43E-06	8.11E-03	9.13E-06	9.39E-06	9.26E-06
G[C>T]C	9.77E-06	1.15E-05	1.76E-02	1.44E-03	5.20E-02	9.96E-06	9.75E-06	1.54E-02	8.29E-06	1.66E-02	5.72E-06	1.07E-03	6.77E-06	2.57E-02	7.16E-06	4.30E-02	1.63E-06	1.25E-02
G[C>T]G	4.11E-02	1.19E-05	1.40E-05	1.23E-05	1.14E-05	1.36E-05	1.18E-05	1.04E-05	8.57E-06	1.23E-05	8.26E-06	9.30E-06	5.51E-06	1.46E-05	1.06E-05	1.18E-05	9.54E-06	1.32E-05
G[C>T]T	1.33E-05	1.05E-05	7.15E-03	2.00E-04	7.74E-06	2.07E-06	4.30E-06	1.18E-05	7.10E-02	1.16E-02	9.10E-06	8.21E-03	1.09E-05	1.28E-05	1.06E-03	5.42E-06	2.52E-02	1.13E-05
G[T>A]A	1.72E-06	5.27E-06	1.28E-06	1.85E-03	2.04E-02	2.34E-06	2.88E-06	2.31E-06	1.26E-02	1.57E-03	2.18E-06	1.26E-03	1.40E-03	2.76E-06	1.23E-03	3.90E-06	5.04E-06	1.80E-06
G[T>A]C	1.84E-06	5.15E-06	7.48E-07	1.85E-03	2.04E-02	1.70E-06	2.60E-06	2.18E-06	1.23E-03	1.57E-03	1.63E-06	1.56E-03	1.40E-03	2.76E-06	1.23E-03	3.96E-06	5.06E-06	1.59E-06
G[T>A]G	9.81E-06	3.78E-06	8.12E-06	1.04E-03	1.44E-06	1.47E-06	2.06E-06	4.16E-06	1.69E-02	5.96E-04	2.00E-06	1.94E-03	4.46E-04	2.51E-02	1.23E-03	8.71E-06	4.02E-02	9.61E-03
G[T>A]T	3.85E-06	6.22E-06	5.13E-06	1.40E-02	5.16E-06	9.30E-03	6.74E-06	2.19E-06	9.44E-03	6.25E-04	5.24E-06	1.94E-03	1.40E-03	5.77E-06	2.57E-02	3.83E-06	3.04E-06	1.86E-06
G[T>C]A	6.29E-06	4.22E-06	7.15E-03	1.31E-03	1.04E-05	9.68E-06	5.00E-06	1.25E-02	9.48E-06	3.74E-04	6.11E-06	1.40E-02	5.62E-02	5.00E-06	1.06E-03	8.81E-06	2.49E-02	9.37E-06
G[T>C]C	7.26E-06	5.01E-06	6.58E-06	2.05E-02	3.56E-06	5.32E-06	3.88E-06	1.43E-02	3.11E-06	1.27E-02	5.72E-06	1.21E-03	4.94E-02	3.47E-02	3.19E-05	2.32E-02	4.80E-06	3.86E-06
G[T>C]G	7.01E-06	1.00E-05	4.47E-06	1.59E-02	3.90E-02	4.83E-02	3.76E-06	9.58E-06	5.45E-04	1.57E-03	9.73E-06	1.11E-03	1.40E-03	4.92E-06	1.24E-02	8.75E-06	1.71E-02	1.08E-05
G[T>C]T	5.49E-06	5.97E-06	1.18E-02	3.27E-02	5.43E-06	7.11E-03	1.02E-05	5.02E-06	1.44E-02	5.30E-04	4.02E-06	1.24E-03	1.40E-03	5.98E-06	2.00E-02	4.53E-06	6.54E-06	1.45E-02
G[T>G]A	1.39E-06	6.65E-03	7.93E-07	1.71E-03	1.61E-06	1.31E-06	1.44E-06	2.19E-06	1.23E-03	1.57E-03	4.01E-06	1.57E-03	1.40E-03	3.50E-06	1.68E-02	2.23E-06	3.51E-06	2.36E-06
G[T>G]C	3.87E-06	6.51E-06	1.80E-06	1.72E-03	3.31E-06	2.55E-02	1.66E-06	5.92E-06	1.23E-03	2.03E-02	2.15E-06	1.55E-03	1.40E-03	2.46E-06	1.24E-03	1.66E-02	3.38E-06	5.62E-06
G[T>G]G	7.25E-06	9.04E-03	6.89E-06	1.46E-03	6.71E-06	3.53E-06	9.62E-03	2.23E-06	1.26E-02	1.40E-03	7.59E-06	2.07E-02	9.03E-03	5.45E-06	2.08E-02	4.40E-06	6.43E-02	1.76E-06
G[T>G]T	6.66E-03	1.59E-06	2.27E-06	1.71E-03	5.01E-06	2.55E-06	5.20E-06	3.17E-06	1.23E-03	3.74E-04	3.98E-06	2.09E-02	1.40E-03	4.61E-06	1.09E-03	2.87E-06	1.37E-06	2.04E-06
T[C>A]A	1.04E-05	1.07E-05	8.51E-06	4.45E-04	3.36E-02	1.13E-05	9.26E-03	1.08E-05	4.55E-02	1.65E-02	6.07E-06	5.84E-04	4.49E-04	3.33E-02	4.02E-02	9.36E-06	1.37E-05	2.62E-02
T[C>A]C	1.71E-02	1.70E-02	6.73E-06	4.94E-04	5.32E-06	8.70E-06	8.97E-06	4.51E-02	9.02E-06	2.24E-02	9.32E-06	1.27E-03	1.43E-05	6.73E-02	5.46E-04	6.90E-06	2.01E-02	1.14E-05
T[C>A]G	3.43E-06	7.58E-06	6.13E-06	1.55E-03	1.06E-05	8.76E-06	9.80E-06	8.16E-06	1.23E-03	1.64E-02	4.12E-06	6.92E-05	9.36E-04	6.70E-02	1.23E-03	4.71E-06	9.62E-06	9.61E-03
T[C>A]T	6.60E-06	3.76E-06	4.00E-06	1.12E-02	3.11E-02	1.20E-05	9.23E-06	1.04E-05	1.24E-03	1.27E-05	1.09E-05	1.63E-03	1.40E-03	3.64E-02	1.50E-02	1.16E-05	2.47E-06	5.84E-06
T[C>G]A	1.06E-05	9.90E-06	1.35E-05	1.08E-05	3.87E-06	8.24E-06	1.23E-05	1.05E-05	3.46E-06	1.03E-01	8.87E-06	5.64E-04	1.21E-05	7.33E-06	5.47E-04	1.32E-05	9.28E-06	1.23E-05
T[C>G]C	9.42E-06	4.63E-06	2.30E-02	8.22E-04	6.16E-06	9.72E-06	1.83E-02	7.53E-02	4.42E-06	3.40E-06	2.57E-02	1.67E-03	9.35E-04	4.79E-02	1.33E-05	7.88E-06	3.93E-06	1.45E-02
T[C>G]G	8.88E-06	1.40E-05	4.67E-06	4.12E-02	3.02E-06	1.27E-02	6.25E-06	8.15E-03	3.11E-06	1.57E-03	1.24E-05	3.36E-02	2.63E-04	5.94E-06	1.23E-03	4.88E-06	6.37E-06	6.78E-06
T[C>G]T	8.14E-06	1.26E-05	1.38E-05	5.76E-04	6.27E-06	1.13E-05	4.94E-02	1.12E-01	1.23E-05	1.25E-05	1.08E-05	1.35E-05	9.35E-06	2.50E-02	2.18E-06	1.14E-02	1.21E-05	4.45E-06
T[C>T]A	1.37E-05	1.02E-05	1.32E-05	5.79E-06	8.65E-06	1.10E-05	6.90E-02	1.15E-05	3.78E-06	1.41E-04	1.06E-05	1.12E-05	1.16E-05	6.92E-06	1.38E-05	9.55E-06	6.47E-06	1.12E-05
T[C>T]C	1.15E-05	7.18E-03	1.53E-05	4.99E-06	1.19E-05	1.21E-05	1.21E-05	1.03E-05	9.93E-04	1.06E-05	8.99E-06	1.38E-05	9.09E-06	1.04E-05	1.40E-05	8.58E-02	9.26E-06	9.20E-06
T[C>T]G	1.34E-05	4.97E-02	1.18E-05	1.36E-05	1.13E-05	9.55E-02	9.71E-06	9.13E-06	1.33E-05	9.68E-06	1.29E-05	9.03E-06	1.19E-05	1.16E-05	9.74E-06	1.18E-05	1.01E-05	1.28E-05
T[C>T]T	1.99E-02	5.65E-06	6.56E-06	8.53E-04	5.08E-06	3.33E-02	1.66E-02	8.17E-06	1.11E-05	1.27E-05	1.04E-01	1.06E-03	8.33E-06	8.64E-06	1.21E-05	4.32E-06	9.86E-06	1.01E-05
T[T>A]A	5.55E-03	5.48E-06	2.36E-06	1.79E-03	1.63E-06	4.53E-06	1.73E-06	3.35E-06	1.23E-03	1.57E-03	5.74E-06	7.09E-03	1.45E-02	4.56E-06	1.23E-03	1.78E-06	1.77E-06	2.18E-06
T[T>A]C	6.23E-06	5.20E-06	9.98E-06	1.03E-03	8.70E-07	4.76E-06	3.26E-06	5.32E-06	3.29E-02	1.15E-02	7.54E-06	1.85E-03	1.40E-03	7.62E-06	2.56E-02	2.53E-06	1.48E-06	3.53E-06
T[T>A]G	2.97E-06	5.60E-06	1.89E-06	1.66E-03	1.50E-06	4.28E-06	3.86E-06	3.80E-06	1.23E-03	1.57E-03	6.11E-06	7.09E-03	9.04E-03	4.56E-06	1.69E-02	1.68E-06	2.92E-06	2.18E-06
T[T>A]T	2.97E-06	2.39E-06	1.17E-02	1.63E-03	1.88E-06	1.64E-06	4.43E-06	3.32E-06	1.23E-03	1.57E-03	1.74E-06	1.84E-03	1.40E-03	2.52E-06	4.45E-04	1.15E-02	1.51E-06	1.25E-02
T[T>C]A	7.27E-06	9.30E-06	3.62E-06	3.28E-02	1.00E-06	6.42E-06	8.92E-06	3.47E-02	1.23E-03	1.57E-03	4.46E-06	2.07E-03	1.17E-06	2.37E-06	1.24E-03	6.85E-06	5.93E-06	3.92E-06
T[T>C]C	2.18E-06	2.97E-06	3.93E-06	1.71E-03	3.88E-02	2.95E-06	7.69E-06	8.15E-03	4.20E-04	1.57E-03	4.10E-06	1.66E-03	1.17E-02	8.43E-06	8.52E-06	2.58E-02	9.59E-06	1.45E-02
T[T>C]G	4.51E-06	3.21E-06	2.60E-06	1.57E-03	4.06E-06	2.90E-06	2.90E-06	8.00E-03	1.68E-02	1.57E-03	2.17E-06	1.92E-03	9.34E-04	1.26E-02	1.23E-03	2.66E-06	2.43E-06	4.96E-06
T[T>C]T	9.31E-06	9.11E-06	1.23E-05	1.72E-03	3.81E-06	1.04E-05	1.83E-02	4.10E-06	1.44E-02	8.48E-04	2.57E-02	1.35E-03	6.08E-06	9.90E-06	4.76E-02	3.92E-06	4.78E-02	2.84E-02
T[T>G]A	2.20E-06	2.84E-06	7.06E-07	1.85E-03	8.48E-07	2.58E-06	1.80E-06	3.18E-06	1.23E-03	1.57E-03	1.75E-06	1.85E-03	1.40E-03	2.26E-06	1.23E-03	1.45E-02	1.51E-06	1.92E-06
T[T>G]C	4.96E-06	5.02E-06	5.88E-03	1.77E-03	5.48E-06	9.29E-03	4.61E-06	5.08E-06	6.12E-04	5.29E-04	2.87E-06	2.07E-03	1.40E-03	3.39E-06	1.99E-02	1.68E-06	5.18E-06	5.40E-06
T[T>G]G	1.64E-06	1.54E-06	7.45E-07	1.85E-03	8.08E-07	1.09E-06	1.84E-06	2.18E-06	1.23E-03	1.57E-03	1.60E-06	2.07E-03	1.40E-03	2.21E-06	1.23E-03	1.73E-06	1.46E-06	1.92E-06
T[T>G]T	1.07E-05	6.65E-03	3.98E-06	1.38E-03	1.30E-02	3.82E-06	4.26E-06	1.01E-05	3.15E-04	8.60E-06	2.50E-02	1.57E-03	2.60E-04	4.91E-02	1.23E-03	7.63E-06	3.63E-02	3.42E-02
