MutationType	SBS96A	SBS96B	SBS96C	SBS96D	SBS96E	SBS96F	SBS96G	SBS96H	SBS96I	SBS96J	SBS96K	SBS96L	SBS96M	SBS96N	SBS96O	SBS96P	SBS96Q	SBS96R
A[C>A]A	7.902401011961047e-05	6.581502566405106e-05	7.168380865029793e-05	0.009378845468745567	7.658578542759641e-05	0.014303115204307914	8.004489209270104e-05	8.167605010385159e-05	9.16952187253628e-05	0.025698161156833522	6.935596758239626e-05	0.014893739844410447	0.0005355741341190878	0.01699458720104303	0.01831444655035739	8.76506539498223e-05	8.44225756736705e-05	0.09038981890844297
A[C>A]C	6.312789343212443e-05	6.308050645271734e-05	7.440834156113851e-05	0.001532132924386076	8.846370947139804e-05	0.03323605297669872	0.06456670064669652	0.022665563257032773	0.1698302471935193	0.0007443857460202707	6.250186305010175e-05	7.639690902578877e-05	0.014224073629657141	8.799445131444373e-05	7.559389141533756e-05	7.545434818894137e-05	8.45346297865035e-05	7.748477034965617e-05
A[C>A]G	9.639888376113958e-05	9.143806746578776e-05	9.458441491005942e-05	0.00371441349197994	9.999312969739549e-05	9.593072172719985e-05	0.0093513921223348	9.818584221648053e-05	0.0013362724159378559	0.0016702620581781958	9.715998603496701e-05	0.0025918052757333498	0.0014965625559852924	0.00010007183882407845	0.0013335868628928439	9.597198441042565e-05	9.963928823708557e-05	0.020257472132652766
A[C>A]T	0.006360217651308631	8.576156833441927e-05	9.271567469113507e-05	0.003713601895287866	9.272448496631114e-05	9.394073786097578e-05	0.009353452461800771	9.735895146150142e-05	0.00010156792122870684	0.0016672076020768146	9.365707846882287e-05	0.003238383633288322	0.0014965839181968477	9.732390899443998e-05	0.0013333788025192916	9.682988384156488e-05	9.960501920431852e-05	0.02485896666912595
A[C>G]A	8.988386471173727e-05	0.008630202612926042	9.542402985971422e-05	0.0021729466549004427	9.10478935111314e-05	8.83732462170883e-05	8.101173352770275e-05	9.452817539568059e-05	0.0013333863476873375	0.00855606438126415	9.465667026233859e-05	0.0040722462079429535	0.0006930659175850451	0.033433562889695165	0.0013323006489372347	9.345400030724704e-05	0.0658712868236762	9.011073725559982e-05
A[C>G]C	8.673835982335732e-05	8.621654123999178e-05	9.614781229174695e-05	0.0037150204356294126	9.720572452351917e-05	9.362826749566011e-05	8.759884494793368e-05	9.798470855457709e-05	0.0013338937693333718	0.026061817379377315	0.010170236571502756	0.0024949428676336537	9.079801006919296e-05	9.863643572316505e-05	0.018231450524399406	8.662975336051204e-05	9.622122088330798e-05	9.477789753873367e-05
A[C>G]G	7.960131297295448e-05	0.017036624736647354	8.954506702139043e-05	0.022884596035146386	9.106370234803762e-05	9.051116030605044e-05	8.767889376031235e-05	9.575708609190769e-05	0.043456138226611075	0.00026412644001538865	9.38027173106093e-05	0.01456243605898635	0.00035513154507498256	0.008589701235177927	0.0007239019258122425	8.57599799928721e-05	9.335323848063126e-05	0.0128592195436795
A[C>G]T	6.373715879135489e-05	7.218996597657679e-05	5.8912793070931004e-05	0.0009192047778924462	8.009676921574282e-05	8.190172484319191e-05	0.009327743460016791	8.85445700987475e-05	8.872901526046917e-05	0.0006767181444274683	7.969169600983151e-05	0.1467632037747535	0.025108637881930917	7.903189725766424e-05	0.012582234533556402	7.713069398960216e-05	8.804896933725103e-05	0.05059450441403897
A[C>T]A	0.023225973324794934	6.722079060637043e-05	6.693369227792042e-05	8.95722051076575e-05	7.858555873099248e-05	8.503037752234377e-05	6.521773459198244e-05	6.425797064206762e-05	0.0006289265458804038	7.722833177012945e-05	0.03985978714470093	7.923536704765866e-05	6.756983621016843e-05	7.917080765764694e-05	6.52876752155862e-05	5.6965174007928e-05	6.39953333120502e-05	0.443969151427882
A[C>T]C	7.608383348269853e-05	7.110705007562501e-05	8.623870890005492e-05	0.048771302576642486	9.167843745672144e-05	0.006807650917107821	7.921409323898842e-05	9.32030045078136e-05	0.032700132425088665	0.0007150316156185	8.847775097819977e-05	0.003068173131759977	9.962873518816195e-05	9.667171761975623e-05	0.0010024550574598834	8.713477400306147e-05	0.017468236577042263	9.079848532564939e-05
A[C>T]G	4.281867755082658e-05	6.091251799063002e-05	0.8432629704475403	3.7271125026805406e-05	6.211373549831478e-05	5.844412625322093e-05	6.221855479680017e-05	5.5414650623575315e-05	7.694976957282052e-05	6.694301525840274e-05	3.8307510027379974e-05	6.148964785666067e-05	7.823885443940526e-05	6.54653458809662e-05	4.0443901389153326e-05	5.217557560968089e-05	6.487170085165417e-05	6.3229838048251e-05
A[C>T]T	7.936507636259193e-05	8.097502868622541e-05	7.670369570038505e-05	0.056882986588152565	8.299364108097507e-05	7.192714477355366e-05	5.941448330493149e-05	7.857555392547511e-05	7.647334718967614e-05	0.051204774808093136	9.169579352601432e-05	0.0005062883450591471	0.03726497764000669	8.976837998488917e-05	0.02644608022092143	0.03919212531105124	0.012851949220930692	7.900828213678324e-05
A[T>A]A	9.030302098835818e-05	8.617178064014297e-05	9.251754854631145e-05	0.0037112805577635298	9.924467667588033e-05	8.828358804748859e-05	9.076411770365666e-05	0.01570663559323293	0.013962407565850299	0.0007505692592530977	0.014632865722524003	0.0025126963322691155	0.0006281548572587781	0.0001004694560833741	0.0013359565629798454	9.20932310691569e-05	0.033432762826851106	9.536515972285997e-05
A[T>A]C	0.02502516477399581	0.006314276266857632	6.730364955558344e-05	0.040146608127543004	7.951434035931015e-05	7.242613355629146e-05	0.012592957131710136	0.00914061838229827	9.834482771111652e-05	0.023262575957960507	0.09920736335225229	0.0021411909623566317	0.0012172218950581737	9.334903224953451e-05	0.001329309230641229	9.374131404911168e-05	9.489104922977276e-05	0.02484557084644621
A[T>A]G	7.391661056317389e-05	5.5930571984497135e-05	8.18413154775044e-05	0.0009435563617444132	9.364739526063204e-05	0.006413140574477438	7.699952916908614e-05	0.016726379188185092	0.010803035086121326	0.0013206281926272823	7.068139633474857e-05	0.013270977005265649	0.0010232882803393295	8.305307965201791e-05	0.00013805235721520148	0.00836569007410617	0.1259913934474753	0.055571540047458255
A[T>A]T	9.500576561549678e-05	8.500610674673225e-05	9.408022087882273e-05	0.0026971982515533455	0.021166791333962466	0.006814330463748774	9.627778345020488e-05	9.425812386325561e-05	0.001333662548859138	0.0016702313754649368	9.283453364332672e-05	0.010134497964463663	0.0014959661559259985	9.465755247219931e-05	0.0010102635067596565	9.382299613207579e-05	9.823192449402996e-05	9.796902813832275e-05
A[T>C]A	7.003523522776667e-05	6.8775195904891e-05	7.521610423282255e-05	0.04859485420092824	8.324974623974413e-05	0.034292181139426246	6.199797248811479e-05	8.250312287341188e-05	8.530179875378962e-05	0.04915269623525091	7.153908958343891e-05	0.0005496249086718308	0.031088420711020602	0.016991105449415046	0.12585964175159461	7.86184104072163e-05	8.746609382797033e-05	9.451645164517685e-05
A[T>C]C	8.963094442151486e-05	8.508883511240128e-05	8.981204009614885e-05	0.003712806624389486	0.00010129395959666	8.521770105289761e-05	0.010161029206210514	9.666925834608264e-05	0.00026238849823130296	0.01818037909179111	9.231626172550023e-05	0.0024536156379326712	0.0014849866133545219	0.00010046069146483206	0.021907368303800467	9.65322797128465e-05	9.273286668758374e-05	0.000100850107264705
A[T>C]G	6.919541483512149e-05	8.170584587787743e-05	6.699202389199854e-05	0.0017811997478020202	0.11980828101513907	8.689509268151596e-05	7.18050430048578e-05	0.020108422987686937	9.533543488942087e-05	8.424457646469819e-05	0.045414049373539454	0.02302071842677833	8.782334225543309e-05	7.194868763917838e-05	0.0013306013723195064	7.360373565461487e-05	8.764723825152032e-05	8.340441900145379e-05
A[T>C]T	7.870898018609296e-05	0.033570036391893154	7.5907869310754e-05	0.037057433556765315	8.322815338033252e-05	0.029364965457352808	0.018443366714473088	8.982095314422623e-05	0.05500201519730581	0.0010132113730378478	0.036608700384385885	0.0011955577632761561	0.0010943967397906817	7.902087255615698e-05	0.012645082785456906	0.016681172466633143	8.954541099228663e-05	8.449022570857778e-05
A[T>G]A	9.243263993994333e-05	8.547058041585842e-05	9.16141361813061e-05	0.0026778795348946006	0.07432509786303854	8.964876797108445e-05	9.337993469671346e-05	9.260649239877239e-05	0.00010064902890007942	0.0016637177533993964	9.649862331571058e-05	0.004073918766516726	0.001493966783891665	9.49287976254709e-05	0.000586662242130842	8.784494166320655e-05	9.50863199250307e-05	9.703130854177289e-05
A[T>G]C	9.543971173116006e-05	9.503917390247807e-05	9.73550180788152e-05	0.0037155796853767242	0.00010237522292300127	9.723956900415942e-05	9.68343170825392e-05	9.785983420442789e-05	0.0013361632845771965	0.0016737361147534102	9.868321285466664e-05	0.004079536510835169	0.0014981825312133878	0.00010134331605513581	0.0013364551079575904	9.843494990491308e-05	0.00010219344694633037	0.00010157602955587208
A[T>G]G	9.543971173116006e-05	9.503917390247807e-05	9.73550180788152e-05	0.0037155796853767242	0.00010237522292300127	9.723956900415942e-05	9.68343170825392e-05	9.785983420442789e-05	0.0013361632845771965	0.0016737361147534102	9.868321285466664e-05	0.004079536510835169	0.0014981825312133878	0.00010134331605513581	0.0013364551079575904	9.843494990491308e-05	0.00010219344694633037	0.00010157602955587208
A[T>G]T	9.381517229485325e-05	9.421249851584434e-05	9.258084901375696e-05	0.003114589818142122	0.00010237897949991748	9.296559801441617e-05	0.020532762791845016	9.763328125700355e-05	0.0013338982200366445	0.0016738672231440433	9.819418628467246e-05	0.004079621863638749	0.0009419772315595765	0.00010113389726029709	0.0013364457023271824	0.01691463157912949	0.00010178694719797932	9.995768996304833e-05
C[C>A]A	7.897949035395868e-05	7.436403678475201e-05	8.382049527426716e-05	0.0009272336017602356	0.05606703193334397	0.009386025842832168	8.085067165666259e-05	8.866365096764639e-05	0.017635856423112273	0.038512787155195835	8.974045849754475e-05	0.02229880235317978	0.001489038797444664	8.574427047278733e-05	0.000249430526400829	8.102114105668079e-05	9.418691843166016e-05	0.012600447586009977
C[C>A]C	7.664273452974157e-05	8.703075764060486e-05	8.450375808024546e-05	0.0024282706192025215	8.932057116908254e-05	8.972596333478577e-05	8.202214303310029e-05	9.165129158645868e-05	0.04960325477659353	0.0016663078051351477	8.7408334002248e-05	0.025726633292651967	9.269687798223459e-05	9.316708092228509e-05	8.648922757856781e-05	8.393153984798118e-05	0.017180066863875253	9.23549026992987e-05
C[C>A]G	8.380188373848795e-05	9.0843655198114e-05	0.008420762553214445	0.002431852899098885	9.277059725718573e-05	9.013026428874582e-05	8.043516536417882e-05	8.187590137822553e-05	0.01898615753671038	0.010385102275176906	8.948609356593807e-05	0.015260798144299769	0.025258090691204417	9.167731259367429e-05	9.172411682811799e-05	8.425326668657363e-05	9.00577986612916e-05	9.382029202242848e-05
C[C>A]T	7.956985082273605e-05	8.600700493417434e-05	7.690986822126434e-05	0.011242206819952116	0.06128443937923293	8.632469180156477e-05	6.904073379701003e-05	8.141664611684973e-05	0.0007218150814878755	0.0004670243259170093	8.033016929402948e-05	0.026591985099366867	9.57268370257225e-05	0.012884264853346395	0.0013322086801053957	8.44297741423361e-05	8.91549774678424e-05	0.012596112933533733
C[C>G]A	8.882767579052598e-05	0.021604913427654537	8.551628307031933e-05	0.001404208024905529	0.015017526110750624	0.007198868029445293	9.033711321535521e-05	9.25905114854686e-05	0.0005971080528979656	0.0181768619651848	9.074591216631233e-05	0.00245223407400772	0.0014844371503500043	0.00010009802426793612	0.0013355708033486735	9.13632902665995e-05	0.017463877606678578	0.00010085989997605793
C[C>G]C	8.012716207304039e-05	5.992302399135951e-05	7.274962408700957e-05	0.0009603371388948289	0.02874629369653121	7.158011700028055e-05	7.34877013201185e-05	0.015477005815955635	8.139915044012014e-05	0.0006077654770706431	0.033751029774464314	0.0347303541688234	0.001483947428278043	8.110283124551643e-05	0.05833592128986993	8.474912501696963e-05	0.04913851446508488	8.421423117397354e-05
C[C>G]G	8.319789267261513e-05	8.269588376083187e-05	8.479641364829149e-05	0.0027710723035852423	0.010375501522867125	9.44357285334263e-05	9.085382334887982e-05	9.618637777748517e-05	0.0013333832561329474	0.0006920667678059544	9.743922055349685e-05	0.002450991465593688	0.00015034142143122153	0.0751185183027701	0.0005893214511161204	9.18990968784783e-05	0.02578638265331392	9.572429044055753e-05
C[C>G]T	8.919718202378135e-05	9.283743056585081e-05	8.302354724638514e-05	0.0014042656388483011	9.131248589255847e-05	8.844665135256946e-05	9.25461426959373e-05	9.042407073138748e-05	0.018265843706467423	0.0016638660243188496	8.75840189110022e-05	0.002811751792614814	0.0014823750158029724	0.12411353892603075	0.001330252775369445	9.26656630326761e-05	9.788425813894719e-05	9.500960040895735e-05
C[C>T]A	6.096061160132393e-05	6.62084385567141e-05	6.950752404009109e-05	0.0005861921137693571	6.477180585306996e-05	6.572957081445452e-05	5.9153813253942644e-05	0.010406004688382984	0.00044650728932538186	8.2272731489752e-05	7.995138184924144e-05	0.0016959678917373821	0.3186463701982575	7.589146221818056e-05	7.25658498708981e-05	6.022623338139965e-05	8.04608192993328e-05	7.806873086337873e-05
C[C>T]C	6.495576829586014e-05	0.021907210892590002	0.007717284162572469	0.0014338669483549894	9.609806511434726e-05	7.652636187855527e-05	7.85210602771258e-05	8.565947719034739e-05	0.050868131797869864	0.0014919035558705219	0.04168865982392163	0.0013583839267084842	8.441594175110368e-05	9.187696559820324e-05	9.313342488894704e-05	0.04040154729118513	0.0769066698377003	8.447094223811291e-05
C[C>T]G	4.206459682905006e-05	0.7380354553461075	4.021506270222436e-05	6.831757920622294e-05	7.061801188683603e-05	6.106686072939737e-05	6.589932418137323e-05	5.859606637841353e-05	7.497073306694801e-05	8.052313285134005e-05	4.981006431989954e-05	8.723754544917028e-05	6.418662960214761e-05	7.619543249575145e-05	7.852864627011513e-05	7.469876156847022e-05	5.92937348187661e-05	7.049285395623883e-05
C[C>T]T	7.508676172278683e-05	5.241861451956709e-05	7.795261735736858e-05	0.0005285690917787633	9.364833967993036e-05	0.01270422981641559	0.008387217513654833	0.06317989721026152	6.839897214376834e-05	0.00015254883946909105	0.03988723837469479	0.0014193684974998177	0.0014693431098748988	6.906592618634022e-05	0.22673134503675102	7.66166140238056e-05	7.839980789867696e-05	9.059404474101029e-05
C[T>A]A	9.127801386057399e-05	9.23061859793961e-05	9.258830759790726e-05	0.0033811611887358596	0.0001013352935842704	9.213421144522726e-05	0.035146263803471814	9.323692502221093e-05	0.0013339080112928059	0.0011934638932871167	9.795712612685748e-05	0.017625095300900284	0.0014973024975915906	0.000101053059916012	0.0013365576895012054	9.648191917221993e-05	0.00010212832348770462	0.00010093227829202078
C[T>A]C	8.614430480520241e-05	7.981282569744508e-05	8.844852600304875e-05	0.0024396878114202993	9.737222571857274e-05	9.13432551897131e-05	8.75887522852281e-05	8.995588577818126e-05	9.986274526454508e-05	0.023625811619967862	0.012704175555052188	0.03618823897340917	0.0005442040055640973	9.697837303974665e-05	0.01832493461552076	9.573274364811368e-05	9.525094792479649e-05	9.483568173891399e-05
C[T>A]G	8.301521083922125e-05	8.421614329563454e-05	7.939670867926907e-05	0.002026113127794815	0.07849446598156647	8.980556376627646e-05	7.476632563339081e-05	8.097153076960239e-05	0.0013197630643844605	0.0006798542894102866	0.014628787220135563	0.0009299615114287008	0.03471794457364012	8.324564005306457e-05	8.657138496346307e-05	7.72768024035031e-05	0.02498978642270231	0.020244532668948524
C[T>A]T	7.798359391912868e-05	8.283320096689196e-05	0.01682789364067503	0.008145509424866759	0.1365723772185447	7.693862862652167e-05	0.010147213644268049	8.410286927755806e-05	0.0008068914077739465	0.0016636726279102732	8.699549889570334e-05	0.0017666820702288532	0.014645615064000594	8.86358946445398e-05	0.0010481082215846981	8.56097998621408e-05	7.995965797817917e-05	9.106861580221448e-05
C[T>C]A	8.300130648422054e-05	9.109694074140861e-05	9.202421715599484e-05	0.0031618581750080922	0.025013503952504835	8.821096416795626e-05	9.319754390162416e-05	0.012599356411374173	9.636275572120213e-05	0.0016625572952762013	0.03327437917760108	0.0025235044806322547	0.0014923007511242758	9.48026849073358e-05	0.0013335629293578677	0.025045178458822193	9.897550917230547e-05	9.993157727876678e-05
C[T>C]C	8.280762522190343e-05	8.148691377636297e-05	8.404605760006234e-05	0.010782824008640546	0.033103394892896175	8.371117000933736e-05	7.686963651720724e-05	0.029300827718725487	9.556913137203083e-05	8.773358999860647e-05	6.323819499129968e-05	0.0299241464899751	9.834313677856699e-05	7.515807865274838e-05	0.033991290011181265	8.214533118007239e-05	8.48769810545491e-05	8.702736849954817e-05
C[T>C]G	6.625698944731084e-05	0.013380173105906579	7.715431547694607e-05	0.0021073078662993796	0.01035408862485383	8.444371705991216e-05	6.553660763870539e-05	0.02255052322670963	7.350797486651572e-05	0.009720541715432773	0.010047489331191173	8.000985894796031e-05	0.03256558048451552	6.786004755667818e-05	0.0005696682130519548	0.03328486528117782	0.11455419718204211	8.837827263050713e-05
C[T>C]T	7.796812267599763e-05	6.902667878421198e-05	7.988942379597575e-05	0.04243515285197645	9.548842936055735e-05	0.009165017473932124	8.773149456828833e-05	0.010435074486304074	0.01745858167123515	0.0016666366704157554	0.04771299825515598	0.0011885098501807079	0.0005437936109956354	9.053840258275159e-05	8.751503772241875e-05	0.011484450286570792	0.0348402873327359	8.529072292731143e-05
C[T>G]A	9.355484362458811e-05	9.51228073972743e-05	9.498089202679694e-05	0.003715239096345613	0.00010204406717093662	9.774167847353965e-05	9.165079609374516e-05	9.545452412567102e-05	0.010824277664505643	0.0016729978218791076	9.479817308601923e-05	0.0030598926765378564	0.0014956808110582643	9.980270551750437e-05	0.00015149669052334503	9.347077866550535e-05	9.639224517741241e-05	0.009709894705883926
C[T>G]C	8.583161106798798e-05	8.38405165268341e-05	0.00845992154245323	0.0026856424374273047	9.955693385563791e-05	0.025539997764280998	9.526490466669202e-05	8.974304473667871e-05	0.001070518772030482	0.02210365739229019	9.583158607711084e-05	0.002049269319832092	0.014713310709339567	9.646447797422298e-05	0.0013276302597660106	8.888209995348007e-05	0.025785031051782425	9.597217867849395e-05
C[T>G]G	0.006347443780759932	8.819363174552563e-05	0.008402870096513837	0.001296441867832243	0.015016305130120599	8.629607291368301e-05	7.881807512148953e-05	0.012600469715835061	0.0331361803036998	0.0016696638114808593	7.790257573105918e-05	0.003257793781813234	0.0014947293464501854	8.849452678987291e-05	0.00010557560162851586	0.09580219338167809	9.603797661839053e-05	9.616306197131052e-05
C[T>G]T	0.017158320187471078	5.8619959213501714e-05	7.916706490505022e-05	0.1825569167980575	8.639332650091091e-05	7.591020403197035e-05	6.202346860249009e-05	9.06500696146395e-05	0.0010693162796087563	7.604161528433906e-05	0.011249805024169746	0.0013581781924585812	9.685015174909495e-05	8.543568983441219e-05	8.415095217060298e-05	7.084589669830166e-05	7.830017602827866e-05	8.026928298932035e-05
G[C>A]A	7.748318021185696e-05	0.007787545633471138	0.015361455893594212	0.0009389037320943316	8.960579943959602e-05	7.143863213059376e-05	7.159401993703796e-05	8.063354434852953e-05	0.017739150950148996	0.0012899553283887144	7.161927647416632e-05	0.08397676769818645	0.0014611142125886545	0.11415586891162093	8.599955199315446e-05	0.029020890839183265	9.140628390014172e-05	8.195853956891597e-05
G[C>A]C	8.65234549564775e-05	9.178261534543708e-05	9.288049841416068e-05	0.0033168010799272452	0.00010034472579718567	9.565354557707905e-05	0.008404224410332973	9.286052591050975e-05	0.008202573304151884	0.0016695882484782487	0.01769361559927347	0.002848193977843039	0.010573405223840381	9.726083517307416e-05	0.0013339152166736313	9.624225203879178e-05	9.929512962116859e-05	9.93391135125421e-05
G[C>A]G	8.435749232376111e-05	7.445923725923898e-05	9.12673076527426e-05	0.015216684930783231	0.007761906029190868	8.433203244067045e-05	8.453847622149623e-05	8.464892368920118e-05	0.0010301558151695645	0.013798129317729035	7.88488423346223e-05	0.0024358189182635214	9.43102379096672e-05	9.106896104640327e-05	0.08214975131704705	8.873018450685776e-05	8.879541746864561e-05	9.697396453702822e-05
G[C>A]T	0.008017651100453804	0.015428185003474936	8.797294649411924e-05	0.02100786531027552	9.108468912017997e-05	8.637375776743283e-05	8.421617931162473e-05	8.024547773857193e-05	0.00015605491698806874	0.0004571389185002772	8.235849382384474e-05	0.08912996854560333	0.0011326659347105305	8.085671967421604e-05	9.152034181170166e-05	8.238139432847902e-05	9.66717372648418e-05	0.03740581273086718
G[C>G]A	8.501906907554257e-05	9.385578086948954e-05	9.726661883178168e-05	0.0027816264424473046	9.26194217754528e-05	9.36592259677127e-05	8.807917365629691e-05	9.010760441015009e-05	0.0013348087552003563	0.001667719176839455	9.533338525216095e-05	0.020513219120402937	0.0014975758575019426	8.895023961486004e-05	0.0013255137727128385	9.521833344479091e-05	0.049641342369432094	0.00010078332197736018
G[C>G]C	8.00139200691774e-05	8.458366537524852e-05	8.552383369533345e-05	0.023167108913185075	9.923445613821969e-05	8.922667511797044e-05	8.691200237080921e-05	8.511774258295191e-05	0.0013319312718522269	0.001666745303373318	9.79278891463764e-05	0.05902109698145068	0.0014934134436771274	9.72035551967565e-05	0.0013284042634040816	9.478876600041986e-05	9.828216134337709e-05	9.783787754713558e-05
G[C>G]G	8.711213449714705e-05	0.013384263913212634	8.71909247507574e-05	0.003154150447517168	9.910481385304593e-05	9.588117827661336e-05	8.889950986485928e-05	9.305249004682991e-05	0.0013324014653335325	0.0016698207618901506	9.673312961240299e-05	0.003041004751867149	0.013234044581622584	0.06450082263618243	9.853042647591792e-05	9.175416053039954e-05	9.445785217394586e-05	9.524137567495927e-05
G[C>G]T	7.421153823088389e-05	7.738990880170604e-05	8.621875240351073e-05	0.009464878188009607	9.632607325329445e-05	8.359401126654121e-05	9.237742779077962e-05	8.424533384641109e-05	0.015767188191239255	0.06660239465491032	8.421258926318841e-05	0.010110017398255877	0.001488957331093843	9.567681845510379e-05	8.625805774045147e-05	8.382692861630403e-05	9.01593182788929e-05	9.436745604034514e-05
G[C>T]A	6.094299797041458e-05	5.339268320767587e-05	7.10737758652158e-05	0.05786573759588611	7.51788101524653e-05	6.976036202033242e-05	7.09966306772003e-05	0.01569662091351347	0.00817914952422143	0.016787638414098183	6.745719090304192e-05	7.98316700866053e-05	0.17691823258428485	8.747494539420586e-05	0.008180358839990732	6.370279297698289e-05	7.602717637382739e-05	8.052187095017871e-05
G[C>T]C	6.79679816130374e-05	7.059761555865407e-05	0.017655099425610388	0.002190875748601684	0.09360783716474544	7.276264132087818e-05	6.917469831648759e-05	0.015488179694511928	7.982361385074909e-05	0.017434309928603398	8.322878238686826e-05	0.0011667959053738742	9.595651063136757e-05	0.025833705987315624	8.136364303936716e-05	0.04304916551081987	9.623652949812822e-05	0.012593504071992357
G[C>T]G	0.8575752973556519	6.195211303747783e-05	5.161216544706804e-05	6.867489838806307e-05	5.479846545313194e-05	5.959994631368204e-05	6.758848841741383e-05	4.615788081228089e-05	7.509360493713757e-05	5.863359976956417e-05	8.436207590420964e-05	7.981813416790828e-05	8.57329840073362e-05	5.469839925869025e-05	7.499053366473163e-05	6.579548198821783e-05	7.792855060415605e-05	5.0186345652036836e-05
G[C>T]T	5.661875275606576e-05	6.785073144005144e-05	0.007213773507972121	0.000303841705317609	8.671265222801595e-05	9.196478786179795e-05	8.410461668972857e-05	7.485972209906322e-05	0.15959312740742462	0.011673423399497552	8.324628488480812e-05	0.01002413363676169	7.797516843766061e-05	7.462323846993968e-05	0.0011557416430150625	9.029851098603103e-05	0.03776164949085796	7.647634474778897e-05
G[T>A]A	9.53923059569206e-05	9.010577632579952e-05	9.658956914790907e-05	0.0037135572609258817	0.020482297186390497	9.349156680400483e-05	9.366927915834821e-05	9.769780226633883e-05	0.013966048796282849	0.0016729151386243757	9.662915690569207e-05	0.0020478415994148237	0.0014939110944396817	9.996054795919917e-05	0.0013360018092498649	9.394012522534467e-05	9.784603644220624e-05	0.00010168289736611769
G[T>A]C	9.514052289887332e-05	9.115687244047877e-05	9.740818277350626e-05	0.0037155395017180125	0.020482003065990285	9.547872541588731e-05	9.561270053382032e-05	9.790236144908704e-05	0.0013359725395275745	0.001673420087172417	9.82455581834074e-05	0.002533173764095409	0.0014957782877900172	0.000100250916875666	0.0013360577424464282	9.474855542066508e-05	9.821395724429749e-05	0.00010239998882752844
G[T>A]G	7.910922588507673e-05	8.985905224108137e-05	8.330475848197238e-05	0.0014264592062318115	0.00010056938626803457	9.552431583870202e-05	9.47782325965818e-05	8.763722726143897e-05	0.018315882447677723	0.000689993138803402	9.6681260765763e-05	0.0030508750906165006	0.0005475029582157731	0.025156944980699335	0.0013339473094674758	8.423949202551739e-05	0.05257449262135196	0.00970271960759419
G[T>A]T	8.936642989283427e-05	8.552898325433488e-05	8.961461644503288e-05	0.018006082440115277	9.702382303657941e-05	0.009387285466800677	8.04093033366371e-05	9.578093886375427e-05	0.01019723780482309	0.0007203303794085514	8.820818256936037e-05	0.002997541171498597	0.0014941163826733828	9.195973834721371e-05	0.025878365829703397	9.147705350187607e-05	9.746461582835764e-05	9.976958899642341e-05
G[T>C]A	8.456953619315755e-05	8.945049557951279e-05	0.007234441321634222	0.0014034789797733537	8.376082444101484e-05	8.522259415713051e-05	8.900484390323981e-05	0.012589822420341078	8.956838923950272e-05	0.00046841118528391236	9.018158852995839e-05	0.017925606966855412	0.08407223394751781	9.25902153539937e-05	0.0011553298572835047	8.199287685783929e-05	0.02499963020600262	8.781724245636724e-05
G[T>C]C	7.740712026134133e-05	8.071174634096678e-05	8.455206043436191e-05	0.028132283910235856	9.363725912407972e-05	8.454142880509607e-05	9.04860491573345e-05	0.014350646033562953	9.483216344960966e-05	0.014093595463054952	8.868735931173432e-05	0.0022906569909537213	0.051047400394600116	0.03480246439794428	0.000125020991981728	0.03096005169209093	9.183863585349172e-05	9.178682594210841e-05
G[T>C]G	8.773779700277373e-05	7.253610474435845e-05	8.914674472180196e-05	0.02395219355894369	0.03912615198860294	0.048345401186088564	8.946494272095151e-05	8.198951305509184e-05	0.000642468681326136	0.0016645675284962635	8.019462331958494e-05	0.0015535376314801397	0.001493179086537566	8.85115827259142e-05	0.013831469948490849	8.255697121057892e-05	0.017175289081569643	8.455319650693127e-05
G[T>C]T	8.531005514669232e-05	8.458670854452066e-05	0.011853346195130144	0.03621546923313872	9.664694662205874e-05	0.0072011304240731985	8.224094341429123e-05	9.303183105657808e-05	0.01576895448815776	0.0006277041487919632	9.089568120543846e-05	0.0023944877553731202	0.001494165097392397	9.267879468097818e-05	0.02012041104026139	8.925322836148553e-05	8.798515045782551e-05	0.01463051618920872
G[T>G]A	9.554199932608754e-05	0.006738753336321679	9.70494540524669e-05	0.003437932075030403	0.00010088811104651541	9.595980736776255e-05	9.777901359484532e-05	9.755488281371072e-05	0.0013358960241021123	0.0016727797083149198	9.491393575444818e-05	0.002917304366565077	0.0014981267173425294	9.872541268123314e-05	0.018240192138182464	9.689545258879661e-05	9.897490526782349e-05	0.00010076182952616364
G[T>G]C	9.116566288867035e-05	8.366792135348078e-05	9.54298346186988e-05	0.002686593640828505	9.801049018278717e-05	0.025547418902715436	9.610075067030266e-05	9.001874968816992e-05	0.00133068679497228	0.021459010194666915	9.640995631343685e-05	0.002723040451382985	0.0014966586546506732	9.772403573151677e-05	0.0013276545199914836	0.016676188314158936	9.889585053315386e-05	9.462718153372408e-05
G[T>G]G	7.786816986481427e-05	0.00911364777775816	8.149051482178037e-05	0.002453622016037116	9.192280485876836e-05	8.817912530503235e-05	0.00969864586759286	9.362370910821482e-05	0.012883882786081814	0.0014852175874693785	8.272315808426356e-05	0.0233526735300984	0.01056934874432045	9.400416747666896e-05	0.021110576515638968	8.993169649329502e-05	0.0644209726146073	9.720333473524078e-05
G[T>G]T	0.006751077455555787	9.358634270029142e-05	9.4816828641342e-05	0.002780824313231278	9.69603774137795e-05	9.511799216852524e-05	9.188757794618141e-05	9.605058876331896e-05	0.0013356054689211306	0.0004751288579427637	9.31273985770531e-05	0.03611147720657755	0.0014978927487391048	9.500624655629508e-05	0.0011944161698920653	9.461279114475474e-05	0.0001016183385218028	0.00010099808932864107
T[C>A]A	6.249126183774934e-05	6.464255699967225e-05	6.254300715227145e-05	0.0005430021112260875	0.0336872947014939	6.867551683171768e-05	0.009330899548422167	7.124034946173196e-05	0.06261976279274677	0.016583740343577347	8.373619602934923e-05	0.0006647976517342614	0.0005255043828469752	0.03334823419008899	0.0540795340675686	8.391663341171807e-05	7.060761608954636e-05	0.026236312675496264
T[C>A]C	0.017170913437075795	0.01701527808937726	8.261796938313637e-05	0.0007592844714963576	8.961268722487147e-05	7.595211809530156e-05	8.331854523930815e-05	0.04518488426274416	7.825101301932591e-05	0.033675492447491705	7.422322867114416e-05	0.0013622892121929909	6.679543221821405e-05	0.12012424372660462	0.0006340448973787716	8.231929932662751e-05	0.020224074059467512	7.542797775386134e-05
T[C>A]G	8.945107765612192e-05	8.577184526075144e-05	8.753907604841515e-05	0.002389369881893799	8.703668345333426e-05	8.173168680514209e-05	8.567764682698709e-05	8.261102630058303e-05	0.0013292002920934464	0.018174178858680536	8.809702048893087e-05	0.0001604872699772386	0.0010160664350451043	0.10342741845306591	0.0013313386240042745	9.007035150716547e-05	8.679659363224346e-05	0.009704423973016674
T[C>A]T	8.436364951194263e-05	8.838001049298328e-05	8.63453016791027e-05	0.018059814927983097	0.04095178889565432	7.537213218711258e-05	7.850382149336977e-05	7.778595627314644e-05	0.0013263708395243156	7.949680530430214e-05	7.786133871832135e-05	0.0020773906231625005	0.0014838308333992244	0.036485421001100346	0.015058007473999168	7.389354367682652e-05	9.665762772783637e-05	8.85554629348917e-05
T[C>G]A	6.970364097469428e-05	6.04229819145985e-05	5.797578009177637e-05	8.701227620804275e-05	8.971992137958295e-05	7.102678737282985e-05	7.433394030158525e-05	7.418385980599851e-05	8.665310379001312e-05	0.3601985448971391	8.245707485912134e-05	0.0006445836754949141	7.12762421358093e-05	8.698555084265535e-05	0.0006265275289479178	5.377166749749307e-05	8.37275373214652e-05	7.416333128276164e-05
T[C>G]C	7.6209391249904e-05	8.172542329702992e-05	0.02305347882393107	0.0008995226647016352	8.400270198762882e-05	6.578394331882009e-05	0.01833175752472016	0.13879220882154186	8.766119353822432e-05	8.881774483597838e-05	0.025801364292169636	0.0023098257566743995	0.001025729815592058	0.06026882377336733	8.806084263519587e-05	7.471213339158567e-05	9.131554761552252e-05	0.014612178109018714
T[C>G]G	8.116503095152438e-05	6.501927309134902e-05	9.000966092571616e-05	0.043419416098913644	9.446571857552044e-05	0.01274190428230213	8.901223372959066e-05	0.008245197887299582	9.644298916100524e-05	0.0016576730155065888	7.76098940718839e-05	0.05621252169735271	0.00035911986051360143	8.892483383533545e-05	0.001330940658954205	8.997226323117501e-05	9.094426313822623e-05	9.035079056047834e-05
T[C>G]T	7.002304027992068e-05	4.988562918937234e-05	4.7464675783714935e-05	0.0006235553832198093	8.314654223795515e-05	6.195279764256156e-05	0.049454269091245354	0.4313389427254151	7.789646988385358e-05	5.617477509929358e-05	6.837858329760138e-05	6.707480437171399e-05	7.156978181228623e-05	0.025067328771392106	9.148064345936291e-05	0.011460486720915241	7.769666536319164e-05	8.733052854950074e-05
T[C>T]A	4.7149054773854e-05	5.6198211933633504e-05	3.821979359130978e-05	8.532960746379103e-05	7.559071345895064e-05	4.1422428180615256e-05	0.6553151428699493	6.521236799486018e-05	8.829870894260239e-05	0.00020344814689110535	7.055125578290245e-05	6.924756524995246e-05	6.325959223971723e-05	7.941875664982945e-05	6.28433068779799e-05	8.428425033104591e-05	8.887939366104547e-05	6.676711886370868e-05
T[C>T]C	5.859544588915355e-05	0.0072140759845759515	5.629163182473695e-05	8.531667408533395e-05	7.362955307712581e-05	6.0108540645842366e-05	5.845035559559619e-05	7.359131923294626e-05	0.0010511876885175298	7.465854665156257e-05	7.788417583469709e-05	6.986811257547743e-05	7.498580580431736e-05	7.704512811130826e-05	8.308542455779389e-05	0.5229310251488641	7.918743845038989e-05	8.255875709437533e-05
T[C>T]G	4.194421123252523e-05	0.049785845877852355	3.984558148211193e-05	5.475368863017138e-05	6.576181021955563e-05	0.6524625281890621	8.142150468870568e-05	6.863219801829245e-05	5.599995383249734e-05	6.492550850225597e-05	6.896182859463806e-05	7.264999421749963e-05	6.889039788049445e-05	6.169162793412397e-05	8.38987989936868e-05	7.181191554082034e-05	6.960982418604544e-05	5.613041353171866e-05
T[C>T]T	0.01992442956273428	8.080640582193155e-05	8.163975144270808e-05	0.0009140922167489407	8.533647669537459e-05	0.03331562246052613	0.016703110646267304	7.923409393697511e-05	6.352106565827853e-05	6.259650186013488e-05	0.40820145365651117	0.0011426822635257849	7.230077626445564e-05	7.552710744676005e-05	7.988999300607702e-05	8.122275685309432e-05	7.643375593033853e-05	7.671198268894841e-05
T[T>A]A	0.005640605194639647	8.83869084645994e-05	9.508526418358087e-05	0.003592796125303721	0.00010012498023570515	9.059039985004347e-05	9.598696778994054e-05	9.44979146879632e-05	0.0013345121056772768	0.0016708410534192809	9.334787791885902e-05	0.009463285322999582	0.01604893622206873	9.6722089801915e-05	0.001331584002036834	9.704348558443598e-05	9.945309720933437e-05	9.99544354272075e-05
T[T>A]C	8.915259386412799e-05	9.058604555320927e-05	8.446349341824088e-05	0.0013323733452125452	0.00010172465117648244	8.962727079051547e-05	9.374498185934498e-05	9.363136559841223e-05	0.03437730308723985	0.013268255473667523	9.015178602567175e-05	0.002834297246590722	0.0014971106262237298	9.402290797879686e-05	0.02705939284642227	9.694440159364603e-05	0.00010195393479079939	9.918929645209573e-05
T[T>A]G	9.095374698517845e-05	8.585364194004796e-05	9.495422127656639e-05	0.0033169409529364203	0.00010025083538494073	9.229101597156842e-05	9.254321266780608e-05	9.312071051681414e-05	0.0013332278860616498	0.0016696255377610214	8.922399283619597e-05	0.010133328633673954	0.00962966373481322	9.6589215536369e-05	0.01832422205770854	9.786718437680975e-05	9.667582708061673e-05	9.983667550841346e-05
T[T>A]T	9.267152126994916e-05	9.236295300070196e-05	0.011813858831737889	0.003237968514440581	0.00010032293212134392	9.531912219244987e-05	9.093321059481241e-05	9.550247559673153e-05	0.0013354084258025978	0.0016735935299948324	9.763874186319299e-05	0.0037115264691237825	0.0014967707320465706	0.00010019145265687257	0.000545304246043088	0.011557214580534492	0.00010201272016274743	0.012610378417593892
T[T>C]A	8.730534918868215e-05	8.576828502100397e-05	9.396826208103448e-05	0.03552374927312485	0.00010088124108733609	8.856466156430543e-05	8.705427371751284e-05	0.03482000151634566	0.001334025514370296	0.0016660902685543988	9.477921157667879e-05	0.004078774691879517	0.0001018637303786818	0.00010035888481070287	0.001327858386139269	8.868640288710594e-05	9.650225147197488e-05	9.770118194865062e-05
T[T>C]C	9.142004782916046e-05	9.146161537501029e-05	8.807171616354026e-05	0.0028118281949900846	0.038867163899703884	9.160674017039128e-05	8.245289718615823e-05	0.008242818532380625	0.0005125706091348547	0.0016592422563917353	8.91758878424298e-05	0.002360122926256736	0.013227337969874497	8.783014163782354e-05	9.146724041784183e-05	0.02586032411305723	8.91833860805491e-05	0.014631195674519403
T[T>C]G	8.971782590379007e-05	8.927924500312656e-05	9.327548614237457e-05	0.0024423608170764054	9.790469193831086e-05	9.431459548068233e-05	9.372878048452549e-05	0.008096908484731102	0.018264440205530263	0.0016688762152625713	9.76566741883289e-05	0.0033675891216262245	0.0010351294156862422	0.012660812314425129	0.0013313669456692877	9.490493321209214e-05	9.789992327569053e-05	9.583977880538442e-05
T[T>C]T	7.361593654877651e-05	7.654113633179805e-05	6.536232546379163e-05	0.0026786422822624445	9.458811182412319e-05	7.582212770174124e-05	0.01833562752825597	8.921123298932798e-05	0.015760582875657292	0.0009347711036184591	0.025818408076884226	0.0019799624227744062	8.9090792243951e-05	8.427977466851644e-05	0.04768391090183286	8.934424840845168e-05	0.04788684650484356	0.028533493698341773
T[T>G]A	9.46623862546403e-05	9.308449953095987e-05	9.757083462318406e-05	0.003715528421162162	0.00010224739526165649	9.474251419305801e-05	9.661613221396692e-05	9.651133150327951e-05	0.0013360368677240331	0.0016725742600101512	9.78436459263321e-05	0.0034391382469038945	0.0014971866396081169	0.00010079639323521406	0.0013364470622036606	0.014625612727104453	0.00010175665447604842	0.00010159447701880708
T[T>G]C	8.807860576780513e-05	8.971998067863751e-05	0.005977910118963337	0.0035521587895345876	9.741923167894129e-05	0.009386705802899086	9.050834705703892e-05	9.310454261139967e-05	0.0007121451191778761	0.000631720115779899	9.61318117333576e-05	0.004075844198814594	0.0014970278709370178	9.895193361444398e-05	0.021361968261771835	9.758900268934667e-05	9.687910933280364e-05	9.630020067561418e-05
T[T>G]G	9.543971173116006e-05	9.503917390247807e-05	9.73550180788152e-05	0.0037155796853767242	0.00010237522292300127	9.723956900415942e-05	9.68343170825392e-05	9.785983420442789e-05	0.0013361632845771965	0.0016737361147534102	9.868321285466664e-05	0.004079536510835169	0.0014981825312133878	0.00010134331605513581	0.0013364551079575904	9.843494990491308e-05	0.00010219344694633037	0.00010157602955587208
T[T>G]T	7.8137328820638e-05	0.006729318950237939	9.09639162273379e-05	0.002157705956415157	0.01305739486560924	8.631212913314811e-05	9.126730728894472e-05	8.186883978851256e-05	0.0004125103558180854	8.828787904349155e-05	0.02511288538007648	0.0024628972307255024	0.0003588131155993324	0.04924377596544218	0.0013315782380232122	8.34083024528809e-05	0.03642899531951116	0.034259157296037304
