MutationType	SBS96A	SBS96B	SBS96C	SBS96D	SBS96E	SBS96F	SBS96G	SBS96H	SBS96I	SBS96J	SBS96K	SBS96L	SBS96M	SBS96N	SBS96O	SBS96P	SBS96Q	SBS96R
A[C>A]A	0.001919210480991751	0.0	2.8025969286496343e-46	0.0029403698339592666	0.0005268544686259702	0.0	0.00012039824214298278	5.687127304554451e-06	0.0009857956320047379	0.00040817041635818894	0.00038599391700699925	0.001007875551295001	5.9385809436207635e-06	0.0007227813544886885	0.001463366702394353	0.0006691121132462285	0.0735163677483797	0.008287985040806235
A[C>A]C	0.0019209226709790527	5.901120021007955e-05	0.00040191765983763614	0.011502051410207059	0.002322645016829483	0.0005638615693897009	0.0006401664461009205	0.0035293260327307506	0.003184895009326283	0.00045890432375017554	0.009227081760764122	0.0026819821083336136	0.012104866933077574	0.00010056299506686628	0.014094921280047856	4.203895392974451e-46	0.04775270000100136	0.006775505235418677
A[C>A]G	0.0010487147548701615	0.0	0.0	0.0015977879520505667	0.0002661245223862352	0.00017789738485589622	0.00019081016926065787	0.00013435357832349836	0.0013042767357546836	1.292891538469121e-05	0.0006552444843691774	0.0005173240759177133	0.0006321186297299164	0.0003326699157696567	0.0032978647388517855	0.0003661504615593003	0.019585635885596274	0.0019984965109898665
A[C>A]T	0.01495851930230856	0.0	5.6051938572992686e-46	0.0014479562267965206	0.014779466242180206	7.153622192390685e-08	0.0017110666893132495	0.001785036400835338	0.0026035225867872213	0.00016605419950905878	0.09020350030054942	0.0005194488588514901	0.005379972956097845	0.0	0.004308955557644367	2.8212685592166054e-05	0.005068717148351709	0.0007739875794527506
A[C>G]A	0.00010472003050381318	0.0011902498241397551	0.00047052864538272844	0.004602789554748779	0.0007266305285040132	0.0007895355578511953	7.454570586560295e-05	0.0014979703002609313	0.004568053688853979	0.0003494105360005051	0.0001749419086991111	0.0	0.00012509394400694873	0.00199718635994941	0.013447920556063763	0.00014081349581829272	0.009329946711659431	0.002952638448914513
A[C>G]C	7.437279464284074e-05	0.00019535907922545447	0.00019472846470307558	0.004484207916539163	0.0009153975795925362	0.0004488124162890017	0.0005790580995380879	0.0002917168148997007	0.003920462368114386	0.0019543331116437914	0.0	9.428288321942092e-05	0.0	0.0021421580808237196	0.011164794673823053	0.0018440518993884324	0.016271854750812054	0.002834478084901093
A[C>G]G	1.2196882198622917e-05	2.8025969286496343e-46	0.0	0.002744024073763285	1.1933180603307392e-05	0.00011686761863529682	0.0001467857473926415	0.0001524566592706833	0.002308888048073999	1.6291197884754637e-05	1.1023879778804257e-06	0.00032828817493424367	0.00014507355954265221	0.0006831129241618328	0.009945308667556673	5.141924501117501e-06	0.010509959674823221	0.002204997539342912
A[C>G]T	0.0001897084031952545	0.00010999259393429384	5.8420478251974826e-05	0.007034169876715168	0.0015362373960670084	0.0006580327055417002	0.0003237803524825722	0.00018599066825117916	0.005117201857501641	0.0006700401936541311	2.7043989393860102e-05	0.001035623886855319	0.0	0.0028713502106256783	0.014666294306516647	0.00020022359094582499	0.01527774027781561	0.006874764172243886
A[C>T]A	1.4402121528371472e-24	0.0006881222070660442	0.00020656929700635374	0.0012719201971776784	0.0038378433557227252	4.203895392974451e-46	0.027933911862787947	0.0014523325924528762	0.16097142603248357	1.1210387714598537e-45	0.001075969240628183	6.37119112197686e-05	0.02085977802053094	0.0012622101530268992	0.01506907696602866	0.005487110209651291	0.01034902163089555	0.001185746689861844
A[C>T]C	0.001487267532502301	0.003380213256468778	0.0002477841451764107	0.002162892007217465	0.007882981678365297	0.023223945169595073	0.02438985612243414	0.005591591284610331	0.03755443998363717	0.0027492830224218777	0.026551145873963834	0.0031147651316132396	0.10896757990121841	1.4012984643248171e-46	0.0008685979060828686	8.512864878866822e-05	1.3843347801412165e-08	0.002393554483137924
A[C>T]G	0.01525295821484196	0.007682499351295035	0.0012254423464157838	0.04825411120387937	0.6362448990345001	0.017090613190198268	0.01202797521493153	0.004508608070332184	0.02104959644588007	0.005046700844832235	0.07506675343720418	0.0014040578008689408	1.4219942048587786e-06	5.8096740394830705e-05	0.001794267063917232	0.002267312467392957	0.025461051613092422	0.009813884361318515
A[C>T]T	0.0011368001461960376	3.8945527194300664e-07	0.0022253445282331085	0.008840127953007482	0.008097890945029463	1.1210387714598537e-45	0.010771979042328895	0.014838583720847964	0.052413617726415396	0.0002621897667268058	0.036342491302639245	0.0022725479290125715	0.05461353585124016	0.0	0.013122794484723954	0.00038222785224206746	0.005517799483061481	0.0010744070330929389
A[T>A]A	0.0004278194857761264	3.930898273551975e-09	1.4012984643248171e-46	0.00010309442268123803	6.303033173793437e-06	2.1685639239876763e-08	5.85411517022294e-06	0.0004973271810968071	0.000380094443991652	0.004436715773772448	0.0003281067850139152	1.4012984643248171e-46	0.0001704733771916267	3.1054549829434566e-07	0.0003828750969226746	5.8762209519969134e-05	0.0010759245255030692	0.044367211684584615
A[T>A]C	1.1371781874913723e-05	0.0006762928909999743	4.129234287830741e-10	9.741009120034504e-06	3.839431776953006e-08	0.0030327116430271415	0.002616895566461608	1.2001208674842362e-14	1.2722857150038181e-07	0.01044983984902501	0.0	0.0007406326728300883	3.9384282501941925e-09	6.196537952716242e-05	0.0003932499942646217	0.0008176791746080881	0.005265932250767946	0.06823262097314
A[T>A]G	0.0	0.0	5.431380509790529e-06	0.0015102972800377756	8.152122154569951e-06	2.8010905953124166e-05	0.0005629644903820008	0.0	0.0014969386815209874	0.0004419598146341741	0.0	0.00039470064803026617	0.0005665058604790829	0.00021414606114120716	0.0034456727968063205	0.0013485625436260307	0.012945123324971063	0.030383358523249627
A[T>A]T	0.0018410266609862446	0.001712349511217326	0.0	0.0016350784804672002	0.0012759651348460467	0.0009022562531754375	0.01498785661533475	0.0069834925496252255	0.0007006350322626533	0.0005948752310359851	0.0009387409780174493	0.009087218949571253	0.00213580439915404	1.0634920181473717e-05	0.0	0.0005046871876402293	0.002887015859596431	0.043985535576939586
A[T>C]A	2.8025969286496343e-46	0.0006780940224416554	0.0007168404525150615	0.00913857338600792	0.00034926727530546484	0.0013041169458356094	0.004101054766215384	0.016614708909764887	0.01122003891505301	0.051980096846818924	0.0007168465352151542	0.015853634057566523	0.00468701236823108	3.134189319098368e-05	0.007716718502342701	1.4012984643248171e-46	0.009706157606944998	0.021242791097387227
A[T>C]C	0.0002776582958176732	0.002908761630533263	0.0019824355287710203	0.007645696203690022	0.0006605573275237475	0.008126882277429104	0.0007694377331063151	0.019358462654054165	0.001260670367628336	0.019800171069800854	0.008704965848301072	0.04426143020391464	0.0005985051015159115	0.0003767881869862322	0.006747595616616309	0.003212384949438274	0.004370621474851078	0.006501197349280119
A[T>C]G	0.00011254978744545951	0.0002813841722854704	5.0037825235449415e-05	0.00968123836160828	2.1121124688270263e-07	0.0017751539387518278	5.6051938572992686e-46	0.011076016910374164	0.0023801207402129898	0.01689873219002038	0.008452618803130463	0.17404254525899887	0.000582907907335084	5.871474648557751e-05	0.002690684622020001	0.0	0.0013423467651378473	0.0009401132306109617
A[T>C]T	0.0002349937683902681	0.0	4.203895392974451e-46	0.0005570607958361506	0.0006850070843938738	0.0023550222627818584	0.00142005163943395	0.02796237962320447	0.0016438727530572628	0.02456172239035368	0.0068380897282622755	0.009050145838409662	0.012778942007571459	0.0003235227919503814	0.006842811650130898	0.0003619204595452175	0.034924682881683114	0.011642990866675973
A[T>G]A	0.00033407335213269106	0.0	0.0	0.0036535241175442933	0.0	0.0	0.0	0.008393863821402192	0.00020631465595215558	0.0002448013583489228	4.23407182097435e-05	0.0002657269676731744	2.8025969286496343e-46	0.00013819375299135573	0.001327677257359028	0.002175554825225845	0.005452192154734803	0.003720492541606291
A[T>G]C	0.000634482444729656	0.00014447402209043502	9.968610914938836e-05	0.0038683766586473213	0.0015330759339121868	0.0005433484679087996	0.0	0.015871490631252528	0.00048585706390440463	0.003714587225113064	0.004019736812915653	0.000756323104724288	4.082998472654253e-09	0.0002024659152084496	0.002091491944156587	0.005224848119542003	0.0018784150946885348	0.0030887424713000656
A[T>G]G	0.00032614240481052546	2.50414345828176e-05	7.35131608962547e-05	0.0014115217651124111	0.0006101055794715648	8.103330328594893e-05	0.0	0.008175922883674502	0.0012611052952706814	0.0006843820767244325	0.0025038924417458476	0.000845787362777628	0.0	0.00014156501547404332	0.003074154956266284	0.0022598860261496155	0.008919169940054417	0.0024727751151658595
A[T>G]T	0.005261005973443389	0.00023994469902177684	2.0709834878118726e-07	3.460266100319131e-08	0.0010418416932225227	0.00019496219498904566	1.1210387714598537e-45	0.07154044779017568	9.713637183494938e-09	0.0006730209308443591	0.020038730930536985	1.2605688723965613e-06	1.4800857655927756e-06	1.691777207213363e-07	0.00039526262479689934	0.02477345373481512	8.71071149433078e-08	0.0006435326313280143
C[C>A]A	0.0018402405345113947	4.274341044947505e-05	0.002668536425335333	0.012574387178756297	0.00016244391445070506	0.00798022635281086	0.052466582879424094	0.00012027777047478594	0.003110349690541625	0.0009980157119571231	0.005268992204219103	0.009773957368452102	1.4012984643248171e-46	0.0007630785563378595	0.0070298867067322135	0.0010625752533087508	0.053821785375475883	0.002218358579557389
C[C>A]C	0.00022666142865546135	0.0010151003021746873	0.00021716286855735233	0.033561881904766014	0.0002427804527641797	0.02504676146586462	0.06398006491363048	0.000786758156753109	0.026330727904508144	2.575476173660718e-06	0.0020063799056078578	0.02830965194568762	0.0	0.0001692646069386683	0.0029678062535822393	0.0005104899464640766	0.008181119908113033	0.0046253659762442115
C[C>A]G	0.0015731550054624676	0.002815541310701519	0.0	0.00964731504827796	0.00048587059485214466	0.01224027113057673	0.02813062029410247	0.0	0.007148021473403788	4.203895392974451e-46	0.0002225886228188756	0.01574386596788848	3.534641507485503e-07	7.50058563426137e-05	0.0018500662590099637	0.0	0.012502058647073966	0.004439780673635596
C[C>A]T	0.004887808053149456	5.733233820137684e-07	1.9382302525627894e-06	2.9320736416593717e-08	4.652128438920045e-07	1.0513860594585368e-06	0.47222431749105453	0.00018333268962678062	1.3735313928009419e-06	5.04179904794455e-06	0.11175084755852538	1.1066378881707806e-06	5.508207490123596e-07	0.0	4.864124747427923e-07	0.0	9.97853895512435e-08	1.1240528721145893e-06
C[C>G]A	0.0	0.0	0.0	0.0039127465119236145	4.203895392974451e-46	3.930427192244679e-05	1.4012984643248171e-46	0.0	0.004178821295499802	1.9482280185911806e-05	4.5270773443917275e-05	0.0	0.00022395271516870708	0.005316400132142007	0.012743330301600509	0.0010294365090089742	0.00981502013746649	0.003302460294798948
C[C>G]C	0.0	1.5125329082366078e-05	5.544536087143115e-05	0.004297606647014618	0.0	9.284137631766498e-05	1.4012984643248171e-46	1.4012984643248171e-46	0.003241423889994621	4.642877296419101e-05	0.0	0.0	0.0	0.0010303511058737057	0.0133213205516725	0.0004304863716242835	0.010726485900718785	0.004470874099922639
C[C>G]G	0.0	2.438296405671281e-07	1.3029542060394306e-06	0.0036545446459676613	8.325075032189489e-06	0.00011471617035567761	0.0008822018062346615	0.0	0.0031841676071053373	0.0	0.0	0.0005735775127504894	0.000256432572984977	0.0003375697696519353	0.011374542337141236	3.710764576680958e-05	0.010547241193491175	0.0037742219648862372
C[C>G]T	0.00011653268520603888	7.77199297772313e-06	6.831902028352488e-05	0.006116392510011792	2.5589807773940265e-05	1.6577653877902775e-05	0.0	8.712838134670165e-05	0.006158420071005821	0.00020408197478900548	4.203895392974451e-46	1.7718550589052028e-05	1.354239120701095e-05	0.004407417541369796	0.01773945540189743	1.3856971264658568e-06	0.01601965120062232	0.0054827272542752326
C[C>T]A	0.0	0.00037616299377987163	0.00011027775472030043	0.010028214484918863	0.0007726067015028093	0.009437659382820129	0.017719142080750316	5.6051938572992686e-46	0.006897076324094087	0.00039271945133805274	1.4012984643248171e-46	0.008442828565603123	0.08096593506634235	0.008587251626886427	0.018125409331958053	0.00709025445394218	0.05164054054766894	0.015045325830578804
C[C>T]C	0.00017892074247356505	0.0009880389588943217	1.4012984643248171e-46	0.00030726553522981704	8.669030490580099e-05	0.02137044647242874	0.027498963080870454	0.0005414103623479604	0.0017896270990604534	0.007270323403645307	0.0006470571272075177	0.006880460058164317	0.17495487332344056	0.0005157487439646502	0.000774780754462867	0.0004790031497776681	0.0023412278853356836	0.0005254786348814378
C[C>T]G	0.0014328572837260555	0.005679380148649216	0.005366595881980629	0.32101252879947423	0.20163772873884228	0.015591987952224277	0.026675573674944462	0.003302556901235221	0.0009806303977597964	0.004948652129041875	0.05796901357779234	0.014161268272437156	0.094467607150591	0.0019082478247582912	0.003272018564828727	0.0009563882078509778	2.3075801891536685e-07	0.008957159612327814
C[C>T]T	0.0001868024279247038	0.0007368079852312804	1.401298464324817e-45	0.003520558308809996	1.541428310757299e-45	0.014459979208186268	0.022142766695469617	0.010211617150343955	0.0018807663931534233	0.0012995368335396052	0.011827892437577248	0.013246159767732024	0.16555802300572395	0.002779829117935151	0.010442350199446082	0.0020624514911105505	0.0032408892642706633	0.003982637915760279
C[T>A]A	3.6679711922005254e-05	8.467674888379406e-07	7.840872740150218e-06	0.0007956744618908829	0.0	0.0	8.504729776177555e-05	3.8464766112156214e-05	0.0005656897090375423	0.000357230007648468	2.4845201551215723e-05	1.6522105471850067e-05	6.399864105333108e-07	0.00022627654252573847	0.0008402836761007392	0.001263466913951561	0.001575572072954401	0.024489537253975867
C[T>A]C	0.0	8.282320850412361e-05	0.0	0.005575638735899701	1.2611686178923354e-45	0.003640393659588881	0.0004444188005436445	0.0	0.0028785158414393664	0.0008947643334977328	0.007134084613062442	0.0048952144104987385	0.0010851102706510574	0.0002071755785436835	0.0027330467299407244	0.014012130070477724	0.0031801118101768113	0.03279547924175859
C[T>A]G	0.000631547617376782	2.565084855632449e-08	5.100933453405787e-10	0.004015378374606371	0.00019824727019113197	0.0003092780418228358	0.0010714789561461658	0.00013763377792201935	0.002883345074951649	0.000568072753958404	0.0003462959088210482	0.0010919769529163469	2.8025969286496343e-46	0.000194521355768984	0.007613275382027496	0.0067841160576790575	0.00799811738650078	0.04930731058120728
C[T>A]T	0.0008868195640388876	0.0	0.0	0.002149089495651424	0.0007383255753666163	0.00028264657594263555	0.001266460974875372	0.0	0.0019235227257013321	0.00015404006117023528	0.0036017548874951897	0.00017898955917992676	0.0040905910194851455	2.5516299637118324e-05	0.004332584424065544	0.04770653210580349	0.005410068211718055	0.020684881135821342
C[T>C]A	8.592078061155916e-05	2.2039090254111216e-06	0.0	0.0007897150157077703	0.00038106396040085146	5.82645705435425e-05	0.005628090543905274	0.00011062661651521921	0.00016905552183743566	0.01961261024698615	0.0001773291500285268	0.04563366398215294	0.0003395070860619853	3.846847113653526e-06	2.966447211747436e-05	0.004609565215650946	0.0011633162343059667	0.02680035699158907
C[T>C]C	0.00013993613974889741	0.0008876477745178191	8.407790785948902e-46	0.004345568496501073	0.0003420013862344801	0.002282071765512228	0.003740037023089826	0.0021244814328383655	7.15410162229091e-05	0.013834079238586127	0.00515763028524816	0.05807858556509018	0.024199822451919317	3.715069906320423e-05	0.0018762618987238967	0.060984150320291516	0.005802079046611652	0.0032105632009916006
C[T>C]G	5.682925943784056e-05	0.00027487785134781004	2.5939419003861983e-07	6.178931606370952e-08	8.279235483854563e-08	0.0028848341516862774	0.018811798398382963	6.369542688844377e-08	1.771169528126393e-05	0.014516245670973048	1.041979629690104e-06	0.2533676877617836	5.26195427141829e-07	0.0	5.5906109253101024e-08	0.020339299889747052	3.939979862366272e-08	2.910602660222139e-07
C[T>C]T	0.00034873075783252715	0.0	0.0	0.002032465022057295	1.4012984643248171e-46	0.0	0.0017668863816652446	0.0015518399886786938	0.0016119648003950714	0.01187291870592162	2.8025969286496343e-46	0.050277223065495494	0.01640722551383078	0.00025418526620342164	1.5445890312548727e-05	0.1482950434088707	0.003094739747342601	0.006422817237216804
C[T>G]A	0.0005554378964006901	4.689167471951805e-05	0.00013366712623223974	0.001038142738980241	9.122089250013232e-05	0.0002335024522835738	4.91357350256294e-05	0.011234006332233547	0.00013398001901805402	0.00021897353581152857	0.0	0.0017546904156915844	0.0	2.2351574943968445e-05	0.0011159827234223485	0.0014039398956811056	0.0056146882590837775	0.0030129058882153005
C[T>G]C	3.0395315843634307e-05	0.001342546596424654	0.0004900944325269135	0.010828953434247524	0.0019071308197453618	0.0008678036363562569	1.4012984643248171e-46	0.005974499601870775	0.0007278637029230594	0.000651908537838608	0.0027983000967651606	0.015714337676763536	1.4012984643248171e-46	0.00020314497814979404	0.004614691308233887	0.0242684468626976	0.002711047630083385	0.0025401422288268806
C[T>G]G	0.0007185969938291237	0.0026044182770419864	0.0001998199636659592	0.01211198977936192	0.0002379280747845769	4.798682766704587e-08	0.00026213729288429024	0.012799318972975015	0.002352147176861763	0.0002210968465078622	0.0006747166970820118	0.027229956118389964	0.0	3.431179310577903e-05	0.007649887632578611	0.01918505672365427	0.004120480585061159	0.0029316038824617864
C[T>G]T	0.00989632859127596	0.0006161905548083269	3.279198264749539e-06	5.6051938572992686e-46	7.223910145626177e-08	0.0008338716474156627	0.0020475922218167854	0.045402866216397796	4.1679697915242286e-07	4.134110946552028e-06	0.004184778506778564	7.204327090448715e-09	1.5454185131602573e-08	0.0	0.003463511859148305	0.380552875995636	0.0	0.0004466197142450667
G[C>A]A	0.0008255447854935482	0.0009494271977018798	0.0015349636708094749	0.002632030335411173	0.00022423119517043233	0.0023979968624189495	0.0013022272119997068	0.00018343754345551133	0.0002472274238243699	0.0006981791771977442	0.005194472335278988	0.0002649728790856898	7.660430156875009e-09	2.8025969286496343e-46	0.00023404361560324104	0.0034701585886068643	0.10801375210285187	0.0007725055369718348
G[C>A]C	0.0005745598813518882	0.003230721363797787	4.203895392974451e-46	0.0249344544718042	8.483882047585687e-05	0.01387832803884521	0.0003051786683499813	0.0031873021051069374	0.0024307874962687854	0.0020721201377455144	0.02428373193833977	0.0032797983149066567	0.004100434435531497	0.00048032061895355584	0.005550982290878892	0.00013704131852136924	0.0326268196105957	0.018342894478701056
G[C>A]G	8.290200639748945e-07	0.0017069046123651787	1.3013828720431776e-06	0.0037834383198060094	0.000781984814191361	0.0026271426933817564	0.0003517583885695785	1.4012984643248171e-46	0.000752002454828471	0.0001515883029469478	0.0017912827519467101	0.0013859542668797076	1.7726122791827947e-08	0.00021327989469295262	0.0004922625841572881	0.0004782676271133823	0.03473602924495935	0.0026025719614121813
G[C>A]T	0.001992791881914968	0.009627307633400051	9.768821044531252e-07	0.02470216889934136	1.8906747527580593e-07	0.010083054478468512	0.007019323574974123	0.0007898125087649532	0.00017952741633635582	0.00028199795727914536	0.21830226182937623	0.0011902918110767047	5.2283045448575646e-09	1.2634801294097997e-08	0.006149686694161716	7.006492321624085e-46	0.010747959043625955	3.8942804039265864e-07
G[C>G]A	0.00011363888315827353	0.0004830617479456123	0.00044013342653670406	0.002712489222176373	0.0007301826306502334	0.0017753182095475496	7.96591120888479e-06	0.00020241436432115733	0.002682339772582054	0.00033752211165847255	0.0003924365999409929	2.3226342455018313e-05	0.000971910753287375	0.000933111336780712	0.009840270645509009	0.0027591292629949747	0.00635378893930465	0.0027829030877910554
G[C>G]C	0.00014777074829908088	0.00019454473804216831	0.0004780378963921233	0.005094343470409513	0.0027864478339324704	0.0023166656319517642	0.0023848941083997486	0.00012873498781118542	0.002979797055013478	0.002302587212761864	0.0	0.003008431592024863	0.0	0.0008177165233064443	0.006549957310198806	1.4012984643248171e-46	0.009338104212656618	0.027904834249056876
G[C>G]G	1.1025807907572015e-06	9.864921958069317e-06	0.0	0.0024592254558228888	0.00028353122096831386	0.00027898282733076487	0.0001239443037775345	1.0455438678036444e-05	0.0015655446739344825	5.8640725910663605e-06	1.2224512465763837e-05	0.0001964824419701472	2.8025969286496343e-46	0.0005890956177609042	0.005119780078530312	1.0795459820656106e-05	0.005027126520872116	0.0052213354501873255
G[C>G]T	0.0004869167045399081	0.0007813152013113722	0.00022495696266560116	0.004467888042563572	0.0007577022870691507	0.0005379411042667926	0.0	4.928886191919446e-05	0.007252328831236809	0.000872206746134907	6.922268803464249e-05	0.0	0.0	0.0021092421549838035	0.015132221969543025	8.407790785948902e-46	0.010384177975356578	0.006722044013440609
G[C>T]A	0.0003873553671837726	0.003960226427159342	1.9152689674228894e-07	1.09875529119563e-07	5.639966502712923e-08	0.05749344181967899	0.016438793397017547	0.0004276370658772066	0.27152055948972703	0.009900752059184014	0.004275005497038365	0.0003277661624153438	2.759641937188917e-09	0.0027949700510362164	0.006021055129050978	0.000286985528238759	7.528589671501607e-05	0.004298107185952915
G[C>T]C	0.02418553940951824	0.04354068538331148	1.0489344020925272e-06	3.9898318391351497e-07	2.139995331162936e-07	0.34933078587055205	0.0012371218068267353	0.00016069547182269163	0.08710362762813731	0.010937315655707635	3.8438376854799116e-07	0.004781002442814497	3.813318485867967e-07	1.3397951192928303e-08	2.1758095698487522e-07	0.0004727603254650603	1.681452044266507e-08	0.0018019399232400701
G[C>T]G	0.01649677339742084	0.8369766354560852	0.0006519173374507359	0.07687344700098038	0.048156537234960696	0.006614224381808498	0.037746020829649715	0.0015716461848492853	0.0015866705696699263	0.006518881474617419	0.00014745875889982525	0.0011443498055164728	0.006498106901702272	6.721786339767278e-05	0.0027780531165447543	0.003041762845668927	1.7328751482637018e-07	6.553362936756457e-08
G[C>T]T	0.012595676097043906	0.016251505646447128	0.018388049387112915	3.135747306259873e-09	0.002484709396958351	0.17262492179870606	0.0028674484696239234	0.015058154821871029	0.12522179411880643	0.008257031161648953	0.023322161473333835	9.256834943016656e-09	3.470419659379331e-06	0.0	0.009505192236974835	2.8025969286496343e-46	0.0009296480592240642	0.009614524990320205
G[T>A]A	1.2278373469598592e-05	3.6161072330287427e-06	4.3786790047306565e-05	0.00035118352363703307	8.861569670415292e-06	8.575647370889783e-06	0.0	0.00018686887488001959	0.0004185107536613941	0.0021447053761221467	6.216357724042609e-06	0.00031644552528717893	0.0	0.00014464213973042206	0.0005760636056066915	0.0	0.0016474113712320105	0.02859223848208785
G[T>A]C	0.0	0.0006636566075030714	0.0	0.0007929484359920025	2.007385273517658e-40	0.005198134674962773	0.003844767843838781	0.0	1.542049114675592e-05	0.005173688882496208	0.00040922617697560784	0.0008336879778653383	2.4946831672423286e-05	0.0003695944222272374	0.00018473764648661018	0.0022190129093360156	0.0010702398605644703	0.049509639572352174
G[T>A]G	0.0	0.0	0.0	0.0011072393850128036	1.9541042917126104e-08	0.0004954953008564189	0.0010475067771039902	0.0	0.0012166974478532212	0.001085343239537906	0.0	0.0008471911307424307	4.538229078434597e-05	9.983450142989626e-05	0.0017119129797720234	0.0008020160777959973	0.002300470275803335	0.03671440929174423
G[T>A]T	0.0006418601609766483	0.0002997102015797282	0.0	0.0007332061706208038	0.00016840243603652994	0.0010298551438609137	0.002266579613205977	1.6324030002579094e-05	0.0005216794088482857	0.0004789952668488695	0.0004649883428214707	0.0022544046471011823	0.0049283763975836335	4.452341874099375e-05	0.0009581084363162517	0.008344236062839627	0.0017226683208718895	0.02767372028902173
G[T>C]A	0.00282418473798316	0.003783875705551054	5.158800618687565e-07	7.877803369677115e-08	8.346512174739473e-08	0.008823402023023164	0.0074175658398417	0.0014126022029159913	0.0024075517264293468	0.20312591940164565	0.0007910634579815223	3.2633936655201976e-07	6.320929202274783e-09	0.0	0.007426230658663257	0.0	9.648544363471955e-09	0.011368361521362402
G[T>C]C	0.0009968305141910606	0.017483873130100847	0.006996948515828194	0.0007100357208400965	1.415577457919426e-07	0.0412657936050266	0.0031346944510005415	0.013953736345495571	2.4401873588431044e-08	0.06761585071317314	0.006949599304243747	5.549881052502315e-07	1.4330722706290543e-07	0.0	0.02478741470371295	0.005496652961426207	1.4012984643248171e-46	0.02901164030106216
G[T>C]G	5.3042615945742e-06	0.0021996060391934694	3.774031114289755e-08	6.394198717174505e-08	1.0376722769933621e-08	0.01730696477781777	0.01228977668506559	0.002578424978037219	0.00023456671174635347	0.1271524302661419	0.0030054137526391855	0.06572089046239853	1.1757160223169194e-07	2.6859826496306026e-08	0.0045585986690576345	0.0009838234109338373	2.5215214805029973e-08	0.008830340223616418
G[T>C]T	0.0026381294597336465	0.00047717352863401173	0.008065360342152416	0.0004829670259923091	0.002456961409188807	0.0023357247933745383	0.0010991836636094377	0.02582499273121357	0.0015453892294317484	0.12394051924347878	0.01333975475281477	0.0	0.0023266437608981507	0.0	0.005439365282654762	0.005599289457313717	0.0016153167410834612	0.00860885214060545
G[T>G]A	0.00011814979079645127	8.117262041196227e-05	0.000725498171595973	0.001021875930018723	4.203895392974451e-46	0.0002390292240306735	1.4012984643248171e-46	0.0031603695009835065	0.0006180237978696823	5.8622335200198e-05	0.0001130852293499629	5.6051938572992686e-46	1.3893112793539331e-08	1.7760627179086443e-05	0.0030613870359957216	0.0019386258791200817	0.0035530056862626224	0.005075545003637672
G[T>G]C	0.0005056074005551636	0.0014400436319961685	0.0005588140650615969	0.0029553132779255977	1.4012984643248171e-46	0.0029732681694440545	0.0	0.005526201787870377	0.0007089164108037948	0.0022641422343440353	0.002823013055603951	0.0	0.0	1.7138302268904226e-06	0.004461624351097271	0.010112261772155762	0.003385577180057453	0.0027233233557041104
G[T>G]G	0.00011180677684023977	0.0012464384781196713	3.3224967045786255e-05	0.006925264140591025	0.0	0.0015241930726915599	0.0	0.002689076360547915	0.002244137413799763	0.0006286671035923064	0.0033330464852042497	0.0007549405512115471	0.0	1.0344532711314968e-06	0.006347517017113091	0.006882090959697962	0.006236273568509887	0.0028164136935288297
G[T>G]T	0.00033395188670359843	0.002072128075783297	2.62012480334306e-07	5.828472328772705e-06	1.05979317766014e-08	0.0027664214409014675	0.0003419369168113917	0.010734225848355549	1.1269921884604628e-08	0.0006374230358098032	0.007239420944824815	2.467686931595381e-06	1.7465893620283168e-08	0.0	0.0032008066603225415	0.09970620647072792	3.259626694784856e-07	0.0014367081643293033
T[C>A]A	0.041385110933333635	1.4012984643248171e-46	1.4012984643248171e-46	0.12294774373253858	2.8025969286496343e-46	3.850730427075177e-05	0.00010033364815171808	0.055975609750669265	6.155981100164354e-06	0.0	5.958521285265306e-07	0.00031232702312991025	0.00024832219649795206	0.03389047415021196	0.00023200426589937707	0.00011226759812998921	0.0469000785968845	1.5935993967985952e-06
T[C>A]C	0.01682188641279936	0.0003943715535569936	0.0003314673085696995	0.0059967268723994495	0.0024754570913501084	0.0024208536371588705	0.003045060334261507	1.541428310757299e-45	0.0034917837473528836	0.00011839343060273677	0.05733900479972363	0.0010230540472548455	0.004296060162596404	0.02090863659977913	0.007929841030272656	4.203895392974451e-46	0.055458981171250345	0.005865626526065171
T[C>A]G	0.006963856075890363	4.959368507115869e-05	0.0	0.01186258823145181	2.469176433805842e-06	0.0007623211015015841	0.0010833546926733106	0.0023363458953099326	0.0008923996154635461	0.0	0.0	0.0012392441683914512	0.00030083853299061046	0.005487765301950276	0.0008344105953959513	0.00047110649793467017	0.03268477227538824	7.006492321624085e-46
T[C>A]T	0.6877757430076599	5.952191315827803e-07	0.0011085705466825856	0.0017857274333323403	4.333824676905351e-09	2.3958409883562125e-06	0.00014388742031314904	0.002368881830990688	2.553652123538086e-07	2.343068022270245e-06	0.057383174544520445	4.417656299438022e-07	8.343492890361403e-07	0.0009978388066521405	2.2081786113403725e-06	0.00021105620544403791	2.8972488337331014e-07	6.234895590040423e-07
T[C>G]A	0.0	1.4012984643248171e-46	1.4012984643248171e-46	1.3779569243865808e-06	9.934929501298483e-09	0.0	0.0	0.0	0.0010295101441442967	5.389370727471032e-09	1.2486618450324727e-08	0.0	2.4827144207151265e-08	0.19769811928272246	5.2509415725410234e-05	5.521899169025346e-08	1.9944268927929444e-06	2.7691328341461485e-07
T[C>G]C	0.0	2.751238425844349e-05	1.9022438209503889e-06	0.0042930263734888285	0.00022333568485919387	1.4012984643248171e-46	4.2435365367055054e-05	3.037163805856835e-05	0.004492145776748657	0.00035028223355766387	3.343201387906447e-06	0.0	0.0	0.06658858619630337	0.013752689694592845	5.939351890447142e-05	0.008062215615063905	0.005264920514309779
T[C>G]G	1.463732269257889e-06	4.777673166245222e-05	1.8958322471007705e-05	0.001957991468225373	1.0193717753281816e-05	2.053063071798533e-05	3.1781219877302644e-05	3.1362542358692735e-06	0.0017806916020163045	3.8130980101414026e-06	0.0	0.0	0.00014053063223400385	0.020725810341536997	0.006766816443996504	0.00030394039786187934	0.006211371463723481	0.00231191833736375
T[C>G]T	6.034128850842535e-05	0.0	0.0	0.0030357163399457932	0.0	0.0	3.73094662791118e-05	5.184480032767169e-05	0.004753740504384041	0.00012159427660662914	0.00016361528269044358	0.0	6.040603750534501e-09	0.2498593509197235	0.011415841057896614	0.0007279356985350205	0.0015417709330392882	2.091949079385813e-05
T[C>T]A	0.0004496618774282979	0.0005818306468427181	0.005229837074875831	2.156679256586358e-05	3.838377324427711e-07	0.004101353514124639	0.002949107741005719	0.0006500948653410888	0.021515977382659913	0.003316901437938213	2.3814466840121894e-05	0.0008371907519176602	0.017853306606411934	0.25039412528276445	0.1526424080133438	0.00418838276527822	0.0004771755426190794	0.021514662355184556
T[C>T]C	0.008710567957547256	0.01094015687465344	0.031154084764420987	0.0024330055341124533	0.007720446493476629	0.09934164192527532	0.000454733707010746	0.001144638294942979	0.0010696057057771214	0.0036709983673745227	0.016401937510818244	0.0006365278557495912	0.09663708875933992	0.034708506043534725	0.12630019586686103	0.0015595067059621214	0.003463469445705414	0.007633189371404114
T[C>T]G	0.019290621150162224	1.6926756531440883e-06	0.8506373941898346	0.06042239163070917	0.02794485882286608	1.114321285058395e-05	0.019851758470758797	0.002569695537113148	0.0027222091754666167	0.0003613902607696673	3.8018151826690884e-08	0.004557159697981206	1.8120955758149647e-08	0.004563038897113359	0.02888516567157353	0.0001251678425433056	3.9064008205969006e-08	7.006492321624085e-46
T[C>T]T	0.036694643646478654	0.0002683800626073207	0.05136752128601074	3.839023463569902e-08	0.008931266516447068	0.0006384675433501741	0.0009404445998370647	0.0021623419278384405	0.0	0.0016496563105363293	0.017914187535325254	2.8025969286496343e-46	0.04164764157518164	0.06572487930578745	0.2274846613407135	5.728600740440015e-08	3.310321048388687e-07	0.0006089024688890277
T[T>A]A	0.0004205042458124808	4.055343015352264e-06	1.671687641646713e-05	0.0015996496498990708	0.0012729889305774123	0.0003194010234437883	0.0006907636248598692	0.001675208329106681	0.0007773770550556947	0.0007856804499169811	0.0	0.001165873817352292	0.0	7.087018116180843e-06	0.0001269379339646548	4.934190437779762e-05	0.006161390105228292	0.04008563421666622
T[T>A]C	0.00042264174917363564	1.9075199088547378e-05	6.772867491235956e-05	0.001366568836147053	0.0007907687049737433	0.001182445010636002	5.976855172775686e-05	0.001338793079048628	0.0005551435519009828	0.0008065846675890497	0.004929595650173724	0.0	0.0007966968921664375	6.565047333424445e-05	0.0010457332495207084	0.0027923722023842855	0.005827672709710896	0.033780950121581554
T[T>A]G	0.0009952167340088636	0.0	0.0	0.0007201161672128365	9.103590770109804e-09	1.4012984643248171e-46	6.203185330377892e-06	0.0006205819867318496	0.0004205736797302961	0.0001894424385682214	0.0003456179634667933	0.0005354868328140583	2.670168726126576e-08	8.444341607116711e-06	0.0014958253071766237	0.0012907038966659457	0.007889358140528203	0.01966123254969716
T[T>A]T	0.006191497761756181	0.0	1.4012984643248171e-46	0.0014785498788114637	0.0007422508955642115	0.0002009849064052105	0.000124883082753513	0.0033859225397463886	0.0015894534124527126	0.0002553786267526448	0.004081310075707734	5.6051938572992686e-46	0.0007156036619562656	2.0738527382491156e-05	0.0012934617814607918	0.006328427419066429	0.012166930316016077	0.026590383052825926
T[T>C]A	0.003528761910274625	2.3586399959185655e-05	1.28486714123975e-31	7.829257629055065e-06	5.561463112258025e-09	0.0008583260147133842	0.005337402666918933	0.008253840764518827	0.013031525089172647	0.06086522042751312	0.0	3.3138768174012513e-09	0.0010603159623713055	7.170237186073791e-05	0.0010293913198282211	0.0017277311882935465	0.0020564240280350533	0.00940455027898679
T[T>C]C	0.0006601062137633562	0.002157899067969993	0.00047628576731995054	0.0010794273752253503	2.5239856031400248e-05	0.006239174772053992	0.007256235845852643	0.03929410055279732	0.0011341032207837997	0.04807295724749565	0.005172064108774066	0.018661706894636153	0.009062078618444502	0.0003404281058465131	0.0034802168956957757	0.005200571363093332	0.006961524719372392	0.0059774407185614106
T[T>C]G	0.003926613018848002	1.2707203521302065e-15	0.00012003252981855894	6.47451940949395e-08	1.401298464324817e-45	3.97110525076445e-07	0.002640891122231892	0.015195168647915125	0.024383732117712498	0.03701845053583384	1.611437625115286e-07	0.05057400558143854	0.0003473058356348702	7.610352483311544e-06	0.0016087207943201065	0.002275902499059157	6.1497530623455535e-09	1.734635191041889e-09
T[T>C]T	0.002939237211830914	0.0	2.581559783720877e-08	0.0007908437939492348	0.00012627220203789542	0.00029825204983353616	0.0029241052659926938	0.043402403220534326	0.004199609244130898	0.040628548711538315	0.006262969062663615	0.009166286676190794	0.01977668683975935	4.639802500605583e-05	0.0011875595431774856	0.0020583848818205297	0.0014464263105764986	0.007128292848210549
T[T>G]A	0.0024255222815824594	0.0	3.1558361257566504e-09	0.018800619104877115	0.0	0.0	0.0	0.025176995620131492	0.0008810078725218773	8.727298773010261e-05	0.0	2.378627783627962e-09	0.0	7.546019599118381e-05	0.001839121366711538	0.00014394651305167373	0.003983508188809992	0.0014851710870743772
T[T>G]C	0.0008577793836593628	0.0005072134422107411	0.0036645121370384006	0.0038685223553329706	4.203895392974451e-46	0.00029518690425902607	0.0	0.03616030630655587	0.0005732881370931863	0.00021825524172527366	0.005963997892104089	0.0	0.0010629170064930804	0.00013816315531585134	0.003431341564282775	0.008132349327206611	0.0023568257689476012	0.0013529370771721005
T[T>G]G	0.0011877970915520563	0.0	0.00019729718433865174	0.004370077897328883	0.00017038311380019878	0.00014486067229881882	0.0002538768676458858	0.00859387470409274	0.0019909887210815213	0.00016599749797023832	0.0003193799472796854	0.0012287230708807328	0.00018290395382791758	0.00015851439457037486	0.004796571747283453	0.0029598360997624695	0.009667836991138757	0.0050249645253643395
T[T>G]T	0.020897076009646298	4.59504735275118e-06	0.00017822504764097857	1.004889919897778e-06	5.466850325319684e-07	3.7504022998291475e-07	0.0005311771761626005	0.3467028300237871	4.276108100498277e-07	3.2112768622027943e-07	0.0012955362650668434	0.0	4.907856502711638e-05	0.0	3.0720582913090764e-07	0.011262967659352797	2.876478760072132e-07	6.918151143509021e-07
