MutationType	SBS96A	SBS96B	SBS96C	SBS96D	SBS96E	SBS96F	SBS96G	SBS96H	SBS96I	SBS96J	SBS96K	SBS96L	SBS96M	SBS96N	SBS96O	SBS96P	SBS96Q	SBS96R
A[C>A]A	1.00E-04	0.00E+00	1.87E-46	1.18E-03	3.22E-04	0.00E+00	6.88E-05	3.98E-06	9.86E-04	1.37E-04	1.23E-04	3.28E-04	5.94E-06	1.96E-04	1.25E-03	1.85E-04	6.79E-03	1.61E-03
A[C>A]C	5.06E-04	5.90E-05	2.05E-04	4.41E-03	1.99E-03	5.64E-04	3.38E-04	2.05E-03	1.74E-03	2.25E-04	1.91E-03	6.75E-04	9.09E-04	5.88E-05	5.07E-03	2.99E-46	2.60E-03	2.72E-03
A[C>A]G	8.08E-05	0.00E+00	0.00E+00	7.33E-04	2.36E-04	1.78E-04	8.24E-05	9.36E-05	1.17E-03	1.29E-05	1.50E-04	1.76E-04	2.74E-04	9.14E-05	1.71E-03	1.37E-04	1.68E-03	1.01E-03
A[C>A]T	7.84E-04	0.00E+00	5.61E-46	1.45E-03	1.45E-02	5.25E-08	1.14E-03	1.78E-03	1.37E-03	1.66E-04	1.61E-02	4.21E-04	2.92E-03	0.00E+00	2.23E-03	2.80E-05	2.67E-03	7.73E-04
A[C>G]A	6.13E-05	3.17E-04	1.03E-04	3.86E-03	3.14E-04	6.81E-04	6.00E-05	4.26E-04	3.86E-03	8.60E-05	9.16E-05	0.00E+00	8.17E-05	3.09E-04	6.48E-03	8.01E-05	3.83E-03	2.87E-03
A[C>G]C	4.19E-05	9.30E-05	8.35E-05	2.77E-03	2.97E-04	2.29E-04	2.14E-04	1.02E-04	3.20E-03	2.01E-04	0.00E+00	9.43E-05	0.00E+00	2.38E-04	5.62E-03	1.79E-04	3.08E-03	1.93E-03
A[C>G]G	9.44E-06	2.80E-46	0.00E+00	2.62E-03	1.19E-05	1.17E-04	6.41E-05	1.08E-04	2.23E-03	1.49E-05	1.10E-06	1.52E-04	5.76E-05	9.73E-05	5.07E-03	5.11E-06	2.52E-03	1.76E-03
A[C>G]T	4.73E-05	6.08E-05	4.24E-05	4.36E-03	5.18E-04	4.96E-04	1.66E-04	1.06E-04	3.99E-03	1.66E-04	2.70E-05	3.20E-04	0.00E+00	2.77E-04	7.55E-03	1.34E-04	3.77E-03	3.24E-03
A[C>T]A	1.44E-24	6.00E-04	1.45E-04	1.03E-03	1.50E-03	2.99E-46	1.22E-02	1.43E-03	2.47E-02	5.45E-46	5.13E-04	6.37E-05	3.38E-03	3.69E-04	9.36E-03	5.07E-04	4.62E-03	6.48E-04
A[C>T]C	4.52E-04	1.30E-03	2.48E-04	1.85E-03	6.93E-03	6.63E-03	4.98E-03	1.11E-03	4.99E-03	1.24E-03	5.20E-03	1.60E-03	8.82E-03	1.40E-46	5.81E-04	5.68E-05	1.38E-08	2.08E-03
A[C>T]G	3.77E-03	5.26E-03	1.22E-03	4.30E-02	8.90E-02	1.15E-02	8.51E-03	4.51E-03	1.02E-02	2.25E-03	1.78E-02	1.40E-03	9.08E-07	5.81E-05	1.23E-03	1.13E-03	1.00E-02	7.22E-03
A[C>T]T	4.66E-04	3.89E-07	1.01E-03	5.08E-03	7.04E-03	3.50E-46	5.26E-03	4.94E-03	8.35E-03	2.29E-04	7.06E-03	1.23E-03	7.67E-03	0.00E+00	1.31E-02	2.63E-04	3.68E-03	1.07E-03
A[T>A]A	1.08E-04	3.93E-09	1.40E-46	7.22E-05	6.27E-06	2.17E-08	5.13E-06	2.14E-04	1.97E-04	1.18E-03	1.47E-04	1.40E-46	1.33E-04	2.85E-07	2.14E-04	5.08E-05	1.00E-03	6.24E-03
A[T>A]C	1.14E-05	2.82E-04	4.13E-10	9.66E-06	1.76E-08	8.19E-04	6.63E-04	1.20E-14	1.16E-07	2.06E-03	0.00E+00	4.30E-04	3.94E-09	5.12E-05	2.67E-04	2.75E-04	2.31E-03	1.12E-02
A[T>A]G	0.00E+00	0.00E+00	5.43E-06	1.44E-03	4.75E-06	2.80E-05	1.69E-04	0.00E+00	1.46E-03	2.68E-04	0.00E+00	2.19E-04	2.33E-04	5.85E-05	1.45E-03	2.62E-04	1.90E-03	4.75E-03
A[T>A]T	3.83E-04	4.55E-04	0.00E+00	1.25E-03	3.68E-04	6.09E-04	8.42E-04	3.11E-03	5.86E-04	5.75E-04	3.98E-04	1.88E-03	1.12E-03	1.06E-05	0.00E+00	2.72E-04	1.68E-03	6.97E-03
A[T>C]A	1.87E-46	3.71E-04	4.85E-04	6.83E-03	1.93E-04	1.24E-03	1.52E-03	6.67E-03	2.73E-03	2.30E-03	3.40E-04	3.13E-03	1.88E-03	2.25E-05	2.74E-03	1.40E-46	2.37E-03	7.28E-03
A[T>C]C	2.78E-04	1.08E-03	6.26E-04	6.88E-03	4.17E-04	5.17E-03	5.29E-04	5.56E-03	1.26E-03	2.82E-03	1.89E-03	2.58E-03	3.61E-04	1.01E-04	3.57E-03	5.64E-04	1.80E-03	5.46E-03
A[T>C]G	1.07E-04	2.48E-04	4.87E-05	9.15E-03	1.90E-07	1.28E-03	2.29E-46	4.18E-03	1.36E-03	6.55E-03	2.19E-03	9.91E-03	5.83E-04	4.74E-05	2.28E-03	0.00E+00	1.13E-03	7.47E-04
A[T>C]T	1.84E-04	0.00E+00	4.20E-46	4.73E-04	6.17E-04	1.58E-03	6.35E-04	1.14E-02	1.26E-03	1.85E-03	1.55E-03	1.69E-03	2.39E-03	9.96E-05	3.34E-03	1.58E-04	4.06E-03	8.13E-03
A[T>G]A	2.22E-04	0.00E+00	0.00E+00	2.17E-03	0.00E+00	0.00E+00	0.00E+00	1.53E-03	2.06E-04	1.08E-04	4.23E-05	8.51E-05	2.80E-46	4.55E-05	7.46E-04	3.14E-04	9.51E-04	7.89E-04
A[T>G]C	5.08E-04	1.44E-04	9.97E-05	2.40E-03	7.90E-04	2.88E-04	0.00E+00	5.58E-04	4.86E-04	3.65E-04	7.94E-04	2.85E-04	4.08E-09	3.61E-05	9.26E-04	3.59E-04	5.96E-04	1.29E-03
A[T>G]G	2.04E-04	1.70E-05	6.13E-05	9.92E-04	4.30E-04	5.40E-05	0.00E+00	7.19E-04	1.26E-03	1.47E-04	5.43E-04	2.14E-04	0.00E+00	3.79E-05	1.57E-03	3.24E-04	9.62E-04	7.17E-04
A[T>G]T	2.61E-03	1.72E-04	1.48E-07	3.46E-08	1.04E-03	1.72E-04	1.12E-45	7.06E-03	9.71E-09	1.47E-04	1.98E-03	1.14E-06	1.18E-06	1.63E-07	3.93E-04	1.69E-03	7.66E-08	3.90E-04
C[C>A]A	5.52E-04	4.27E-05	5.73E-04	6.52E-03	1.62E-04	6.59E-03	2.09E-03	1.17E-04	1.64E-03	3.51E-04	1.82E-03	3.63E-03	1.40E-46	2.56E-04	3.42E-03	2.69E-04	4.44E-03	1.33E-03
C[C>A]C	1.51E-04	7.21E-04	1.39E-04	1.89E-02	2.43E-04	2.27E-02	1.04E-02	4.05E-04	4.36E-03	2.58E-06	8.86E-04	1.08E-02	0.00E+00	1.01E-04	2.55E-03	2.32E-04	2.76E-03	2.45E-03
C[C>A]G	1.75E-04	6.10E-04	0.00E+00	8.99E-03	4.86E-04	1.19E-02	5.97E-03	0.00E+00	2.28E-03	2.99E-46	2.20E-04	5.52E-03	3.13E-07	4.30E-05	1.51E-03	0.00E+00	2.96E-03	1.76E-03
C[C>A]T	1.97E-03	2.32E-07	4.89E-07	2.93E-08	3.29E-07	5.09E-07	5.62E-02	1.29E-04	6.29E-07	1.79E-06	3.73E-02	4.05E-07	2.28E-07	0.00E+00	3.57E-07	0.00E+00	7.24E-08	3.86E-07
C[C>G]A	0.00E+00	0.00E+00	0.00E+00	3.90E-03	4.20E-46	3.93E-05	1.40E-46	0.00E+00	4.18E-03	1.95E-05	4.21E-05	0.00E+00	5.19E-05	5.63E-04	6.47E-03	2.92E-04	3.85E-03	2.92E-03
C[C>G]C	0.00E+00	1.51E-05	1.70E-05	4.30E-03	0.00E+00	6.32E-05	1.40E-46	1.40E-46	3.24E-03	3.66E-05	0.00E+00	0.00E+00	0.00E+00	1.82E-04	6.78E-03	1.53E-04	3.97E-03	3.08E-03
C[C>G]G	0.00E+00	2.44E-07	1.30E-06	3.63E-03	8.33E-06	1.15E-04	2.64E-04	0.00E+00	2.85E-03	0.00E+00	0.00E+00	3.06E-04	6.16E-05	1.21E-04	5.83E-03	3.71E-05	3.42E-03	2.70E-03
C[C>G]T	3.82E-05	7.00E-06	3.66E-05	5.73E-03	2.56E-05	1.08E-05	0.00E+00	6.16E-05	6.16E-03	5.90E-05	2.99E-46	1.47E-05	1.12E-05	5.09E-04	9.14E-03	1.37E-06	5.88E-03	4.78E-03
C[C>T]A	0.00E+00	2.51E-04	1.10E-04	7.93E-03	4.74E-04	9.44E-03	5.80E-03	5.61E-46	3.13E-03	3.93E-04	1.40E-46	4.43E-03	7.24E-03	1.69E-03	4.82E-03	8.61E-04	6.95E-03	3.38E-03
C[C>T]C	9.79E-05	9.82E-04	1.40E-46	1.82E-04	8.20E-05	6.29E-03	7.49E-03	2.61E-04	1.75E-03	1.37E-03	4.86E-04	4.11E-03	1.17E-02	2.32E-04	7.74E-04	4.79E-04	2.20E-03	5.19E-04
C[C>T]G	1.06E-03	3.79E-03	2.42E-03	1.06E-01	6.90E-02	1.43E-02	1.10E-02	1.30E-03	8.67E-04	1.96E-03	2.73E-02	5.46E-03	2.15E-02	5.50E-04	2.47E-03	6.32E-04	2.31E-07	8.16E-03
C[C>T]T	1.45E-04	7.37E-04	2.95E-46	1.90E-03	1.09E-45	3.97E-03	5.80E-03	4.34E-03	8.01E-04	6.11E-04	2.78E-03	2.30E-03	1.00E-02	5.48E-04	3.95E-03	4.24E-04	1.99E-03	2.80E-03
C[T>A]A	1.86E-05	8.47E-07	5.88E-06	7.96E-04	0.00E+00	0.00E+00	5.06E-05	3.85E-05	5.66E-04	2.43E-04	1.79E-05	1.20E-05	6.40E-07	4.93E-05	4.17E-04	2.06E-04	1.10E-03	3.44E-03
C[T>A]C	0.00E+00	5.26E-05	0.00E+00	3.03E-03	7.07E-46	1.09E-03	3.19E-04	0.00E+00	1.80E-03	4.27E-04	1.11E-03	9.61E-04	3.68E-04	3.44E-05	1.35E-03	2.94E-04	1.70E-03	5.28E-03
C[T>A]G	6.37E-05	2.57E-08	5.10E-10	2.99E-03	8.10E-05	2.57E-04	3.92E-04	7.70E-05	2.88E-03	3.94E-04	1.02E-04	5.08E-04	1.87E-46	1.13E-04	3.79E-03	4.62E-04	3.52E-03	7.52E-03
C[T>A]T	1.18E-04	0.00E+00	0.00E+00	1.83E-03	7.38E-04	2.83E-04	3.29E-04	0.00E+00	1.92E-03	1.09E-04	7.06E-04	1.27E-04	7.83E-04	2.55E-05	2.33E-03	1.65E-03	2.02E-03	3.08E-03
C[T>C]A	6.62E-05	2.20E-06	0.00E+00	4.04E-04	2.25E-04	5.83E-05	1.80E-03	1.11E-04	1.25E-04	2.13E-03	1.77E-04	2.52E-03	1.82E-04	3.85E-06	2.96E-05	8.27E-04	6.06E-04	4.31E-03
C[T>C]C	9.38E-05	4.75E-04	4.28E-46	3.00E-03	2.30E-04	1.52E-03	1.39E-03	1.26E-03	7.15E-05	2.16E-03	9.62E-04	2.82E-03	3.55E-03	3.72E-05	1.24E-03	1.33E-03	2.54E-03	2.04E-03
C[T>C]G	5.68E-05	2.00E-04	1.63E-07	4.77E-08	3.77E-08	8.34E-04	5.22E-03	6.37E-08	1.32E-05	7.75E-03	7.55E-07	1.20E-02	1.66E-07	0.00E+00	3.01E-08	2.83E-03	1.75E-08	1.32E-07
C[T>C]T	1.41E-04	0.00E+00	0.00E+00	1.38E-03	1.40E-46	0.00E+00	1.35E-03	1.55E-03	1.34E-03	2.89E-03	1.87E-46	4.20E-03	3.84E-03	1.01E-04	1.54E-05	4.18E-03	1.37E-03	2.43E-03
C[T>G]A	4.15E-04	2.33E-05	1.09E-04	5.78E-04	8.35E-05	1.55E-04	4.91E-05	7.60E-04	1.34E-04	9.79E-05	0.00E+00	1.45E-04	0.00E+00	1.17E-05	5.74E-04	2.53E-04	5.92E-04	7.75E-04
C[T>G]C	3.04E-05	4.41E-04	4.76E-04	5.53E-03	6.51E-04	5.56E-04	1.40E-46	7.45E-04	7.28E-04	3.48E-04	7.64E-04	1.92E-03	1.40E-46	6.94E-05	1.72E-03	6.71E-04	1.12E-03	1.17E-03
C[T>G]G	4.96E-04	5.69E-04	1.03E-04	6.79E-03	2.38E-04	3.56E-08	2.62E-04	1.49E-03	2.35E-03	1.70E-04	2.91E-04	2.72E-03	0.00E+00	3.43E-05	3.17E-03	6.41E-04	2.14E-03	1.96E-03
C[T>G]T	1.79E-03	4.32E-04	6.45E-07	4.28E-46	6.43E-08	7.20E-04	1.06E-03	6.29E-03	2.43E-07	2.87E-06	1.88E-03	7.20E-09	1.04E-08	0.00E+00	3.46E-03	3.58E-03	0.00E+00	4.47E-04
G[C>A]A	2.46E-04	3.77E-04	4.32E-04	9.89E-04	1.72E-04	7.76E-04	3.00E-04	1.23E-04	2.16E-04	2.05E-04	1.09E-03	1.95E-04	7.66E-09	2.80E-46	1.73E-04	6.42E-04	1.17E-02	7.72E-04
G[C>A]C	2.82E-04	1.04E-03	2.99E-46	1.53E-02	7.67E-05	1.96E-03	3.05E-04	7.60E-04	2.43E-03	7.58E-04	4.59E-03	1.13E-03	1.47E-03	1.50E-04	2.46E-03	8.67E-05	4.74E-03	3.35E-03
G[C>A]G	8.29E-07	3.87E-04	1.30E-06	2.49E-03	3.68E-04	4.80E-04	2.08E-04	1.40E-46	3.91E-04	7.58E-05	5.71E-04	4.63E-04	1.77E-08	8.61E-05	2.08E-04	2.28E-04	4.88E-03	1.20E-03
G[C>A]T	8.68E-04	3.19E-03	4.51E-07	2.20E-02	1.89E-07	3.08E-03	3.77E-03	5.54E-04	1.79E-04	2.11E-04	2.98E-02	7.33E-04	5.23E-09	1.26E-08	6.15E-03	7.01E-46	6.00E-03	2.63E-07
G[C>G]A	4.66E-05	1.75E-04	1.08E-04	2.11E-03	2.88E-04	1.59E-03	5.32E-06	9.17E-05	2.68E-03	8.85E-05	1.43E-04	2.32E-05	2.79E-04	1.54E-04	3.79E-03	2.61E-04	2.54E-03	1.91E-03
G[C>G]C	6.49E-05	1.38E-04	1.22E-04	2.95E-03	7.66E-04	1.17E-03	8.25E-04	7.61E-05	2.46E-03	4.90E-04	0.00E+00	1.18E-03	0.00E+00	1.24E-04	3.36E-03	1.40E-46	2.59E-03	3.54E-03
G[C>G]G	1.10E-06	5.52E-06	0.00E+00	1.83E-03	1.33E-04	2.76E-04	5.60E-05	6.99E-06	1.51E-03	5.86E-06	1.22E-05	8.91E-05	2.80E-46	9.33E-05	2.64E-03	1.08E-05	1.52E-03	1.40E-03
G[C>G]T	5.73E-05	2.16E-04	1.31E-04	4.23E-03	3.14E-04	3.83E-04	0.00E+00	4.93E-05	4.80E-03	1.32E-04	3.90E-05	0.00E+00	0.00E+00	3.00E-04	7.67E-03	6.99E-46	4.26E-03	3.29E-03
G[C>T]A	1.75E-04	2.64E-03	1.92E-07	7.54E-08	4.45E-08	1.63E-02	1.64E-02	3.98E-04	3.18E-02	3.80E-03	2.96E-03	3.10E-04	2.76E-09	4.69E-04	6.02E-03	2.87E-04	7.52E-05	3.53E-03
G[C>T]C	1.67E-03	2.23E-02	6.19E-07	3.30E-07	1.14E-07	5.62E-02	1.23E-03	1.51E-04	3.62E-02	7.30E-03	2.85E-07	2.54E-03	1.77E-07	1.34E-08	1.05E-07	3.12E-04	1.44E-08	1.80E-03
G[C>T]G	6.73E-03	5.43E-02	6.48E-04	4.31E-02	3.17E-02	5.26E-03	1.13E-02	1.57E-03	1.09E-03	6.52E-03	1.47E-04	1.14E-03	6.50E-03	6.72E-05	2.78E-03	1.66E-03	1.73E-07	6.55E-08
G[C>T]T	2.99E-03	1.08E-02	3.42E-03	3.14E-09	2.48E-03	3.04E-02	2.54E-03	3.50E-03	1.99E-02	4.59E-03	5.16E-03	9.26E-09	2.64E-06	0.00E+00	9.16E-03	1.87E-46	9.30E-04	9.61E-03
G[T>A]A	1.23E-05	3.24E-06	3.80E-05	3.16E-04	4.99E-06	8.58E-06	0.00E+00	4.78E-05	4.19E-04	5.79E-04	6.22E-06	1.57E-04	0.00E+00	8.17E-05	3.81E-04	0.00E+00	9.60E-04	4.18E-03
G[T>A]C	0.00E+00	4.26E-04	0.00E+00	5.31E-04	2.01E-40	1.32E-03	5.15E-04	0.00E+00	1.54E-05	1.53E-03	1.72E-04	4.32E-04	2.38E-05	1.25E-04	1.32E-04	4.19E-04	1.07E-03	7.51E-03
G[T>A]G	0.00E+00	0.00E+00	0.00E+00	7.57E-04	1.30E-08	4.12E-04	3.79E-04	0.00E+00	3.80E-04	5.30E-04	0.00E+00	1.89E-04	4.52E-05	3.42E-05	1.26E-03	2.42E-04	1.39E-03	5.22E-03
G[T>A]T	7.06E-05	1.32E-04	0.00E+00	7.33E-04	1.68E-04	6.57E-04	3.76E-04	1.63E-05	5.22E-04	3.22E-04	1.44E-04	5.41E-04	1.09E-03	3.39E-05	8.33E-04	3.24E-04	9.74E-04	4.35E-03
G[T>C]A	5.19E-04	1.58E-03	3.45E-07	5.86E-08	4.28E-08	4.78E-03	2.01E-03	1.41E-03	1.27E-03	9.38E-03	5.46E-04	1.34E-07	6.32E-09	0.00E+00	7.43E-03	0.00E+00	9.65E-09	1.14E-02
G[T>C]C	9.73E-04	6.66E-03	2.58E-03	7.10E-04	9.57E-08	2.28E-02	1.53E-03	5.51E-03	2.44E-08	1.28E-02	2.60E-03	3.71E-07	1.43E-07	0.00E+00	2.44E-02	1.59E-03	1.40E-46	2.88E-02
G[T>C]G	4.87E-06	1.49E-03	2.79E-08	3.67E-08	1.04E-08	5.84E-03	2.62E-03	1.51E-03	2.34E-04	3.24E-03	1.19E-03	5.36E-03	6.15E-08	1.35E-08	4.56E-03	3.25E-04	2.52E-08	8.83E-03
G[T>C]T	8.86E-04	3.59E-04	1.20E-03	4.83E-04	2.29E-03	2.34E-03	7.03E-04	2.68E-03	1.03E-03	5.86E-03	2.73E-03	0.00E+00	1.08E-03	0.00E+00	4.55E-03	9.15E-04	1.15E-03	7.20E-03
G[T>G]A	8.68E-05	5.65E-05	1.61E-04	8.32E-04	4.20E-46	1.60E-04	1.40E-46	3.63E-04	6.18E-04	3.05E-05	4.25E-05	5.61E-46	1.39E-08	1.65E-05	1.29E-03	3.18E-04	7.80E-04	6.67E-04
G[T>G]C	2.68E-04	7.33E-04	2.34E-04	2.25E-03	1.40E-46	1.85E-03	0.00E+00	1.18E-03	7.09E-04	6.76E-04	6.92E-04	0.00E+00	0.00E+00	1.63E-06	2.54E-03	5.85E-04	9.50E-04	2.02E-03
G[T>G]G	8.46E-05	5.19E-04	3.32E-05	4.80E-03	0.00E+00	1.02E-03	0.00E+00	3.87E-04	2.24E-03	1.91E-04	7.10E-04	2.48E-04	0.00E+00	1.03E-06	2.82E-03	4.42E-04	2.18E-03	1.90E-03
G[T>G]T	3.34E-04	7.35E-04	1.20E-07	5.78E-06	1.06E-08	1.51E-03	2.02E-04	1.49E-03	1.13E-08	1.98E-04	1.15E-03	2.24E-06	1.00E-08	0.00E+00	3.20E-03	1.77E-03	2.30E-07	1.43E-03
T[C>A]A	9.12E-03	1.40E-46	1.40E-46	8.14E-02	2.80E-46	3.85E-05	6.92E-05	1.95E-02	6.16E-06	0.00E+00	5.03E-07	2.24E-04	2.46E-04	5.54E-03	2.32E-04	1.12E-04	1.00E-02	1.59E-06
T[C>A]C	9.27E-04	2.76E-04	2.13E-04	3.12E-03	1.38E-03	2.42E-03	1.11E-03	1.09E-45	2.61E-03	8.07E-05	6.28E-03	4.01E-04	1.06E-03	1.27E-03	3.89E-03	2.14E-46	3.60E-03	2.48E-03
T[C>A]G	7.21E-04	3.94E-05	0.00E+00	6.79E-03	2.47E-06	6.18E-04	4.22E-04	9.83E-04	3.90E-04	0.00E+00	0.00E+00	5.07E-04	2.01E-04	4.97E-04	8.34E-04	1.66E-04	4.23E-03	4.31E-46
T[C>A]T	3.09E-02	3.66E-07	7.46E-04	1.78E-03	4.33E-09	1.43E-06	1.34E-04	1.36E-03	1.59E-07	1.22E-06	2.36E-02	2.88E-07	2.87E-07	9.19E-04	9.17E-07	1.12E-04	1.80E-07	3.37E-07
T[C>G]A	0.00E+00	1.40E-46	1.40E-46	1.35E-06	3.59E-09	0.00E+00	0.00E+00	0.00E+00	1.03E-03	5.39E-09	1.05E-08	0.00E+00	1.57E-08	1.14E-02	4.59E-05	4.05E-08	4.88E-07	2.63E-07
T[C>G]C	0.00E+00	2.01E-05	1.90E-06	3.96E-03	1.12E-04	1.40E-46	3.73E-05	1.43E-05	4.49E-03	8.38E-05	3.34E-06	0.00E+00	0.00E+00	5.03E-03	6.79E-03	2.89E-05	3.41E-03	2.44E-03
T[C>G]G	1.19E-06	2.40E-05	9.17E-06	1.89E-03	6.86E-06	2.05E-05	3.18E-05	3.14E-06	1.77E-03	2.77E-06	0.00E+00	0.00E+00	5.52E-05	1.40E-03	3.44E-03	9.36E-05	1.83E-03	1.28E-03
T[C>G]T	2.05E-05	0.00E+00	0.00E+00	3.04E-03	0.00E+00	0.00E+00	3.73E-05	3.94E-05	4.75E-03	8.02E-05	6.21E-05	0.00E+00	6.04E-09	1.74E-02	5.91E-03	3.18E-04	1.54E-03	2.08E-05
T[C>T]A	1.76E-04	5.82E-04	1.76E-03	2.16E-05	3.84E-07	2.02E-03	1.63E-03	4.33E-04	3.20E-03	1.12E-03	2.38E-05	5.67E-04	7.35E-03	1.65E-02	5.25E-02	1.01E-03	3.68E-04	5.61E-03
T[C>T]C	2.32E-03	2.56E-03	5.74E-03	2.43E-03	6.08E-03	9.12E-02	3.04E-04	1.08E-03	7.13E-04	1.25E-03	2.96E-03	6.36E-04	1.98E-02	1.08E-02	3.96E-02	4.32E-04	1.78E-03	3.00E-03
T[C>T]G	8.95E-03	1.24E-06	1.83E-02	2.14E-02	1.53E-02	1.06E-05	2.31E-03	1.93E-03	1.82E-03	3.61E-04	3.80E-08	2.12E-03	1.81E-08	3.32E-03	1.95E-02	1.25E-04	3.91E-08	3.77E-46
T[C>T]T	5.45E-03	2.68E-04	1.20E-02	3.84E-08	8.93E-03	5.91E-04	9.40E-04	1.56E-03	0.00E+00	8.76E-04	5.14E-03	1.87E-46	1.52E-02	1.93E-02	6.67E-02	5.73E-08	3.30E-07	6.09E-04
T[T>A]A	1.38E-04	4.06E-06	1.67E-05	9.28E-04	2.65E-04	1.60E-04	2.86E-04	3.24E-04	2.98E-04	4.65E-04	0.00E+00	4.92E-04	0.00E+00	6.39E-06	8.47E-05	3.83E-05	2.02E-03	5.52E-03
T[T>A]C	1.37E-04	1.91E-05	5.48E-05	9.17E-04	7.87E-04	7.92E-04	5.98E-05	3.06E-04	4.94E-04	4.93E-04	9.69E-04	0.00E+00	2.70E-04	3.62E-05	4.68E-04	3.90E-04	1.73E-03	4.95E-03
T[T>A]G	8.41E-05	0.00E+00	0.00E+00	4.13E-04	9.10E-09	1.40E-46	6.20E-06	1.77E-04	4.21E-04	1.79E-04	7.89E-05	2.48E-04	2.67E-08	8.44E-06	8.03E-04	1.01E-04	1.30E-03	2.85E-03
T[T>A]T	2.28E-04	0.00E+00	1.40E-46	1.05E-03	4.87E-04	2.01E-04	1.15E-04	1.05E-03	5.60E-04	1.71E-04	6.22E-04	4.28E-46	2.96E-04	1.47E-05	1.10E-03	4.50E-04	1.97E-03	4.07E-03
T[T>C]A	4.41E-04	2.34E-05	1.28E-31	7.39E-06	5.56E-09	8.20E-04	1.65E-03	4.37E-03	2.71E-03	1.87E-03	0.00E+00	3.31E-09	8.05E-04	4.43E-05	8.06E-04	4.01E-04	1.37E-03	2.69E-03
T[T>C]C	6.60E-04	7.59E-04	2.67E-04	7.53E-04	2.52E-05	4.28E-03	1.27E-03	7.13E-03	1.07E-03	2.84E-03	1.44E-03	2.60E-03	1.95E-03	1.21E-04	1.62E-03	9.26E-04	1.68E-03	4.83E-03
T[T>C]G	4.77E-04	1.27E-15	1.19E-04	6.47E-08	5.53E-46	3.78E-07	2.01E-03	2.67E-03	3.59E-03	2.96E-03	1.02E-07	3.87E-03	3.46E-04	6.73E-06	1.61E-03	4.64E-04	6.15E-09	1.73E-09
T[T>C]T	8.29E-04	0.00E+00	2.58E-08	5.41E-04	1.18E-04	2.98E-04	1.21E-03	1.02E-02	1.56E-03	2.29E-03	1.50E-03	2.41E-03	3.50E-03	3.44E-05	8.01E-04	7.01E-04	5.77E-04	3.73E-03
T[T>G]A	1.48E-03	0.00E+00	3.16E-09	1.22E-02	0.00E+00	0.00E+00	0.00E+00	4.04E-03	8.81E-04	4.37E-05	0.00E+00	2.38E-09	0.00E+00	3.43E-05	1.25E-03	1.23E-04	1.19E-03	5.06E-04
T[T>G]C	8.58E-04	1.93E-04	1.25E-03	2.54E-03	4.20E-46	2.95E-04	0.00E+00	3.81E-03	5.73E-04	9.40E-05	1.19E-03	0.00E+00	4.94E-04	4.93E-05	1.37E-03	9.69E-04	8.35E-04	6.95E-04
T[T>G]G	4.25E-04	0.00E+00	1.15E-04	1.74E-03	1.60E-04	1.45E-04	1.46E-04	1.08E-03	1.09E-03	7.50E-05	2.16E-04	2.52E-04	1.30E-04	5.07E-05	2.29E-03	4.52E-04	1.47E-03	1.17E-03
T[T>G]T	1.48E-02	4.23E-06	1.78E-04	9.05E-07	5.47E-07	2.24E-07	3.62E-04	4.05E-02	4.16E-07	3.21E-07	7.47E-04	0.00E+00	4.81E-05	0.00E+00	1.52E-07	7.40E-03	1.24E-07	4.51E-07
