MutationType	SBS96A	SBS96B	SBS96C	SBS96D	SBS96E	SBS96F	SBS96G	SBS96H	SBS96I
A[C>A]A	4.54E-04	8.56E-03	3.10E-04	2.05E-03	1.28E-04	1.16E-02	4.69E-03	3.76E-03	1.60E-02
A[C>A]C	1.79E-04	5.32E-04	2.75E-04	1.83E-04	4.14E-04	8.10E-04	2.66E-04	1.40E-03	1.24E-03
A[C>A]G	7.42E-05	3.39E-04	8.20E-05	3.09E-04	2.17E-05	6.90E-05	4.15E-04	0.00E+00	1.33E-03
A[C>A]T	3.80E-04	1.79E-03	4.02E-04	5.61E-04	4.98E-04	3.58E-03	1.82E-03	3.29E-03	2.56E-03
A[C>G]A	1.27E-04	5.06E-04	2.29E-04	0.00E+00	2.19E-04	2.74E-04	5.51E-04	5.23E-04	2.49E-03
A[C>G]C	7.16E-05	3.70E-04	6.92E-05	0.00E+00	2.44E-06	7.45E-04	3.69E-04	3.61E-04	1.12E-03
A[C>G]G	1.87E-04	5.82E-05	0.00E+00	0.00E+00	7.68E-05	2.85E-04	8.26E-04	2.82E-22	1.15E-03
A[C>G]T	6.52E-05	2.26E-04	1.64E-04	0.00E+00	2.51E-04	3.46E-04	0.00E+00	3.39E-04	4.47E-04
A[C>T]A	1.78E-04	7.74E-04	1.33E-03	5.87E-63	1.68E-03	2.72E-03	4.61E-03	2.77E-03	1.51E-03
A[C>T]C	2.89E-04	1.67E-04	4.71E-04	1.55E-03	7.08E-04	0.00E+00	3.01E-03	2.60E-03	4.73E-03
A[C>T]G	8.61E-04	7.16E-04	1.46E-03	1.85E-03	3.42E-03	2.44E-03	2.06E-72	2.01E-02	1.79E-02
A[C>T]T	3.31E-04	4.00E-04	2.73E-04	9.99E-04	1.18E-03	2.56E-106	8.31E-04	2.72E-03	1.79E-03
A[T>A]A	5.07E-05	4.40E-04	6.11E-05	2.44E-04	0.00E+00	4.43E-04	4.66E-04	7.13E-06	1.17E-03
A[T>A]C	8.38E-05	1.11E-04	4.56E-05	0.00E+00	2.34E-105	2.81E-04	1.99E-04	5.84E-04	9.21E-04
A[T>A]G	6.71E-05	1.37E-04	6.09E-05	1.29E-26	8.61E-05	0.00E+00	3.91E-04	8.73E-04	1.41E-04
A[T>A]T	4.95E-05	2.39E-04	8.79E-05	1.76E-04	1.80E-04	4.47E-04	4.37E-04	5.48E-04	7.07E-04
A[T>C]A	4.11E-04	2.51E-04	3.71E-04	0.00E+00	3.63E-04	1.58E-11	9.72E-04	1.25E-35	4.16E-04
A[T>C]C	3.16E-05	0.00E+00	1.49E-04	3.11E-98	2.30E-12	1.41E-04	0.00E+00	2.07E-04	2.24E-04
A[T>C]G	1.89E-04	5.65E-94	3.94E-04	5.95E-04	5.65E-04	6.22E-04	1.66E-04	5.81E-04	3.36E-04
A[T>C]T	1.96E-04	0.00E+00	1.47E-04	6.50E-04	3.48E-04	1.29E-04	1.14E-03	3.30E-04	5.80E-04
A[T>G]A	3.88E-05	0.00E+00	0.00E+00	9.60E-04	0.00E+00	8.77E-04	1.46E-04	0.00E+00	9.64E-04
A[T>G]C	4.98E-05	0.00E+00	2.51E-05	6.33E-04	0.00E+00	0.00E+00	9.11E-05	1.49E-04	7.34E-04
A[T>G]G	1.78E-04	0.00E+00	0.00E+00	2.79E-05	1.69E-04	0.00E+00	0.00E+00	9.89E-04	5.07E-04
A[T>G]T	9.12E-05	3.12E-04	5.80E-05	0.00E+00	9.06E-05	3.71E-04	4.58E-04	2.17E-06	7.18E-04
C[C>A]A	1.03E-04	3.67E-03	1.65E-04	3.04E-03	4.15E-04	4.83E-03	1.92E-03	5.34E-04	4.51E-03
C[C>A]C	3.62E-04	0.00E+00	2.78E-04	7.69E-04	1.06E-03	5.47E-107	4.68E-04	1.23E-03	1.41E-03
C[C>A]G	3.75E-05	3.32E-04	5.96E-05	3.12E-04	7.64E-05	4.98E-04	2.18E-04	6.79E-04	4.71E-48
C[C>A]T	2.81E-04	7.39E-04	1.11E-03	1.55E-03	2.61E-03	3.13E-03	1.24E-03	4.39E-71	3.52E-03
C[C>G]A	8.31E-05	2.18E-22	6.44E-05	3.87E-05	0.00E+00	3.98E-04	5.56E-04	1.28E-03	1.33E-04
C[C>G]C	7.99E-05	1.10E-04	0.00E+00	0.00E+00	0.00E+00	3.95E-04	3.35E-04	1.13E-03	8.79E-04
C[C>G]G	3.80E-05	1.66E-05	3.16E-05	8.96E-05	0.00E+00	3.83E-04	0.00E+00	1.51E-05	4.03E-04
C[C>G]T	1.59E-04	5.41E-121	0.00E+00	1.47E-04	7.17E-05	0.00E+00	0.00E+00	1.01E-03	9.58E-04
C[C>T]A	3.76E-04	1.58E-03	2.23E-04	4.80E-03	3.45E-04	5.06E-03	8.33E-03	3.02E-41	1.33E-02
C[C>T]C	0.00E+00	0.00E+00	1.76E-04	2.00E-03	4.12E-04	7.05E-04	3.98E-03	3.76E-03	2.02E-03
C[C>T]G	8.36E-11	0.00E+00	6.36E-04	1.67E-03	1.75E-03	0.00E+00	4.94E-04	1.16E-02	1.00E-02
C[C>T]T	7.92E-05	3.05E-11	1.81E-04	1.12E-03	4.52E-04	2.78E-04	1.76E-03	2.15E-03	1.39E-03
C[T>A]A	1.09E-04	3.08E-84	0.00E+00	2.41E-04	3.11E-05	1.92E-04	2.02E-04	5.35E-04	9.07E-04
C[T>A]C	9.50E-05	0.00E+00	1.36E-04	2.84E-04	1.82E-04	0.00E+00	6.80E-04	1.13E-03	5.24E-16
C[T>A]G	1.11E-04	0.00E+00	3.96E-05	2.23E-04	5.21E-05	1.72E-04	0.00E+00	3.83E-04	6.67E-04
C[T>A]T	5.36E-05	0.00E+00	6.01E-05	8.60E-08	2.33E-05	5.67E-04	4.08E-04	8.19E-04	0.00E+00
C[T>C]A	5.16E-05	2.24E-04	1.82E-04	4.61E-40	4.63E-04	7.05E-04	1.30E-03	0.00E+00	2.31E-03
C[T>C]C	4.17E-05	0.00E+00	1.53E-04	3.41E-92	7.51E-05	0.00E+00	1.31E-05	4.81E-04	5.70E-04
C[T>C]G	0.00E+00	2.63E-04	6.83E-04	0.00E+00	1.28E-03	4.43E-04	3.32E-05	6.43E-72	0.00E+00
C[T>C]T	1.42E-04	0.00E+00	9.10E-05	9.22E-04	2.81E-04	4.12E-04	0.00E+00	1.97E-03	2.82E-03
C[T>G]A	5.24E-05	0.00E+00	6.85E-05	7.57E-04	9.78E-05	7.35E-04	1.88E-04	3.58E-04	1.93E-04
C[T>G]C	2.19E-05	0.00E+00	3.90E-05	0.00E+00	8.15E-05	0.00E+00	9.40E-05	3.32E-04	2.05E-04
C[T>G]G	1.69E-04	1.33E-04	9.22E-05	0.00E+00	6.51E-87	5.02E-04	3.88E-04	1.19E-03	1.06E-03
C[T>G]T	1.79E-04	1.62E-04	2.14E-04	0.00E+00	3.36E-04	5.86E-04	6.47E-04	1.44E-03	2.91E-04
G[C>A]A	2.97E-45	2.58E-02	2.47E-12	3.38E-02	1.92E-04	9.50E-03	4.89E-03	3.59E-06	2.20E-04
G[C>A]C	1.85E-04	2.22E-03	2.10E-04	2.56E-03	3.44E-05	1.32E-03	4.04E-04	6.60E-04	4.07E-73
G[C>A]G	9.03E-05	3.05E-04	9.90E-05	5.23E-04	1.01E-04	5.38E-04	8.51E-04	0.00E+00	1.35E-03
G[C>A]T	1.53E-04	4.05E-03	9.83E-04	5.06E-03	1.94E-03	4.56E-07	5.81E-03	1.15E-02	8.12E-03
G[C>G]A	1.43E-04	3.44E-04	2.63E-04	0.00E+00	1.52E-107	9.70E-04	8.47E-04	1.85E-03	2.72E-04
G[C>G]C	5.52E-05	9.92E-05	3.56E-05	4.57E-05	0.00E+00	2.36E-04	2.84E-04	2.81E-04	4.28E-04
G[C>G]G	9.93E-06	0.00E+00	2.31E-05	1.71E-04	0.00E+00	2.01E-04	0.00E+00	1.08E-04	4.78E-06
G[C>G]T	8.27E-05	0.00E+00	1.01E-04	1.54E-03	1.54E-04	0.00E+00	4.81E-04	7.34E-04	1.96E-03
G[C>T]A	1.02E-03	1.47E-04	7.80E-15	5.01E-04	2.05E-03	1.84E-05	8.39E-03	7.01E-03	1.68E-03
G[C>T]C	0.00E+00	2.59E-05	5.80E-04	5.48E-28	1.33E-03	3.35E-06	1.88E-03	1.44E-03	1.90E-03
G[C>T]G	5.31E-04	9.04E-11	9.04E-04	2.45E-03	1.78E-03	2.22E-03	0.00E+00	1.26E-02	1.39E-02
G[C>T]T	8.96E-04	0.00E+00	2.95E-04	0.00E+00	2.20E-03	0.00E+00	4.75E-03	7.32E-03	0.00E+00
G[T>A]A	2.35E-05	0.00E+00	2.59E-05	1.32E-63	0.00E+00	0.00E+00	5.49E-05	3.02E-04	0.00E+00
G[T>A]C	1.07E-04	1.01E-04	4.17E-05	2.95E-05	0.00E+00	3.24E-04	2.86E-04	8.56E-04	1.12E-04
G[T>A]G	8.03E-05	0.00E+00	3.36E-05	8.60E-05	8.13E-05	0.00E+00	1.11E-04	1.76E-04	1.34E-112
G[T>A]T	7.72E-05	0.00E+00	9.95E-05	8.75E-04	1.02E-04	1.35E-04	3.15E-04	3.29E-04	1.06E-03
G[T>C]A	1.33E-04	0.00E+00	1.98E-04	0.00E+00	0.00E+00	0.00E+00	3.06E-04	7.41E-04	0.00E+00
G[T>C]C	4.78E-05	5.72E-05	9.42E-05	1.27E-04	1.75E-04	0.00E+00	1.27E-05	3.01E-05	2.43E-04
G[T>C]G	3.74E-05	4.68E-05	6.84E-05	0.00E+00	1.43E-04	4.71E-35	0.00E+00	1.54E-03	1.41E-03
G[T>C]T	8.05E-05	0.00E+00	1.24E-04	4.98E-05	2.01E-111	3.03E-04	0.00E+00	5.38E-04	3.12E-04
G[T>G]A	1.35E-05	4.40E-05	1.46E-05	1.96E-04	0.00E+00	3.38E-04	0.00E+00	0.00E+00	2.34E-04
G[T>G]C	0.00E+00	1.88E-05	3.24E-05	1.15E-04	0.00E+00	5.26E-04	3.34E-04	5.36E-04	0.00E+00
G[T>G]G	5.85E-05	0.00E+00	0.00E+00	1.40E-04	0.00E+00	1.81E-04	6.13E-05	1.35E-04	2.43E-04
G[T>G]T	3.26E-05	0.00E+00	2.32E-05	6.07E-117	0.00E+00	7.23E-05	3.85E-04	4.29E-05	3.88E-04
T[C>A]A	4.76E-04	6.07E-03	0.00E+00	6.51E-03	2.47E-154	3.88E-03	4.88E-03	3.95E-03	1.21E-02
T[C>A]C	2.57E-04	1.35E-03	2.66E-04	3.39E-03	6.82E-04	2.35E-03	1.88E-03	6.09E-03	3.18E-03
T[C>A]G	9.27E-05	7.45E-04	2.27E-05	0.00E+00	1.72E-04	1.07E-03	0.00E+00	1.35E-03	1.73E-03
T[C>A]T	1.16E-17	1.10E-02	6.86E-04	1.24E-02	1.38E-03	4.60E-03	7.85E-03	5.70E-03	1.23E-02
T[C>G]A	2.49E-05	7.23E-06	0.00E+00	0.00E+00	0.00E+00	9.80E-05	6.58E-04	1.63E-03	4.09E-04
T[C>G]C	1.58E-04	1.54E-105	1.21E-04	5.90E-04	0.00E+00	1.96E-04	5.89E-04	1.28E-03	1.27E-03
T[C>G]G	6.45E-05	5.66E-05	4.05E-05	0.00E+00	0.00E+00	3.75E-04	1.11E-04	4.35E-04	7.83E-04
T[C>G]T	1.62E-04	1.65E-05	3.29E-118	1.07E-03	5.28E-05	1.08E-03	1.68E-03	2.84E-03	4.10E-05
T[C>T]A	1.83E-04	7.04E-04	2.24E-04	1.45E-03	7.77E-04	1.45E-03	3.88E-03	6.15E-03	1.05E-03
T[C>T]C	6.25E-04	6.88E-04	5.67E-04	6.24E-04	9.98E-04	1.77E-03	3.49E-03	8.43E-03	2.18E-03
T[C>T]G	3.93E-04	2.61E-04	0.00E+00	1.42E-03	8.74E-04	1.11E-03	7.73E-04	7.76E-03	5.61E-03
T[C>T]T	3.91E-04	1.83E-04	5.03E-04	0.00E+00	8.40E-04	5.45E-05	2.76E-03	2.37E-03	2.33E-03
T[T>A]A	1.38E-04	4.44E-04	8.80E-05	2.02E-04	1.59E-80	6.50E-04	9.00E-04	4.42E-05	2.25E-03
T[T>A]C	3.34E-05	4.51E-05	7.03E-05	0.00E+00	0.00E+00	0.00E+00	4.55E-04	9.62E-04	4.07E-04
T[T>A]G	7.57E-05	1.14E-04	7.61E-05	5.23E-05	0.00E+00	1.43E-05	6.06E-04	1.27E-03	3.86E-04
T[T>A]T	3.13E-04	0.00E+00	1.63E-04	8.71E-04	3.76E-04	1.24E-03	6.97E-04	9.86E-04	6.91E-04
T[T>C]A	3.71E-04	2.78E-04	1.98E-04	7.53E-04	3.99E-04	2.08E-03	1.23E-03	1.16E-03	2.20E-03
T[T>C]C	5.11E-05	0.00E+00	1.30E-04	0.00E+00	0.00E+00	0.00E+00	7.71E-04	2.70E-157	3.34E-04
T[T>C]G	1.97E-04	2.98E-04	3.09E-04	2.23E-04	4.93E-04	2.01E-04	0.00E+00	5.70E-04	4.31E-04
T[T>C]T	8.13E-05	8.02E-05	1.89E-04	7.83E-100	0.00E+00	7.72E-04	5.47E-04	1.33E-03	4.61E-83
T[T>G]A	5.99E-05	0.00E+00	0.00E+00	7.92E-04	0.00E+00	8.99E-04	2.12E-04	2.63E-04	3.83E-04
T[T>G]C	6.97E-05	7.42E-05	3.52E-05	0.00E+00	0.00E+00	4.01E-04	1.55E-04	5.18E-04	1.74E-04
T[T>G]G	2.79E-05	1.28E-04	3.15E-05	0.00E+00	0.00E+00	2.95E-04	1.11E-04	5.37E-04	1.59E-04
T[T>G]T	1.03E-04	2.44E-05	4.43E-05	1.08E-03	1.72E-04	8.72E-04	3.71E-04	4.83E-04	1.02E-03
