MutationType	SBS96A	SBS96B	SBS96C	SBS96D	SBS96E	SBS96F	SBS96G	SBS96H	SBS96I
A[C>A]A	0.01621017171992935	0.20618265805423056	0.0007675070093823177	0.00274980663551624	0.00012793166814182167	0.042400119635483846	0.028697092091318432	0.017574807453582163	0.05108741884635085
A[C>A]C	0.009617773679467277	0.009406721307297866	0.004660197167964116	0.0004986334610358141	0.0008119436327650515	0.004214211604663748	0.000493426392514205	0.006840314822037799	0.007435975554044126
A[C>A]G	0.008128417001319862	0.005443584884105197	0.000488243973994672	0.00558068789869873	3.0320273473299447e-05	8.767133284831307e-05	0.0015613684412160167	6e-323	0.007999938542825807
A[C>A]T	0.004564525676928635	0.037128773075570644	0.013278511262382544	0.0015553632946051072	0.0009655879813353615	0.03428772068936941	0.0033446455519074857	0.03065849881264454	0.0037701363576012
A[C>G]A	0.010100185788430312	0.002204907696597796	0.003806664174493033	2.5e-323	0.00048664728999869454	0.0005866081455463221	0.0057520297376684945	0.002343637472021339	0.007488287782316151
A[C>G]C	0.006674786858950638	0.001220552239733734	0.002410736521311319	1.5e-323	2.4380720573918296e-06	0.0027384704088933265	0.0006966444611561221	0.00623810223250574	0.0028870339371158565
A[C>G]G	0.023259194999149396	9.33885163307266e-05	1e-323	2.5e-323	0.0002670529923102977	0.0003331241338215352	0.0037234886616128136	2.8177530668289117e-22	0.00442066792275622
A[C>G]T	0.02694775876942301	0.00318733169964275	0.003326039228404418	3e-323	0.005360873642858291	0.0005061671099825898	2.5e-323	0.0031220448127278312	0.0006579366400697693
A[C>T]A	0.004826027364016541	0.0009898591095382975	0.0025819755092534396	5.870882106479248e-63	0.1081053473270122	0.05596480877857193	0.09200991943864625	0.0970488996591244	0.002693267082865739
A[C>T]C	0.005588445492312798	0.0002539467915652935	0.007888421784395427	0.007597708512418801	0.025979832556236194	3e-323	0.07350354064528133	0.011256113361828458	0.011256445815666639
A[C>T]G	0.009847099194943792	0.0010417090396452947	0.006580944266477258	0.0034440823238996382	0.03995630517712769	0.002819724752691364	2.0592077337319134e-72	0.06068444772582353	0.0671158553383808
A[C>T]T	0.013807797674880681	0.0011037753702018548	0.007813791477910687	0.003765299888955049	0.045888540936975045	2.6022600761528645e-106	0.016310584438700444	0.013658092337151853	0.018810386807121868
A[T>A]A	0.006945253986196615	0.002273977410372739	0.0034096065448680738	0.0004128854882273762	1.5e-323	0.004674905426473407	0.001982037799271265	7.129300183854968e-06	0.010705926491937696
A[T>A]C	0.002789295569416986	0.0003007745889724678	0.0031797656746923968	2.5e-323	2.344707158693983e-105	0.0009545339512035644	0.0011897641896997811	0.002666908562684542	0.0029523849611088745
A[T>A]G	0.003066258169743944	0.0024922553354552327	0.0009724449258669032	1.291835854199651e-26	0.00016777778178909692	3.6914753761206384e-218	0.003887517474472928	0.003985240850580418	0.0001409310869393522
A[T>A]T	0.015606544969173393	0.0015222469827110402	0.024496914817504854	0.0003303883469615126	0.01455904060866108	0.005446082717851776	0.0019615220968196667	0.001066552317448378	0.0071017436139126314
A[T>C]A	0.085248263645591	0.004868819638659568	0.05878986418317051	2.465168974886361e-264	0.0013498163383987322	1.5780414325528393e-11	0.0073808335961746225	1.250351024963555e-35	0.0005040371737426206
A[T>C]C	0.009510842721137062	7e-323	0.03039957212664754	3.111156536205328e-98	2.2955948151766812e-12	0.0004958650623865967	2.5e-323	0.0003944180293619	0.0005122685879863196
A[T>C]G	0.02112926839593743	5.651842164653312e-94	0.0840958877598902	0.002358148196853331	0.002739817778186877	0.007460508951590994	0.002806193905319301	0.005006596748827959	0.0007804878498856345
A[T>C]T	0.02535607941596242	1.4792428946002085e-170	0.01771387374956571	0.007985806196113897	0.0012847299506469232	0.00012931057158275638	0.023714231019505434	0.0009573468700789772	0.0006947313597760703
A[T>G]A	0.002104978158085372	3.536475658188677e-204	9.3832e-319	0.00359561903596547	2.5e-323	0.0036002107511821663	0.00034581057092726087	5.4e-323	0.01334385696913278
A[T>G]C	0.0016145516821812979	5e-324	0.0016271117702781539	0.002932150708854387	7.4e-323	3.5e-323	0.00018850956366680966	0.0005155292381055427	0.0020748273669598284
A[T>G]G	0.011427628159683647	0.0	9.4e-323	2.792280688828796e-05	0.0007230851600296556	1.5e-323	2.5e-323	0.0019391994589468536	0.0014931106474819621
A[T>G]T	0.009172434517029135	0.0023328565133510283	0.0032756536015326825	4.4e-323	0.001210416914117185	0.0011780318717426266	0.005389135282725393	2.169878508941034e-06	0.0019458577666725426
C[C>A]A	0.01481681871120674	0.009817329375455984	0.009593705642435406	0.08740929090366437	0.026889111260733435	0.06790895904311009	0.012702256002019432	0.0005345064301048991	0.014082357784793567
C[C>A]C	0.010103573917204803	2.7438920282933235e-168	0.018442444118023947	0.0050468694716949425	0.04217266029085196	5.469357021507277e-107	0.0008967169049863839	0.00875667465713837	0.005848332459543189
C[C>A]G	0.0058980580498847225	0.0007965198263282934	0.009087791325795836	0.009664829653065556	0.0019889189390208495	0.0009953134057710709	0.007876545429068864	0.0029440718018609777	7.052457049910942e-48
C[C>A]T	0.01134857661593347	0.010474394078397913	0.023544906452401496	0.008379247246023423	0.17401391773155198	0.025862037003909336	0.0028173128589296832	4.392104857059486e-71	0.006740705301871762
C[C>G]A	0.012209325778698541	2.1825398245191684e-22	0.0002178316521558738	4.185061615526646e-05	3e-323	0.0036879582536836503	0.001082922861856604	0.005857904479934414	0.00013349318700565333
C[C>G]C	0.0013729620229898278	0.00023005662563546755	1.04e-322	2.5e-323	2.5e-323	0.0038744408126565187	0.005474860728325538	0.005178685820653899	0.0024792389491825073
C[C>G]G	0.006018860568026628	1.660391890485446e-05	0.00021666836709495848	0.00015520865486368186	2.019403335405643e-243	0.003911729807580711	1.1e-322	1.5132223029805494e-05	0.0029319810045906197
C[C>G]T	0.015953285172335085	5.411341594289525e-121	2e-323	0.00021916529157457444	0.00011441000912234894	3.5e-323	2.9657984386253397e-207	0.003502593029161313	0.0033203752409248083
C[C>T]A	0.0015870161951920961	0.004005149914901049	0.009142210514010912	0.015044680169878385	0.0006619693970196791	0.022825138889868323	0.10791183559521501	3.017409344611487e-41	0.09081028958547163
C[C>T]C	3.796847431840534e-250	1.5e-323	0.006367583740774056	0.01493234644470092	0.010068252132890301	0.0008383241700357177	0.03874571880825296	0.04829904244688488	0.004928919294912263
C[C>T]G	8.363419963563948e-11	1.5e-323	0.0065162793289689986	0.0025038080667320467	0.021069336796519407	1.281639633980922e-188	0.0013674289100221817	0.03479630872396035	0.06807496913792249
C[C>T]T	0.01333397526306727	3.0539068655282106e-11	0.005295789028628355	0.010264727114334406	0.01226946292992951	0.0003633421666163951	0.04238737262386793	0.030267598866067856	0.0051368263110074565
C[T>A]A	0.014243137318206965	3.075115160053727e-84	3.5e-323	0.0026273304114945682	3.674916042473394e-05	0.00042043133083203595	0.00039487220751833335	0.005288416609159031	0.002710787609974134
C[T>A]C	0.007336366177680836	2e-323	0.0037168783134520714	0.002148854433220206	0.0004269158142144806	3.5e-323	0.001329040447994573	0.00538938095004461	5.243765060633551e-16
C[T>A]G	0.014484556689425136	5.4e-323	0.0012882644709096577	0.0009186014503423906	0.00014143367550740967	0.0003787650889806456	4.4e-323	0.0007520129159756849	0.002228364706998693
C[T>A]T	0.008701505484916418	1.3307318244713178e-284	0.0017690950480716118	8.596882333704002e-08	2.3306315438407203e-05	0.008750999094678311	0.0007034728158341109	0.006628920719443076	6e-323
C[T>C]A	0.015525174398980362	0.0012791949839610873	0.046110362319599627	4.610683413570878e-40	0.0024826352010591975	0.009304490088595544	0.008235206437500604	5.14485e-319	0.005393641154305599
C[T>C]C	0.008037421778150608	3.617131376192526e-257	0.035390245486122546	3.410115353260497e-92	0.00022412352031562604	7e-323	1.948574371812979e-05	0.000933527486284678	0.0037917091577500646
C[T>C]G	5e-324	0.0049164632181526065	0.08904634348512748	3.5e-323	0.01098755861614827	0.004928262940926637	3.315533741742359e-05	6.425861712171693e-72	2.052753727038094e-303
C[T>C]T	0.022571374060327398	3e-323	0.027295818879406335	0.003077997930393734	0.0038067291471995815	0.0007228632127400592	3e-323	0.0042564843049618445	0.009993382321033892
C[T>G]A	0.0008559550087798369	1e-323	0.0008949264024672479	0.0042116551825297725	0.0002341564598763416	0.0026245111492936768	0.00036761697505579384	0.0020280165336171545	0.00037572885214361
C[T>G]C	0.0031781516793858	6e-323	0.005891972785884811	5e-323	0.0026705418408766806	4e-323	0.002189751351418679	0.0014951716493294737	0.0009783729268898866
C[T>G]G	0.00531143362500111	0.0003519805237928956	0.01096192381521716	1.5e-323	6.507109648273415e-87	0.001945274416025047	0.0007571458545043732	0.005454772452923722	0.0029661285631322576
C[T>G]T	0.0011215959647083889	0.00024088413049479015	0.011836165805157695	2e-323	0.0021135912005298433	0.005472803025764269	0.0012395990246130615	0.006835392029698305	0.00041591585186702244
G[C>A]A	2.969186550716737e-45	0.374310373442868	2.714328094309049e-12	0.44920627573455124	0.00031697899278974466	0.021039108412732998	0.01460459662477017	3.661359218972433e-06	0.0003222388881455233
G[C>A]C	0.0036514466194558807	0.010876593729063008	0.008839565890380338	0.030256750559164096	3.44178119366454e-05	0.0029730380116836084	0.0007475776683800962	0.014853232524477792	4.071491599329237e-73
G[C>A]G	0.004143163737338959	0.014903414532841074	0.0010155810846039352	0.0024350119910508464	0.0017634525670928067	0.00557906077625706	0.004153774539281161	5.439976236473577e-200	0.003584714018240482
G[C>A]T	0.0002969578730712145	0.11372549837069061	0.010238818465504219	0.07108610407874709	0.00612741708886279	6.577177869258777e-07	0.02524986520647036	0.02691443988840007	0.16881119416955506
G[C>G]A	0.007246833117608293	0.0046151476953217785	0.00151317536478038	2.5e-323	1.5180530841753642e-107	0.003274078011593572	0.00411536985974169	0.008413965968011961	0.0002717902497066244
G[C>G]C	0.00591059807404471	0.0017877111189141448	0.004671692046654436	6.833690874176319e-05	1.247954059183455e-237	0.0016944924463187566	0.0021321928743781777	0.0005223224268461871	0.0026264355014389666
G[C>G]G	0.0032556076322909915	6e-323	0.0002610611372113423	0.00044675731284386083	3.2488978711248412e-180	0.0028495515931384542	1.3e-322	0.00039332550030849	4.784245947357347e-06
G[C>G]T	0.018509322357074445	1e-323	0.0008306552525803403	0.004896705236125247	0.00026577446948386425	1e-323	0.0034297052875124252	0.003933087222809122	0.006761430866902393
G[C>T]A	0.0056434556756496486	0.00014716885559068346	7.798074933367093e-15	0.0005013625883578837	0.13085745825766842	1.838600453387365e-05	0.01860561383062093	0.08457370846120285	0.005675987563690209
G[C>T]C	2.5e-323	3.67035483847924e-05	0.02106479955595063	5.475385571557014e-28	0.08610800663696298	3.3494647878249056e-06	0.041582588941652746	0.006191156484067276	0.0036904314814561042
G[C>T]G	0.0033623643857338104	9.04491617144057e-11	0.029050016153586943	0.022889406246136813	0.044612541425655405	0.004971117847547437	2.5e-323	0.024963654146570917	0.0489520734975475
G[C>T]T	0.012145658826371917	5e-324	0.0061356134579235375	4.743079235767629e-242	0.0920053757684567	1e-323	0.00928551252090931	0.037494287591154876	1e-323
G[T>A]A	0.006994951176037828	2e-323	0.0007974911975600091	1.3214454667010522e-63	6.4e-323	1e-323	0.00010594184089330238	0.0013545027875047333	7e-323
G[T>A]C	0.0026681603111460062	0.0013278219185204692	0.0033453846746698767	3.397387948295223e-05	3.5e-323	0.0004000687196091454	0.0005557325694054742	0.004132787436487183	0.00011215441525326611
G[T>A]G	0.009987112618885411	2.5e-323	3.517687663574664e-05	8.602741240243486e-05	0.0006159433641273988	3e-323	0.0028630695348936053	0.0009468937214083836	1.3400535736926403e-112
G[T>A]T	0.011656554645751995	1e-323	0.0002867974049669447	0.003421547312666058	0.0032564358819491615	0.0001990429634221456	0.0013909990016935303	0.0004774474844808101	0.0034046042075915202
G[T>C]A	0.006861623211385911	5e-324	0.03942112870510825	1.4608314998360436e-194	2.0008329016104126e-259	1.5e-323	0.003330589534499373	0.003330129982080144	3.5e-323
G[T>C]C	0.0025961348549846893	0.0008213305498686308	0.018270453504023332	0.0006384844003904324	0.0014698173600404118	8.526250035967404e-217	1.2726920162163145e-05	0.0008017896591674062	0.0008078147041017378
G[T>C]G	0.004950716910242952	0.00020929226238698465	0.027406755114204023	6.751516488086558e-175	0.014931567164850617	4.7126941295976095e-35	5e-323	0.005438331209218589	0.007500334983073928
G[T>C]T	0.012110331840135923	8e-323	0.02018221574728634	7.43591047281424e-05	2.0087692059754797e-111	0.002747509647712638	3.5e-323	0.0010347138999336801	0.0008703247050930653
G[T>G]A	0.0005081268665971699	6.459624551927931e-05	0.0001219569651581373	0.0016896280128793795	3e-322	0.0029712063831820903	3e-323	7.4e-323	0.0006123857395196717
G[T>G]C	4.4e-323	1.8767822157803946e-05	0.001035061813479726	0.00024080318661197576	3e-323	0.00984268011897591	0.0010904200192265623	0.0026677966692334075	4.4e-323
G[T>G]G	0.009973229656639325	4.4e-323	4e-323	0.0003107890110416939	9.4e-323	0.0014579434884819927	0.00011374837262496842	0.002142388369351518	0.0008703375182391902
G[T>G]T	0.00509556497930966	3.9047874097142697e-174	0.0024080827473059022	6.072314958743896e-117	9.4e-323	0.00012722216380816505	0.0035318501679043467	6.250524255584528e-05	0.005211774328923223
T[C>A]A	0.024309341147911057	0.04803298857226317	2.046434563248485e-307	0.028619781141484935	2.466968288744548e-154	0.156425352443857	0.03311815344288819	0.012527752420983255	0.03677525074150032
T[C>A]C	0.02584870976154058	0.008559921637171182	0.000994285582298994	0.018158701653457215	0.0010277276982247844	0.026129195725063156	0.00733527409645816	0.012418744676575128	0.07561318370358519
T[C>A]G	0.007818948212868727	0.009296927264730222	5.2928633793931344e-05	2.5e-323	0.001420159498076119	0.008659177333754353	1.5e-323	0.0029532345269223347	0.008114367466351687
T[C>A]T	1.1637263170357147e-17	0.07162331488042363	0.022012379687068966	0.07793907854035555	0.00622107394938832	0.315195644239062	0.03433885136436535	0.09440710699070494	0.06555407805440723
T[C>G]A	0.020843978059495418	7.225497834647534e-06	1e-323	1.5e-323	3.5e-323	0.00010825722277265203	0.008098176841744667	0.0074292645352265025	0.00090028749509551
T[C>G]C	0.004102749097566457	1.5387625321239571e-105	0.0008724730392605824	0.003847797703372726	2.5e-323	0.0004045765848370311	0.0028731831477172847	0.00583466699387685	0.006466644829346878
T[C>G]G	0.0037676280532405403	8.429591445122616e-05	0.00014915661075028838	2.5e-323	6e-323	0.004241707097372738	0.00016096306663757458	0.0019589625583328585	0.0021552557698082224
T[C>G]T	0.024055222542360817	1.653407024674902e-05	3.292340551283427e-118	0.015367587924987009	9.780591359730838e-05	0.001575949576262686	0.0032860380113519834	0.013154792473015136	4.1001881969807594e-05
T[C>T]A	0.00922953798249007	0.00403986874846612	0.002638630236529543	0.014630517407049534	0.003195812780907936	0.006307849993332241	0.08257909970514196	0.06449229129485898	0.0019532642665640704
T[C>T]C	0.0028596431701083526	0.00826762880225842	0.007406849010780537	0.0007330804700673608	0.005017050768933844	0.006301244694264785	0.03605096917845546	0.038523182616939565	0.005351247823992164
T[C>T]G	0.01563373636025973	0.0006856176599063657	2e-323	0.0031206729902743323	0.014082377596912915	0.009695158203776581	0.0032761828361380827	0.015215440337214536	0.04520520237304439
T[C>T]T	0.01953137875082536	0.0010601515847746073	0.0013836054280576256	7.168265476888545e-269	0.012402296008966442	5.4508969167602245e-05	0.07166688312675353	0.01061045740339113	0.004500583298267835
T[T>A]A	0.022608964797167442	0.00563424431656807	0.007476273983975023	0.000366709511517323	1.587591622128842e-80	0.005915776112191185	0.004978963763512688	5.272252792553541e-05	0.010884873565473973
T[T>A]C	0.016857525041954875	0.00018108650241296993	0.0002411915269844753	2.9970728644430836e-177	6e-323	3e-323	0.0023241536950807627	0.0043384110795823575	0.000950490444623249
T[T>A]G	0.008403241206768962	0.002290239003828408	0.00038898063785732027	5.756524977325047e-05	4e-323	1.4301921079505537e-05	0.004275864227975512	0.005801969206492846	0.0008566416276632502
T[T>A]T	0.03735086791575217	1.1289410117330002e-297	0.001221573122198052	0.00528974776568213	0.0016632703261365276	0.012993144500755503	0.002253890948552667	0.011957881614660737	0.0016362590455063879
T[T>C]A	0.04621101247454889	0.0005459831761169689	0.03873219595505823	0.01031045543541077	0.0015559175119480733	0.017550839913378507	0.01197950914434826	0.0016576799823276305	0.006523007275103232
T[T>C]C	0.006795510556566068	3e-323	0.034813895811330625	2e-323	4e-323	2e-323	0.0041631933253626265	2.702423351162929e-157	0.0006554456573691018
T[T>C]G	0.0017989763713579224	0.001857207712470912	0.03911628525189848	0.0003820805067754978	0.007788386978874651	0.011491200101295002	4e-323	0.0025863873812199682	0.000813678103358496
T[T>C]T	0.012302260175424887	8.020987292644068e-05	0.034521523651469245	7.828487580136013e-100	1.5633272449711003e-187	0.013119924533879326	0.020470147649676935	0.005977201762386648	4.6055294017700754e-83
T[T>G]A	0.004668086291136867	1e-323	3e-323	0.007776164851184436	6e-323	0.002444927646710089	0.0029578043786079025	0.0005126278738790695	0.0008923170171283252
T[T>G]C	0.0013871185606735747	0.00012766269957705908	0.0020126893434797796	6.4e-323	3.5e-323	0.004906343343059291	0.00023046605209983378	0.003430879851659492	0.0002610359419182839
T[T>G]G	0.002677136755741219	0.0005633304043724918	0.0027646047966519136	4.4e-323	1.1e-322	0.002128417488192287	0.004204045641051539	0.002450208486714266	0.00023798579798441766
T[T>G]T	0.01581780317085643	2.442661607799707e-05	0.0020780600165674463	0.015636684068200825	0.0007496476545096572	0.0014942687716293474	0.01100569876433483	0.005881341296210693	0.0023520528315392353
