Samples	SBS96A	SBS96B	SBS96C	SBS96D	SBS96E
OGG1_boot	3.5e-322	2.96e-322	0.9999999999999999	3.4e-322	3.85e-322
OGG1_boot.1	4.4e-322	6.03e-322	1.0	5.8e-322	6.2e-322
OGG1_boot.2	5.3e-322	6.03e-322	0.9999999999999999	6.3e-322	6.13e-322
OGG1_boot.3	6.3e-322	7.76e-322	1.0	8.9e-322	6.87e-322
OGG1_boot.4	1.56e-321	2.836e-321	1.0	2.17e-321	1.85e-321
OGG1_boot.5	3.5e-322	4.45e-322	1.0	4.6e-322	5e-322
OGG1_boot.6	5.9e-322	6.67e-322	0.9999999999999999	6.37e-322	6.8e-322
OGG1_boot.7	4.7e-322	6.4e-322	1.0	6.77e-322	6.5e-322
OGG1_boot.8	6.6e-322	8.05e-322	1.0	8e-322	9e-322
OGG1_boot.9	1.17e-321	1.813e-321	1.0	1.39e-321	1.487e-321
OGG1_boot.10	4.15e-322	4.3e-322	1.0	5.5e-322	5.83e-322
OGG1_boot.11	8.8e-322	8.35e-322	1.0	1.156e-321	1.12e-321
OGG1_boot.12	4.64e-322	6.3e-322	1.0	6.1e-322	5.9e-322
OGG1_boot.13	4.64e-322	6.37e-322	1.0	6.13e-322	6.5e-322
OGG1_boot.14	9.34e-322	1.413e-321	0.9999999999999999	1.215e-321	1.245e-321
OGG1_boot.15	1.517e-321	2.406e-321	1.0	1.84e-321	1.784e-321
OGG1_boot.16	3.4e-322	4.35e-322	1.0	3.9e-322	4.35e-322
OGG1_boot.17	8.5e-322	1.616e-321	1.0	1.11e-321	1.077e-321
OGG1_boot.18	1.05e-321	1.304e-321	1.0	1.245e-321	1.635e-321
OGG1_boot.19	1.235e-321	1.576e-321	0.9999999999999999	1.54e-321	1.566e-321
OGG1_boot.20	6.87e-322	8.4e-322	1.0	9.63e-322	1e-321
OGG1_boot.21	3.5e-322	4.55e-322	1.0	4.6e-322	5.04e-322
OGG1_boot.22	1.85e-321	7.05e-321	1.0	2.554e-321	2.065e-321
OGG1_boot.23	5.63e-322	8e-322	1.0	6.77e-322	7.76e-322
OGG1_boot.24	1.11e-321	2.27e-321	1.0	1.304e-321	1.334e-321
OGG1_boot.25	9.1e-322	1.724e-321	1.0	1.19e-321	1.09e-321
OGG1_boot.26	9.04e-322	1.71e-321	1.0	1.31e-321	1.08e-321
OGG1_boot.27	5.04e-322	5.73e-322	1.0	6.57e-322	6.9e-322
OGG1_boot.28	6e-322	6.77e-322	1.0	7.8e-322	6.97e-322
OGG1_boot.29	4.7e-322	6.4e-322	1.0	6.77e-322	6e-322
OGG1_boot.30	3.36e-322	4.3e-322	1.0	4.9e-322	4.25e-322
OGG1_boot.31	4.4e-322	4.55e-322	0.9999999999999999	5.8e-322	6.13e-322
OGG1_boot.32	6.87e-322	1.01e-321	1.0	1.03e-321	1e-321
OGG1_boot.33	6.4e-322	7.8e-322	1.0	7.76e-322	6.97e-322
OGG1_boot.34	6.97e-322	1.02e-321	1.0	1.04e-321	8.84e-322
OGG1_boot.35	6.97e-322	8.5e-322	1.0	7.8e-322	9.5e-322
OGG1_boot.36	4.7e-322	4.8e-322	1.0	6.77e-322	6.5e-322
OGG1_boot.37	6.5e-322	7.9e-322	0.9999999999999999	8.5e-322	8.25e-322
OGG1_boot.38	4.45e-322	4.55e-322	0.9999999999999999	5.24e-322	5.1e-322
OGG1_boot.39	9.24e-322	1.26e-321	1.0	1.39e-321	1.29e-321
OGG1_boot.40	5.7e-322	8.05e-322	0.9999999999999999	6.77e-322	6.6e-322
OGG1_boot.41	5.53e-322	7.8e-322	1.0	6.57e-322	6.37e-322
OGG1_boot.42	6.9e-322	8.5e-322	1.0	9.1e-322	8.2e-322
OGG1_boot.43	6.47e-322	6.3e-322	1.0	7.26e-322	7.6e-322
OGG1_boot.44	5.3e-322	6.03e-322	0.9999999999999999	6.9e-322	7.86e-322
OGG1_boot.45	5.7e-322	6.4e-322	0.9999999999999999	6.13e-322	6.6e-322
OGG1_boot.46	9.5e-322	1.26e-321	0.9999999999999999	1.17e-321	1.067e-321
OGG1_boot.47	6.87e-322	6.67e-322	1.0	7.66e-322	8.1e-322
OGG1_boot.48	7.07e-322	6.87e-322	1.0	7.9e-322	7.7e-322
OGG1_boot.49	9.6e-322	9.04e-322	1.0	1.04e-321	1.14e-321
OGG1_boot.50	4.64e-322	4.7e-322	1.0	4.84e-322	5.9e-322
OGG1_boot.51	4.45e-322	4.55e-322	1.0	5.24e-322	5.63e-322
OGG1_boot.52	3.56e-322	4.6e-322	0.9999999999999999	4.7e-322	4.55e-322
OGG1_boot.53	8.25e-322	1.057e-321	0.9999999999999999	1.077e-321	1.042e-321
OGG1_boot.54	5.73e-322	6.5e-322	1.0	7.5e-322	8.5e-322
OGG1_boot.55	7.26e-322	8.84e-322	1.0	8.8e-322	7.9e-322
OGG1_boot.56	5.8e-322	6.57e-322	0.9999999999999999	7.56e-322	7.36e-322
OGG1_boot.57	5.63e-322	4.8e-322	1.0	6.13e-322	7.1e-322
OGG1_boot.58	4.64e-322	4.8e-322	1.0	5.5e-322	6.5e-322
OGG1_boot.59	6.8e-322	6.6e-322	1.0	8.9e-322	1.11e-321
OGG1_boot.60	9.6e-322	1.087e-321	0.9999999999999999	1.18e-321	1.35e-321
OGG1_boot.61	5.93e-322	6.77e-322	1.0	7.1e-322	8.15e-322
OGG1_boot.62	8.55e-322	9.1e-322	1.0	9.73e-322	1.08e-321
OGG1_boot.63	4.9e-322	5.04e-322	1.0	5.73e-322	6.23e-322
OGG1_boot.64	4.8e-322	4.9e-322	1.0	5.6e-322	6.1e-322
OGG1_boot.65	9.5e-322	1.077e-321	0.9999999999999999	1.17e-321	1.067e-321
OGG1_boot.66	4.8e-322	4.94e-322	1.0	6.27e-322	6.13e-322
OGG1_boot.67	4.7e-322	4.8e-322	0.9999999999999999	4.9e-322	6e-322
OGG1_boot.68	6.23e-322	7.1e-322	0.9999999999999999	7.46e-322	7.2e-322
OGG1_boot.69	4.84e-322	4.94e-322	0.9999999999999999	5.7e-322	6.13e-322
OGG1_boot.70	4.9e-322	5.04e-322	1.0	6.37e-322	6.23e-322
OGG1_boot.71	5.8e-322	4.94e-322	1.0	6.3e-322	7.36e-322
OGG1_boot.72	6.13e-322	5.2e-322	1.0	7.36e-322	7.76e-322
OGG1_boot.73	4.8e-322	4.94e-322	1.0	6.27e-322	6.13e-322
OGG1_boot.74	6.23e-322	7e-322	0.9999999999999999	8.1e-322	8.5e-322
OGG1_boot.75	5.8e-322	6.57e-322	1.0	6.9e-322	7.36e-322
OGG1_boot.76	4.4e-322	4.45e-322	1.0	5.14e-322	5.53e-322
OGG1_boot.77	7.1e-322	6.9e-322	1.0	8.6e-322	9e-322
OGG1_boot.78	4.55e-322	4.7e-322	1.0	5.93e-322	6.37e-322
OGG1_boot.79	6e-322	5.1e-322	1.0	6.47e-322	6.97e-322
OGG1_boot.80	5.9e-322	6.67e-322	1.0	7e-322	7.4e-322
OGG1_boot.81	5.43e-322	4.64e-322	1.0	5.9e-322	6.3e-322
OGG1_boot.82	5.63e-322	6.4e-322	1.0	7.4e-322	7.76e-322
OGG1_boot.83	5.9e-322	5.04e-322	0.9999999999999999	6.37e-322	7.46e-322
OGG1_boot.84	5.63e-322	6.37e-322	1.0	6.13e-322	7.7e-322
OGG1_boot.85	5.43e-322	6.2e-322	1.0	6.5e-322	6.3e-322
OGG1_boot.86	7.1e-322	8.65e-322	1.0	8.6e-322	9.7e-322
OGG1_boot.87	6.03e-322	6.87e-322	0.9999999999999999	7.2e-322	8.25e-322
OGG1_boot.88	5.9e-322	6.67e-322	1.0	7e-322	8.1e-322
OGG1_boot.89	5.9e-322	6.67e-322	0.9999999999999999	7.66e-322	8.65e-322
OGG1_boot.90	1.675e-321	1.68e-321	1.0	4.116e-321	2.495e-321
OGG1_boot.91	5.8e-322	6.57e-322	1.0	7.56e-322	7.36e-322
OGG1_boot.92	7e-322	6.8e-322	1.0	1.047e-321	9.5e-322
OGG1_boot.93	1.324e-321	1.56e-321	1.0	2.525e-321	1.68e-321
OGG1_boot.94	5.884e-321	4.12e-321	0.9936215644581183	4.191665920314892e-14	0.006378435541839641
OGG1_boot.95	1.156e-321	1.25e-321	1.0	1.986e-321	1.46e-321
OGG1_boot.96	2.86e-321	1.966e-321	0.9130259882611381	0.08697401173886189	3.2217980922343866e-232
OGG1_boot.97	7.26e-322	1.057e-321	1.0	1.215e-321	9.83e-322
OGG1_boot.98	9.34e-322	9.54e-322	1.0	1.46e-321	1.186e-321
OGG1_boot.99	6.625e-321	2.77e-321	0.9951928774773618	0.004807108749115461	1.3773522716587196e-08
OGG1_boot.100	8e-322	8.5e-322	1.0	1.11e-321	1.02e-321
OGG1_boot.101	5.9e-322	8.4e-322	1.0	9e-322	6.87e-322
OGG1_boot.102	9.7e-322	1.47e-321	1.0	2.04e-321	1.09e-321
OGG1_boot.103	1.47e-321	2.703e-321	1.0	2.955e-321	1.364e-321
OGG1_boot.104	4.5e-322	4.6e-322	1.0	5.9e-322	6.27e-322
OGG1_boot.105	5.005e-321	5.514e-321	0.9731264079108547	0.026873592089145346	7.29979923404835e-219
OGG1_boot.106	3.463e-321	6.05e-321	0.9798826612171289	0.020117338782871044	7.729171498525438e-307
OGG1_boot.107	1.09e-321	1.186e-321	1.0	1.88e-321	1.26e-321
OGG1_boot.108	9.24e-322	8.74e-322	1.0	1.41e-321	1.107e-321
OGG1_boot.109	7.86e-322	8.4e-322	1.0	1.156e-321	1e-321
OGG1_boot.110	1.36e-321	1.423e-321	0.9999999999999999	2.66e-321	1.92e-321
OGG1_boot.111	2.56e-321	0.022822586612813306	0.9771774133871867	4.841165037207564e-154	2.905e-321
OGG1_boot.112	1.457e-321	1.72e-321	0.9999999999999999	2.485e-321	1.42e-321
OGG1_boot.113	9.73e-322	1.16e-321	1.0	1.65e-321	1.36e-321
OGG1_boot.114	7.66e-322	9.83e-322	1.0	1.067e-321	9.73e-322
OGG1_boot.115	9.04e-322	8.6e-322	1.0	1.45e-321	1.344e-321
OGG1_boot.116	4.264e-321	2.77e-321	0.9354880688841022	0.06451193111589779	4.229430427693515e-158
OGG1_boot.117	8.65e-322	1.146e-321	1.0	1.57e-321	9.14e-322
OGG1_boot.118	8.1e-322	8.6e-322	1.0	1.255e-321	1.09e-321
OGG1_boot.119	9.04e-322	1.2e-321	0.9999999999999999	1.443e-321	9.6e-322
OGG1_boot.120	8.4e-322	1.25e-321	1.0	1.37e-321	9.93e-322
OGG1_boot.121	1.334e-321	2.12e-321	1.0	2.62e-321	1.813e-321
OGG1_boot.122	7.1e-322	6.87e-322	0.9999999999999999	9.9e-322	1.023e-321
OGG1_boot.123	4.64e-322	6.3e-322	0.9999999999999999	6.67e-322	5.3e-322
OGG1_boot.124	1.507e-321	2.095e-321	1.0	4.372e-321	2.396e-321
OGG1_boot.125	1.877e-321	6.01e-321	1.0	5.52e-321	2.006e-321
OGG1_boot.126	9.8e-322	1e-321	1.0	1.53e-321	1.3e-321
OGG1_boot.127	1.067e-321	1.64e-321	0.9999999999999999	1.74e-321	1.215e-321
OGG1_boot.128	1.986e-321	1.784e-321	1.0	4.165e-321	3.513e-321
OGG1_boot.129	2.495e-321	3.99e-321	0.9276132872982125	0.07238671270178766	3.538e-321
OGG1_boot.130	9.24e-322	1.403e-321	1.0	1.546e-321	1.107e-321
OGG1_boot.131	5.95e-321	2.67e-321	0.9854362394365257	5.887440462383069e-07	0.01456317181942807
OGG1_boot.132	2.55e-321	1.976e-321	0.9682983495834172	0.03170165041658264	3.523e-321
OGG1_boot.133	1.196e-321	1.023e-321	1.0	1.754e-321	1.58e-321
OGG1_boot.134	9.83e-322	1.01e-321	1.0	1.477e-321	1.374e-321
OGG1_boot.135	7.1e-322	8.65e-322	1.0	9.93e-322	9e-322
OGG1_boot.136	7.66e-322	8.15e-322	1.0	1.186e-321	9.73e-322
OGG1_boot.137	4.15e-322	2.87e-322	1.0	5.5e-322	5.34e-322
OGG1_boot.138	6.77e-322	6.57e-322	1.0	9.5e-322	8.6e-322
OGG1_real	5.63e-322	6.37e-322	1.0	7.3e-322	7.1e-322
OGG1_real.1	5.9e-322	6.67e-322	1.0	7e-322	6.77e-322
OGG1_real.2	1.033e-321	1.413e-321	1.0	1.96e-321	1.443e-321
UNG_boot	0.9270558272777488	7.410116122568855e-85	5.1e-322	0.0729441727222513	1.11e-321
UNG_boot.1	0.4430092349773409	0.1903418342448682	5.53e-322	0.3666489307777909	1.042e-321
UNG_boot.2	0.3021659927679023	0.06615628431546035	4.9e-322	0.6316777229166373	9.8e-322
UNG_boot.3	0.5416437320470581	4.397e-321	7.1e-322	0.45835626795294193	1.186e-321
UNG_boot.4	0.7570654015013307	0.014308445360864673	4.8e-322	0.2286261531378046	1.077e-321
UNG_boot.5	0.6506784699779482	5.2e-321	8.4e-322	0.3493215300220518	1.616e-321
UNG_boot.6	0.669534448601209	1.255e-321	6.37e-322	0.33046555139879097	1.566e-321
UNG_boot.7	0.7014882490786778	0.14688723569144407	4.35e-322	0.15162451522987824	7.36e-322
UNG_boot.8	1.2612066363778558e-50	0.3096220492057814	9.8e-322	0.6903779507942185	1.43e-321
UNG_boot.9	0.365270140280955	7.358668499321378e-49	6.23e-322	0.6347298597190449	1.17e-321
UNG_boot.10	0.33926935656336255	0.0014172765732802526	1.136e-321	0.6593133668633573	1.19e-321
UNG_boot.11	0.3177298755230404	0.06455545403915389	6e-322	0.6177146704378058	1.146e-321
UNG_boot.12	0.8087353112732923	9.75e-321	7.46e-322	0.1912646887267078	1.176e-321
UNG_boot.13	0.5551456635035638	0.1461242862554011	5.04e-322	0.29873005024103516	1.13e-321
UNG_boot.14	0.9905750667715906	5.3464791174898646e-17	3.2e-322	0.009424933228409357	7.3e-322
UNG_boot.15	0.5396406726876075	0.26510298677046723	5e-322	0.1952563405419251	8.45e-322
UNG_boot.16	0.6567019296227823	0.013850899607369105	4.7e-322	0.32944717076984864	9.5e-322
UNG_boot.17	0.6730416033220881	5.460337866522867e-88	6.23e-322	0.32695839667791204	1.35e-321
UNG_boot.18	0.1119116077736456	0.19429069528991197	8.15e-322	0.6937976969364426	1.21e-321
UNG_boot.19	0.42585764688460204	0.2235465910790765	4.15e-322	0.35059576203632153	1.02e-321
UNG_boot.20	0.3718866921445746	3.32e-321	8.94e-322	0.6281133078554254	1.35e-321
UNG_boot.21	0.7079419362177777	4.49e-321	4.45e-322	0.2920580637822222	1.013e-321
UNG_boot.22	0.8809344515241668	0.032274845667625465	5.4e-322	0.08679070280820765	8.84e-322
UNG_boot.23	0.5656268502855499	7.97e-321	5.93e-322	0.43437314971445	1.11e-321
UNG_boot.24	0.9326428856836447	5.356e-321	4.45e-322	0.06735711431635515	7.6e-322
UNG_boot.25	0.30317278043463725	4.21e-321	1.17e-321	0.6968272195653628	1.5e-321
UNG_boot.26	0.4728533616477163	3.286e-321	6.9e-322	0.5271466383522838	1.537e-321
UNG_boot.27	0.9300947384221843	1.326e-320	6e-322	0.06990526157781587	1.15e-321
UNG_boot.28	0.1450807608949107	5.815e-321	8e-322	0.8549192391050894	1.517e-321
UNG_boot.29	0.7070606277867824	0.10331715752262731	4.45e-322	0.18962221469059024	9.24e-322
UNG_boot.30	0.4247099178030853	0.07489214130035034	6.67e-322	0.5003979408965643	1.117e-321
UNG_boot.31	0.8485757699389175	0.011069700417991364	4.15e-322	0.14035452964309114	8.65e-322
UNG_boot.32	0.5066246076788793	3.305e-321	5e-322	0.4933753923211207	1.23e-321
UNG_boot.33	0.8316810463719613	1.314e-320	5.04e-322	0.16831895362803878	1.126e-321
UNG_boot.34	0.45758808352392927	8.067934629433355e-244	7.5e-322	0.5424119164760708	1.117e-321
UNG_boot.35	0.8251071972467121	0.009061095921291581	4.64e-322	0.1658317068319962	9.04e-322
UNG_boot.36	0.5205834602232431	2.757e-321	8.55e-322	0.47941653977675686	1.255e-321
UNG_boot.37	0.05612379624487229	0.15040946408825273	8.45e-322	0.7934667396668749	1.403e-321
UNG_boot.38	0.7702084430468994	2.36e-321	4.4e-322	0.22979155695310055	1.003e-321
UNG_boot.39	0.5366938103418177	1.8401723180827768e-158	4.35e-322	0.46330618965818227	8.94e-322
UNG_boot.40	0.1940281841263145	0.10000376970333032	1.03e-321	0.7059680461703552	1.24e-321
UNG_boot.41	0.5933723564196424	0.15946961045929053	4.9e-322	0.24715803312106713	9.5e-322
UNG_boot.42	0.7985557787860985	4.54e-321	5.5e-322	0.20144422121390135	1.08e-321
UNG_boot.43	0.15344177628634734	0.10536123826671188	7.1e-322	0.7411969854469407	1.23e-321
UNG_boot.44	0.4133437382489662	7.62e-321	6.9e-322	0.5866562617510338	1.29e-321
UNG_boot.45	0.4690149674170383	0.19450495044849359	6.67e-322	0.33648008213446806	1.09e-321
UNG_boot.46	0.2699645010137078	0.14870745772561642	5.83e-322	0.5813280412606758	8.55e-322
UNG_boot.47	0.6180520463034984	5.04e-321	5.34e-322	0.38194795369650153	1.04e-321
UNG_boot.48	0.7105226639247981	1.310584688999327e-106	6.13e-322	0.289477336075202	1.023e-321
UNG_boot.49	0.3936918505524983	5.706e-321	5.1e-322	0.6063081494475018	1.275e-321
UNG_boot.50	0.6995381108169626	0.16379657932419395	5.93e-322	0.13666530985884348	9.63e-322
UNG_boot.51	0.43984152609294624	0.2878046566661659	1.136e-321	0.2723538172408879	1.245e-321
UNG_boot.52	0.9504841136184712	0.04951588638152881	4.84e-322	6.42e-321	9.73e-322
UNG_boot.53	0.3423806049153281	0.22205734366607152	8.65e-322	0.4355620514186005	1.225e-321
UNG_boot.54	0.8826217169854607	0.11737828301453945	8.15e-322	8.658614458585178e-108	1.077e-321
UNG_boot.55	0.6416536955597897	0.10602042243958602	9.04e-322	0.25232588200062417	1.126e-321
UNG_boot.56	0.7977469436340154	0.20225305636598456	1.02e-321	1.9976767536259952e-99	1.16e-321
UNG_boot.57	0.09138891726122358	0.44113076228391895	1.36e-321	0.46748032045485755	1.16e-321
UNG_boot.58	0.22508162744207671	0.34785879109102447	1.467e-321	0.4270595814668988	1.32e-321
UNG_boot.59	0.7095280476157255	0.06517203426369736	1.56e-321	0.22529991812057698	1.25e-321
UNG_boot.60	0.7526506577017973	0.03060587325662361	1.635e-321	0.21674346904157904	1.487e-321
UNG_boot.61	0.5457629555921597	0.2548232418942336	1.403e-321	0.1994138025136066	1.314e-321
UNG_boot.62	0.5001728271180096	0.3741426648349547	6.67e-322	0.1256845080470357	1.013e-321
UNG_boot.63	0.695574920856399	0.250128769677003	1.042e-321	0.054296309466598094	1.067e-321
UNG_boot.64	0.9436092814098628	3.347728192130255e-125	7.46e-322	0.056390718590137195	1.166e-321
UNG_boot.65	0.2115229246992914	0.3361714341827399	1.956e-321	0.45230564111796867	1.3e-321
UNG_boot.66	0.32990258059897304	0.2376986163960556	1.576e-321	0.43239880300497147	1.255e-321
UNG_boot.67	0.5848859365384873	0.12675648823766328	1.65e-321	0.28835757522384925	1.393e-321
UNG_boot.68	0.37775737294872735	0.3543503524486911	1.41e-321	0.2678922746025816	1.27e-321
UNG_boot.69	0.7491591740506751	0.13941529756564122	9.2e-322	0.11142552838368368	1.24e-321
UNG_boot.70	0.9535695643692295	2.9e-321	9.24e-322	0.04643043563077055	1.4e-321
UNG_boot.71	0.540855301526884	0.10153494980056257	1.58e-321	0.3576097486725533	1.354e-321
UNG_boot.72	0.8957021468536686	0.10429785314633146	6e-322	5.81e-321	9.54e-322
UNG_boot.73	0.09308687671866388	0.4418992704643821	1.734e-321	0.46501385281695395	1.413e-321
UNG_boot.74	0.43011604800778414	0.34251179553252264	1.537e-321	0.22737215645969322	1.433e-321
UNG_boot.75	0.6483857246461899	0.2110164407986681	1.314e-321	0.14059783455514208	1.18e-321
UNG_boot.76	0.544233696773428	0.2400037129010463	1.507e-321	0.21576259032552567	1.324e-321
UNG_boot.77	0.49354733816092256	0.17165842037709045	1.46e-321	0.33479424146198694	1.374e-321
UNG_boot.78	0.8786131628953413	0.0275740577260552	1.16e-321	0.09381277937860344	1.156e-321
UNG_boot.79	0.5234400988403158	0.07446279114062145	1.32e-321	0.4020971100190626	1.393e-321
UNG_boot.80	0.6369189505589241	0.2549582882131562	7.36e-322	0.10812276122791974	1.117e-321
UNG_boot.81	0.32694002688163043	0.3858513704683475	2.86e-321	0.28720860265002207	1.546e-321
UNG_boot.82	0.44445495955405034	0.30482230776037367	2.653e-321	0.2507227326855759	1.31e-321
UNG_boot.83	0.9698629427528601	0.028442436317732526	9.6e-322	0.0016946209294072204	1.146e-321
UNG_boot.84	0.6972554935696091	0.18883021867623775	1.14e-321	0.11391428775415305	1.255e-321
UNG_boot.85	0.5248523539788466	0.12657542953440773	2.12e-321	0.34857221648674586	1.354e-321
UNG_boot.86	0.757015302617338	0.09494528102938449	1.314e-321	0.14803941635327741	1.11e-321
UNG_boot.87	0.5535841793020366	0.11464688568409474	1.206e-321	0.33176893501386867	1.32e-321
UNG_boot.88	0.5019538034654503	0.24778454570649774	1.477e-321	0.250261650828052	1.27e-321
UNG_boot.89	0.7134256305763871	0.24046510218002437	1.3e-321	0.04610926724358848	1.08e-321
UNG_boot.90	0.8996669040771449	0.10033309592285511	7.3e-322	1.1197487986112885e-138	1.1e-321
UNG_boot.91	0.5368160290306856	0.25962088662934424	1.166e-321	0.20356308433997014	1.146e-321
UNG_boot.92	0.7002586933574555	0.24882150196054034	1.023e-321	0.05091980468200415	1.042e-321
UNG_boot.93	0.7550712047015391	0.016304332379464888	1.265e-321	0.22862446291899607	1.14e-321
UNG_boot.94	0.7770210099213957	0.06812780087592936	1.62e-321	0.154851189202675	1.49e-321
UNG_boot.95	0.6278670687935972	0.18148544827759208	1.35e-321	0.19064748292881067	1.28e-321
UNG_boot.96	0.6880019013119519	0.17745532986669507	3.45e-321	0.134542768821353	1.45e-321
UNG_boot.97	0.6116137083400778	0.3545191444534791	1.02e-321	0.03386714720644312	1.136e-321
UNG_boot.98	0.8767692827135096	1.8903786905051162e-24	1.04e-321	0.12323071728649039	1.003e-321
UNG_boot.99	0.7723056959612005	8.967e-321	1.67e-321	0.22769430403879964	1.39e-321
UNG_boot.100	0.5434880457778646	0.450719235387688	1.15e-321	0.005792718834447361	1.07e-321
UNG_boot.101	0.6913627950444745	0.18311576263720383	1.023e-321	0.1255214423183218	1.07e-321
UNG_boot.102	0.695959311225009	0.19963426077173765	8.35e-322	0.10440642800325328	1.117e-321
UNG_boot.103	0.6347023117354469	2.4676610295625834e-84	9.54e-322	0.36529768826455317	1.265e-321
UNG_boot.104	0.42123461681732177	0.2928645252697701	8.65e-322	0.28590085791290804	1.18e-321
UNG_boot.105	0.5077923201587125	0.37569853635165223	9.04e-322	0.11650914348963536	1.176e-321
UNG_boot.106	0.3319003351458674	1.1215e-320	4.975e-321	0.6680996648541326	1.88e-321
UNG_boot.107	0.656400034080669	0.17083347917216368	2.085e-321	0.17276648674716738	9.93e-322
UNG_boot.108	0.8010064439768092	5.593e-321	1.586e-321	0.19899355602319074	1.393e-321
UNG_boot.109	0.281912006287603	0.06573648232738445	3.24e-321	0.6523515113850127	1.86e-321
UNG_boot.110	0.9041022006482557	0.09589779935174426	7.76e-322	2.402143970810743e-37	8.84e-322
UNG_boot.111	0.7530699625886186	3.27e-321	1.897e-321	0.24693003741138148	1.477e-321
UNG_boot.112	0.6157839642087926	0.16369985186327585	1.225e-321	0.2205161839279316	1.04e-321
UNG_boot.113	0.5217774110752972	0.23756679663062702	1.37e-321	0.24065579229407572	1.25e-321
UNG_boot.114	0.10716810852255844	0.16237733956131448	7.824886129363499e-63	0.730454551916127	1.344e-321
UNG_boot.115	0.43824212782956967	0.010377053875916769	1.537e-321	0.5513808182945135	1.443e-321
UNG_boot.116	0.2958974387117782	0.08870718363335586	1.927e-321	0.6153953776548658	1.097e-321
UNG_boot.117	0.355388888294488	0.17613694767590268	1.73e-321	0.4684741640296093	1.107e-321
UNG_boot.118	0.5651049164947133	0.05294384005224965	1.013e-321	0.3819512434530371	1.324e-321
UNG_boot.119	0.1326546790885763	0.21665735823745053	1.8579201931804373e-270	0.6506879626739732	1.55e-321
UNG_boot.120	0.34077965909221564	0.10590935056860024	2.647691291874115e-263	0.5533109903391842	1.527e-321
UNG_boot.121	0.04945368429440805	0.2843880783726613	1.01e-321	0.6661582373329307	9.44e-322
UNG_boot.122	0.43840431986613737	0.2160993734721215	1.08e-321	0.345496306661741	1.136e-321
UNG_boot.123	0.6039554520418667	0.020561814426562585	2.07e-321	0.3754827335315708	1.245e-321
UNG_boot.124	0.37021500106206884	0.26439451754815607	1.166e-321	0.3653904813897751	1.14e-321
UNG_boot.125	0.7063946527520506	0.008095933409707337	7.56e-322	0.28550941383824213	9.6e-322
UNG_boot.126	0.4340385570292485	0.1316283511776847	8.45e-322	0.4343330917930668	1.22e-321
UNG_boot.127	0.00010241628614924536	0.2869749372558487	5.716e-321	0.712922646458002	1.665e-321
UNG_boot.128	0.29766720503833505	0.10763755135923446	9.286677168179415e-194	0.5946952436024306	1.87e-321
UNG_boot.129	0.5582077770424622	0.28340686646537994	7.56e-322	0.1583853564921579	8.84e-322
UNG_boot.130	0.45064348166543394	1.901919222683124e-72	1.61e-321	0.5493565183345661	1.393e-321
UNG_boot.131	0.7018344769368794	1.047e-320	2.68e-321	0.29816552306312055	1.705e-321
UNG_boot.132	0.5797571161129378	0.10556378417963867	1.65e-321	0.3146790997074236	1.17e-321
UNG_boot.133	0.5055562493394761	0.07373581980117833	5.46e-321	0.42070793085934566	1.66e-321
UNG_boot.134	0.06955652859583106	0.2361896827350835	1.393e-321	0.6942537886690856	1.235e-321
UNG_boot.135	0.4370318995608439	0.05752131095500514	1.235e-321	0.5054467894841509	1.3e-321
UNG_boot.136	0.550554483862365	0.05463889578396469	8.3e-322	0.3948066203536702	1.08e-321
UNG_boot.137	0.04908785174639619	0.41045726168545565	1e-321	0.5404548865681482	1.097e-321
UNG_boot.138	0.17189112821402192	0.22826080032401752	2.03e-321	0.5998480714619605	1.35e-321
UNG_boot.139	0.6621865909316733	3.394e-321	2.14e-321	0.3378134090683266	1.724e-321
UNG_boot.140	0.20607672272088098	0.18089044079884467	3.923e-321	0.6130328364802743	1.63e-321
UNG_boot.141	0.5823749598849522	0.16446741456918837	1.275e-321	0.2531576255458593	9.5e-322
UNG_boot.142	0.4507503578915956	7.93e-321	5.094e-321	0.5492496421084045	1.45e-321
UNG_boot.143	0.6246650886252441	4.455408600060052e-197	2.663e-321	0.375334911374756	1.54e-321
UNG_boot.144	0.2526725768378966	2.2315641073561054e-98	4.03e-321	0.7473274231621034	1.477e-321
UNG_boot.145	0.4962671164130128	0.10748555634572182	1.28e-321	0.3962473272412653	1.18e-321
UNG_boot.146	0.5543275706804509	0.03617833252632035	8.35e-322	0.4094940967932288	9.73e-322
UNG_boot.147	0.369393088939908	0.23732647211025104	1.32e-321	0.393280438949841	9.93e-322
UNG_boot.148	0.2020152938743815	0.2536122856656608	1.487e-321	0.5443724204599576	1.146e-321
UNG_boot.149	5.110719647341592e-08	0.31814712859540595	1.25e-321	0.6818528202973976	1.047e-321
UNG_boot.150	0.3253165398882007	0.28986481796252517	1.245e-321	0.3848186421492741	1.2e-321
UNG_boot.151	0.979053853560353	4.78e-321	8.5e-322	0.020946146439647033	1.15e-321
UNG_boot.152	0.3391977872210189	0.08188163525448096	1.48e-321	0.5789205775245001	1.29e-321
UNG_boot.153	0.11194204667185319	0.24895366397065025	1.5e-321	0.6391042893574967	1.3e-321
UNG_boot.154	0.6512793329675792	0.14923798825614304	9.1e-322	0.19948267877627776	8.74e-322
UNG_real	0.6183872309042315	6.731896e-318	5.73e-322	0.38161276909576836	1.11e-321
UNG_real.1	0.6559634356985478	0.17588473226651297	1.18e-321	0.16815183203493922	1.176e-321
UNG_real.2	0.3831348568034988	0.12360349077613994	1.63e-321	0.49326165242036124	1.32e-321
ATP2B4_boot	4.69e-321	6.87e-322	0.06008851089544835	6.285e-321	0.9399114891045518
ATP2B4_boot.1	2.525e-321	1.383e-321	0.45007518264812924	4.5e-321	0.5499248173518707
ATP2B4_boot.2	9.457434274174866e-56	0.07963524500579824	0.28768270246189626	0.18684633064121417	0.44583572189109133
ATP2B4_boot.3	2.65e-321	2.43e-321	0.26383635337187067	0.233821168867412	0.5023424777607173
ATP2B4_boot.4	1.7516519236905367e-05	1.334e-321	1.91e-321	0.49868139113872134	0.5013010923420418
ATP2B4_boot.5	2.95e-321	1.546e-321	0.15684365941183037	0.2208066636426006	0.622349676945569
ATP2B4_boot.6	3.08e-321	1.873e-321	0.30699037626723685	0.10877865200754434	0.5842309717252188
ATP2B4_boot.7	4.456e-321	6.6e-322	0.1143214913451245	4.387e-321	0.8856785086548755
ATP2B4_boot.8	2.436e-321	1.023e-321	0.362476907775682	4.037e-321	0.637523092224318
ATP2B4_boot.9	4.2314682191941657e-51	1.556e-321	0.24798675870122722	0.1487394761833231	0.6032737651154498
ATP2B4_boot.10	2.6e-321	9.54e-322	0.347865359977101	3.239173996721103e-191	0.6521346400228991
ATP2B4_boot.11	4.323e-321	1.35e-321	0.18394092862035086	0.30290479492762196	0.5131542764520272
ATP2B4_boot.12	1.764e-321	4.94e-322	0.08176632088771742	0.23978596909820094	0.6784477100140816
ATP2B4_boot.13	1.734e-321	9.04e-322	0.3698710926519884	3.33e-321	0.6301289073480116
ATP2B4_boot.14	3.1e-321	2.84e-321	0.3363390156723	0.25136100441827874	0.41229997990942135
ATP2B4_boot.15	4.26e-321	8.3e-322	0.08983417033891535	0.03994527366887637	0.8702205559922084
ATP2B4_boot.16	2.826e-321	1.136e-321	0.266296356800289	0.006658272985389327	0.7270453702143216
ATP2B4_boot.17	0.2498577156648929	4.293e-321	0.29993600775478724	0.1950550543379681	0.25515122224235176
ATP2B4_boot.18	2.945e-321	2.075e-321	0.3991762451937041	0.15159868517858854	0.4492250696277075
ATP2B4_boot.19	5.541627233868882e-150	3e-321	0.32165603325243886	0.3448018538943044	0.3335421128532568
ATP2B4_boot.20	2.78e-321	8.84e-322	0.02498103944178736	0.1478166284341749	0.8272023321240378
ATP2B4_boot.21	5.06e-321	1.07e-321	0.08269980700690704	0.0427322842083044	0.8745679087847885
ATP2B4_boot.22	2.972781675242077e-81	2.15e-321	0.21694678769173087	0.2532480004214644	0.5298052118868048
ATP2B4_boot.23	1.96e-321	6.8e-322	0.13789350827381358	1.998650031518458e-244	0.8621064917261865
ATP2B4_boot.24	9.145e-321	1.265e-321	8.30355157462088e-122	0.18883665707284886	0.8111633429271512
ATP2B4_boot.25	3.4e-321	8.8e-322	0.2222336854459042	0.00028769781167555506	0.7774786167424202
ATP2B4_boot.26	3.626e-321	1.413e-321	0.33570254267946636	3.8357332024765934e-37	0.6642974573205336
ATP2B4_boot.27	3.87e-321	2.683e-321	0.261462505470244	0.04278865887044528	0.6957488356593109
ATP2B4_boot.28	2.38e-321	8.65e-322	0.3054764222447344	2.6088480347728433e-90	0.6945235777552656
ATP2B4_boot.29	0.31332456052717933	1.107e-321	0.06099213152777037	1.0013634187244772e-55	0.6256833079450503
ATP2B4_boot.30	0.1326983015601889	1.71e-321	0.08118940439538085	0.21541051290320057	0.5707017811412298
ATP2B4_boot.31	2.535e-321	1.042e-321	0.1632344349003055	0.07035131783785661	0.7664142472618379
ATP2B4_boot.32	6.103946393599529e-237	1.793e-321	0.09769590288998467	0.32186189412570726	0.5804422029843079
ATP2B4_boot.33	8.709292629051151e-157	1.433e-321	0.1477172475418232	0.469426809026255	0.38285594343192186
ATP2B4_boot.34	4.11e-321	7.6e-322	0.15299944785174366	0.18785730999343594	0.6591432421548203
ATP2B4_boot.35	2.164e-321	8.15e-322	0.25534206867413545	3.278745855032857e-213	0.7446579313258644
ATP2B4_boot.36	2.2174752812795392e-36	2.327e-321	0.20855942683900122	0.07563651257344116	0.7158040605875577
ATP2B4_boot.37	4.28e-321	2.154e-321	0.4345130333220708	0.21073538135152128	0.354751585326408
ATP2B4_boot.38	0.6023931225871475	5.287e-321	0.39760687741285256	2.5312205279071922e-257	7.3191144277591855e-230
ATP2B4_boot.39	3.3e-321	2.095e-321	0.20948948148813593	1.0350074102182297e-84	0.7905105185118642
ATP2B4_boot.40	4.03e-321	7.76e-322	0.21931932603015314	0.22786037675971973	0.5528202972101273
ATP2B4_boot.41	2.055e-321	7.56e-322	0.1682839978059964	5.65e-321	0.8317160021940038
ATP2B4_boot.42	3.103e-321	1.26e-321	0.27338682695632194	0.1348213099377636	0.5917918631059145
ATP2B4_boot.43	3.073e-321	1.314e-321	0.4139311386778177	0.34606238549723756	0.24000647582494472
ATP2B4_boot.44	2.92e-321	1.334e-321	0.36457978957712067	0.354999228579457	0.28042098184342235
ATP2B4_boot.45	1.4516202542070034e-56	1.69e-321	0.16039163465028647	0.37194580973703895	0.46766255561267456
ATP2B4_boot.46	0.04438791483466645	2.964e-321	0.22204615551377974	0.2986360679344064	0.4349298617171474
ATP2B4_boot.47	2.673e-321	7e-322	0.03811461153335868	0.2851533417366438	0.6767320467299976
ATP2B4_boot.48	2.273e-321	1.33e-321	0.23477319952889739	4.6380081588090954e-70	0.7652268004711027
ATP2B4_boot.49	3.676e-321	9.195e-321	0.28105229374782714	0.08268159177475715	0.6362661144774159
ATP2B4_boot.50	3.25e-321	1.374e-321	0.17068251880241397	0.1801142403354833	0.6492032408621029
ATP2B4_boot.51	5.68e-321	6.16e-321	0.35202534392041684	0.0725877657021464	0.5753868903774366
ATP2B4_boot.52	4.3693011995260985e-140	3.41e-321	0.19945709919530732	0.3142863308235977	0.4862565699810951
ATP2B4_boot.53	4.516e-321	2.337e-321	0.3380245831255811	0.1671111711417386	0.4948642457326804
ATP2B4_boot.54	6.833e-321	2.495e-321	0.32960931693665907	0.0025361876363631554	0.6678544954269777
ATP2B4_boot.55	2.544e-321	9.5e-322	0.21547430380504035	0.23755826898413598	0.5469674272108236
ATP2B4_boot.56	2.895e-321	9.14e-322	0.10954560121160331	0.06735173562675204	0.8231026631616447
ATP2B4_boot.57	2.526293836624454e-307	1.06e-321	0.3140137184063372	2.738797606137733e-49	0.6859862815936629
ATP2B4_boot.58	2.777e-321	9.6e-322	0.15159876298522257	0.10481791563266057	0.7435833213821169
ATP2B4_boot.59	0.13606468664195043	1.71e-321	0.2765005192450257	0.11168179440781094	0.4757529997052129
ATP2B4_boot.60	2.525e-321	8.2e-322	0.09716867773143906	0.09368866081986983	0.8091426614486912
ATP2B4_boot.61	8.568679172929063e-11	3.52e-321	0.3284737783776562	0.28897955566986927	0.38254666586678776
ATP2B4_boot.62	2.694946081840859e-152	1.314e-321	0.03269929783218226	0.31909162463977564	0.648209077528042
ATP2B4_boot.63	0.4898331572554633	2.1e-321	0.29812224239352664	2.6659183734988236e-248	0.21204460035100994
ATP2B4_boot.64	5.039876514273236e-215	1.43e-321	0.12041047986031628	0.10846987478593555	0.7711196453537483
ATP2B4_boot.65	1.0182974804280411e-153	2.78e-321	0.05872832197053611	0.23889682100312074	0.7023748570263432
ATP2B4_boot.66	8.305e-321	8.2e-322	0.018268099631304074	0.2663774539031906	0.7153544464655053
ATP2B4_boot.67	3.42e-321	7.07e-322	0.05126198139998092	0.25721008943960305	0.691527929160416
ATP2B4_boot.68	6.556e-321	7.46e-322	0.023457167920991548	0.18339536451308988	0.7931474675659185
ATP2B4_boot.69	1.1367096831828654e-182	2.26e-321	0.3039041001815545	0.19268627960683682	0.5034096202116087
ATP2B4_boot.70	2.38e-321	8.65e-322	0.2430096420619752	0.2810141802628103	0.4759761776752147
ATP2B4_boot.71	3.3e-321	9.4e-322	0.29075600588184874	0.15480559371360392	0.5544384004045475
ATP2B4_boot.72	5.5680305577474665e-171	1.32e-321	0.1514195758921648	0.129400116386553	0.7191803077212823
ATP2B4_boot.73	2.7e-321	1.823e-321	0.3306858034733852	0.3489448331030185	0.3203693634235963
ATP2B4_boot.74	1.497e-321	5.9e-322	0.08351921868050372	4.08e-321	0.9164807813194964
ATP2B4_boot.75	0.5630203907886365	1.47e-321	0.23257285379912054	0.04542018439655255	0.15898657101569028
ATP2B4_boot.76	1.927e-321	9.2e-322	0.08449562003469802	0.12357508036262949	0.7919292996026726
ATP2B4_boot.77	4.65e-321	9.83e-322	0.1301187960092359	0.10740861889918406	0.7624725850915799
ATP2B4_boot.78	3.15e-321	1.477e-321	0.20827492020476238	0.06772662377029655	0.7239984560249412
ATP2B4_boot.79	3.24e-321	1.705e-321	0.17444863472582606	0.09718893882568704	0.728362426448487
ATP2B4_boot.80	1.279034069949292e-78	1.937e-321	0.18244501556710752	1.0798908597292691e-12	0.8175549844318126
ATP2B4_boot.81	1.62e-321	7.3e-322	0.04574943937999482	5.375e-321	0.954250560620005
ATP2B4_boot.82	5.38e-321	8.25e-322	0.12290312872245757	7.656398641295347e-164	0.8770968712775424
ATP2B4_boot.83	9.615202506507632e-238	2.41e-321	0.1576054428258783	0.28336102420512016	0.5590335329690014
ATP2B4_boot.84	0.3958910657649395	1.744e-321	0.2781893369894475	2.1347661510119522e-26	0.32591959724561287
ATP2B4_boot.85	0.05185605860161895	3.636e-321	0.26139461528605207	0.3692320073154405	0.3175173187968885
ATP2B4_boot.86	0.44766902846586865	1.94e-321	0.2293310514164262	1.456847288616667e-28	0.3229999201177052
ATP2B4_boot.87	1.64e-321	6.2e-322	0.09522828572763752	0.1129884519969413	0.7917832622754211
ATP2B4_boot.88	4.42e-321	2.584e-321	0.47709594961013035	0.09186147989600509	0.4310425704938646
ATP2B4_boot.89	3.167e-321	1.69e-321	0.1982909041096279	0.1605357784575101	0.6411733174328619
ATP2B4_boot.90	5.944e-321	1.057e-321	0.011830757205242117	0.26677495974776266	0.7213942830469953
ATP2B4_boot.91	4.53e-321	1.793e-321	0.33252349341641263	0.2637235490723592	0.4037529575112281
ATP2B4_boot.92	0.20819798286997182	3.043e-321	0.26227202225384605	1.3531324799473026e-52	0.5295299948761821
ATP2B4_boot.93	0.010937924151863813	1.59e-321	2.36e-321	0.3030035268869487	0.6860585489611877
ATP2B4_boot.94	3.76e-321	2.233e-321	0.5296604490658605	0.3282774674551689	0.14206208347897042
ATP2B4_boot.95	7.17e-321	1.013e-321	0.14389390135200233	0.19324787635611423	0.6628582222918834
ATP2B4_boot.96	3.19e-321	2.34e-321	0.22711798846875111	0.049465287348538084	0.723416724182711
ATP2B4_boot.97	2.27e-321	1.2e-321	0.30470819051535586	1.2330024912312077e-97	0.6952918094846441
ATP2B4_boot.98	2.93e-321	8.55e-322	0.17249380310668402	0.43496086680393176	0.39254533008938425
ATP2B4_boot.99	3.21e-321	1.23e-321	0.39778851787448377	0.42446728080773755	0.17774420131777866
ATP2B4_boot.100	3.903e-321	7.16e-322	0.2601531833295861	0.7394647122239488	0.0003821044464651254
ATP2B4_boot.101	3.765e-321	6.6e-322	0.18217294042646326	0.6317501131475152	0.18607694642602157
ATP2B4_boot.102	3.463e-321	9.54e-322	0.35513292744564473	0.6448670725543553	6.927e-321
ATP2B4_boot.103	4.437e-321	1.14e-321	0.3291955214851232	0.28553006388754504	0.3852744146273317
ATP2B4_boot.104	4.15e-321	1.08e-321	0.3411593765919082	0.5319406954162929	0.1268999279917988
ATP2B4_boot.105	5.27e-321	1.14e-321	0.4096853026608793	0.5903146973391207	3.3148627717700886e-95
ATP2B4_boot.106	6.423e-321	9.6e-322	0.3629216961231997	0.5182140998034861	0.11886420407331419
ATP2B4_boot.107	3.53e-321	7.6e-322	0.2861408737419559	0.713859126258044	2.9013406768000173e-145
ATP2B4_boot.108	7.515e-321	1.937e-321	0.4618032488289374	0.5380371703516841	0.00015958081937847326
ATP2B4_boot.109	5.2e-321	1.334e-321	0.38697480589424244	0.6130251941057576	2.1602499984289775e-186
ATP2B4_boot.110	2.61e-321	8.55e-322	0.2275887906524605	0.353239089655301	0.41917211969223855
ATP2B4_boot.111	4.79e-321	1.02e-321	0.20052850173963552	0.46668677125831814	0.33278472700204625
ATP2B4_boot.112	3.113e-321	9.2e-322	0.2814604071558375	0.13086641662620332	0.5876731762179592
ATP2B4_boot.113	5.025e-321	7.95e-322	0.2143578129060594	0.6250050426163121	0.16063714447762867
ATP2B4_boot.114	5.464e-321	1.14e-321	0.3083553975944304	0.6916446024055696	5.6106e-320
ATP2B4_boot.115	9.916e-321	1.467e-321	0.25126690196179685	0.39115203215817385	0.3575810658800294
ATP2B4_boot.116	7.63e-321	1.23e-321	0.4479388069373575	0.5400817085102538	0.011979484552388711
ATP2B4_boot.117	9.35e-321	2.614e-321	0.40413642257522464	0.263332175744919	0.3325314016798563
ATP2B4_boot.118	4.45e-321	8.84e-322	0.4475059857156571	0.5475573504323248	0.004936663852018175
ATP2B4_boot.119	2.68e-321	8.8e-322	0.12716372120975095	0.5180861460746701	0.35475013271557887
ATP2B4_boot.120	3.246e-321	8.7e-322	0.2871787771863919	0.3216047751344483	0.39121644767915975
ATP2B4_boot.121	4.066e-321	1.354e-321	0.2678818654094294	0.41593030954462373	0.316187825045947
ATP2B4_boot.122	2.6e-321	8.4e-322	0.2400672049448228	0.49475707083570053	0.26517572421947666
ATP2B4_boot.123	4.93e-321	9.3e-322	0.1279544094972904	0.7493315810997752	0.12271400940293452
ATP2B4_boot.124	3.75e-321	9.24e-322	0.13188678476363727	0.41138922806465567	0.45672398717170715
ATP2B4_boot.125	5.52e-321	2.357e-321	0.46800907828537497	0.25292135438021346	0.2790695673344115
ATP2B4_boot.126	3.63e-321	1.14e-321	0.37806334075773673	0.46949609396447056	0.1524405652777927
ATP2B4_boot.127	3.09e-321	6.7e-322	0.07255535098052382	0.9274446490194762	3.7486173981547866e-190
ATP2B4_boot.128	7.21e-321	1.186e-321	0.4481193801085578	0.5518806198914423	1.142441294298878e-96
ATP2B4_boot.129	3.34e-321	6.67e-322	0.2433514573593977	0.6073410493817669	0.14930749325883552
ATP2B4_boot.130	3.24e-321	9.8e-322	0.21054414431015286	0.39466485193558376	0.39479100375426335
ATP2B4_boot.131	5.237e-321	1.98e-321	0.2917699641437018	0.33826346060256335	0.3699665752537349
ATP2B4_boot.132	4.264e-321	7.3e-322	0.1625824428997682	0.8374175571002319	8.868111880662984e-20
ATP2B4_boot.133	9.22e-321	9.34e-322	0.2661722398783922	0.7338277601216078	8.818422133936644e-65
ATP2B4_boot.134	2.866e-321	6.7e-322	0.1831160792357901	0.4100820031243816	0.4068019176398282
ATP2B4_boot.135	7.885e-321	1.744e-321	0.48169537865102074	0.457563819706544	0.060740801642435144
ATP2B4_boot.136	3.197e-321	1.29e-321	0.30827596251558664	0.4915562587988447	0.20016777868556865
ATP2B4_boot.137	3.77e-321	6.8e-322	0.11444468761685499	0.885555312383145	7.47053955268273e-95
ATP2B4_boot.138	3.053e-321	9.3e-322	0.2332516376357496	0.6165250963248958	0.15022326603935449
ATP2B4_boot.139	3.384e-321	6.77e-322	0.1710499783256839	0.35166409451094244	0.4772859271633737
ATP2B4_boot.140	3.073e-321	8.84e-322	0.30219220675421626	0.47528579282511596	0.22252200042066794
ATP2B4_boot.141	2.92e-321	7.07e-322	0.24711386918866596	0.27840931455423296	0.47447681625710114
ATP2B4_boot.142	3.45e-321	8.8e-322	0.08957317990606924	0.3221169399978191	0.5883098800961117
ATP2B4_boot.143	5.19e-321	1.76e-321	0.37701081010432147	0.3020091676937024	0.3209800222019761
ATP2B4_boot.144	2.623e-321	8.94e-322	0.1955720288875072	0.34225469990939117	0.4621732712031017
ATP2B4_boot.145	3.454e-321	8.9e-322	0.3399002300550082	0.518598118298901	0.14150165164609085
ATP2B4_boot.146	2.351566569341336e-279	1.576e-321	0.46808001263585125	0.5319199873641158	3.302640016531652e-14
ATP2B4_boot.147	6.87e-321	1.927e-321	0.419777784647913	0.4397855640118755	0.14043665134021152
ATP2B4_boot.148	2.233e-321	6.97e-322	0.09001853925608488	0.31677289743924814	0.5932085633046669
ATP2B4_boot.149	9.787e-321	1.2e-321	0.37181377228143275	0.6156481923666568	0.012538035351910476
ATP2B4_boot.150	3.533e-321	9.54e-322	0.13444907668984954	0.2784925641040118	0.5870583592061387
ATP2B4_boot.151	3.286e-321	8.6e-322	0.19927553762140882	0.41702268997264325	0.3837017724059479
ATP2B4_boot.152	4.76e-321	1.655e-321	0.3680279909961537	0.278080375759523	0.35389163324432327
ATP2B4_boot.153	3e-321	8.7e-322	0.20879174507935927	0.1477109443987271	0.6434973105219137
ATP2B4_boot.154	3.89e-321	9.73e-322	0.129170650190131	0.2720592068832109	0.598770142926658
ATP2B4_boot.155	3.745e-321	6.6e-322	0.1279429953644717	0.4311265176704284	0.44093048696509984
ATP2B4_boot.156	3.424e-321	8.9e-322	0.13762343806750446	0.6832884755776326	0.17908808635486287
ATP2B4_boot.157	4.946e-321	1.374e-321	0.3724884568410293	0.6275115431589706	5.745763090727228e-276
ATP2B4_boot.158	4.36e-321	8.8e-322	0.3357177907691932	0.35556734629124853	0.3087148629395581
ATP2B4_boot.159	3.73e-321	7.07e-322	0.04747772347154524	0.5521633480033287	0.40035892852512617
ATP2B4_boot.160	6.452e-321	1.774e-321	0.39643948423302616	0.5464227175225682	0.05713779824440564
ATP2B4_boot.161	7.426e-321	1.067e-321	0.3583943844882864	0.5925283801526099	0.049077235359103626
ATP2B4_boot.162	4.165e-321	1.13e-321	0.17831043390501108	0.35210196233059	0.4695876037643988
ATP2B4_boot.163	5.385e-321	1.413e-321	0.4315073637125034	0.515642618867921	0.05285001741957557
ATP2B4_boot.164	3.167e-321	1.1e-321	0.31230679342267653	0.4171489211923759	0.27054428538494746
ATP2B4_boot.165	2.717e-321	7.16e-322	0.21581843811205176	0.7841815618879482	2.3373347373400447e-246
ATP2B4_boot.166	3.913e-321	7.3e-322	0.3320244581800836	0.4225093900327095	0.2454661517872069
ATP2B4_boot.167	2.96e-321	1.05e-321	0.20868092164652424	0.35084302047167176	0.4404760578818039
ATP2B4_boot.168	4.284e-321	9.24e-322	0.27956808703864316	0.7204319129613568	5.63e-321
ATP2B4_boot.169	6.497e-321	1.28e-321	0.35434102816659646	0.6456589718334034	5.285039181097492e-186
ATP2B4_boot.170	4.73e-321	1.537e-321	0.2693159286273852	0.42596278889183004	0.3047212824807847
ATP2B4_boot.171	6.5e-321	9.8e-322	0.4377775359978769	0.5622224639048656	9.725763544340199e-11
ATP2B4_boot.172	5.58e-321	1.01e-321	0.3216787599439907	0.5988487193552066	0.07947252070080282
ATP2B4_boot.173	3.08e-321	4.8e-322	0.1908041091359996	0.8091958908640005	4.5179039876727084e-129
ATP2B4_boot.174	4.017e-321	1.334e-321	0.3063895485766019	0.1998797101232412	0.49373074130015704
ATP2B4_boot.175	3.325e-321	1.1e-321	0.30577614876324166	0.4796118747100562	0.21461197652670214
ATP2B4_boot.176	3.99e-321	9.14e-322	0.24530619737726692	0.3925203772470104	0.3621734253757227
ATP2B4_boot.177	1.0198e-320	8.45e-322	0.2742840943407939	0.7257159056592061	2.2697724112106524e-36
ATP2B4_boot.178	2.09e-321	7.46e-322	0.15451524898427543	0.2860644366233241	0.5594203143924006
ATP2B4_boot.179	4.42e-321	9.3e-322	0.10716461348359937	0.8928353865164007	5.985844775248491e-154
ATP2B4_boot.180	3.95e-321	7.95e-322	0.20929306266403191	0.6417819218338907	0.1489250155020774
ATP2B4_boot.181	2.07e-321	6.2e-322	0.11749100096931485	0.2682796598402743	0.614229339190411
ATP2B4_boot.182	4.254e-321	1.443e-321	0.39154723380869144	0.6084527661913086	4.161184490764e-312
ATP2B4_boot.183	3.25e-321	1.136e-321	0.23912707184076512	0.18923230651853765	0.5716406216406974
ATP2B4_boot.184	4.8e-321	8.45e-322	0.27263813969718154	0.7204478890944443	0.006913971208373998
ATP2B4_boot.185	3.7e-321	1.68e-321	0.3531046258929209	0.39625849902475574	0.2506368750823234
ATP2B4_boot.186	5.41e-321	8.8e-322	0.07059618922215345	0.4447484162925642	0.4846553944852823
ATP2B4_boot.187	3.676e-321	6.47e-322	5.566124515685093e-17	0.7654109358656815	0.23458906413431832
ATP2B4_boot.188	3.4e-321	9.1e-322	0.26743508865367277	0.2902574907576455	0.4423074205886819
ATP2B4_boot.189	3.903e-321	8.3e-322	0.324034135512079	0.6642891137134053	0.011676750774515614
ATP2B4_boot.190	5.56e-321	1.61e-321	0.31384175865660885	0.3000256247976695	0.3861326165457215
ATP2B4_boot.191	2.33e-321	8.5e-322	0.2263544839089777	0.2861724092119384	0.48747310687908385
ATP2B4_boot.192	3.305e-321	1.087e-321	0.3679041469418973	0.34682460878332944	0.28527124427477313
ATP2B4_boot.193	3.3e-321	1.275e-321	0.23058869587893283	0.7694113041210671	3.646e-321
ATP2B4_boot.194	5.203e-321	8.8e-322	0.2150959291958051	0.4458694864608671	0.33903458434332784
ATP2B4_boot.195	3.19e-321	6.57e-322	0.1647343062637788	0.4236358770530948	0.4116298166831264
ATP2B4_boot.196	0.15608410385184057	2.288e-321	4.02e-321	0.422691784376503	0.42122411177165636
ATP2B4_boot.197	1.1516369328160512e-92	4.837e-321	0.4423211362064464	0.5576788637935535	8.335e-321
ATP2B4_boot.198	1.0450994476448199e-251	1.65e-321	0.050694379976087514	0.28226766280715754	0.667037957216755
ATP2B4_boot.199	6.314e-321	3.13e-321	0.5932958817759447	5.02e-321	0.4067041182240553
ATP2B4_boot.200	3.256e-321	0.30188197630062885	0.6981180236993711	4.175e-321	2.91e-321
ATP2B4_boot.201	5.583e-321	2.055e-321	0.3496699527069125	0.465467201674585	0.1848628456185026
ATP2B4_boot.202	6.054616233542832e-108	6.774e-321	0.49080735087486294	0.5091926491251371	1.3957470605872058e-56
ATP2B4_boot.203	2.3495348857137147e-39	0.07819382897567335	0.7635993291400709	3.1287239363093603e-87	0.1582068418842557
ATP2B4_boot.204	5.543e-321	8.8e-322	2.0844061458204128e-212	0.5212567965602772	0.4787432034397228
ATP2B4_boot.205	0.13454608396425258	6.117e-321	0.49336723024072104	0.37208668579502635	5.554470810900026e-249
ATP2B4_boot.206	1.0237e-320	1.6127722034269984e-274	0.4881472560356816	0.5118527439643186	3.607e-321
ATP2B4_boot.207	3.532056452417826e-175	7.144e-321	0.3725277930030957	0.6274722069969043	3.456725272387068e-129
ATP2B4_boot.208	0.24921936552662474	0.08332951851251978	0.6674511159608556	6.695e-321	1.1128035453083882e-152
ATP2B4_boot.209	5.326e-321	0.17179805398533587	0.8282019460146641	5.304714112283494e-150	3.02e-321
ATP2B4_boot.210	5.78e-321	0.13571478310587734	0.4969576670331124	0.3673275498610103	3.686e-321
ATP2B4_boot.211	8.20830215821795e-256	1.0153e-320	0.7109090165236723	0.28909098347632767	5.5786887820970294e-42
ATP2B4_boot.212	4.398819558442e-310	1.655e-321	0.16156200957862618	0.13358479491485775	0.7048531955065162
ATP2B4_boot.213	2.446e-321	5.1e-322	0.2006192447213445	0.18369156063373693	0.6156891946449187
ATP2B4_boot.214	1.6009653147708474e-247	1.351e-320	0.3242054120947359	0.675794587905264	5.55e-321
ATP2B4_boot.215	6.25e-321	6.373e-321	0.6956632183734097	1.9214515012226107e-271	0.3043367816265902
ATP2B4_boot.216	5.054e-321	0.2652658764968677	0.7347341235031323	5.849301807115939e-125	1.774e-321
ATP2B4_boot.217	3.48e-321	9.63e-322	0.13456390144492525	0.7225144909730318	0.14292160758204303
ATP2B4_boot.218	6.917e-321	0.30240204073710725	0.6663066363783943	0.03129132288449841	4.66e-321
ATP2B4_boot.219	7.455e-321	2.04e-321	0.28265085719504546	0.35790029432861575	0.35944884847633873
ATP2B4_boot.220	1.073e-320	1.94e-321	0.4081960772428633	0.5918039227571368	1.0909791069512755e-137
ATP2B4_boot.221	0.08828543311748199	2.1533323647537404e-160	0.857781001545552	6.673718008653978e-31	0.05393356533696583
ATP2B4_boot.222	2.045340912037152e-152	4.096e-321	0.4422991388555541	0.544675952900542	0.013024908243903783
ATP2B4_boot.223	8.167e-321	9.4e-322	0.21765715238925007	0.4729842456272755	0.3093586019834744
ATP2B4_boot.224	0.06825736313555328	0.05910335383837655	0.5122482330226726	2.544502800844043e-87	0.3603910500033976
ATP2B4_boot.225	1.0116296691422311e-255	3.75e-321	0.25719626224325587	0.15621698494520933	0.5865867528115348
ATP2B4_boot.226	1.363824981865984e-49	2.223e-321	0.3353365949467393	0.6646634050532607	5.3222913565803516e-223
ATP2B4_boot.227	7.627433913564874e-223	0.14478159148327732	0.8552184085167227	2.4848535947871404e-32	4.4937311490969443e-107
ATP2B4_boot.228	1.728540628331128e-205	2.184e-321	0.2922702509886832	0.700521786646047	0.007207962365269732
ATP2B4_boot.229	6.031679458884313e-247	2.38e-321	0.3091831301871738	0.5843825718496306	0.10643429796319565
ATP2B4_boot.230	6.423e-321	0.31856533659491254	0.6814346634050874	7.030297439795986e-223	3.94e-321
ATP2B4_boot.231	1.0173e-320	2.35e-321	0.3307818232713849	0.38319558865928727	0.28602258806932795
ATP2B4_boot.232	0.3555485983963734	3.338212137267963e-128	0.6444514016036265	1.1218462512026337e-118	6.645e-321
ATP2B4_boot.233	0.30567428270894953	1.142e-320	0.6943257172910504	5.14e-321	2.9074671506560125e-64
ATP2B4_boot.234	7.727e-321	2.623e-321	0.48440530102315593	0.038998669439026794	0.47659602953781743
ATP2B4_boot.235	7.81e-321	1.78e-321	0.444670561642196	0.2440784797018027	0.3112509586560012
ATP2B4_boot.236	3.78e-321	1.156e-321	0.39683697931905054	4.787e-321	0.6031630206809493
ATP2B4_boot.237	5.119129394125097e-263	1.22e-321	0.45154585975520134	0.4530626926936907	0.09539144755110804
ATP2B4_boot.238	1.1957554308430232e-129	0.11812919581763459	0.8125027217613794	0.06936808242098604	3.680795473078909e-304
ATP2B4_boot.239	5.02e-321	3.137e-321	0.3453409545657963	0.6546590454342036	3.923e-321
ATP2B4_boot.240	5.336e-321	5.61e-321	0.4029920551778605	0.3818305500792964	0.21517739474284311
ATP2B4_boot.241	1.0425e-320	3.957e-321	0.4117777320996989	0.5882222679003011	6.42e-321
ATP2B4_boot.242	1.9064877658296241e-84	1.0135722848981136e-301	0.44084647211274564	0.13875111175569552	0.420402416131559
ATP2B4_boot.243	6.136e-321	1.413e-321	0.22419603802615107	0.478401136000448	0.29740282597340095
ATP2B4_boot.244	1.097e-320	2.594e-321	0.3488301094358905	0.6511698905641095	4.906e-321
ATP2B4_boot.245	5.26e-321	2.94e-321	0.4665886978307288	0.5334113021692712	4.79e-321
ATP2B4_boot.246	5.178823423531471e-47	2.83e-321	0.5346549443889348	0.18611200767622751	0.2792330479348376
ATP2B4_boot.247	3.827084515995238e-197	2.016e-321	0.3274525333096571	0.6139651627300211	0.05858230396032157
ATP2B4_boot.248	6.824603741168046e-128	0.04489015320394756	0.40865712091710327	0.3003073603402817	0.24614536553866742
ATP2B4_boot.249	0.17107387515424413	3.76e-321	0.37273087225046386	0.45619525259529203	6.109236021557159e-31
ATP2B4_boot.250	5.193e-321	2.15e-321	0.4093283529548769	0.5843227100100192	0.006348937035103854
ATP2B4_boot.251	1.124e-320	4.69e-321	0.2832528774202455	0.7167471225797545	2.3003453366469413e-275
ATP2B4_boot.252	0.07014759004430304	1.6540133635527395e-09	0.46986676270299	6.089368958419992e-75	0.45998564559869354
ATP2B4_boot.253	1.6960494301936736e-227	2.08e-321	0.24254372616232783	0.7574562702940626	3.5436094964077814e-09
ATP2B4_boot.254	8.463e-321	3.043e-321	0.4737930822038173	0.5262069177961828	5.772113274769202e-111
ATP2B4_boot.255	7.035e-321	4.16e-321	0.587701376824921	0.41229862317507915	4.985e-321
ATP2B4_boot.256	0.3766094880074959	3.626e-321	0.40559015894240535	0.11957122924953459	0.09822912380056423
ATP2B4_boot.257	0.3364382253293133	1.0395e-320	0.6635617746706868	3.722266257100731e-134	3.71940868822723e-151
ATP2B4_boot.258	3.2608843084943453e-276	1.294e-321	0.27899724731533027	4.4399721375054207e-16	0.7210027526846693
ATP2B4_boot.259	4.8e-321	0.141537403850283	0.8584625961497169	1.2436549426362545e-307	3.15e-321
ATP2B4_boot.260	0.18935604292761077	0.10889586630565855	0.7017480907667308	7.216987723317621e-135	1.4162149200037712e-66
ATP2B4_boot.261	9.15e-321	1.606e-321	0.42513331555062833	0.01878762309619487	0.556079061353177
ATP2B4_boot.262	4.7536932358132715e-239	2.63e-321	0.5173354959681152	0.3497676743455571	0.13289682968632766
ATP2B4_boot.263	2.347232353498628e-108	5.82e-321	0.3282332329256623	0.3048882322971866	0.36687853477715104
ATP2B4_boot.264	1.025e-320	3.073e-321	0.35901116515914394	0.38724344079900064	0.2537453940418553
ATP2B4_boot.265	7.276091312301656e-271	3.873e-321	0.48110025840776127	0.3827641059349312	0.13613563565730757
ATP2B4_boot.266	0.33802149465137177	3.636e-321	0.38181911912108046	1.2623037197332045e-18	0.2801593862275479
ATP2B4_boot.267	5.11e-321	5.114e-321	0.5188025115559507	0.48119748844404936	2.31e-321
ATP2B4_boot.268	0.33789017251000936	3.1798666999443356e-187	0.6483930181689124	0.013716809321078414	7.33e-321
ATP2B4_boot.269	2.386e-321	7.07e-322	0.17178267030088	0.30019661953152044	0.5280207101675995
ATP2B4_boot.270	0.3793299298384208	5.524e-321	0.6206700701615793	2.8868826901156957e-262	1.7738650879160502e-54
ATP2B4_boot.271	8.16406751806591e-136	2.31e-321	0.18717131451784863	0.2736833915837376	0.5391452938984138
ATP2B4_boot.272	6.65e-321	3.45e-321	0.45048751644646473	0.5495124835535354	4.76e-321
ATP2B4_boot.273	3.217056646737227e-242	2.22e-321	0.36021154200341554	0.47270859544249044	0.16707986255409396
ATP2B4_boot.274	6.26e-321	3.597e-321	0.5707076649068541	0.42929233509314607	2.886323665063957e-163
ATP2B4_boot.275	6.73e-321	1.9e-321	0.07822339442946322	0.2614043579810739	0.6603722475894629
ATP2B4_boot.276	7.47e-321	3.19e-321	0.39397166810960704	0.08662120050173513	0.5194071313886578
ATP2B4_boot.277	7.481584246089707e-271	1.374e-321	0.23236087155087382	8.276681689409537e-67	0.7676391284491262
ATP2B4_boot.278	2.755454974373227e-69	1.3117e-320	0.5698217536521096	0.08814880131158184	0.3420294450363085
ATP2B4_boot.279	4.595e-321	1.344e-321	0.3350715029825924	3.410383843712694e-63	0.6649284970174076
ATP2B4_boot.280	0.06957071990651924	0.1620634411323876	0.710221881627723	0.058143957333369974	6.205e-321
ATP2B4_boot.281	7.82e-321	0.08433299705645073	0.7132219300899565	0.20244507285359284	1.7129271712778573e-307
ATP2B4_boot.282	0.42589919320932856	3.18e-321	0.5741008067906713	7.350232771259498e-295	3.2578252518808685e-105
ATP2B4_boot.283	2.4247799154539573e-231	0.049427184539703725	0.6306449776438454	0.3199278378164508	4.234e-321
ATP2B4_boot.284	8.409223911839333e-214	2.56e-321	0.20820112853224573	0.073154742099894	0.7186441293678603
ATP2B4_boot.285	1.138e-320	6.843e-321	0.4854673663822761	0.5145326336177238	5.6e-321
ATP2B4_boot.286	5.33e-321	0.2344847130484291	0.7655152869515709	2.061056199620396e-200	2.04e-321
ATP2B4_boot.287	5.267e-321	1.566e-321	0.009446624748570978	0.6537874273509625	0.33676594790046643
ATP2B4_boot.288	2.905e-321	3.8637033068493543e-265	0.4882731552452634	0.5117268447547366	1.744e-321
ATP2B4_boot.289	6.183866322708575e-137	4.03e-321	0.4266811995722199	0.10162035306038043	0.47169844736739974
ATP2B4_boot.290	0.028727905660385973	0.14709634514830366	0.7121958532322445	0.11197989595906578	5.41e-321
ATP2B4_boot.291	3.4820214882711384e-241	2.68e-321	0.4473849804456389	0.2498554546328441	0.302759564921517
ATP2B4_boot.292	3.987e-321	8.05e-322	0.2762739850447537	0.19523215229913726	0.5284938626561091
ATP2B4_boot.293	8.113e-321	1.58e-321	0.32937012786769265	0.15820440084890716	0.5124254712834002
ATP2B4_real	2.0229044264922223e-133	1.843e-321	0.14630086966346156	0.21459546588478073	0.6391036644517578
ATP2B4_real.1	3.16e-321	1.45e-321	0.2686729628535684	0.07027325305225929	0.6610537840941724
ATP2B4_real.2	3.49e-321	1.11e-321	0.2638336712233383	0.37005199528903465	0.36611433348762723
ATP2B4_real.3	5.13e-321	9.14e-322	0.2757489662123252	0.651994814276325	0.07225621951134992
ATP2B4_real.4	2.181775543247553e-164	3.26e-321	0.3735066834378451	0.24668056701783794	0.379812749544317
ATP2B4_real.5	2.4104524682436083e-143	1.095e-320	0.5171057688625055	0.4828942311374945	4.349961235067384e-192
EXO1_boot	1.0	2.674981638486922e-297	1.08e-321	2.12e-321	4.372e-321
EXO1_boot.1	0.9354348609446298	0.06456513905537008	1.023e-321	2.297e-321	4.096e-321
EXO1_boot.2	0.9214823010170106	0.07851769898298948	5.73e-322	1.467e-321	3.434e-321
EXO1_boot.3	0.9474162804891662	0.05258371951083388	8.1e-322	1.74e-321	2.885e-321
EXO1_boot.4	0.9852910090123094	0.014708990987690494	1.01e-321	1.976e-321	3.41e-321
EXO1_boot.5	0.9776934966654675	0.02230650333453255	5.04e-322	1.966e-321	2.71e-321
EXO1_boot.6	1.0	7.83e-321	8.45e-322	1.843e-321	4.2e-321
EXO1_boot.7	0.971002380871917	0.0289976191280828	1.36e-321	2.465e-321	4.372e-321
EXO1_boot.8	0.9885947187225456	0.01140528127745443	4.94e-322	1.29e-321	2.673e-321
EXO1_boot.9	0.9280964308221568	0.0719035691778434	1.033e-321	2.32e-321	3.444e-321
EXO1_boot.10	0.9597203464719055	0.04027965352809444	2.243e-321	2.905e-321	8.28e-321
EXO1_boot.11	1.0	8.024859831934471e-278	9.14e-322	1.99e-321	3.71e-321
EXO1_boot.12	0.9730760740100726	0.026923925989927436	8.65e-322	1.863e-321	3.47e-321
EXO1_boot.13	0.9369182701379218	0.06308172986207823	5.5e-322	1.403e-321	3.28e-321
EXO1_boot.14	0.9432957745940076	0.05670422540599243	7.95e-322	1.705e-321	3.187e-321
EXO1_boot.15	0.9839861634510165	0.016013836548983574	7.86e-322	2.055e-321	2.836e-321
EXO1_boot.16	0.981846009855209	0.018153990144790976	7.4e-322	1.62e-321	3.014e-321
EXO1_boot.17	1.0	2.2623e-320	1.11e-321	2.18e-321	4.88e-321
EXO1_boot.18	1.0	4.08e-321	1.176e-321	2.46e-321	7.954e-321
EXO1_boot.19	0.9999999999999999	2.0627e-320	1.66e-321	2.535e-321	7.48e-321
EXO1_boot.20	0.8275710084354276	0.17242899156457225	6.03e-322	1.5e-321	3.538e-321
EXO1_boot.21	0.9380956478220457	0.061904352177954466	7.95e-322	1.705e-321	3.18e-321
EXO1_boot.22	0.9965145740938623	0.003485425906137497	8.4e-322	1.46e-321	3.03e-321
EXO1_boot.23	0.7900602537439084	0.2099397462560916	5.63e-322	1.744e-321	2.93e-321
EXO1_boot.24	0.9027290983041796	0.09727090169582052	7.95e-322	2.026e-321	3.513e-321
EXO1_boot.25	0.9614801637104072	0.03851983628959279	7.9e-322	2.39e-321	3.187e-321
EXO1_boot.26	1.0	9.368072137161436e-54	1.042e-321	2.04e-321	4.214e-321
EXO1_boot.27	0.893359355414373	0.1066406445856272	5.1e-322	1.625e-321	2.707e-321
EXO1_boot.28	0.9457139467234121	0.05428605327658793	1.097e-321	2.115e-321	4.02e-321
EXO1_boot.29	0.9999999999999999	6.98e-321	1.76e-321	2.633e-321	1.089e-320
EXO1_boot.30	1.0	8.91e-321	1.8e-321	2.35e-321	9.723e-321
EXO1_boot.31	1.0	1.0180655922743172e-159	1.08e-321	2.11e-321	4e-321
EXO1_boot.32	0.9353054800094922	0.0646945199905078	8.05e-322	1.724e-321	2.87e-321
EXO1_boot.33	1.0	1.2146523550841002e-246	5.6e-322	1.83e-321	2.64e-321
EXO1_boot.34	0.8676527181704704	0.13234728182952946	8.25e-322	1.73e-321	2.895e-321
EXO1_boot.35	0.9075416347560361	0.09245836524396402	1.423e-321	2.184e-321	4.926e-321
EXO1_boot.36	0.8862626244666978	0.11373737553330238	8.15e-322	1.72e-321	2.866e-321
EXO1_boot.37	1.0	8.370066494742432e-146	7.07e-322	1.85e-321	3.51e-321
EXO1_boot.38	0.8994727453747813	0.10052725462521866	5.8e-322	1.85e-321	2.693e-321
EXO1_boot.39	0.9738161059517917	0.026183894048208235	7.66e-322	1.996e-321	3.444e-321
EXO1_boot.40	0.919450035132173	0.08054996486782696	8.1e-322	1.73e-321	3.236e-321
EXO1_boot.41	0.9999999999999999	2.2911669180466736e-174	7.76e-322	2.026e-321	3.834e-321
EXO1_boot.42	0.9664801121963598	0.03351988780364031	5.43e-322	1.42e-321	2.94e-321
EXO1_boot.43	0.9999999999999999	1.625e-320	2.14e-321	3.15e-321	1.3033e-320
EXO1_boot.44	0.9713907804729969	0.0286092195270032	9.24e-322	2.11e-321	4.363e-321
EXO1_boot.45	1.0	8.226e-321	1.5e-321	2.283e-321	1.216e-320
EXO1_boot.46	1.0	6.5e-321	2.584e-321	2.15e-321	3.290406358881572e-294
EXO1_boot.47	0.9420172054835743	3.99e-321	9.565e-321	3.85e-321	0.05798279451642575
EXO1_boot.48	0.8940263909997185	7.885e-321	8.54e-321	3.64e-321	0.10597360900028141
EXO1_boot.49	0.9999999999999999	1.6047e-320	1.39e-321	2.42e-321	5.627e-321
EXO1_boot.50	0.9999999999999999	1.2154e-320	3.384e-321	3.48e-321	1.7317e-320
EXO1_boot.51	0.9999999999999999	7.233e-321	1.96e-321	2.89e-321	1.095e-320
EXO1_boot.52	1.0	8.557e-321	2.82e-321	3.073e-321	2.065e-320
EXO1_boot.53	0.9421690339460272	5.573e-321	1.0880326107202833e-126	4.135e-321	0.05783096605397278
EXO1_boot.54	0.9999999999999999	2.059e-320	1.12e-321	2.34e-321	5.454e-321
EXO1_boot.55	0.8316351638811003	7.22e-321	7.083913043295225e-289	3.814e-321	0.1683648361188996
EXO1_boot.56	1.0	1.2184e-320	1.042e-321	2.04e-321	6.33e-321
EXO1_boot.57	1.0	7.73e-321	1.17e-321	2.15e-321	7.93e-321
EXO1_boot.58	1.0	7.891789994491027e-245	1.265e-321	2.307e-321	5.11e-321
EXO1_boot.59	1.0	1.1947e-320	3.197e-321	2.895e-321	1.5627e-320
EXO1_boot.60	0.980357631798995	0.019642368201004904	1.576e-321	2.737e-321	6.724e-321
EXO1_boot.61	0.9874256545408298	5.74e-321	8.923e-321	4.007e-321	0.012574345459170222
EXO1_boot.62	1.0	1.2067290694785257e-74	1.225e-321	1.927e-321	5.3e-321
EXO1_boot.63	0.9996500218203545	4.65e-321	8.053e-321	3.8e-321	0.00034997817964553627
EXO1_boot.64	0.9999999999999999	6.754e-321	1.734e-321	2.836e-321	1.1126e-320
EXO1_boot.65	1.0	9.713e-321	1.275e-321	2.33e-321	5.85e-321
EXO1_boot.66	1.0	1.938e-320	9.5e-322	1.863e-321	5.47e-321
EXO1_boot.67	1.0	6.235e-321	1.44e-321	2.51e-321	8.43e-321
EXO1_boot.68	1.0	6.033e-321	4.135e-321	3.7e-321	1.8629037704292756e-90
EXO1_boot.69	0.9999999999999559	5.37e-321	3.34e-321	2.8e-321	4.412086313356568e-14
EXO1_boot.70	1.0	9.397e-321	1.413e-321	2.465e-321	9.24e-321
EXO1_boot.71	1.0	6.49e-321	6.616e-321	3.463e-321	5.002012670125902e-37
EXO1_boot.72	0.9804555237383474	0.019544476261652576	1.033e-321	2.357e-321	4.876e-321
EXO1_boot.73	0.9921137837641376	0.007886216235862383	1.04e-321	2.37e-321	4.55e-321
EXO1_boot.74	0.9999999999999999	1.968e-320	2.27e-321	2.974e-321	1.1255e-320
EXO1_boot.75	0.9863225846114501	3.73e-321	3.083e-321	2.495e-321	0.013677415388549882
EXO1_boot.76	0.9837912157827631	0.0162087842172369	1.166e-321	2.44e-321	5.993e-321
EXO1_boot.77	0.9999999999999999	7.67e-321	1.477e-321	2.253e-321	7.974e-321
EXO1_boot.78	0.9866763359810671	6.067e-321	3.97e-321	2.93e-321	0.013323664018932868
EXO1_boot.79	1.0	1.874e-320	1.03e-321	2.02e-321	5.217e-321
EXO1_boot.80	0.9879445644549272	4.46e-321	4.88e-321	3.656e-321	0.012055435545072988
EXO1_boot.81	1.0	6.25e-321	3.127e-321	2.826e-321	4.592789104598021e-242
EXO1_boot.82	1.0	8.014e-321	3.65e-321	3.503e-321	2.203e-320
EXO1_boot.83	1.0	6.536e-321	1.18e-321	2.16e-321	9.555e-321
EXO1_boot.84	0.9732665342321916	6.764e-321	3.617e-321	2.98e-321	0.02673346576780837
EXO1_boot.85	1.0	8.197e-321	4.26e-321	3.71e-321	2.1362438072481596e-176
EXO1_real	0.968299649420981	0.031700350579018946	8.05e-322	1.744e-321	3.26e-321
EXO1_real.1	1.0	7.81e-321	2.37e-321	2.796e-321	1.5395e-320
RNF168_boot	0.9289907353763271	2.337e-321	1.294e-321	2.71e-321	0.07100926462367277
RNF168_boot.1	0.9028181334139953	2.57e-321	1.6e-321	2.15e-321	0.0971818665860046
RNF168_boot.2	1.0	6.97e-321	1.34e-321	2.505e-321	4.249224458627883e-205
RNF168_boot.3	1.0	3.053e-321	5.9e-322	1.793e-321	3.7e-321
RNF168_boot.4	0.9234424592767848	3.22e-321	1.126e-321	3.236e-321	0.07655754072321519
RNF168_boot.5	0.9532487654423691	8.73e-321	1.225e-321	2.17e-321	0.046751234557630854
RNF168_boot.6	0.7869125824238722	6.704e-321	4.397e-321	3.16e-321	0.21308741757612784
RNF168_boot.7	0.7123665089541407	5.00381288901187e-230	0.08017374573485997	5.43e-321	0.20745974531099948
RNF168_boot.8	0.9944119727900066	1.693e-320	7.727e-321	3.957e-321	0.0055880272099934035
RNF168_boot.9	0.8835610266739637	2.288e-321	1.93e-321	2.38e-321	0.11643897332603642
RNF168_boot.10	0.9862352214393563	2.036e-321	1.754e-321	3.315e-321	0.013764778560643776
RNF168_boot.11	0.8354079485689268	4.8e-321	3.676e-321	2.653e-321	0.1645920514310733
RNF168_boot.12	0.8333866010989157	1.7362836126753045e-237	2.955e-321	4.046e-321	0.1666133989010843
RNF168_boot.13	0.8177924244160262	1.153e-320	1.132e-320	4.41e-321	0.18220757558397369
RNF168_boot.14	0.9260262971060225	5.25e-321	3.103e-321	3.04e-321	0.07397370289397769
RNF168_boot.15	1.0	4.106e-321	1.576e-321	2.32e-321	9.87e-321
RNF168_boot.16	0.6828166808606431	2.13e-321	1.374e-321	1.95e-321	0.3171833191393568
RNF168_boot.17	0.8515089199518051	2.18e-321	1.53e-321	2.88e-321	0.14849108004819495
RNF168_boot.18	0.7434158479088964	6.354e-321	5.583e-321	3.92e-321	0.25658415209110363
RNF168_boot.19	0.9531815593212389	3.567e-321	8.941403490142753e-248	4.585e-321	0.04681844067876116
RNF168_boot.20	1.0	4.16e-321	1.09e-321	1.996e-321	8.844e-321
RNF168_boot.21	0.6901076090075994	3.99e-321	1.93e-321	2.74e-321	0.3098923909924006
RNF168_boot.22	0.8771506203530675	3.06e-321	1.46e-321	1.976e-321	0.12284937964693263
RNF168_boot.23	0.6915559426177402	2.095e-321	2.174e-321	3.093e-321	0.30844405738225983
RNF168_boot.24	0.9028260466490535	0.09717395335094635	3.775e-321	8.62e-321	1.1087e-320
RNF168_boot.25	0.9422818930087514	1.71e-321	9.54e-322	1.774e-321	0.05771810699124858
RNF168_boot.26	0.5864352607241796	2.194e-321	1.507e-321	1.95e-321	0.4135647392758203
RNF168_boot.27	0.8127525847460779	4.06e-321	3.854e-321	2.895e-321	0.18724741525392208
RNF168_boot.28	0.3102193802809133	3.538e-321	0.0011873929206302253	5.835e-321	0.6885932267984564
RNF168_boot.29	0.9071019803670072	2.93e-321	1.055e-320	6.66e-321	0.09289801963299296
RNF168_boot.30	0.9887940157021686	3.2e-321	1.833e-321	2.406e-321	0.011205984297831343
RNF168_boot.31	0.9916692255818594	7.61e-321	2.62e-321	3.147e-321	0.008330774418140612
RNF168_boot.32	1.0	4.72e-321	1.887e-321	3.014e-321	1.137994502717419e-174
RNF168_boot.33	1.0	9.55e-321	2.544e-321	3.05e-321	1.0217555666761347e-52
RNF168_boot.34	0.7095963033477644	3.81e-321	1.576e-321	3.043e-321	0.29040369665223564
RNF168_boot.35	0.9303033413106914	3.73e-321	1.69e-321	2.253e-321	0.06969665868930879
RNF168_boot.36	1.0	2.68e-321	7.7e-322	1.51e-321	9.387e-321
RNF168_boot.37	1.0	7.06e-321	7.8e-322	1.774e-321	1.127e-320
RNF168_boot.38	0.657223652062571	0.2321359525415954	2.05e-321	2.915e-321	0.11064039539583347
RNF168_boot.39	0.679861989880335	2.24e-321	1.69e-321	3.51e-321	0.3201380101196649
RNF168_boot.40	0.39014149899049844	5.865e-321	2.04e-321	2.683e-321	0.6098585010095015
RNF168_boot.41	0.9309766695095547	3.864e-321	2.337e-321	2.337e-321	0.06902333049044525
RNF168_boot.42	0.8986982021735528	1.574e-320	0.04791451553889434	4.857e-321	0.05338728228755286
RNF168_boot.43	0.660659994708588	5.81e-321	4.723e-321	3.5e-321	0.33934000529141195
RNF168_boot.44	0.8298603095556149	3.444e-321	2.875e-321	4.44e-321	0.17013969044438523
RNF168_boot.45	1.0	5.193e-321	9.34e-322	2.7e-321	1.1887e-320
RNF168_boot.46	0.8688251288061297	4.5e-321	1.206e-321	2.33e-321	0.1311748711938704
RNF168_boot.47	0.9505160729791281	2.703e-321	4.204e-321	3.122e-321	0.049483927020871864
RNF168_boot.48	0.7841497456425357	3.253785064696053e-90	3.12e-321	3.31e-321	0.21585025435746416
RNF168_boot.49	1.0	4.19e-321	4.05e-322	1.58e-321	3.266e-321
RNF168_boot.50	0.7611337264996113	2.055e-321	2.213e-321	3.503e-321	0.2388662735003888
RNF168_boot.51	0.8339963721479411	2.243e-321	2.737e-321	3.216e-321	0.16600362785205888
RNF168_boot.52	1.0	4.87e-321	8.65e-322	1.695e-321	6.136e-321
RNF168_boot.53	1.0	6.48e-321	3.9e-322	1.546e-321	2.925e-321
RNF168_boot.54	1.0	1.3394e-320	4.3e-322	1.685e-321	2.9e-321
RNF168_boot.55	0.9967396112130975	0.00326038878690253	2.27e-322	9.1e-322	2.194e-321
RNF168_boot.56	0.8340747965285429	3.607e-321	1.324e-321	1.55e-321	0.16592520347145695
RNF168_boot.57	0.9386701837862363	0.061329816213763606	5.24e-322	1.01e-321	4.195e-321
RNF168_boot.58	0.9611060859144797	2.13e-321	9.6e-322	1.907e-321	0.038893914085520356
RNF168_boot.59	1.0	5.18e-321	5.93e-322	1.042e-321	6.734e-321
RNF168_boot.60	0.9999999999999999	1.2707e-320	6.67e-322	1.16e-321	6.606e-321
RNF168_boot.61	0.9907974750572347	0.009202524942765309	7.56e-322	1.314e-321	4.41e-321
RNF168_boot.62	0.7779221734601206	0.2220778265398794	4.45e-322	1.37e-321	3.74e-321
RNF168_boot.63	0.8937468656445203	0.10625313435547983	9.3e-322	1.764e-321	1.134e-320
RNF168_boot.64	1.0	1.4443518484732666e-52	7.8e-322	1.285e-321	8.473e-321
RNF168_boot.65	0.9661660236282429	0.033833976371757085	2.37e-322	9.2e-322	2.866e-321
RNF168_boot.66	1.0	9.27e-321	5.7e-322	1.497e-321	7.485e-321
RNF168_boot.67	0.9707932681805225	0.029206731819477454	1.033e-321	1.88e-321	7.796e-321
RNF168_boot.68	0.9222027441642092	0.07779725583579078	7.4e-322	1.66e-321	4.684e-321
RNF168_boot.69	0.9318625369306713	2.79e-321	7.76e-322	1.285e-321	0.06813746306932851
RNF168_boot.70	1.0	1.5183e-320	4e-322	1.042e-321	3.23e-321
RNF168_boot.71	0.7442653834231354	0.25573461657686464	7.7e-322	1.57e-321	6.64e-321
RNF168_boot.72	0.9194787213206466	2.85e-321	7.8e-322	1.314e-321	0.08052127867935341
RNF168_boot.73	1.0	1.1803e-320	9.73e-322	1.784e-321	9.91944083297224e-258
RNF168_boot.74	1.0	1.8820477539029462e-18	3.9e-322	1.01e-321	3.122e-321
RNF168_boot.75	1.0	5.48e-321	5.93e-322	1.294e-321	5.603e-321
RNF168_boot.76	0.8853366157170419	1.179e-320	3.27e-321	3.122e-321	0.1146633842829581
RNF168_boot.77	1.0	6.937e-321	2.2e-322	8.74e-322	2.406e-321
RNF168_boot.78	1.0	5.91e-321	6.8e-322	1.186e-321	6.76e-321
RNF168_boot.79	0.9280217522251655	0.07197824777483458	5.9e-322	1.76e-321	7.83e-321
RNF168_boot.80	0.94784017141721	3.414e-321	1.06e-321	1.69e-321	0.05215982858278995
RNF168_boot.81	0.9439635935604158	0.056036406439584206	4.45e-322	1.146e-321	8.636e-321
RNF168_boot.82	0.7643744124834794	3.463e-321	7.7e-322	1.354e-321	0.23562558751652066
RNF168_boot.83	0.9999999999999999	6.23e-321	4.25e-322	1.107e-321	3.43e-321
RNF168_boot.84	0.8560382072808566	2.836e-321	1.314e-321	1.537e-321	0.14396179271914353
RNF168_boot.85	0.7614784974670524	0.23852150253294754	7.6e-322	1.56e-321	5.91e-321
RNF168_boot.86	0.9966502502216	2.97e-321	1.07e-321	1.956e-321	0.0033497497783999313
RNF168_boot.87	0.9085066857745041	0.09149331422549582	1.03e-321	1.976e-321	1.028e-320
RNF168_boot.88	0.9999999325235268	6.747647302900285e-08	4.4e-322	8.7e-322	3.3e-321
RNF168_boot.89	0.7479497317863237	0.25205026821367643	5.6e-322	1.38e-321	7.6e-321
RNF168_boot.90	0.7895232945606325	5.43e-321	1.107e-321	1.537e-321	0.21047670543936753
RNF168_boot.91	0.8073668783761878	8.957e-321	2.475e-321	2.28e-321	0.1926331216238122
RNF168_boot.92	0.9374539151871484	0.06254608481285151	8.45e-322	1.96e-321	7.47e-321
RNF168_boot.93	0.9868995173884363	2.5e-321	8.94e-322	1.645e-321	0.01310048261156375
RNF168_boot.94	0.9999999999999999	1.318e-320	4e-322	1.047e-321	2.164e-321
RNF168_boot.95	1.0	7.82e-321	5.7e-322	1.47e-321	3.81e-321
RNF168_boot.96	0.829903242742602	0.17009675725739815	4.7e-322	1.186e-321	4.644e-321
RNF168_boot.97	0.9999999999999999	2.56e-321	6.3e-322	1.107e-321	9.032039223964564e-39
RNF168_boot.98	1.0	3.31e-321	6.37e-322	1.11e-321	8.406770461356927e-111
RNF168_boot.99	0.798861580276354	1.112e-320	1.344e-321	1.863e-321	0.20113841972364602
RNF168_boot.100	1.0	1.203e-320	1.225e-321	1.87e-321	1.633374329225427e-185
RNF168_boot.101	0.7284304324702661	0.27156956752973394	2.47e-322	1.19e-321	1.887e-321
RNF168_boot.102	0.9479256955154509	0.05207430448454903	5.04e-322	1.294e-321	3.7e-321
RNF168_boot.103	0.9605502671281357	0.03944973287186442	6.7e-322	1.166e-321	4.22e-321
RNF168_boot.104	1.0	4.605e-321	1.023e-321	1.334e-321	1.1086162234310442e-93
RNF168_boot.105	0.9287311670145012	0.0712688329854989	2.57e-322	9.9e-322	2.73e-321
RNF168_boot.106	0.9448678315056135	4.377e-321	8.15e-322	1.625e-321	0.05513216849438667
RNF168_boot.107	1.0	1.391e-320	9.6e-322	1.497e-321	1.3943e-320
RNF168_boot.108	1.0	1.5180158051992285e-185	7.56e-322	1.314e-321	7.816e-321
RNF168_boot.109	1.0	7.32e-321	6.03e-322	1.32e-321	7.62e-321
RNF168_boot.110	0.7922415636985694	4.427e-321	8.7e-322	1.206e-321	0.20775843630143062
RNF168_boot.111	1.0	2.703e-321	7.8e-322	1.53e-321	9.931046213888706e-97
RNF168_boot.112	0.7572308527841853	0.2427691472158146	5.43e-322	1.33e-321	3.503e-321
RNF168_boot.113	0.8885364171825735	0.06643636716686946	1.72e-321	1.956e-321	0.045027215650557034
RNF168_boot.114	0.7846764410454923	5.31e-321	7.76e-322	1.344e-321	0.21532355895450778
RNF168_boot.115	0.9937776182969716	0.006222381703028375	8e-322	1.566e-321	1.1897e-320
RNF168_boot.116	0.9553204398330764	0.04467956016692365	4.45e-322	8.55e-322	3.26e-321
RNF168_boot.117	1.0	1.013e-320	7.8e-322	1.53e-321	1.0267e-320
RNF168_boot.118	0.9615814882086945	0.03841851179130537	5.93e-322	1.275e-321	4.23e-321
RNF168_boot.119	0.9732217584681602	0.02677824153183997	4.6e-322	1.49e-321	4.936e-321
RNF168_boot.120	0.9999999999999999	9.57e-321	5.34e-322	1.166e-321	6.26e-321
RNF168_boot.121	0.7831312083054872	0.21686879169451276	6.77e-322	1.675e-321	5.57e-321
RNF168_boot.122	0.9888400577839722	0.011159942216027811	6.6e-322	1.443e-321	7.767e-321
RNF168_boot.123	1.0	4.955e-321	8.8e-322	1.433e-321	5.688944266213672e-160
RNF168_boot.124	0.946827352408732	0.05317264759126791	5.83e-322	1.25e-321	5.973e-321
RNF168_boot.125	1.0	4.906e-321	5.7e-322	1.48e-321	6.12e-321
RNF168_boot.126	0.9999999999999999	4.827e-321	2.5e-322	9.93e-322	3.765e-321
RNF168_boot.127	1.0	2.6479150743552457e-229	1.314e-321	1.477e-321	1.501e-320
RNF168_boot.128	1.0	9.245253757702486e-24	4.3e-322	1.12e-321	2.604e-321
RNF168_boot.129	0.9766016401846078	5.39e-321	1.097e-321	1.443e-321	0.02339835981539203
RNF168_boot.130	0.7972003498853891	3.577e-321	1.84e-321	1.97e-321	0.2027996501146108
RNF168_boot.131	0.9999999999999999	3.483e-321	6.67e-322	1.754e-321	1.297e-320
RNF168_boot.132	0.9033999032819318	0.09660009671806825	4.2e-322	8.05e-322	2.51e-321
RNF168_boot.133	1.0	1.733e-320	6.03e-322	1.31e-321	3.785e-321
RNF168_boot.134	0.865733135250755	3.286e-321	1.576e-321	1.9e-321	0.134266864749245
RNF168_boot.135	1.0	5.094e-321	7.8e-322	1.537e-321	5.025e-321
RNF168_boot.136	0.7908114751183436	1.2203e-320	2.14e-321	2.223e-321	0.20918852488165654
RNF168_boot.137	1.0	4.076e-321	4.7e-322	9.24e-322	5.405e-321
RNF168_boot.138	1.0	9.11e-321	4.4e-322	1.146e-321	3.55e-321
RNF168_boot.139	0.9090482263250592	3.626e-321	1.186e-321	1.596e-321	0.09095177367494076
RNF168_boot.140	1.0	2.06581723933203e-29	4.25e-322	1.11e-321	4.876e-321
RNF168_boot.141	0.9999999999999999	2.707e-321	6.67e-322	1.17e-321	1.5694939612403313e-87
RNF168_boot.142	0.9218419254469356	7e-321	1.285e-321	1.72e-321	0.07815807455306457
RNF168_boot.143	0.9999999999999999	1.3463e-320	3.8e-322	7.46e-322	3.33e-321
RNF168_boot.144	0.9938979895755417	0.006102010424458507	1.18e-321	2.055e-321	1.273e-320
RNF168_boot.145	0.9689992604546049	0.031000739545394937	2.2e-322	8.8e-322	2.115e-321
RNF168_boot.146	0.8571906942612769	0.14280930573872316	2.9e-322	1.09e-321	3.81e-321
RNF168_boot.147	0.9999999999999999	8.883480779267216e-49	2.4e-322	9.4e-322	2.273e-321
RNF168_boot.148	0.8341189434965058	2.3577e-320	5.227e-321	2.866e-321	0.16588105650349427
RNF168_boot.149	1.0	3.17e-321	1.02e-321	1.596e-321	2.682136667310208e-206
RNF168_boot.150	1.0	3.46e-321	6.03e-322	1.047e-321	1.539e-320
RNF168_boot.151	0.9423886438354356	4.09e-321	3.94e-321	3.034e-321	0.05761135616456431
RNF168_boot.152	0.9810349316026025	5.45e-321	1.16e-321	1.79e-321	0.01896506839739752
RNF168_boot.153	0.9428940537407687	5.025e-321	1.12e-321	1.99e-321	0.05710594625923115
RNF168_boot.154	0.9999999999999999	5.808168856022599e-199	8.05e-322	1.843e-321	4.086e-321
RNF168_boot.155	1.0	1.9535e-320	2.72e-321	3.053e-321	1.182e-320
RNF168_boot.156	0.8720652242747111	1.749e-320	3.7946062730263685e-157	3.96e-321	0.12793477572528872
RNF168_boot.157	1.0	5.98e-321	5.75e-321	3.01e-321	5.125420940862357e-81
RNF168_boot.158	1.0	1.656e-320	9.73e-322	2.04e-321	3.953e-321
RNF168_boot.159	0.9983363369550129	8.493e-321	4.08e-321	2.4e-321	0.0016636630449871025
RNF168_boot.160	0.9740196771086477	4.946e-321	0.02598032289135225	3.12e-321	9.919992517938045e-20
RNF168_boot.161	0.8113406375780643	7.4e-321	9.559790939730806e-15	3.44e-321	0.18865936242192619
RNF168_boot.162	0.9426279143874191	3.696e-321	3.29e-321	2.19e-321	0.05737208561258078
RNF168_boot.163	0.952989385817354	0.04701061418264594	9.9e-322	2.05e-321	3.99e-321
RNF168_boot.164	1.0	6.33e-321	2.84e-321	2.653e-321	1.234e-320
RNF168_boot.165	0.8652281496426201	0.13477185035737993	1.21e-321	2.04e-321	5.054e-321
RNF168_boot.166	0.9628220864180248	0.03717791358197524	8.3e-322	1.61e-321	3.617e-321
RNF168_boot.167	1.0	1.688e-320	1.02e-321	1.86e-321	4.387e-321
RNF168_boot.168	1.0	4.333e-321	3.39e-321	3.27e-321	1.55781004050634e-309
RNF168_boot.169	0.9089888360713618	0.09101116392863819	9.5e-322	2.115e-321	3.775e-321
RNF168_boot.170	0.9999998771445948	6.59e-321	8.317009397829224e-107	3.483e-321	1.2285540516310012e-07
RNF168_boot.171	0.9795434155894795	6.88e-321	0.020456584410520433	3.64e-321	1.066344830202225e-75
RNF168_boot.172	0.9168731249433517	4.52e-321	0.004918194932907949	4.076e-321	0.07820868012374053
RNF168_boot.173	0.8669848494004732	0.095047689530857	0.03796746106866988	3.626e-321	1.108344333481942e-253
RNF168_boot.174	0.9997386246806413	7.767e-321	0.00026137531935869796	3.997e-321	1.009674987961608e-95
RNF168_boot.175	0.9754617925521148	3.636e-321	9.926e-321	2.72e-321	0.024538207447885124
RNF168_boot.176	0.9743767764833623	0.02562322351663769	8.05e-322	2.095e-321	3.52e-321
RNF168_boot.177	1.0	8.696e-321	2.006e-321	2.623e-321	1.4906e-320
RNF168_boot.178	0.9580842512517388	0.04191574874826117	1.067e-321	2.213e-321	5.153e-321
RNF168_boot.179	0.9241347764065899	7.075e-321	5.405577550043314e-305	3.127e-321	0.07586522359340994
RNF168_boot.180	0.9245191911465727	5.484e-321	1.247e-320	3.034e-321	0.07548080885342723
RNF168_boot.181	0.9983421473191652	8.948e-321	0.0016578526808348907	3.61e-321	1.8082733424949417e-18
RNF168_boot.182	1.0	1.0906208433061302e-174	8.3e-322	1.9e-321	3.083e-321
RNF168_boot.183	1.0	8.811497176066445e-301	2.107748643058321e-246	3.187e-321	7.543219995421276e-140
RNF168_boot.184	1.0	1.489e-320	1.507e-321	2.243e-321	7.26e-321
RNF168_boot.185	1.0	1.2945e-320	1.497e-321	1.956e-321	8.073e-321
RNF168_boot.186	1.0	8.177e-321	1.374e-321	2.317e-321	6.373e-321
RNF168_boot.187	1.0	1.1097e-320	9.7e-322	2.03e-321	4.713e-321
RNF168_boot.188	0.972379747159015	3.893e-321	2.61e-321	2.38e-321	0.027620252840984932
RNF168_boot.189	1.0	1.5845e-320	8.3e-322	1.63e-321	3.933e-321
RNF168_boot.190	1.0	2.1625e-320	1.873e-321	2.717e-321	6.46e-321
RNF168_boot.191	0.9999999999999999	1.6176e-320	1.423e-321	2.39e-321	6.03e-321
RNF168_boot.192	1.0	8.725e-321	1.55e-321	2.283e-321	1.3345e-320
RNF168_boot.193	1.0	9.27e-321	1.586e-321	1.81e-321	1.0435e-320
RNF168_boot.194	1.0	7.289889700137322e-127	1.294e-321	2.253e-321	5.23e-321
RNF168_boot.195	1.0	6.85e-321	1.457e-321	2.18e-321	7.875e-321
RNF168_boot.196	0.9065817918860858	0.09341820811391421	6.67e-322	1.423e-321	2.663e-321
RNF168_boot.197	1.0	1.0934e-320	2.105e-321	2.475e-321	9.096e-321
RNF168_boot.198	0.815389399624936	0.1846106003750641	5.1e-322	1.59e-321	3.004e-321
RNF168_boot.199	1.0	1.4644e-320	1.01e-321	1.843e-321	3.81e-321
RNF168_boot.200	1.0	4.83e-321	3.79e-321	2.866e-321	3.834053519313316e-298
RNF168_boot.201	0.9999999999999999	1.0395e-320	1.2856e-320	3.36e-321	1.3033375047794726e-187
RNF168_boot.202	0.8850099106915893	5.573e-321	6.01e-321	3.05e-321	0.11499008930841058
RNF168_boot.203	1.0	6.714530898127348e-46	3.93e-321	3.513e-321	1.3117e-320
RNF168_boot.204	0.9389878321935055	0.06101216780649466	6.27e-322	1.616e-321	2.8e-321
RNF168_boot.205	0.9979593187183392	6.02e-321	5.1e-321	3.2e-321	0.002040681281660643
RNF168_boot.206	0.9969510614511042	0.003048938548895866	1.22e-321	2.124e-321	3.84e-321
RNF168_boot.207	0.9340775255874776	0.06592247441252254	2.17e-321	2.51e-321	1.2154e-320
RNF168_boot.208	1.0	2.0300925481274055e-201	7.9e-322	1.803e-321	3.46e-321
RNF168_real	0.9080946185738541	3.41e-321	1.863e-321	2.75e-321	0.0919053814261459
RNF168_real.1	1.0	7.816e-321	8.2e-322	1.606e-321	1.0257e-320
RNF168_real.2	1.0	1.331e-320	1.66e-321	2.44e-321	7.574e-321
MLH1_boot	5.43e-322	1.0	1.83e-322	3.3e-322	3.8e-322
MLH1_boot.1	5.34e-322	1.0	1.73e-322	3.26e-322	3.7e-322
MLH1_boot.2	5.6e-322	1.0	1.83e-322	3.36e-322	3.85e-322
MLH1_boot.3	5.5e-322	1.0	1.83e-322	3.36e-322	1.9e-322
MLH1_boot.4	5.6e-322	0.9999999999999999	1.83e-322	3.4e-322	1.93e-322
MLH1_boot.5	5.63e-322	1.0	1.83e-322	3.46e-322	3.9e-322
MLH1_boot.6	5.5e-322	1.0	1.83e-322	3.36e-322	1.9e-322
MLH1_boot.7	5.4e-322	1.0	1.73e-322	3.26e-322	3.7e-322
MLH1_boot.8	5.04e-322	1.0	1.63e-322	3.1e-322	1.73e-322
MLH1_boot.9	5.6e-322	0.9999999999999999	1.83e-322	3.4e-322	3.85e-322
MLH1_boot.10	5.7e-322	0.9999999999999999	1.83e-322	3.46e-322	3.95e-322
MLH1_boot.11	5.5e-322	1.0	1.83e-322	3.36e-322	3.8e-322
MLH1_boot.12	3.56e-322	0.9999999999999999	0.0	3.26e-322	1.83e-322
MLH1_boot.13	5.6e-322	1.0	1.83e-322	3.4e-322	3.9e-322
MLH1_boot.14	5.5e-322	1.0	1.83e-322	3.36e-322	1.9e-322
MLH1_boot.15	5.53e-322	1.0	1.83e-322	3.36e-322	1.93e-322
MLH1_boot.16	5.93e-322	0.9999999999999999	1.93e-322	3.6e-322	4.1e-322
MLH1_boot.17	5.83e-322	1.0	1.93e-322	3.56e-322	4e-322
MLH1_boot.18	5.73e-322	1.0	1.9e-322	3.46e-322	3.95e-322
MLH1_boot.19	7.56e-322	1.0	1.83e-322	5.2e-322	3.9e-322
MLH1_boot.20	7.9e-322	1.0	1.93e-322	3.6e-322	4.1e-322
MLH1_boot.21	8.05e-322	1.0	2e-322	5.53e-322	4.15e-322
MLH1_boot.22	7.9e-322	1.0	1.93e-322	5.43e-322	4.1e-322
MLH1_boot.23	6.03e-322	1.0	2e-322	3.66e-322	4.15e-322
MLH1_boot.24	7.7e-322	0.9999999999999999	1.93e-322	3.56e-322	4e-322
MLH1_boot.25	7.8e-322	0.9999999999999999	1.93e-322	5.4e-322	4.05e-322
MLH1_boot.26	7.86e-322	1.0	1.93e-322	5.4e-322	4.1e-322
MLH1_boot.27	7.86e-322	0.9999999999999999	1.93e-322	5.4e-322	4.1e-322
MLH1_boot.28	6e-322	1.0	2e-322	3.66e-322	4.15e-322
MLH1_boot.29	5.93e-322	1.0	2e-322	3.66e-322	2.08e-322
MLH1_boot.30	7.8e-322	1.0	1.93e-322	5.34e-322	4.05e-322
MLH1_boot.31	5.63e-322	1.0	1.83e-322	3.46e-322	3.9e-322
MLH1_boot.32	6e-322	1.0	2e-322	3.66e-322	4.15e-322
MLH1_boot.33	7.6e-322	1.0	1.9e-322	3.46e-322	3.95e-322
MLH1_boot.34	7.95e-322	1.0	2e-322	5.5e-322	4.15e-322
MLH1_boot.35	5.83e-322	1.0	1.93e-322	5.34e-322	4.05e-322
MLH1_boot.36	5.83e-322	1.0	1.93e-322	3.56e-322	4.05e-322
MLH1_boot.37	5.63e-322	1.0	1.83e-322	5.14e-322	3.9e-322
MLH1_boot.38	3.75e-322	1.0	1.83e-322	3.46e-322	2e-322
MLH1_boot.39	5.63e-322	1.0	1.83e-322	3.46e-322	2e-322
MLH1_boot.40	5.5e-322	1.0	1.83e-322	3.36e-322	1.9e-322
MLH1_boot.41	5.9e-322	1.0	0.0	3.56e-322	2.08e-322
MLH1_boot.42	5.83e-322	1.0	1.93e-322	3.56e-322	4.05e-322
MLH1_boot.43	5.5e-322	0.9999999999999999	1.83e-322	3.36e-322	1.9e-322
MLH1_boot.44	5.3e-322	1.0	1.73e-322	3.26e-322	1.83e-322
MLH1_boot.45	3.75e-322	1.0	0.0	3.4e-322	1.93e-322
MLH1_boot.46	5.53e-322	1.0	1.83e-322	3.36e-322	1.93e-322
MLH1_boot.47	5.73e-322	0.9999999999999999	1.9e-322	3.46e-322	3.95e-322
MLH1_boot.48	5.7e-322	1.0	1.9e-322	3.46e-322	2e-322
MLH1_boot.49	5.73e-322	1.0	1.9e-322	3.46e-322	2e-322
MLH1_boot.50	5.93e-322	1.0	1.93e-322	3.6e-322	4.1e-322
MLH1_boot.51	5.5e-322	1.0	1.83e-322	3.36e-322	1.9e-322
MLH1_boot.52	5.73e-322	1.0	1.9e-322	3.46e-322	2e-322
MLH1_real	5.4e-322	1.0	1.8e-322	3.3e-322	1.9e-322
MLH1_real.1	7.9e-322	0.9999999999999999	1.93e-322	3.6e-322	4.1e-322
MLH1_real.2	5.63e-322	1.0	1.83e-322	3.46e-322	2e-322
MSH2_boot	7.16e-322	1.0	1.73e-322	4.9e-322	3.7e-322
MSH2_boot.1	5.04e-322	0.9999999999999999	1.63e-322	4.6e-322	3.46e-322
MSH2_boot.2	6.77e-322	1.0	1.7e-322	4.64e-322	3.56e-322
MSH2_boot.3	6.9e-322	1.0	1.73e-322	4.8e-322	3.6e-322
MSH2_boot.4	6.9e-322	0.9999999999999999	1.73e-322	4.8e-322	3.6e-322
MSH2_boot.5	6.97e-322	1.0	1.73e-322	4.8e-322	3.6e-322
MSH2_boot.6	7.2e-322	1.0	1.8e-322	4.94e-322	3.75e-322
MSH2_boot.7	7.07e-322	0.9999999999999999	1.73e-322	4.84e-322	3.7e-322
MSH2_boot.8	5.14e-322	1.0	1.7e-322	4.7e-322	3.56e-322
MSH2_boot.9	5.24e-322	0.9999999999999999	1.73e-322	4.8e-322	3.6e-322
MSH2_boot.10	6.87e-322	1.0	1.7e-322	4.7e-322	3.56e-322
MSH2_boot.11	5.14e-322	1.0	1.7e-322	4.7e-322	3.56e-322
MSH2_boot.12	5.2e-322	1.0	1.73e-322	3.16e-322	3.6e-322
MSH2_boot.13	5.04e-322	1.0	1.63e-322	4.6e-322	3.5e-322
MSH2_boot.14	6.97e-322	0.9999999999999999	1.73e-322	4.8e-322	3.6e-322
MSH2_boot.15	6.8e-322	1.0	1.7e-322	4.7e-322	3.56e-322
MSH2_boot.16	7e-322	1.0	1.73e-322	4.84e-322	3.66e-322
MSH2_boot.17	6.8e-322	0.9999999999999999	1.7e-322	4.7e-322	3.56e-322
MSH2_boot.18	5.14e-322	1.0	1.7e-322	3.1e-322	3.56e-322
MSH2_boot.19	5.2e-322	1.0	1.73e-322	4.8e-322	3.6e-322
MSH2_boot.20	5.3e-322	1.0	1.73e-322	4.9e-322	3.7e-322
MSH2_boot.21	5.14e-322	1.0	1.73e-322	3.16e-322	1.8e-322
MSH2_boot.22	4.94e-322	1.0	1.63e-322	3e-322	1.73e-322
MSH2_boot.23	4.9e-322	0.9999999999999999	1.6e-322	2.96e-322	1.73e-322
MSH2_boot.24	5.04e-322	1.0	1.63e-322	3.1e-322	1.73e-322
MSH2_boot.25	5.14e-322	1.0	1.73e-322	3.1e-322	1.8e-322
MSH2_boot.26	4.9e-322	1.0	1.63e-322	3e-322	1.73e-322
MSH2_boot.27	5.04e-322	0.9999999999999999	1.63e-322	3.06e-322	3.46e-322
MSH2_boot.28	5.04e-322	1.0	1.63e-322	3.1e-322	3.5e-322
MSH2_boot.29	5.04e-322	1.0	1.63e-322	3.1e-322	1.73e-322
MSH2_boot.30	4.9e-322	1.0	1.63e-322	3e-322	3.4e-322
MSH2_boot.31	5.04e-322	1.0	1.63e-322	3.1e-322	3.5e-322
MSH2_boot.32	5.04e-322	1.0	1.7e-322	3.1e-322	3.5e-322
MSH2_boot.33	4.9e-322	1.0	1.6e-322	2.96e-322	1.73e-322
MSH2_boot.34	5.24e-322	1.0	1.73e-322	3.2e-322	3.6e-322
MSH2_real	6.9e-322	1.0	1.73e-322	4.8e-322	3.6e-322
MSH2_real.1	5.04e-322	0.9999999999999999	1.63e-322	3.1e-322	1.73e-322
MSH6_boot	5.63e-322	1.0	1.83e-322	3.46e-322	3.9e-322
MSH6_boot.1	5.6e-322	1.0	1.83e-322	3.4e-322	3.85e-322
MSH6_boot.2	5.7e-322	0.9999999999999999	1.83e-322	3.46e-322	3.9e-322
MSH6_boot.3	4.9e-322	0.9999999999999999	1.63e-322	3e-322	1.73e-322
MSH6_boot.4	5.63e-322	0.9999999999999999	1.83e-322	3.46e-322	3.9e-322
MSH6_boot.5	5.7e-322	1.0	1.83e-322	3.46e-322	3.95e-322
MSH6_boot.6	5.53e-322	0.9999999999999999	1.83e-322	5.04e-322	3.8e-322
MSH6_boot.7	5.6e-322	1.0	1.83e-322	5.14e-322	3.9e-322
MSH6_boot.8	5.63e-322	1.0	1.83e-322	3.46e-322	3.9e-322
MSH6_boot.9	5.4e-322	1.0	1.73e-322	3.3e-322	3.7e-322
MSH6_boot.10	7.36e-322	1.0	1.83e-322	5.04e-322	3.8e-322
MSH6_boot.11	5.5e-322	0.9999999999999999	1.83e-322	5e-322	3.8e-322
MSH6_boot.12	5.4e-322	0.9999999999999999	1.8e-322	4.94e-322	3.75e-322
MSH6_boot.13	5.63e-322	1.0	1.83e-322	5.14e-322	3.9e-322
MSH6_boot.14	5.6e-322	1.0	1.83e-322	5.14e-322	3.9e-322
MSH6_boot.15	5.6e-322	0.9999999999999999	1.83e-322	5.14e-322	3.9e-322
MSH6_boot.16	5.53e-322	1.0	1.83e-322	3.36e-322	3.85e-322
MSH6_boot.17	5.5e-322	0.9999999999999999	1.83e-322	3.36e-322	1.9e-322
MSH6_boot.18	5.4e-322	1.0	1.73e-322	4.94e-322	3.7e-322
MSH6_boot.19	5.53e-322	1.0	1.83e-322	3.36e-322	3.85e-322
MSH6_boot.20	5.7e-322	1.0	1.83e-322	5.24e-322	3.95e-322
MSH6_boot.21	5.63e-322	1.0	1.83e-322	5.14e-322	3.9e-322
MSH6_boot.22	5.5e-322	1.0	1.83e-322	5e-322	3.8e-322
MSH6_boot.23	7.9e-322	0.9999999999999999	1.93e-322	5.43e-322	6.13e-322
MSH6_boot.24	5.4e-322	1.0	1.73e-322	3.26e-322	1.9e-322
MSH6_boot.25	7.86e-322	1.0	1.93e-322	5.4e-322	4.05e-322
MSH6_boot.26	5.4e-322	1.0	1.73e-322	3.26e-322	1.9e-322
MSH6_boot.27	5.63e-322	0.9999999999999999	1.83e-322	5.14e-322	3.9e-322
MSH6_boot.28	7.3e-322	1.0	1.83e-322	5.04e-322	3.8e-322
MSH6_boot.29	6.2e-322	1.0	2.03e-322	3.75e-322	4.25e-322
MSH6_boot.30	5.9e-322	0.9999999999999999	1.93e-322	3.56e-322	4.05e-322
MSH6_boot.31	5.83e-322	0.9999999999999999	1.93e-322	3.56e-322	4.05e-322
MSH6_boot.32	5.83e-322	1.0	1.93e-322	3.56e-322	4.05e-322
MSH6_boot.33	5.7e-322	1.0	1.83e-322	3.46e-322	2e-322
MSH6_boot.34	5.7e-322	1.0	1.83e-322	3.46e-322	3.95e-322
MSH6_boot.35	5.04e-322	0.9999999999999999	1.7e-322	3.1e-322	1.73e-322
MSH6_boot.36	6.1e-322	1.0	2e-322	3.7e-322	4.25e-322
MSH6_boot.37	5.93e-322	1.0	1.93e-322	3.6e-322	4.15e-322
MSH6_boot.38	5.8e-322	0.9999999999999999	1.93e-322	3.56e-322	4e-322
MSH6_boot.39	5.6e-322	0.9999999999999999	1.83e-322	3.46e-322	3.9e-322
MSH6_boot.40	5.7e-322	1.0	1.83e-322	5.2e-322	3.9e-322
MSH6_boot.41	5.93e-322	1.0	1.93e-322	3.66e-322	4.15e-322
MSH6_boot.42	7.7e-322	1.0	1.9e-322	5.24e-322	6e-322
MSH6_boot.43	5.63e-322	1.0	1.83e-322	3.46e-322	3.9e-322
MSH6_boot.44	5.73e-322	1.0	1.9e-322	3.46e-322	3.95e-322
MSH6_boot.45	5.93e-322	1.0	1.93e-322	3.6e-322	4.1e-322
MSH6_boot.46	9.7e-322	1.0	3.8e-322	7.1e-322	6.03e-322
MSH6_boot.47	5.73e-322	0.9999999999999999	1.9e-322	3.46e-322	3.95e-322
MSH6_boot.48	7.4e-322	0.9999999999999999	3.66e-322	6.8e-322	5.8e-322
MSH6_boot.49	5.7e-322	1.0	1.83e-322	3.46e-322	3.95e-322
MSH6_boot.50	7.9e-322	1.0	1.93e-322	3.6e-322	4.1e-322
MSH6_boot.51	7.8e-322	1.0	1.93e-322	3.56e-322	4.05e-322
MSH6_boot.52	5.7e-322	0.9999999999999999	1.83e-322	5.2e-322	3.9e-322
MSH6_boot.53	7.4e-322	1.0	1.83e-322	5.1e-322	3.85e-322
MSH6_boot.54	5.83e-322	0.9999999999999999	1.93e-322	3.56e-322	4.05e-322
MSH6_boot.55	9.7e-322	0.9999999999999999	3.8e-322	7.1e-322	6.1e-322
MSH6_boot.56	6e-322	1.0	2e-322	3.66e-322	4.15e-322
MSH6_boot.57	5.53e-322	1.0	1.83e-322	3.36e-322	3.8e-322
MSH6_boot.58	5.93e-322	1.0	1.93e-322	3.6e-322	4.1e-322
MSH6_boot.59	7.5e-322	1.0	1.83e-322	5.14e-322	3.9e-322
MSH6_boot.60	7.1e-322	1.0	1.73e-322	4.9e-322	5.53e-322
MSH6_boot.61	5.83e-322	1.0	1.93e-322	3.56e-322	4.05e-322
MSH6_boot.62	5.63e-322	1.0	1.83e-322	3.46e-322	3.9e-322
MSH6_boot.63	7.8e-322	1.0	3.85e-322	5.34e-322	6.1e-322
MSH6_boot.64	5.73e-322	0.9999999999999999	1.9e-322	3.46e-322	3.95e-322
MSH6_boot.65	7.36e-322	1.0	1.83e-322	5.04e-322	3.8e-322
MSH6_boot.66	7.3e-322	1.0	1.83e-322	5.04e-322	3.8e-322
MSH6_boot.67	5.43e-322	1.0	1.83e-322	3.3e-322	3.8e-322
MSH6_boot.68	5.73e-322	1.0	1.9e-322	3.5e-322	4e-322
MSH6_boot.69	5.4e-322	1.0	1.73e-322	4.9e-322	3.7e-322
MSH6_boot.70	5.73e-322	1.0	1.9e-322	5.24e-322	3.95e-322
MSH6_boot.71	7.56e-322	1.0	1.83e-322	5.14e-322	3.9e-322
MSH6_boot.72	5.63e-322	1.0	1.83e-322	3.46e-322	3.9e-322
MSH6_boot.73	7.26e-322	0.9999999999999999	1.83e-322	5.04e-322	3.8e-322
MSH6_boot.74	5.63e-322	1.0	1.83e-322	3.46e-322	3.9e-322
MSH6_boot.75	7.6e-322	1.0	1.9e-322	5.24e-322	3.95e-322
MSH6_boot.76	7.26e-322	0.9999999999999999	1.8e-322	5e-322	5.63e-322
MSH6_boot.77	7.7e-322	0.9999999999999999	1.93e-322	5.34e-322	4.05e-322
MSH6_boot.78	5.43e-322	1.0	1.8e-322	3.3e-322	3.8e-322
MSH6_boot.79	7.26e-322	1.0	1.8e-322	4.94e-322	3.75e-322
MSH6_boot.80	5.3e-322	1.0	1.73e-322	4.84e-322	3.66e-322
MSH6_boot.81	7.7e-322	1.0	1.9e-322	5.24e-322	4e-322
MSH6_boot.82	5.43e-322	1.0	1.8e-322	3.3e-322	3.8e-322
MSH6_boot.83	7.36e-322	1.0	1.83e-322	5.04e-322	3.8e-322
MSH6_boot.84	5.5e-322	1.0	1.83e-322	3.36e-322	3.8e-322
MSH6_boot.85	5.24e-322	1.0	1.73e-322	3.2e-322	3.6e-322
MSH6_boot.86	7.26e-322	1.0	1.83e-322	5e-322	5.7e-322
MSH6_boot.87	7.16e-322	1.0	1.73e-322	4.94e-322	3.7e-322
MSH6_boot.88	5.5e-322	1.0	1.83e-322	5e-322	3.8e-322
MSH6_boot.89	7.6e-322	1.0	1.9e-322	5.24e-322	3.95e-322
MSH6_boot.90	5.53e-322	1.0	1.83e-322	3.36e-322	3.85e-322
MSH6_boot.91	5.53e-322	0.9999999999999999	1.83e-322	3.36e-322	3.85e-322
MSH6_boot.92	5.24e-322	0.9999999999999998	1.73e-322	3.2e-322	3.6e-322
MSH6_boot.93	7.46e-322	1.0	1.83e-322	5.14e-322	5.8e-322
MSH6_boot.94	5.3e-322	1.0	1.73e-322	3.26e-322	3.7e-322
MSH6_boot.95	7.36e-322	0.9999999999999999	1.83e-322	5.04e-322	3.8e-322
MSH6_boot.96	5.34e-322	1.0	1.73e-322	3.26e-322	3.7e-322
MSH6_boot.97	9.6e-322	1.0	3.75e-322	7e-322	6e-322
MSH6_boot.98	7.4e-322	1.0	1.83e-322	3.36e-322	3.85e-322
MSH6_boot.99	7.2e-322	1.0	1.8e-322	4.94e-322	3.7e-322
MSH6_boot.100	5.5e-322	0.9999999999999999	1.83e-322	3.36e-322	3.8e-322
MSH6_boot.101	5.63e-322	0.9999999999999999	1.83e-322	5.14e-322	3.9e-322
MSH6_boot.102	7.26e-322	0.9999999999999999	1.83e-322	5e-322	5.7e-322
MSH6_boot.103	5.5e-322	1.0	1.83e-322	3.36e-322	3.8e-322
MSH6_real	5.6e-322	1.0	1.83e-322	3.46e-322	3.9e-322
MSH6_real.1	5.6e-322	1.0	1.83e-322	3.36e-322	3.85e-322
MSH6_real.2	7.6e-322	1.0	1.9e-322	5.24e-322	3.95e-322
MSH6_real.3	5.83e-322	1.0	1.93e-322	3.56e-322	4.05e-322
MSH6_real.4	7.5e-322	0.9999999999999999	1.83e-322	3.46e-322	3.9e-322
MSH6_real.5	7.36e-322	1.0	1.83e-322	5.04e-322	3.8e-322
MSH6_real.6	5.43e-322	1.0	1.83e-322	3.3e-322	3.8e-322
PMS1_boot	1.41657756e-315	2.984e-321	0.08365997616148663	0.5324596192231126	0.3838804046154007
PMS1_boot.1	0.26473253990208023	3.794e-321	1.655e-321	0.3361925542673822	0.3990749058305376
PMS1_boot.2	6.477e-321	2.33e-321	0.08706603203978117	0.49939807037996875	0.41353589758025017
PMS1_boot.3	0.21134150761086576	3.31e-321	1.04e-321	0.27781222447823345	0.5108462679109008
PMS1_boot.4	2.904686380759584e-194	7.095e-321	0.09008450414685705	0.42897278569620934	0.4809427101569336
PMS1_boot.5	0.24807996005821492	1.8e-321	9.04e-322	0.0644080838065619	0.6875119561352233
PMS1_boot.6	0.05486734854201601	1.0637e-320	4.59e-321	0.685066894301481	0.2600657571565029
PMS1_boot.7	0.22136090696691973	1.744e-321	1.01e-321	0.42246081614614006	0.3561782768869402
PMS1_boot.8	3.893624767271202e-303	6.154632130765102e-24	0.11643255789999409	0.48485960352416657	0.3987078385758393
PMS1_boot.9	6.437003190716702e-255	8.7e-321	5.534e-321	0.5913519023140932	0.40864809768590693
PMS1_boot.10	0.08073867156399825	9.86613308372049e-195	1.206e-321	0.4919295982963534	0.42733173013964837
PMS1_boot.11	4.664e-321	1.94e-321	0.02037007834934489	0.4324084921629297	0.5472214294877255
PMS1_boot.12	8.034e-321	1.358e-320	0.07972457017284036	0.41762690274699216	0.5026485270801675
PMS1_boot.13	3.117096330026327e-129	0.0006704734213556915	2.4e-321	0.49475143851771436	0.50457808806093
PMS1_boot.14	0.02073599904380612	2.19767e-318	1.38e-321	0.7897954068644553	0.18946859409173866
PMS1_boot.15	5.914e-321	5.13e-321	1.2053692284895421e-214	0.7730042084368575	0.22699579156314253
PMS1_boot.16	0.07204374975629853	3.063e-321	1.477e-321	0.6575671984749953	0.27038905176870615
PMS1_boot.17	0.16247153657719868	5.354298962460322e-20	1.06e-321	0.5488951430226611	0.2886333204001402
PMS1_boot.18	0.1880805330535892	4.807e-321	2.105e-321	0.6382299508764684	0.17368951606994237
PMS1_boot.19	0.0355959198828927	1.89e-321	1.31e-321	0.4446460883364636	0.5197579917806439
PMS1_boot.20	0.00942960333807278	0.10335927086825998	1.107e-321	0.5469754896796786	0.3402356361139886
PMS1_boot.21	0.2574514592093416	3.844e-321	9.4e-322	0.5886913319593321	0.1538572088313263
PMS1_boot.22	0.011458893393658305	4.214e-321	1.754e-321	0.7526321804601668	0.23590892614617487
PMS1_boot.23	0.1888323199466995	3.03e-321	1.28e-321	0.6323802521628622	0.17878742789043833
PMS1_boot.24	1.093e-320	2.1912421562093562e-135	2.76e-321	0.7260647852660611	0.27393521473393895
PMS1_boot.25	0.28690874129488464	3.676e-321	1.275e-321	0.43772202066718924	0.2753692380379262
PMS1_boot.26	0.37069800545411075	3.17e-321	8.05e-322	0.3746272702678912	0.2546747242779979
PMS1_boot.27	0.12397106552352988	7.446e-321	9.2e-322	0.6193573867767554	0.2566715476997147
PMS1_boot.28	1.4979729712942947e-218	6.443e-321	3.394e-321	0.6907992789076355	0.3092007210923646
PMS1_boot.29	0.007488187120692614	4.526e-321	1.527e-321	0.9113954095350872	0.08111640334421996
PMS1_boot.30	0.1321101406228209	6.804677428849138e-246	5.217e-321	0.6188210135262897	0.2490688458508893
PMS1_boot.31	0.3058625098795111	5.49e-321	5.140201063707e-312	0.3953728338056022	0.29876465631488675
PMS1_boot.32	0.5557072724602183	2.826e-321	2.02e-321	0.43950633464068317	0.004786392899098599
PMS1_boot.33	0.09366268796906313	4.204e-321	4.8055125177869775e-14	0.5714040270639248	0.3349332849669641
PMS1_boot.34	0.07963215309869758	6.222410031519743e-41	2.564e-321	0.8606398801300905	0.05972796677121192
PMS1_boot.35	0.20867864911651163	8.444e-321	1.6271410021105497e-234	0.7626205167861476	0.028700834097340765
PMS1_boot.36	1.73766972096978e-179	8.38e-321	0.03887648974032061	0.6095588213972525	0.35156468886242676
PMS1_boot.37	0.07891892577855332	7.6525801872604e-310	4.62e-321	0.9210810742214467	9.993674272775022e-172
PMS1_boot.38	0.4038253947226709	1.0025e-320	1.645e-321	0.5278434979710793	0.06833110730624986
PMS1_boot.39	0.36253092161481343	8.53e-321	2.03e-321	0.6374690783851866	6.162041803197986e-184
PMS1_boot.40	0.1323533814739451	8.31e-321	1.84e-321	0.6013084897633033	0.26633812876275165
PMS1_boot.41	0.10577425152307428	6.392378779812458e-103	1.5075587981395924e-109	0.8050614262457672	0.08916432223115872
PMS1_real	0.055653733359970724	4.456e-321	1.734e-321	0.49009149279275	0.45425477384727914
PMS1_real.1	0.06974300120971852	5.03e-321	1.27e-321	0.6233496687466564	0.30690733004362486
PMS1_real.2	0.18053176371280377	7.905e-321	5.183e-321	0.6888079215441332	0.130660314743063
PMS2_boot	1.514e-320	0.9197256402257259	3.85e-322	1.16e-321	0.08027435977427405
PMS2_boot.1	1.4975e-320	0.829398035712558	6.2e-322	1.01e-321	0.17060196428744198
PMS2_boot.2	1.6146e-320	0.9154463116242184	3.66e-322	1.11e-321	0.08455368837578155
PMS2_boot.3	7.87e-321	0.8973944577942681	3.4e-322	1.05e-321	0.10260554220573183
PMS2_boot.4	1.4926e-320	0.8167731284470621	6.57e-322	1.09e-321	0.183226871552938
PMS2_boot.5	9.353e-321	0.8846842451968708	6.37e-322	9.93e-322	0.115315754803129
PMS2_boot.6	1.62e-320	0.9086304810345172	3.66e-322	1.11e-321	0.09136951896548286
PMS2_boot.7	1.0247e-320	0.8902633230268322	6.5e-322	1.013e-321	0.10973667697316772
PMS2_boot.8	7.05e-321	0.8648018700764554	6.5e-322	1.042e-321	0.13519812992354455
PMS2_boot.9	1.6255e-320	0.7599064989301667	5.63e-322	9.8e-322	0.24009350106983327
PMS2_boot.10	7.99e-321	0.8281052996618682	5.8e-322	9.6e-322	0.1718947003381318
PMS2_boot.11	9.647123147898223e-155	0.8669060019831306	3.2e-322	1.02e-321	0.1330939980168694
PMS2_boot.12	1.806e-320	0.8433535575707141	3.06e-322	1e-321	0.15664644242928577
PMS2_boot.13	9.224e-321	0.913784680780294	6.7e-322	1.033e-321	0.08621531921970617
PMS2_boot.14	1.464904704344708e-232	0.8617789376482448	3.36e-322	7.2e-322	0.13822106235175535
PMS2_boot.15	2.2613167303705783e-292	0.9529864267699018	3.56e-322	6.97e-322	0.04701357323009822
PMS2_boot.16	2.7747e-320	0.964818101601283	3.85e-322	7.46e-322	0.03518189839871695
PMS2_boot.17	0.028649307200668526	0.9029814661187036	3.7e-322	7.5e-322	0.06836922668062798
PMS2_boot.18	2.0001542484269402e-187	0.9055921651762712	3.66e-322	7.4e-322	0.0944078348237287
PMS2_boot.19	0.1039472593407676	0.8410843928815727	3.6e-322	7.46e-322	0.05496834777765975
PMS2_boot.20	4.767121877128861e-75	0.8954708538308973	3.6e-322	7.46e-322	0.10452914616910264
PMS2_boot.21	6.03129144036929e-135	0.9177944869937819	3.46e-322	7.07e-322	0.082205513006218
PMS2_boot.22	1.5316e-320	0.9833525049142778	4.1e-322	7.76e-322	0.01664749508572215
PMS2_boot.23	7.243622037948454e-55	0.890110571546193	3.3e-322	6.9e-322	0.10988942845380706
PMS2_boot.24	1.422555849851564e-256	0.9106078563539954	3.75e-322	7.66e-322	0.0893921436460046
PMS2_boot.25	1.451e-320	0.9962905164829617	4.05e-322	7.6e-322	0.0037094835170382924
PMS2_boot.26	2.254e-320	0.9095782584599141	3.75e-322	7.66e-322	0.09042174154008586
PMS2_boot.27	1.9561555398539313e-10	0.947451910010876	3.95e-322	7.8e-322	0.05254808979350835
PMS2_boot.28	1.4155e-320	0.9250180644881049	3.56e-322	7.07e-322	0.07498193551189511
PMS2_boot.29	1.335e-320	0.9572677762052769	3.75e-322	7.36e-322	0.04273222379472314
PMS2_boot.30	1.842e-320	0.9547915458470982	3.95e-322	7.76e-322	0.045208454152901874
PMS2_boot.31	2.3256e-320	0.9460352569678778	3.7e-322	7.36e-322	0.05396474303212217
PMS2_boot.32	1.507e-320	0.9671420949981948	3.85e-322	7.4e-322	0.0328579050018052
PMS2_boot.33	2.1937e-320	0.9258986303515492	3.7e-322	7.46e-322	0.07410136964845081
PMS2_boot.34	2.2114e-320	0.935105286272305	3.75e-322	7.56e-322	0.06489471372769508
PMS2_boot.35	1.0543e-320	0.8208814574727721	6.23e-322	6.8e-322	0.17911854252722786
PMS2_boot.36	1.045e-320	0.7966849816834506	6.03e-322	1.013e-321	0.20331501831654927
PMS2_boot.37	1.23e-320	0.8009004949519534	3.2e-322	7.16e-322	0.1990995050480466
PMS2_boot.38	1.1714e-320	0.7854949052793001	6.23e-322	7e-322	0.21450509472069978
PMS2_boot.39	1.201e-320	0.7881253488096642	6e-322	6.77e-322	0.21187465119033577
PMS2_boot.40	6.235e-321	0.7956565181616203	6.03e-322	1.023e-321	0.20434348183837978
PMS2_boot.41	1.561e-320	0.8492956562896741	3.66e-322	7.9e-322	0.15070434371032584
PMS2_boot.42	1.357e-320	0.8529257061274518	3.26e-322	7.07e-322	0.14707429387254817
PMS2_boot.43	9.165e-321	0.7945561078825965	6.2e-322	6.97e-322	0.2054438921174036
PMS2_boot.44	8.25e-321	0.7667358161195149	5.9e-322	1.023e-321	0.23326418388048512
PMS2_boot.45	1.631e-320	0.7902296887739307	3.26e-322	7.46e-322	0.20977031122606937
PMS2_boot.46	1.7534e-320	0.8210532845428086	3.4e-322	7.46e-322	0.17894671545719157
PMS2_boot.47	1.288e-320	0.8184000650905073	3.26e-322	7.3e-322	0.1815999349094928
PMS2_real	1.2386e-320	0.8526476581202141	6.37e-322	1.023e-321	0.14735234187978596
PMS2_real.1	2.6556e-320	0.9222129559415468	3.6e-322	7.36e-322	0.07778704405845327
PMS2_real.2	1.0094e-320	0.8098193308259183	3.16e-322	7.07e-322	0.19018066917408155
