Samples	SBS96A	SBS96B	SBS96C	SBS96D	SBS96E
OGG1_boot	7.49E-02	4.33E-02	1.61E-01	7.05E-02	6.16E-01
OGG1_boot.1	5.44E-02	4.38E-02	5.73E-02	7.35E-02	6.83E-02
OGG1_boot.2	5.44E-02	4.27E-02	5.79E-02	7.35E-02	6.96E-02
OGG1_boot.3	7.87E-02	4.47E-02	1.70E-01	7.16E-02	5.22E-01
OGG1_boot.4	5.52E-02	4.27E-02	5.23E-02	7.22E-02	7.07E-02
OGG1_boot.5	5.41E-02	3.97E-02	5.88E-02	7.47E-02	6.89E-02
OGG1_boot.6	5.41E-02	4.22E-02	5.46E-02	7.26E-02	6.82E-02
OGG1_boot.7	5.41E-02	4.26E-02	5.59E-02	7.31E-02	6.86E-02
OGG1_boot.8	5.44E-02	4.19E-02	5.59E-02	7.30E-02	7.03E-02
OGG1_boot.9	5.48E-02	4.23E-02	5.16E-02	7.20E-02	6.99E-02
OGG1_boot.10	5.45E-02	3.81E-02	5.99E-02	7.44E-02	7.14E-02
OGG1_boot.11	7.85E-02	4.60E-02	1.63E-01	7.12E-02	6.15E-01
OGG1_boot.12	7.75E-02	4.46E-02	1.68E-01	7.07E-02	6.22E-01
OGG1_boot.13	5.42E-02	4.31E-02	5.56E-02	7.28E-02	6.80E-02
OGG1_boot.14	7.58E-02	4.70E-02	1.46E-01	7.09E-02	7.27E-01
OGG1_boot.15	7.62E-02	4.83E-02	1.41E-01	7.09E-02	7.75E-01
OGG1_boot.16	7.52E-02	4.31E-02	1.63E-01	7.09E-02	5.39E-01
OGG1_boot.17	7.71E-02	4.59E-02	1.52E-01	7.19E-02	5.51E-01
OGG1_boot.18	7.75E-02	4.59E-02	1.54E-01	7.20E-02	5.33E-01
OGG1_boot.19	5.49E-02	4.17E-02	5.31E-02	7.25E-02	7.12E-02
OGG1_boot.20	7.61E-02	4.60E-02	1.50E-01	7.11E-02	6.47E-01
OGG1_boot.21	5.41E-02	4.32E-02	5.84E-02	7.37E-02	6.89E-02
OGG1_boot.22	5.53E-02	4.32E-02	5.09E-02	7.20E-02	7.03E-02
OGG1_boot.23	7.82E-02	4.50E-02	1.67E-01	7.13E-02	6.01E-01
OGG1_boot.24	7.57E-02	4.84E-02	1.40E-01	7.09E-02	8.82E-01
OGG1_boot.25	5.46E-02	4.30E-02	5.31E-02	7.24E-02	6.90E-02
OGG1_boot.26	5.46E-02	4.32E-02	5.32E-02	7.25E-02	6.90E-02
OGG1_boot.27	5.47E-02	4.29E-02	5.95E-02	7.42E-02	7.12E-02
OGG1_boot.28	5.41E-02	4.15E-02	5.45E-02	7.27E-02	6.88E-02
OGG1_boot.29	7.77E-02	4.49E-02	1.67E-01	7.06E-02	6.38E-01
OGG1_boot.30	5.44E-02	4.55E-02	5.89E-02	7.39E-02	6.71E-02
OGG1_boot.31	7.82E-02	4.39E-02	1.73E-01	7.13E-02	5.14E-01
OGG1_boot.32	5.45E-02	4.24E-02	5.40E-02	7.27E-02	6.97E-02
OGG1_boot.33	7.83E-02	4.48E-02	1.69E-01	7.11E-02	5.52E-01
OGG1_boot.34	5.43E-02	4.23E-02	5.39E-02	7.25E-02	6.91E-02
OGG1_boot.35	5.42E-02	4.11E-02	5.44E-02	7.29E-02	7.01E-02
OGG1_boot.36	7.55E-02	4.48E-02	1.54E-01	7.07E-02	6.24E-01
OGG1_boot.37	5.45E-02	4.30E-02	5.55E-02	7.30E-02	6.96E-02
OGG1_boot.38	5.40E-02	3.82E-02	5.72E-02	7.35E-02	6.89E-02
OGG1_boot.39	7.94E-02	4.54E-02	1.67E-01	7.22E-02	4.94E-01
OGG1_boot.40	7.75E-02	4.50E-02	1.66E-01	7.05E-02	6.35E-01
OGG1_boot.41	5.44E-02	4.32E-02	5.64E-02	7.33E-02	6.85E-02
OGG1_boot.42	7.77E-02	4.60E-02	1.62E-01	7.06E-02	6.73E-01
OGG1_boot.43	5.44E-02	4.18E-02	5.66E-02	7.32E-02	7.06E-02
OGG1_boot.44	5.46E-02	4.22E-02	5.80E-02	7.37E-02	7.14E-02
OGG1_boot.45	5.41E-02	4.24E-02	5.57E-02	7.30E-02	6.89E-02
OGG1_boot.46	5.45E-02	4.22E-02	5.19E-02	7.18E-02	6.90E-02
OGG1_boot.47	5.43E-02	4.13E-02	5.47E-02	7.25E-02	6.99E-02
OGG1_boot.48	7.54E-02	4.61E-02	1.48E-01	7.05E-02	7.59E-01
OGG1_boot.49	5.45E-02	4.08E-02	5.22E-02	7.20E-02	7.02E-02
OGG1_boot.50	7.70E-02	4.44E-02	1.69E-01	7.04E-02	6.51E-01
OGG1_boot.51	5.43E-02	3.66E-02	5.81E-02	7.37E-02	7.07E-02
OGG1_boot.52	5.41E-02	3.96E-02	5.76E-02	7.38E-02	6.84E-02
OGG1_boot.53	5.46E-02	4.14E-02	5.28E-02	7.21E-02	7.00E-02
OGG1_boot.54	5.43E-02	4.16E-02	5.53E-02	7.29E-02	7.03E-02
OGG1_boot.55	7.52E-02	4.66E-02	1.46E-01	7.03E-02	8.28E-01
OGG1_boot.56	5.43E-02	4.21E-02	5.48E-02	7.26E-02	6.87E-02
OGG1_boot.57	7.78E-02	4.48E-02	1.68E-01	7.08E-02	6.12E-01
OGG1_boot.58	7.51E-02	4.46E-02	1.55E-01	7.04E-02	6.36E-01
OGG1_boot.59	5.45E-02	4.05E-02	5.52E-02	7.29E-02	7.17E-02
OGG1_boot.60	5.46E-02	4.10E-02	5.23E-02	7.22E-02	7.04E-02
OGG1_boot.61	7.53E-02	4.58E-02	1.50E-01	7.06E-02	6.98E-01
OGG1_boot.62	5.44E-02	4.10E-02	5.18E-02	7.18E-02	6.94E-02
OGG1_boot.63	7.69E-02	4.54E-02	1.64E-01	7.01E-02	7.35E-01
OGG1_boot.64	5.40E-02	3.74E-02	5.60E-02	7.34E-02	6.99E-02
OGG1_boot.65	7.60E-02	4.73E-02	1.44E-01	7.09E-02	7.84E-01
OGG1_boot.66	7.72E-02	4.51E-02	1.65E-01	7.03E-02	7.06E-01
OGG1_boot.67	7.52E-02	4.47E-02	1.55E-01	7.05E-02	6.69E-01
OGG1_boot.68	7.51E-02	4.66E-02	1.46E-01	7.03E-02	8.45E-01
OGG1_boot.69	7.68E-02	4.53E-02	1.65E-01	6.99E-02	7.15E-01
OGG1_boot.70	5.40E-02	4.26E-02	5.47E-02	7.26E-02	6.84E-02
OGG1_boot.71	5.42E-02	4.15E-02	5.50E-02	7.26E-02	6.97E-02
OGG1_boot.72	7.47E-02	4.62E-02	1.48E-01	6.99E-02	7.91E-01
OGG1_boot.73	7.72E-02	4.52E-02	1.65E-01	7.03E-02	7.02E-01
OGG1_boot.74	7.52E-02	4.65E-02	1.46E-01	7.05E-02	8.09E-01
OGG1_boot.75	5.41E-02	4.23E-02	5.50E-02	7.27E-02	6.90E-02
OGG1_boot.76	5.43E-02	3.80E-02	5.82E-02	7.36E-02	7.04E-02
OGG1_boot.77	7.53E-02	4.63E-02	1.48E-01	7.04E-02	7.29E-01
OGG1_boot.78	5.41E-02	3.86E-02	5.71E-02	7.35E-02	6.99E-02
OGG1_boot.79	7.53E-02	4.57E-02	1.50E-01	7.06E-02	7.50E-01
OGG1_boot.80	7.77E-02	4.55E-02	1.64E-01	7.06E-02	6.78E-01
OGG1_boot.81	5.43E-02	4.16E-02	5.75E-02	7.32E-02	7.06E-02
OGG1_boot.82	7.80E-02	4.50E-02	1.67E-01	7.10E-02	6.00E-01
OGG1_boot.83	5.40E-02	4.12E-02	5.51E-02	7.28E-02	6.93E-02
OGG1_boot.84	5.43E-02	4.20E-02	5.65E-02	7.33E-02	7.05E-02
OGG1_boot.85	5.43E-02	4.25E-02	5.70E-02	7.33E-02	6.97E-02
OGG1_boot.86	5.43E-02	4.12E-02	5.34E-02	7.24E-02	6.98E-02
OGG1_boot.87	5.41E-02	4.14E-02	5.40E-02	7.26E-02	6.92E-02
OGG1_boot.88	5.42E-02	4.12E-02	5.48E-02	7.27E-02	6.99E-02
OGG1_boot.89	7.58E-02	4.55E-02	1.51E-01	7.11E-02	6.70E-01
OGG1_boot.90	5.55E-02	4.18E-02	5.40E-02	7.31E-02	7.31E-02
OGG1_boot.91	5.40E-02	4.24E-02	5.52E-02	7.29E-02	6.88E-02
OGG1_boot.92	7.55E-02	4.61E-02	1.48E-01	7.09E-02	6.89E-01
OGG1_boot.93	7.69E-02	4.71E-02	1.46E-01	7.22E-02	6.45E-01
OGG1_boot.94	5.64E-02	4.16E-02	5.21E-02	7.32E-02	7.50E-02
OGG1_boot.95	7.61E-02	4.74E-02	1.44E-01	7.13E-02	7.26E-01
OGG1_boot.96	7.87E-02	4.92E-02	1.42E-01	7.40E-02	5.75E-01
OGG1_boot.97	5.44E-02	4.25E-02	5.24E-02	7.24E-02	6.88E-02
OGG1_boot.98	1.98E-01	5.16E-02	1.44E-01	1.41E-01	1.09E-01
OGG1_boot.99	9.07E-02	1.08E-01	1.06E-01	1.55E-01	6.04E-02
OGG1_boot.100	9.10E-02	1.21E-01	1.05E-01	1.55E-01	6.06E-02
OGG1_boot.101	8.65E-02	1.22E-01	1.17E-01	1.62E-01	5.33E-02
OGG1_boot.102	8.96E-02	1.12E-01	1.13E-01	1.58E-01	6.14E-02
OGG1_boot.103	1.00E-01	1.02E-01	1.01E-01	1.45E-01	6.06E-02
OGG1_boot.104	1.99E-01	1.01E-01	1.49E-01	1.47E-01	1.13E-01
OGG1_boot.105	9.33E-02	9.11E-02	1.05E-01	1.52E-01	5.92E-02
OGG1_boot.106	1.87E-01	5.58E-02	1.30E-01	1.38E-01	1.01E-01
OGG1_boot.107	1.93E-01	6.20E-02	1.33E-01	1.44E-01	1.02E-01
OGG1_boot.108	9.04E-02	1.33E-01	1.03E-01	1.54E-01	6.05E-02
OGG1_boot.109	8.99E-02	1.17E-01	1.21E-01	1.66E-01	5.24E-02
OGG1_boot.110	9.27E-02	1.15E-01	1.10E-01	1.53E-01	6.12E-02
OGG1_boot.111	9.52E-02	6.32E-02	1.04E-01	1.43E-01	6.01E-02
OGG1_boot.112	9.40E-02	1.15E-01	1.09E-01	1.53E-01	6.06E-02
OGG1_boot.113	9.19E-02	1.02E-01	1.17E-01	1.57E-01	6.16E-02
OGG1_boot.114	1.95E-01	1.09E-01	1.36E-01	1.39E-01	1.08E-01
OGG1_boot.115	9.86E-02	1.35E-01	1.06E-01	1.59E-01	6.26E-02
OGG1_boot.116	1.78E-01	6.36E-02	1.20E-01	1.28E-01	9.98E-02
OGG1_boot.117	1.01E-01	1.72E-01	1.16E-01	1.61E-01	6.36E-02
OGG1_boot.118	1.90E-01	1.23E-01	1.30E-01	1.36E-01	1.04E-01
OGG1_boot.119	1.91E-01	7.26E-02	1.27E-01	1.38E-01	1.05E-01
OGG1_boot.120	9.46E-02	1.18E-01	1.09E-01	1.61E-01	6.25E-02
OGG1_boot.121	1.04E-01	1.53E-01	1.27E-01	1.69E-01	6.27E-02
OGG1_boot.122	1.91E-01	7.03E-02	1.44E-01	1.38E-01	1.05E-01
OGG1_boot.123	1.96E-01	1.24E-01	1.41E-01	1.40E-01	1.09E-01
OGG1_boot.124	9.29E-02	1.61E-01	1.18E-01	1.72E-01	6.31E-02
OGG1_boot.125	1.81E-01	7.32E-02	1.14E-01	1.33E-01	9.92E-02
OGG1_boot.126	1.03E-01	1.39E-01	1.16E-01	1.58E-01	6.28E-02
OGG1_boot.127	1.88E-01	6.92E-02	1.24E-01	1.34E-01	1.03E-01
OGG1_boot.128	1.91E-01	5.30E-02	1.33E-01	1.37E-01	1.05E-01
OGG1_boot.129	9.43E-02	1.20E-01	1.14E-01	1.53E-01	5.96E-02
OGG1_boot.130	1.04E-01	9.51E-02	1.10E-01	1.48E-01	6.20E-02
OGG1_boot.131	1.84E-01	1.04E-01	1.22E-01	1.36E-01	9.97E-02
OGG1_boot.132	1.87E-01	5.25E-02	1.29E-01	1.38E-01	1.01E-01
OGG1_boot.133	1.93E-01	1.23E-01	1.30E-01	1.36E-01	1.06E-01
OGG1_boot.134	9.19E-02	1.15E-01	1.21E-01	1.67E-01	5.49E-02
OGG1_boot.135	1.89E-01	7.31E-02	1.25E-01	1.35E-01	1.04E-01
OGG1_boot.136	1.96E-01	7.59E-02	1.29E-01	1.43E-01	1.07E-01
OGG1_boot.137	9.47E-02	7.53E-02	2.30E-01	1.80E-01	6.26E-02
OGG1_boot.138	8.83E-02	1.28E-01	1.21E-01	1.67E-01	5.35E-02
OGG1_real	8.53E-02	1.39E-01	1.20E-01	1.53E-01	6.08E-02
OGG1_real.1	1.94E-01	9.34E-02	1.53E-01	1.55E-01	1.05E-01
OGG1_real.2	1.01E-01	1.04E-01	1.06E-01	1.57E-01	6.13E-02
UNG_boot	5.95E-02	8.83E-02	5.81E-02	1.13E-01	6.73E-02
UNG_boot.1	8.47E-02	9.49E-02	4.91E-02	7.70E-02	4.76E-02
UNG_boot.2	1.04E-01	7.72E-02	6.02E-02	1.13E-01	5.99E-02
UNG_boot.3	6.17E-02	7.23E-02	6.00E-02	1.11E-01	5.84E-02
UNG_boot.4	8.35E-02	9.25E-02	4.89E-02	7.57E-02	4.89E-02
UNG_boot.5	8.27E-02	8.67E-02	5.02E-02	7.57E-02	4.96E-02
UNG_boot.6	8.75E-02	8.56E-02	5.10E-02	7.56E-02	5.06E-02
UNG_boot.7	5.80E-02	9.17E-02	1.26E-01	1.14E-01	4.63E-02
UNG_boot.8	6.23E-02	7.61E-02	5.88E-02	1.08E-01	5.71E-02
UNG_boot.9	1.08E-01	7.50E-02	6.06E-02	1.12E-01	6.20E-02
UNG_boot.10	8.21E-02	8.59E-02	5.32E-02	7.73E-02	4.69E-02
UNG_boot.11	1.04E-01	7.61E-02	6.02E-02	1.10E-01	5.89E-02
UNG_boot.12	5.66E-02	7.81E-02	5.86E-02	1.16E-01	6.04E-02
UNG_boot.13	5.97E-02	8.82E-02	5.78E-02	1.13E-01	6.28E-02
UNG_boot.14	8.07E-02	9.39E-02	5.09E-02	1.08E-01	4.66E-02
UNG_boot.15	7.95E-02	9.58E-02	5.15E-02	1.04E-01	4.70E-02
UNG_boot.16	8.30E-02	9.06E-02	4.90E-02	7.54E-02	4.73E-02
UNG_boot.17	8.06E-02	8.75E-02	4.89E-02	7.27E-02	4.80E-02
UNG_boot.18	7.82E-02	8.64E-02	4.93E-02	7.20E-02	4.59E-02
UNG_boot.19	8.23E-02	9.60E-02	4.88E-02	1.09E-01	4.70E-02
UNG_boot.20	8.46E-02	8.42E-02	5.26E-02	7.79E-02	4.83E-02
UNG_boot.21	5.79E-02	7.67E-02	5.79E-02	1.18E-01	6.18E-02
UNG_boot.22	8.12E-02	9.30E-02	5.05E-02	1.06E-01	4.71E-02
UNG_boot.23	8.54E-02	8.85E-02	5.11E-02	7.85E-02	4.84E-02
UNG_boot.24	8.90E-02	8.67E-02	6.24E-02	1.02E-01	7.59E-02
UNG_boot.25	1.04E-01	6.91E-02	5.85E-02	1.02E-01	6.05E-02
UNG_boot.26	1.05E-01	7.28E-02	6.06E-02	1.07E-01	6.17E-02
UNG_boot.27	7.84E-02	8.94E-02	5.00E-02	1.04E-01	4.79E-02
UNG_boot.28	1.06E-01	6.67E-02	5.93E-02	1.03E-01	6.24E-02
UNG_boot.29	6.38E-02	8.83E-02	6.04E-02	1.10E-01	8.21E-02
UNG_boot.30	8.20E-02	8.92E-02	4.98E-02	7.59E-02	4.68E-02
UNG_boot.31	8.14E-02	9.23E-02	4.92E-02	7.40E-02	4.70E-02
UNG_boot.32	9.27E-02	9.01E-02	5.21E-02	8.09E-02	4.93E-02
UNG_boot.33	6.09E-02	8.12E-02	5.82E-02	1.11E-01	6.37E-02
UNG_boot.34	1.00E-01	7.28E-02	6.03E-02	1.04E-01	5.83E-02
UNG_boot.35	5.61E-02	8.56E-02	5.82E-02	1.18E-01	5.97E-02
UNG_boot.36	9.90E-02	7.19E-02	6.04E-02	1.04E-01	5.96E-02
UNG_boot.37	8.50E-02	8.84E-02	5.27E-02	8.20E-02	4.74E-02
UNG_boot.38	8.60E-02	8.96E-02	5.00E-02	7.67E-02	4.87E-02
UNG_boot.39	9.98E-02	7.64E-02	5.89E-02	1.09E-01	5.94E-02
UNG_boot.40	7.95E-02	8.54E-02	5.08E-02	7.42E-02	4.65E-02
UNG_boot.41	5.44E-02	8.77E-02	5.75E-02	1.17E-01	6.12E-02
UNG_boot.42	8.05E-02	8.83E-02	4.91E-02	7.18E-02	4.73E-02
UNG_boot.43	7.98E-02	8.56E-02	5.07E-02	7.50E-02	4.62E-02
UNG_boot.44	1.04E-01	7.34E-02	5.98E-02	1.07E-01	6.04E-02
UNG_boot.45	7.98E-02	9.26E-02	4.93E-02	7.16E-02	4.68E-02
UNG_boot.46	8.10E-02	9.05E-02	4.99E-02	7.61E-02	4.55E-02
UNG_boot.47	9.89E-02	7.51E-02	5.94E-02	1.07E-01	5.97E-02
UNG_boot.48	6.19E-02	7.88E-02	5.90E-02	1.11E-01	5.97E-02
UNG_boot.49	1.04E-01	7.35E-02	6.04E-02	1.08E-01	6.19E-02
UNG_boot.50	7.99E-02	9.45E-02	5.09E-02	1.03E-01	4.75E-02
UNG_boot.51	8.92E-02	9.01E-02	5.92E-02	1.02E-01	7.69E-02
UNG_boot.52	8.31E-02	8.87E-02	7.39E-02	1.00E-01	1.16E-01
UNG_boot.53	5.54E-02	8.06E-02	5.89E-02	1.16E-01	5.58E-02
UNG_boot.54	1.29E-01	1.38E-01	1.75E-02	9.37E-02	2.24E-02
UNG_boot.55	1.29E-01	1.06E-01	2.63E-02	8.81E-02	2.38E-02
UNG_boot.56	1.27E-01	1.36E-01	1.60E-02	8.91E-02	1.99E-02
UNG_boot.57	1.32E-01	1.10E-01	2.74E-02	9.74E-02	2.22E-02
UNG_boot.58	1.31E-01	1.08E-01	2.68E-02	9.27E-02	2.22E-02
UNG_boot.59	1.26E-01	1.06E-01	2.74E-02	9.08E-02	2.17E-02
UNG_boot.60	1.29E-01	1.10E-01	2.68E-02	9.33E-02	2.45E-02
UNG_boot.61	1.31E-01	1.13E-01	2.79E-02	9.59E-02	2.25E-02
UNG_boot.62	1.32E-01	1.41E-01	1.32E-02	9.13E-02	2.21E-02
UNG_boot.63	1.31E-01	1.41E-01	1.73E-02	9.35E-02	2.11E-02
UNG_boot.64	1.29E-01	1.06E-01	2.70E-02	9.33E-02	2.50E-02
UNG_boot.65	1.32E-01	1.11E-01	2.94E-02	9.97E-02	2.24E-02
UNG_boot.66	1.30E-01	1.11E-01	2.82E-02	9.87E-02	2.33E-02
UNG_boot.67	1.27E-01	1.07E-01	2.69E-02	8.75E-02	2.14E-02
UNG_boot.68	1.28E-01	1.11E-01	2.67E-02	9.24E-02	2.00E-02
UNG_boot.69	1.27E-01	1.09E-01	2.70E-02	9.11E-02	2.28E-02
UNG_boot.70	1.30E-01	1.09E-01	2.78E-02	9.12E-02	2.54E-02
UNG_boot.71	1.25E-01	1.07E-01	2.64E-02	9.04E-02	2.22E-02
UNG_boot.72	1.28E-01	1.36E-01	1.66E-02	8.86E-02	2.12E-02
UNG_boot.73	1.32E-01	1.10E-01	2.72E-02	9.55E-02	2.15E-02
UNG_boot.74	1.27E-01	1.11E-01	2.65E-02	9.03E-02	1.96E-02
UNG_boot.75	1.31E-01	1.12E-01	2.74E-02	9.51E-02	2.17E-02
UNG_boot.76	1.31E-01	1.12E-01	2.82E-02	9.86E-02	2.29E-02
UNG_boot.77	1.30E-01	1.11E-01	2.71E-02	9.37E-02	2.34E-02
UNG_boot.78	1.30E-01	1.09E-01	2.76E-02	9.33E-02	2.37E-02
UNG_boot.79	1.31E-01	1.11E-01	2.70E-02	9.59E-02	2.64E-02
UNG_boot.80	1.31E-01	1.40E-01	1.54E-02	9.04E-02	2.41E-02
UNG_boot.81	1.29E-01	1.12E-01	2.73E-02	9.44E-02	2.08E-02
UNG_boot.82	1.27E-01	1.10E-01	2.69E-02	9.27E-02	1.99E-02
UNG_boot.83	1.31E-01	1.11E-01	2.79E-02	9.49E-02	2.48E-02
UNG_boot.84	1.34E-01	1.14E-01	2.83E-02	1.01E-01	2.57E-02
UNG_boot.85	1.25E-01	1.07E-01	2.64E-02	9.05E-02	2.22E-02
UNG_boot.86	1.34E-01	1.12E-01	2.89E-02	9.89E-02	2.33E-02
UNG_boot.87	1.31E-01	1.11E-01	2.70E-02	9.38E-02	2.49E-02
UNG_boot.88	1.39E-01	1.17E-01	3.04E-02	1.08E-01	2.58E-02
UNG_boot.89	1.30E-01	1.39E-01	1.73E-02	9.28E-02	2.12E-02
UNG_boot.90	1.34E-01	1.14E-01	2.72E-02	9.84E-02	2.52E-02
UNG_boot.91	1.32E-01	1.13E-01	2.81E-02	9.77E-02	2.27E-02
UNG_boot.92	1.32E-01	1.42E-01	1.70E-02	9.53E-02	2.23E-02
UNG_boot.93	1.33E-01	1.12E-01	2.83E-02	1.00E-01	2.63E-02
UNG_boot.94	1.29E-01	1.08E-01	2.78E-02	9.31E-02	2.26E-02
UNG_boot.95	1.32E-01	1.12E-01	2.83E-02	9.71E-02	2.34E-02
UNG_boot.96	1.27E-01	1.09E-01	2.70E-02	9.22E-02	2.03E-02
UNG_boot.97	1.28E-01	1.41E-01	1.43E-02	8.92E-02	1.86E-02
UNG_boot.98	1.31E-01	1.09E-01	2.86E-02	9.77E-02	2.37E-02
UNG_boot.99	1.28E-01	1.08E-01	2.70E-02	9.36E-02	2.49E-02
UNG_boot.100	1.25E-01	1.33E-01	2.09E-02	7.93E-02	1.37E-02
UNG_boot.101	1.29E-01	1.11E-01	2.69E-02	9.44E-02	2.34E-02
UNG_boot.102	1.31E-01	1.10E-01	2.65E-02	9.21E-02	2.51E-02
UNG_boot.103	1.33E-01	1.08E-01	2.56E-02	9.48E-02	2.87E-02
UNG_boot.104	1.36E-01	1.11E-01	2.82E-02	1.03E-01	2.62E-02
UNG_boot.105	1.31E-01	1.41E-01	1.40E-02	9.10E-02	2.17E-02
UNG_boot.106	1.24E-01	1.06E-01	2.62E-02	8.40E-02	2.45E-02
UNG_boot.107	1.34E-01	1.13E-01	2.89E-02	1.02E-01	2.25E-02
UNG_boot.108	1.29E-01	1.08E-01	2.68E-02	9.31E-02	2.47E-02
UNG_boot.109	1.26E-01	1.06E-01	2.59E-02	8.65E-02	2.46E-02
UNG_boot.110	1.33E-01	1.40E-01	1.76E-02	9.67E-02	2.33E-02
UNG_boot.111	1.30E-01	1.08E-01	2.71E-02	9.47E-02	2.54E-02
UNG_boot.112	1.37E-01	1.15E-01	3.03E-02	1.06E-01	2.55E-02
UNG_boot.113	1.28E-01	1.10E-01	2.74E-02	9.33E-02	2.07E-02
UNG_boot.114	1.29E-01	1.09E-01	2.74E-02	9.34E-02	2.50E-02
UNG_boot.115	1.29E-01	1.11E-01	2.63E-02	9.20E-02	2.77E-02
UNG_boot.116	1.28E-01	1.09E-01	2.67E-02	9.45E-02	2.52E-02
UNG_boot.117	1.29E-01	1.10E-01	2.74E-02	9.66E-02	2.38E-02
UNG_boot.118	1.29E-01	1.06E-01	2.54E-02	9.29E-02	2.57E-02
UNG_boot.119	1.32E-01	1.13E-01	2.68E-02	9.61E-02	2.75E-02
UNG_boot.120	1.26E-01	1.08E-01	2.63E-02	9.04E-02	2.38E-02
UNG_boot.121	1.31E-01	1.07E-01	2.63E-02	9.76E-02	2.46E-02
UNG_boot.122	1.38E-01	1.11E-01	2.85E-02	1.02E-01	2.68E-02
UNG_boot.123	1.32E-01	1.11E-01	2.78E-02	9.95E-02	2.67E-02
UNG_boot.124	1.26E-01	1.08E-01	2.76E-02	9.37E-02	2.07E-02
UNG_boot.125	1.37E-01	1.09E-01	2.77E-02	1.04E-01	2.86E-02
UNG_boot.126	1.31E-01	1.08E-01	2.52E-02	9.08E-02	2.73E-02
UNG_boot.127	1.27E-01	1.09E-01	2.62E-02	9.23E-02	2.44E-02
UNG_boot.128	1.26E-01	1.09E-01	2.59E-02	8.93E-02	2.50E-02
UNG_boot.129	1.39E-01	1.15E-01	2.72E-02	1.00E-01	2.71E-02
UNG_boot.130	1.28E-01	1.09E-01	2.65E-02	9.12E-02	2.67E-02
UNG_boot.131	1.25E-01	1.07E-01	2.53E-02	8.68E-02	2.36E-02
UNG_boot.132	1.33E-01	1.12E-01	2.77E-02	9.80E-02	2.51E-02
UNG_boot.133	1.29E-01	1.10E-01	2.67E-02	9.50E-02	2.61E-02
UNG_boot.134	1.27E-01	1.06E-01	2.51E-02	9.22E-02	2.53E-02
UNG_boot.135	1.29E-01	1.10E-01	2.66E-02	9.39E-02	2.63E-02
UNG_boot.136	1.34E-01	1.08E-01	2.64E-02	1.00E-01	2.83E-02
UNG_boot.137	1.28E-01	1.05E-01	2.63E-02	9.23E-02	2.13E-02
UNG_boot.138	1.28E-01	1.10E-01	2.67E-02	9.49E-02	2.53E-02
UNG_boot.139	1.30E-01	1.10E-01	2.68E-02	9.54E-02	2.73E-02
UNG_boot.140	1.23E-01	1.07E-01	2.56E-02	8.70E-02	2.28E-02
UNG_boot.141	1.35E-01	1.13E-01	3.00E-02	1.04E-01	2.41E-02
UNG_boot.142	1.30E-01	1.10E-01	2.75E-02	9.53E-02	2.80E-02
UNG_boot.143	1.28E-01	1.09E-01	2.61E-02	9.06E-02	2.54E-02
UNG_boot.144	1.30E-01	1.10E-01	2.71E-02	8.97E-02	2.81E-02
UNG_boot.145	1.30E-01	1.11E-01	2.70E-02	9.51E-02	2.51E-02
UNG_boot.146	1.33E-01	1.07E-01	2.56E-02	9.71E-02	2.74E-02
UNG_boot.147	1.40E-01	1.16E-01	3.09E-02	1.07E-01	2.60E-02
UNG_boot.148	1.28E-01	1.06E-01	2.58E-02	9.33E-02	2.38E-02
UNG_boot.149	1.32E-01	1.08E-01	2.69E-02	1.01E-01	2.53E-02
UNG_boot.150	1.35E-01	1.10E-01	2.75E-02	9.81E-02	2.49E-02
UNG_boot.151	1.38E-01	1.14E-01	2.93E-02	1.03E-01	2.89E-02
UNG_boot.152	1.18E-01	9.04E-02	1.21E-01	1.09E-01	1.38E-01
UNG_boot.153	1.63E-01	8.88E-02	9.65E-02	9.28E-02	9.48E-02
UNG_boot.154	1.61E-01	9.26E-02	9.43E-02	9.66E-02	9.35E-02
UNG_real	1.73E-01	7.99E-02	8.42E-02	6.70E-02	7.92E-01
UNG_real.1	1.08E-01	7.80E-02	4.60E-02	6.10E-02	1.19E-01
UNG_real.2	1.29E-01	9.60E-02	6.02E-02	1.98E-01	1.17E-01
ATP2B4_boot	1.63E-01	8.47E-02	1.21E-01	1.00E-01	1.15E-01
ATP2B4_boot.1	1.41E-01	8.14E-02	1.12E-01	1.18E-01	1.36E-01
ATP2B4_boot.2	1.10E-01	4.37E-02	6.33E-02	6.71E-02	1.53E-01
ATP2B4_boot.3	1.63E-01	7.21E-02	8.88E-02	9.44E-02	1.06E+00
ATP2B4_boot.4	1.42E-01	1.05E-01	6.43E-02	1.10E-01	1.19E-01
ATP2B4_boot.5	1.11E-01	6.86E-02	1.25E-01	1.49E-01	1.86E-01
ATP2B4_boot.6	1.14E-01	6.48E-02	1.30E-01	1.54E-01	1.87E-01
ATP2B4_boot.7	1.06E-01	3.27E-02	6.68E-02	6.90E-02	1.67E-01
ATP2B4_boot.8	1.68E-01	6.88E-02	1.14E-01	1.29E-01	1.33E-01
ATP2B4_boot.9	1.60E-01	1.54E-01	7.12E-02	1.18E-01	1.34E-01
ATP2B4_boot.10	1.19E-01	4.94E-02	7.85E-02	7.18E-02	1.73E-01
ATP2B4_boot.11	1.63E-01	7.32E-02	1.14E-01	1.04E-01	1.13E-01
ATP2B4_boot.12	1.11E-01	6.24E-02	7.40E-02	8.17E-02	1.68E-01
ATP2B4_boot.13	1.20E-01	4.74E-02	8.25E-02	7.23E-02	1.78E-01
ATP2B4_boot.14	1.20E-01	6.42E-02	7.62E-02	7.25E-02	1.69E-01
ATP2B4_boot.15	1.05E-01	3.29E-02	6.54E-02	7.17E-02	1.65E-01
ATP2B4_boot.16	1.17E-01	6.02E-02	7.35E-02	7.10E-02	1.66E-01
ATP2B4_boot.17	1.20E-01	7.01E-02	1.18E-01	1.41E-01	1.35E-01
ATP2B4_boot.18	1.19E-01	5.82E-02	7.99E-02	7.28E-02	1.74E-01
ATP2B4_boot.19	1.07E-01	6.80E-02	6.68E-02	7.05E-02	1.49E-01
ATP2B4_boot.20	1.15E-01	7.12E-02	1.20E-01	1.43E-01	1.47E-01
ATP2B4_boot.21	1.43E-01	6.55E-02	8.42E-02	8.71E-02	9.48E-01
ATP2B4_boot.22	1.42E-01	6.90E-02	8.44E-02	8.68E-02	9.49E-01
ATP2B4_boot.23	1.09E-01	6.72E-02	7.41E-02	7.35E-02	1.69E-01
ATP2B4_boot.24	1.85E-01	6.51E-02	8.31E-02	8.50E-02	9.40E-01
ATP2B4_boot.25	1.76E-01	6.55E-02	1.16E-01	1.09E-01	1.32E-01
ATP2B4_boot.26	1.65E-01	8.18E-02	1.14E-01	1.28E-01	1.34E-01
ATP2B4_boot.27	1.67E-01	7.80E-02	1.15E-01	1.27E-01	1.27E-01
ATP2B4_boot.28	1.80E-01	8.31E-02	1.14E-01	1.15E-01	1.42E-01
ATP2B4_boot.29	1.83E-01	6.56E-02	9.18E-02	7.92E-02	9.33E-01
ATP2B4_boot.30	1.36E-01	6.86E-02	8.08E-02	8.62E-02	9.39E-01
ATP2B4_boot.31	1.70E-01	6.79E-02	9.01E-02	8.68E-02	1.06E+00
ATP2B4_boot.32	1.35E-01	6.62E-02	8.14E-02	8.58E-02	9.45E-01
ATP2B4_boot.33	1.64E-01	6.98E-02	1.08E-01	1.02E-01	1.12E-01
ATP2B4_boot.34	1.57E-01	1.28E-01	7.16E-02	1.25E-01	1.34E-01
ATP2B4_boot.35	1.49E-01	4.92E-02	9.28E-02	9.49E-02	9.67E-01
ATP2B4_boot.36	1.72E-01	6.67E-02	1.10E-01	1.02E-01	1.16E-01
ATP2B4_boot.37	1.17E-01	7.73E-02	7.57E-02	7.08E-02	1.68E-01
ATP2B4_boot.38	1.24E-01	7.01E-02	1.15E-01	1.28E-01	1.30E-01
ATP2B4_boot.39	1.13E-01	7.39E-02	6.95E-02	7.05E-02	1.53E-01
ATP2B4_boot.40	1.07E-01	6.85E-02	6.84E-02	7.32E-02	1.53E-01
ATP2B4_boot.41	1.60E-01	9.20E-02	7.16E-02	1.23E-01	1.35E-01
ATP2B4_boot.42	1.57E-01	6.50E-02	9.22E-02	9.44E-02	9.67E-01
ATP2B4_boot.43	1.14E-01	6.38E-02	1.35E-01	1.63E-01	1.91E-01
ATP2B4_boot.44	1.21E-01	5.85E-02	7.98E-02	7.56E-02	1.74E-01
ATP2B4_boot.45	1.90E-01	6.82E-02	8.28E-02	8.51E-02	9.45E-01
ATP2B4_boot.46	1.40E-01	6.91E-02	8.36E-02	8.67E-02	9.48E-01
ATP2B4_boot.47	1.43E-01	6.74E-02	8.26E-02	8.93E-02	9.49E-01
ATP2B4_boot.48	1.73E-01	7.04E-02	1.16E-01	1.11E-01	1.29E-01
ATP2B4_boot.49	1.15E-01	6.49E-02	6.55E-02	6.72E-02	1.48E-01
ATP2B4_boot.50	1.40E-01	6.44E-02	8.47E-02	8.65E-02	9.53E-01
ATP2B4_boot.51	1.51E-01	1.45E-01	7.11E-02	1.14E-01	1.34E-01
ATP2B4_boot.52	1.67E-01	7.38E-02	1.10E-01	1.02E-01	1.08E-01
ATP2B4_boot.53	1.19E-01	5.96E-02	7.46E-02	7.09E-02	1.66E-01
ATP2B4_boot.54	1.19E-01	5.17E-02	7.52E-02	7.05E-02	1.67E-01
ATP2B4_boot.55	1.53E-01	6.50E-02	9.01E-02	8.76E-02	1.05E+00
ATP2B4_boot.56	1.17E-01	6.84E-02	1.24E-01	1.48E-01	1.49E-01
ATP2B4_boot.57	1.15E-01	6.56E-02	1.35E-01	1.63E-01	1.95E-01
ATP2B4_boot.58	1.17E-01	6.71E-02	1.24E-01	1.48E-01	1.47E-01
ATP2B4_boot.59	1.04E-01	3.98E-02	6.37E-02	6.84E-02	1.56E-01
ATP2B4_boot.60	1.10E-01	6.62E-02	6.96E-02	7.60E-02	1.56E-01
ATP2B4_boot.61	1.56E-01	1.04E-01	7.50E-02	1.19E-01	1.45E-01
ATP2B4_boot.62	1.38E-01	1.14E-01	6.57E-02	1.10E-01	1.18E-01
ATP2B4_boot.63	1.04E-01	6.61E-02	5.73E-02	6.68E-02	1.36E-01
ATP2B4_boot.64	1.37E-01	6.59E-02	8.47E-02	8.41E-02	9.46E-01
ATP2B4_boot.65	1.15E-01	7.28E-02	1.16E-01	1.28E-01	1.32E-01
ATP2B4_boot.66	1.35E-01	6.54E-02	8.27E-02	8.47E-02	9.42E-01
ATP2B4_boot.67	1.60E-01	2.23E-01	7.48E-02	1.22E-01	1.34E-01
ATP2B4_boot.68	1.57E-01	2.40E-01	7.22E-02	1.18E-01	1.30E-01
ATP2B4_boot.69	1.71E-01	6.36E-02	1.14E-01	1.08E-01	1.28E-01
ATP2B4_boot.70	1.08E-01	6.38E-02	7.42E-02	7.52E-02	1.69E-01
ATP2B4_boot.71	1.66E-01	2.06E-01	7.61E-02	1.25E-01	1.44E-01
ATP2B4_boot.72	1.06E-01	6.86E-02	1.19E-01	1.37E-01	1.73E-01
ATP2B4_boot.73	1.16E-01	6.56E-02	1.34E-01	1.62E-01	1.92E-01
ATP2B4_boot.74	1.70E-01	1.53E-01	7.09E-02	1.24E-01	1.36E-01
ATP2B4_boot.75	1.37E-01	1.14E-01	6.55E-02	1.09E-01	1.17E-01
ATP2B4_boot.76	1.41E-01	6.43E-02	8.40E-02	8.83E-02	9.54E-01
ATP2B4_boot.77	1.06E-01	3.80E-02	6.61E-02	7.23E-02	1.63E-01
ATP2B4_boot.78	1.45E-01	6.65E-02	8.76E-02	8.71E-02	9.56E-01
ATP2B4_boot.79	1.68E-01	7.82E-02	1.14E-01	1.05E-01	1.17E-01
ATP2B4_boot.80	1.06E-01	3.97E-02	6.33E-02	6.70E-02	1.55E-01
ATP2B4_boot.81	1.07E-01	3.13E-02	6.81E-02	7.32E-02	1.73E-01
ATP2B4_boot.82	1.41E-01	6.35E-02	8.49E-02	8.52E-02	9.48E-01
ATP2B4_boot.83	1.10E-01	7.03E-02	1.19E-01	1.37E-01	1.72E-01
ATP2B4_boot.84	1.40E-01	1.32E-01	6.21E-02	1.11E-01	1.21E-01
ATP2B4_boot.85	1.07E-01	4.42E-02	6.37E-02	6.83E-02	1.53E-01
ATP2B4_boot.86	1.04E-01	6.28E-02	5.54E-02	6.72E-02	1.34E-01
ATP2B4_boot.87	1.11E-01	6.24E-02	7.57E-02	7.98E-02	1.71E-01
ATP2B4_boot.88	8.10E-02	5.98E-02	1.02E-01	7.48E-02	9.54E-01
ATP2B4_boot.89	6.78E-02	5.99E-02	7.14E-02	1.27E-01	9.00E-02
ATP2B4_boot.90	8.09E-02	5.99E-02	3.24E-02	8.14E-02	9.01E-02
ATP2B4_boot.91	8.14E-02	7.86E-02	7.59E-02	1.04E-01	5.37E-02
ATP2B4_boot.92	1.27E-01	1.06E-01	3.90E-02	8.22E-02	3.93E-02
ATP2B4_boot.93	1.26E-01	1.22E-01	3.44E-02	7.76E-02	3.15E-02
ATP2B4_boot.94	2.40E-01	8.92E-02	1.17E-01	1.17E-01	1.49E-01
ATP2B4_boot.95	1.40E-01	6.49E-02	8.63E-02	8.55E-02	9.49E-01
ATP2B4_boot.96	1.07E-01	7.43E-02	6.71E-02	7.04E-02	1.52E-01
ATP2B4_boot.97	1.20E-01	5.29E-02	7.91E-02	7.31E-02	1.74E-01
ATP2B4_boot.98	1.15E-01	6.74E-02	1.19E-01	1.44E-01	1.37E-01
ATP2B4_boot.99	1.64E-01	1.00E-01	7.65E-02	1.26E-01	1.43E-01
ATP2B4_boot.100	6.86E-02	6.08E-02	7.15E-02	1.26E-01	8.95E-02
ATP2B4_boot.101	8.63E-02	7.84E-02	6.93E-02	1.00E-01	5.25E-02
ATP2B4_boot.102	8.03E-02	7.92E-02	7.27E-02	9.99E-02	5.15E-02
ATP2B4_boot.103	6.55E-02	6.16E-02	7.65E-02	1.27E-01	9.13E-02
ATP2B4_boot.104	8.16E-02	7.85E-02	7.46E-02	1.03E-01	5.28E-02
ATP2B4_boot.105	8.06E-02	7.97E-02	7.57E-02	1.03E-01	5.22E-02
ATP2B4_boot.106	8.13E-02	8.09E-02	7.40E-02	1.02E-01	5.20E-02
ATP2B4_boot.107	8.09E-02	7.88E-02	6.97E-02	9.76E-02	5.13E-02
ATP2B4_boot.108	7.92E-02	8.01E-02	7.38E-02	1.00E-01	5.17E-02
ATP2B4_boot.109	8.04E-02	7.95E-02	7.45E-02	1.02E-01	5.21E-02
ATP2B4_boot.110	8.23E-02	7.80E-02	7.24E-02	1.02E-01	5.33E-02
ATP2B4_boot.111	7.24E-02	6.00E-02	7.20E-02	1.26E-01	9.58E-02
ATP2B4_boot.112	6.62E-02	6.15E-02	7.57E-02	1.27E-01	9.20E-02
ATP2B4_boot.113	8.46E-02	7.82E-02	7.14E-02	1.03E-01	5.27E-02
ATP2B4_boot.114	6.63E-02	5.72E-02	7.31E-02	1.25E-01	8.91E-02
ATP2B4_boot.115	6.73E-02	6.10E-02	7.08E-02	1.19E-01	9.18E-02
ATP2B4_boot.116	1.41E-01	6.21E-02	7.91E-02	1.03E-01	9.09E-02
ATP2B4_boot.117	1.32E-01	6.13E-02	7.33E-02	9.80E-02	8.73E-02
ATP2B4_boot.118	1.49E-01	6.31E-02	8.56E-02	1.07E-01	9.44E-02
ATP2B4_boot.119	8.51E-02	7.69E-02	6.43E-02	9.44E-02	5.31E-02
ATP2B4_boot.120	6.74E-02	5.59E-02	7.58E-02	1.29E-01	9.32E-02
ATP2B4_boot.121	8.10E-02	7.73E-02	6.92E-02	9.61E-02	5.24E-02
ATP2B4_boot.122	8.22E-02	7.66E-02	7.24E-02	1.03E-01	5.33E-02
ATP2B4_boot.123	8.05E-02	5.94E-02	6.74E-02	1.20E-01	8.49E-02
ATP2B4_boot.124	7.18E-02	5.91E-02	6.61E-02	1.21E-01	8.81E-02
ATP2B4_boot.125	7.96E-02	8.05E-02	7.61E-02	1.03E-01	5.25E-02
ATP2B4_boot.126	7.99E-02	7.94E-02	7.52E-02	1.03E-01	5.26E-02
ATP2B4_boot.127	8.98E-02	7.79E-02	6.29E-02	9.56E-02	5.17E-02
ATP2B4_boot.128	8.10E-02	7.94E-02	7.64E-02	1.04E-01	5.21E-02
ATP2B4_boot.129	7.07E-02	5.76E-02	7.30E-02	1.29E-01	9.25E-02
ATP2B4_boot.130	8.29E-02	7.74E-02	7.16E-02	1.02E-01	5.36E-02
ATP2B4_boot.131	6.56E-02	6.10E-02	7.30E-02	1.23E-01	8.95E-02
ATP2B4_boot.132	8.45E-02	7.72E-02	6.41E-02	9.34E-02	5.10E-02
ATP2B4_boot.133	7.06E-02	6.16E-02	7.32E-02	1.24E-01	9.51E-02
ATP2B4_boot.134	8.40E-02	7.88E-02	7.10E-02	1.02E-01	5.34E-02
ATP2B4_boot.135	8.14E-02	7.89E-02	7.93E-02	1.07E-01	5.30E-02
ATP2B4_boot.136	6.57E-02	6.03E-02	7.54E-02	1.27E-01	9.04E-02
ATP2B4_boot.137	8.90E-02	7.76E-02	6.31E-02	9.43E-02	5.11E-02
ATP2B4_boot.138	8.09E-02	7.61E-02	6.78E-02	9.62E-02	5.19E-02
ATP2B4_boot.139	7.33E-02	5.94E-02	6.70E-02	1.27E-01	8.88E-02
ATP2B4_boot.140	6.70E-02	5.70E-02	7.61E-02	1.28E-01	9.19E-02
ATP2B4_boot.141	8.16E-02	7.91E-02	7.31E-02	1.02E-01	5.32E-02
ATP2B4_boot.142	7.37E-02	5.93E-02	6.56E-02	1.22E-01	8.84E-02
ATP2B4_boot.143	8.01E-02	7.94E-02	7.47E-02	1.02E-01	5.27E-02
ATP2B4_boot.144	8.23E-02	7.76E-02	6.95E-02	9.86E-02	5.32E-02
ATP2B4_boot.145	8.11E-02	7.85E-02	7.55E-02	1.05E-01	5.30E-02
ATP2B4_boot.146	8.06E-02	7.91E-02	7.74E-02	1.05E-01	5.24E-02
ATP2B4_boot.147	7.92E-02	8.05E-02	7.28E-02	9.91E-02	5.17E-02
ATP2B4_boot.148	7.33E-02	5.86E-02	6.33E-02	1.22E-01	8.43E-02
ATP2B4_boot.149	8.09E-02	7.95E-02	7.17E-02	9.80E-02	5.16E-02
ATP2B4_boot.150	7.10E-02	5.87E-02	6.60E-02	1.20E-01	8.81E-02
ATP2B4_boot.151	8.29E-02	7.77E-02	7.03E-02	1.01E-01	5.30E-02
ATP2B4_boot.152	7.95E-02	8.02E-02	7.26E-02	9.90E-02	5.22E-02
ATP2B4_boot.153	8.21E-02	7.91E-02	7.24E-02	1.02E-01	5.37E-02
ATP2B4_boot.154	8.28E-02	7.84E-02	6.40E-02	9.17E-02	5.23E-02
ATP2B4_boot.155	7.48E-02	5.99E-02	6.55E-02	1.26E-01	8.74E-02
ATP2B4_boot.156	8.65E-02	7.69E-02	6.40E-02	9.44E-02	5.24E-02
ATP2B4_boot.157	6.46E-02	6.15E-02	7.67E-02	1.26E-01	8.94E-02
ATP2B4_boot.158	1.45E-01	6.27E-02	7.91E-02	1.04E-01	9.44E-02
ATP2B4_boot.159	8.85E-02	7.80E-02	6.15E-02	9.17E-02	5.31E-02
ATP2B4_boot.160	7.86E-02	7.99E-02	6.96E-02	9.47E-02	5.11E-02
ATP2B4_boot.161	1.43E-01	5.67E-02	7.86E-02	1.04E-01	9.33E-02
ATP2B4_boot.162	8.18E-02	7.78E-02	6.63E-02	9.39E-02	5.21E-02
ATP2B4_boot.163	6.44E-02	6.19E-02	7.95E-02	1.27E-01	9.07E-02
ATP2B4_boot.164	8.06E-02	7.84E-02	7.37E-02	1.02E-01	5.30E-02
ATP2B4_boot.165	7.16E-02	6.00E-02	7.18E-02	1.24E-01	9.29E-02
ATP2B4_boot.166	6.69E-02	6.21E-02	7.69E-02	1.29E-01	9.25E-02
ATP2B4_boot.167	6.91E-02	5.93E-02	6.94E-02	1.25E-01	8.84E-02
ATP2B4_boot.168	6.79E-02	6.09E-02	7.52E-02	1.25E-01	9.48E-02
ATP2B4_boot.169	1.33E-01	6.10E-02	7.51E-02	9.86E-02	9.30E-02
ATP2B4_boot.170	8.09E-02	7.75E-02	6.97E-02	9.68E-02	5.25E-02
ATP2B4_boot.171	8.05E-02	8.01E-02	7.63E-02	1.04E-01	5.22E-02
ATP2B4_boot.172	6.61E-02	6.09E-02	7.19E-02	1.24E-01	8.86E-02
ATP2B4_boot.173	7.60E-02	5.98E-02	6.77E-02	1.29E-01	8.90E-02
ATP2B4_boot.174	6.59E-02	6.14E-02	7.57E-02	1.26E-01	9.16E-02
ATP2B4_boot.175	8.13E-02	7.77E-02	7.26E-02	1.00E-01	5.28E-02
ATP2B4_boot.176	8.10E-02	7.85E-02	7.10E-02	9.95E-02	5.26E-02
ATP2B4_boot.177	1.33E-01	6.11E-02	7.34E-02	9.75E-02	9.02E-02
ATP2B4_boot.178	8.59E-02	7.79E-02	7.23E-02	1.05E-01	5.56E-02
ATP2B4_boot.179	1.28E-01	6.05E-02	6.68E-02	1.00E-01	8.26E-02
ATP2B4_boot.180	7.14E-02	6.05E-02	7.08E-02	1.30E-01	9.06E-02
ATP2B4_boot.181	8.70E-02	7.77E-02	7.00E-02	1.04E-01	5.54E-02
ATP2B4_boot.182	1.43E-01	5.84E-02	8.18E-02	1.05E-01	9.17E-02
ATP2B4_boot.183	8.10E-02	7.85E-02	7.04E-02	9.80E-02	5.32E-02
ATP2B4_boot.184	8.28E-02	7.77E-02	7.18E-02	1.01E-01	5.20E-02
ATP2B4_boot.185	8.06E-02	7.82E-02	7.47E-02	1.02E-01	5.31E-02
ATP2B4_boot.186	8.81E-02	7.84E-02	6.31E-02	9.33E-02	5.31E-02
ATP2B4_boot.187	9.43E-02	7.87E-02	6.35E-02	9.82E-02	5.45E-02
ATP2B4_boot.188	8.09E-02	7.91E-02	7.26E-02	1.01E-01	5.29E-02
ATP2B4_boot.189	1.43E-01	6.11E-02	7.86E-02	1.05E-01	9.40E-02
ATP2B4_boot.190	8.04E-02	7.94E-02	7.11E-02	9.79E-02	5.24E-02
ATP2B4_boot.191	8.25E-02	7.80E-02	7.31E-02	1.03E-01	5.38E-02
ATP2B4_boot.192	6.58E-02	5.51E-02	8.02E-02	1.30E-01	9.33E-02
ATP2B4_boot.193	7.48E-02	6.16E-02	7.70E-02	1.25E-01	9.14E-02
ATP2B4_boot.194	8.35E-02	7.84E-02	6.97E-02	9.87E-02	5.25E-02
ATP2B4_boot.195	7.41E-02	5.97E-02	6.71E-02	1.27E-01	8.90E-02
ATP2B4_boot.196	1.10E-01	6.34E-02	6.00E-02	9.68E-02	7.16E-02
ATP2B4_boot.197	7.80E-02	7.90E-02	6.76E-02	9.12E-02	5.03E-02
ATP2B4_boot.198	8.36E-02	6.19E-02	3.21E-02	8.56E-02	9.26E-02
ATP2B4_boot.199	6.58E-02	4.53E-02	4.03E-02	7.74E-02	8.36E-02
ATP2B4_boot.200	6.76E-02	5.33E-02	3.05E-02	7.37E-02	7.55E-02
ATP2B4_boot.201	7.58E-02	5.38E-02	3.48E-02	7.98E-02	8.87E-02
ATP2B4_boot.202	7.34E-02	5.19E-02	3.50E-02	8.04E-02	8.60E-02
ATP2B4_boot.203	6.23E-02	4.67E-02	3.83E-02	7.21E-02	7.74E-02
ATP2B4_boot.204	9.04E-02	7.08E-02	3.44E-02	8.74E-02	9.93E-02
ATP2B4_boot.205	7.39E-02	5.35E-02	2.96E-02	8.13E-02	8.50E-02
ATP2B4_boot.206	7.09E-02	5.52E-02	3.01E-02	7.70E-02	8.17E-02
ATP2B4_boot.207	7.59E-02	5.73E-02	3.08E-02	8.27E-02	8.66E-02
ATP2B4_boot.208	6.68E-02	4.94E-02	3.17E-02	7.29E-02	7.77E-02
ATP2B4_boot.209	6.26E-02	5.12E-02	3.82E-02	7.31E-02	7.49E-02
ATP2B4_boot.210	7.26E-02	5.51E-02	3.00E-02	7.89E-02	7.87E-02
ATP2B4_boot.211	6.37E-02	4.81E-02	3.99E-02	7.46E-02	7.95E-02
ATP2B4_boot.212	8.49E-02	5.64E-02	3.27E-02	8.62E-02	9.82E-02
ATP2B4_boot.213	8.43E-02	5.06E-02	3.73E-02	8.58E-02	1.06E-01
ATP2B4_boot.214	8.14E-02	6.24E-02	3.06E-02	9.00E-02	8.87E-02
ATP2B4_boot.215	6.25E-02	4.54E-02	4.11E-02	7.43E-02	8.03E-02
ATP2B4_boot.216	6.61E-02	5.32E-02	2.84E-02	7.44E-02	7.35E-02
ATP2B4_boot.217	9.62E-02	6.56E-02	3.37E-02	9.43E-02	1.01E-01
ATP2B4_boot.218	6.69E-02	5.14E-02	2.99E-02	7.37E-02	7.47E-02
ATP2B4_boot.219	8.99E-02	5.91E-02	3.85E-02	9.15E-02	1.06E-01
ATP2B4_boot.220	7.91E-02	5.37E-02	3.36E-02	8.60E-02	9.27E-02
ATP2B4_boot.221	6.09E-02	4.45E-02	3.87E-02	7.20E-02	7.61E-02
ATP2B4_boot.222	7.36E-02	5.50E-02	3.65E-02	7.91E-02	8.82E-02
ATP2B4_boot.223	8.53E-02	5.57E-02	3.29E-02	8.85E-02	9.83E-02
ATP2B4_boot.224	6.98E-02	4.92E-02	3.15E-02	7.58E-02	7.99E-02
ATP2B4_boot.225	7.72E-02	5.25E-02	3.25E-02	7.96E-02	8.81E-02
ATP2B4_boot.226	7.92E-02	5.69E-02	2.91E-02	9.03E-02	8.87E-02
ATP2B4_boot.227	6.12E-02	4.83E-02	4.15E-02	7.27E-02	7.61E-02
ATP2B4_boot.228	8.31E-02	5.93E-02	3.17E-02	9.05E-02	9.19E-02
ATP2B4_boot.229	8.31E-02	5.73E-02	3.32E-02	8.72E-02	9.25E-02
ATP2B4_boot.230	6.83E-02	5.31E-02	2.86E-02	7.49E-02	7.55E-02
ATP2B4_boot.231	8.40E-02	5.45E-02	3.69E-02	8.77E-02	9.79E-02
ATP2B4_boot.232	6.76E-02	4.96E-02	2.87E-02	7.42E-02	7.76E-02
ATP2B4_boot.233	6.63E-02	4.82E-02	3.30E-02	7.32E-02	7.94E-02
ATP2B4_boot.234	7.05E-02	4.82E-02	4.16E-02	8.17E-02	9.21E-02
ATP2B4_boot.235	7.47E-02	4.96E-02	4.16E-02	8.48E-02	9.61E-02
ATP2B4_boot.236	7.91E-02	4.97E-02	4.68E-02	8.89E-02	1.10E-01
ATP2B4_boot.237	7.81E-02	5.28E-02	4.22E-02	8.92E-02	1.04E-01
ATP2B4_boot.238	6.31E-02	4.72E-02	3.39E-02	7.24E-02	7.48E-02
ATP2B4_boot.239	7.86E-02	5.81E-02	3.08E-02	8.66E-02	8.72E-02
ATP2B4_boot.240	7.38E-02	5.58E-02	4.40E-02	8.28E-02	9.30E-02
ATP2B4_boot.241	7.63E-02	5.43E-02	3.04E-02	8.19E-02	8.52E-02
ATP2B4_boot.242	7.49E-02	5.18E-02	3.82E-02	8.06E-02	9.18E-02
ATP2B4_boot.243	8.55E-02	5.94E-02	3.39E-02	8.82E-02	9.91E-02
ATP2B4_boot.244	7.57E-02	5.51E-02	2.83E-02	8.42E-02	8.42E-02
ATP2B4_boot.245	6.96E-02	5.33E-02	3.27E-02	7.56E-02	8.35E-02
ATP2B4_boot.246	6.91E-02	4.87E-02	3.83E-02	7.83E-02	8.88E-02
ATP2B4_boot.247	8.04E-02	5.65E-02	3.24E-02	8.69E-02	9.23E-02
ATP2B4_boot.248	7.63E-02	5.53E-02	3.34E-02	8.07E-02	8.64E-02
ATP2B4_boot.249	8.05E-02	5.71E-02	2.99E-02	8.78E-02	8.86E-02
ATP2B4_boot.250	7.09E-02	5.14E-02	3.65E-02	7.83E-02	8.55E-02
ATP2B4_boot.251	8.25E-02	6.20E-02	2.99E-02	9.20E-02	8.80E-02
ATP2B4_boot.252	7.45E-02	5.16E-02	3.79E-02	8.11E-02	9.24E-02
ATP2B4_boot.253	7.65E-02	5.86E-02	3.10E-02	7.81E-02	8.75E-02
ATP2B4_boot.254	7.43E-02	5.49E-02	3.71E-02	8.14E-02	9.20E-02
ATP2B4_boot.255	6.86E-02	5.05E-02	3.50E-02	7.61E-02	8.21E-02
ATP2B4_boot.256	8.12E-02	5.64E-02	3.22E-02	8.51E-02	9.27E-02
ATP2B4_boot.257	6.67E-02	4.85E-02	3.22E-02	7.38E-02	7.97E-02
ATP2B4_boot.258	8.40E-02	5.13E-02	3.82E-02	8.73E-02	1.04E-01
ATP2B4_boot.259	6.06E-02	4.87E-02	3.75E-02	7.15E-02	7.27E-02
ATP2B4_boot.260	6.61E-02	4.93E-02	3.33E-02	7.32E-02	7.85E-02
ATP2B4_boot.261	7.66E-02	4.85E-02	4.19E-02	8.57E-02	9.88E-02
ATP2B4_boot.262	6.69E-02	4.80E-02	3.63E-02	7.56E-02	8.37E-02
ATP2B4_boot.263	7.53E-02	5.31E-02	3.39E-02	7.90E-02	8.77E-02
ATP2B4_boot.264	7.95E-02	5.37E-02	3.39E-02	8.36E-02	9.19E-02
ATP2B4_boot.265	7.56E-02	5.15E-02	3.80E-02	8.30E-02	9.08E-02
ATP2B4_boot.266	8.45E-02	5.51E-02	3.32E-02	8.86E-02	9.44E-02
ATP2B4_boot.267	6.82E-02	5.32E-02	3.12E-02	7.43E-02	7.99E-02
ATP2B4_boot.268	6.72E-02	4.89E-02	3.10E-02	7.41E-02	7.86E-02
ATP2B4_boot.269	9.47E-02	5.67E-02	4.02E-02	9.20E-02	1.13E-01
ATP2B4_boot.270	6.99E-02	4.90E-02	3.06E-02	7.59E-02	8.15E-02
ATP2B4_boot.271	8.12E-02	5.62E-02	3.10E-02	8.63E-02	9.16E-02
ATP2B4_boot.272	7.12E-02	5.35E-02	3.18E-02	7.72E-02	8.29E-02
ATP2B4_boot.273	7.83E-02	5.53E-02	3.75E-02	8.45E-02	9.59E-02
ATP2B4_boot.274	7.08E-02	5.09E-02	3.73E-02	7.85E-02	8.67E-02
ATP2B4_boot.275	7.98E-02	5.91E-02	3.17E-02	8.07E-02	8.87E-02
ATP2B4_boot.276	8.10E-02	5.23E-02	4.45E-02	8.85E-02	1.04E-01
ATP2B4_boot.277	8.92E-02	5.45E-02	3.81E-02	9.28E-02	1.09E-01
ATP2B4_boot.278	6.77E-02	4.75E-02	3.83E-02	7.70E-02	8.37E-02
ATP2B4_boot.279	8.54E-02	5.13E-02	4.67E-02	9.10E-02	1.11E-01
ATP2B4_boot.280	6.73E-02	5.22E-02	3.21E-02	7.48E-02	7.91E-02
ATP2B4_boot.281	6.51E-02	5.15E-02	3.90E-02	7.49E-02	7.97E-02
ATP2B4_boot.282	7.19E-02	5.02E-02	3.10E-02	7.72E-02	8.45E-02
ATP2B4_boot.283	6.87E-02	5.25E-02	3.21E-02	7.62E-02	8.11E-02
ATP2B4_boot.284	8.52E-02	5.51E-02	3.39E-02	8.71E-02	9.78E-02
ATP2B4_boot.285	7.05E-02	5.31E-02	3.09E-02	7.65E-02	8.24E-02
ATP2B4_boot.286	6.47E-02	5.27E-02	3.28E-02	7.33E-02	7.42E-02
ATP2B4_boot.287	7.99E-02	6.83E-02	3.32E-02	8.14E-02	8.78E-02
ATP2B4_boot.288	6.89E-02	5.73E-02	3.33E-02	7.51E-02	8.01E-02
ATP2B4_boot.289	7.21E-02	4.91E-02	3.46E-02	7.96E-02	8.80E-02
ATP2B4_boot.290	6.75E-02	5.07E-02	3.15E-02	7.52E-02	7.81E-02
ATP2B4_boot.291	7.46E-02	5.00E-02	3.94E-02	8.23E-02	9.27E-02
ATP2B4_boot.292	8.89E-02	5.30E-02	4.11E-02	9.12E-02	1.10E-01
ATP2B4_boot.293	8.04E-02	5.12E-02	3.81E-02	8.51E-02	9.78E-02
ATP2B4_real	7.89E-02	5.63E-02	3.09E-02	8.13E-02	9.05E-02
ATP2B4_real.1	7.76E-02	5.24E-02	4.17E-02	8.49E-02	9.56E-02
ATP2B4_real.2	7.69E-02	5.26E-02	3.71E-02	8.04E-02	9.25E-02
ATP2B4_real.3	1.35E-01	1.42E-01	4.21E-02	9.78E-02	3.50E-02
ATP2B4_real.4	1.64E-01	1.52E-01	4.69E-02	9.51E-02	8.58E-08
ATP2B4_real.5	1.48E-01	1.44E-01	4.69E-02	9.11E-02	3.68E-02
EXO1_boot	1.19E-01	1.38E-01	1.73E-02	7.91E-02	4.72E-03
EXO1_boot.1	1.10E-01	1.32E-01	1.59E-02	7.07E-02	6.10E-03
EXO1_boot.2	1.16E-01	1.46E-01	1.00E-26	6.97E-02	1.91E-13
EXO1_boot.3	1.18E-01	1.47E-01	1.00E-26	7.85E-02	4.54E-03
EXO1_boot.4	1.15E-01	1.36E-01	1.64E-02	7.28E-02	6.08E-03
EXO1_boot.5	1.12E-01	1.35E-01	1.52E-02	7.26E-02	5.93E-03
EXO1_boot.6	1.22E-01	1.60E-01	1.45E-28	7.69E-02	3.90E-03
EXO1_boot.7	1.15E-01	1.34E-01	1.71E-02	7.71E-02	5.06E-03
EXO1_boot.8	1.16E-01	1.45E-01	1.00E-26	7.38E-02	5.88E-03
EXO1_boot.9	1.14E-01	1.35E-01	1.56E-02	7.23E-02	5.84E-03
EXO1_boot.10	1.14E-01	1.33E-01	1.79E-02	6.52E-02	4.40E-03
EXO1_boot.11	1.28E-01	1.54E-01	6.83E-28	9.51E-02	7.28E-35
EXO1_boot.12	1.18E-01	1.50E-01	1.00E-26	7.21E-02	3.43E-03
EXO1_boot.13	1.16E-01	1.47E-01	1.00E-26	7.94E-02	3.97E-03
EXO1_boot.14	1.16E-01	1.37E-01	1.54E-02	7.51E-02	5.13E-03
EXO1_boot.15	1.17E-01	1.37E-01	1.60E-02	7.61E-02	5.26E-03
EXO1_boot.16	1.14E-01	1.35E-01	1.55E-02	7.18E-02	6.14E-03
EXO1_boot.17	1.18E-01	1.53E-01	1.00E-26	7.21E-02	4.15E-03
EXO1_boot.18	1.15E-01	1.38E-01	1.77E-02	6.98E-02	7.87E-03
EXO1_boot.19	1.21E-01	1.42E-01	1.81E-02	6.32E-02	4.62E-03
EXO1_boot.20	1.11E-01	1.40E-01	1.00E-26	6.63E-02	1.19E-44
EXO1_boot.21	1.13E-01	1.43E-01	1.00E-26	7.48E-02	4.91E-03
EXO1_boot.22	1.21E-01	1.53E-01	1.00E-26	7.35E-02	3.66E-03
EXO1_boot.23	1.07E-01	1.37E-01	1.00E-26	7.28E-02	3.15E-03
EXO1_boot.24	1.12E-01	1.33E-01	1.53E-02	7.29E-02	5.04E-03
EXO1_boot.25	1.12E-01	1.33E-01	1.62E-02	7.49E-02	5.16E-03
EXO1_boot.26	1.18E-01	1.38E-01	1.69E-02	7.55E-02	5.59E-03
EXO1_boot.27	1.09E-01	1.40E-01	1.00E-26	7.13E-02	5.18E-03
EXO1_boot.28	1.16E-01	1.36E-01	1.63E-02	7.85E-02	4.48E-03
EXO1_boot.29	1.18E-01	1.39E-01	1.82E-02	7.55E-02	6.45E-03
EXO1_boot.30	1.19E-01	1.42E-01	1.81E-02	7.69E-02	6.25E-03
EXO1_boot.31	1.18E-01	1.38E-01	1.70E-02	8.13E-02	4.99E-03
EXO1_boot.32	1.15E-01	1.45E-01	1.00E-26	7.79E-02	4.54E-03
EXO1_boot.33	1.20E-01	1.54E-01	1.00E-26	7.44E-02	3.91E-03
EXO1_boot.34	1.14E-01	1.43E-01	1.00E-26	7.50E-02	4.19E-03
EXO1_boot.35	1.14E-01	1.52E-01	1.00E-26	7.97E-02	4.08E-03
EXO1_boot.36	1.12E-01	1.42E-01	1.00E-26	7.47E-02	4.47E-03
EXO1_boot.37	1.14E-01	1.34E-01	1.59E-02	7.03E-02	7.16E-03
EXO1_boot.38	1.19E-01	1.52E-01	1.00E-26	7.18E-02	3.20E-03
EXO1_boot.39	1.12E-01	1.33E-01	1.60E-02	7.41E-02	5.52E-03
EXO1_boot.40	1.17E-01	1.45E-01	1.00E-26	7.63E-02	4.67E-03
EXO1_boot.41	1.17E-01	1.37E-01	1.65E-02	7.49E-02	5.71E-03
EXO1_boot.42	1.18E-01	1.48E-01	1.00E-26	8.16E-02	3.99E-03
EXO1_boot.43	1.11E-01	1.31E-01	1.85E-02	7.84E-02	5.09E-03
EXO1_boot.44	1.08E-01	1.30E-01	1.60E-02	6.81E-02	7.71E-03
EXO1_boot.45	1.16E-01	1.39E-01	1.80E-02	7.46E-02	6.58E-03
EXO1_boot.46	1.16E-01	1.35E-01	1.82E-02	7.09E-02	8.01E-03
EXO1_boot.47	1.14E-01	1.36E-01	1.92E-02	6.85E-02	9.12E-03
EXO1_boot.48	1.15E-01	1.37E-01	1.94E-02	7.01E-02	8.74E-03
EXO1_boot.49	1.13E-01	1.33E-01	1.71E-02	6.88E-02	7.99E-03
EXO1_boot.50	1.12E-01	1.33E-01	1.82E-02	7.05E-02	7.41E-03
EXO1_boot.51	1.17E-01	1.38E-01	1.82E-02	7.31E-02	7.05E-03
EXO1_boot.52	1.14E-01	1.34E-01	1.81E-02	6.98E-02	8.04E-03
EXO1_boot.53	1.12E-01	1.31E-01	1.90E-02	6.69E-02	1.05E-02
EXO1_boot.54	1.12E-01	1.32E-01	1.68E-02	6.80E-02	8.46E-03
EXO1_boot.55	1.11E-01	1.23E-01	2.30E-02	6.66E-02	1.10E-02
EXO1_boot.56	1.18E-01	1.40E-01	1.77E-02	7.75E-02	5.36E-03
EXO1_boot.57	1.14E-01	1.35E-01	1.73E-02	7.03E-02	7.74E-03
EXO1_boot.58	1.12E-01	1.34E-01	1.72E-02	7.24E-02	6.12E-03
EXO1_boot.59	1.13E-01	1.33E-01	1.83E-02	7.11E-02	7.10E-03
EXO1_boot.60	1.10E-01	1.33E-01	1.75E-02	7.36E-02	5.49E-03
EXO1_boot.61	1.14E-01	1.36E-01	1.88E-02	6.97E-02	8.21E-03
EXO1_boot.62	1.11E-01	1.32E-01	1.70E-02	7.11E-02	6.53E-03
EXO1_boot.63	1.13E-01	1.33E-01	1.85E-02	6.81E-02	9.16E-03
EXO1_boot.64	1.12E-01	1.32E-01	1.76E-02	6.76E-02	9.30E-03
EXO1_boot.65	1.19E-01	1.42E-01	1.76E-02	7.67E-02	5.99E-03
EXO1_boot.66	1.15E-01	1.35E-01	1.67E-02	7.08E-02	7.26E-03
EXO1_boot.67	1.16E-01	1.38E-01	1.79E-02	7.18E-02	7.36E-03
EXO1_boot.68	1.12E-01	1.32E-01	1.82E-02	6.73E-02	9.59E-03
EXO1_boot.69	1.17E-01	1.37E-01	1.86E-02	7.19E-02	7.67E-03
EXO1_boot.70	1.15E-01	1.35E-01	1.75E-02	7.06E-02	7.69E-03
EXO1_boot.71	1.12E-01	1.32E-01	1.83E-02	6.77E-02	9.49E-03
EXO1_boot.72	1.10E-01	1.33E-01	1.67E-02	7.30E-02	5.70E-03
EXO1_boot.73	1.13E-01	1.35E-01	1.71E-02	7.43E-02	5.62E-03
EXO1_boot.74	1.13E-01	1.34E-01	1.80E-02	7.23E-02	6.58E-03
EXO1_boot.75	1.18E-01	1.39E-01	1.90E-02	7.22E-02	7.78E-03
EXO1_boot.76	1.06E-01	1.28E-01	1.66E-02	6.74E-02	7.70E-03
EXO1_boot.77	1.18E-01	1.39E-01	1.79E-02	7.35E-02	6.68E-03
EXO1_boot.78	1.19E-01	1.38E-01	1.89E-02	7.40E-02	6.96E-03
EXO1_boot.79	1.15E-01	1.37E-01	1.73E-02	7.68E-02	5.60E-03
EXO1_boot.80	1.15E-01	1.37E-01	1.89E-02	7.01E-02	8.32E-03
EXO1_boot.81	1.16E-01	1.36E-01	1.84E-02	7.11E-02	7.58E-03
EXO1_boot.82	1.17E-01	1.37E-01	1.85E-02	7.19E-02	7.35E-03
EXO1_boot.83	1.16E-01	1.37E-01	1.76E-02	7.18E-02	7.53E-03
EXO1_boot.84	1.14E-01	1.34E-01	1.85E-02	6.97E-02	8.75E-03
EXO1_boot.85	1.14E-01	1.35E-01	1.83E-02	6.98E-02	8.05E-03
EXO1_real	1.16E-01	1.48E-01	1.00E-26	7.88E-02	4.64E-03
EXO1_real.1	1.15E-01	1.36E-01	1.81E-02	7.08E-02	7.73E-03
RNF168_boot	1.11E-01	1.34E-01	1.83E-02	6.49E-02	1.19E-02
RNF168_boot.1	1.13E-01	1.35E-01	1.89E-02	6.72E-02	1.05E-02
RNF168_boot.2	1.10E-01	1.30E-01	1.72E-02	6.58E-02	1.16E-02
RNF168_boot.3	1.14E-01	1.33E-01	1.61E-02	6.55E-02	1.08E-02
RNF168_boot.4	1.06E-01	1.29E-01	1.84E-02	6.54E-02	1.48E-02
RNF168_boot.5	1.05E-01	1.27E-01	1.77E-02	6.71E-02	9.81E-03
RNF168_boot.6	1.12E-01	1.19E-01	2.43E-02	6.68E-02	1.37E-02
RNF168_boot.7	1.55E-01	7.45E-02	1.39E-01	8.88E-02	1.98E-01
RNF168_boot.8	1.09E-01	7.72E-02	5.89E-02	4.71E-02	1.15E-01
RNF168_boot.9	9.03E-01	1.04E-01	3.53E-02	1.86E-01	2.12E-01
RNF168_boot.10	1.20E-01	8.90E-02	6.79E-02	4.12E-02	1.14E-01
RNF168_boot.11	9.07E-01	1.18E-01	3.08E-02	1.08E-01	1.51E-01
RNF168_boot.12	1.10E-01	7.77E-02	5.56E-02	4.65E-02	1.15E-01
RNF168_boot.13	1.60E-01	7.07E-02	9.52E-02	2.26E-01	1.21E-01
RNF168_boot.14	1.45E-01	9.92E-02	9.78E-02	1.06E-01	2.60E-01
RNF168_boot.15	1.70E-01	6.34E-02	7.08E-02	3.84E-02	1.13E-01
RNF168_boot.16	9.61E-01	2.08E-01	3.83E-02	1.85E-01	1.37E-01
RNF168_boot.17	1.14E-01	9.07E-02	6.43E-02	4.10E-02	1.18E-01
RNF168_boot.18	1.32E-01	7.52E-02	9.44E-02	2.11E-01	1.20E-01
RNF168_boot.19	8.98E-01	1.44E-01	3.55E-02	1.85E-01	2.39E-01
RNF168_boot.20	1.66E-01	7.43E-02	8.05E-02	4.14E-02	1.30E-01
RNF168_boot.21	8.85E-01	1.34E-01	4.30E-02	1.88E-01	1.26E-01
RNF168_boot.22	8.99E-01	2.07E-01	2.63E-02	1.39E-01	1.39E-01
RNF168_boot.23	1.45E-01	6.03E-02	9.19E-02	1.57E-01	9.34E-02
RNF168_boot.24	1.12E-01	8.01E-02	6.94E-02	4.89E-02	1.15E-01
RNF168_boot.25	1.14E-01	8.94E-02	6.90E-02	3.85E-02	1.16E-01
RNF168_boot.26	1.43E-01	6.45E-02	2.96E-01	9.83E-02	2.12E-01
RNF168_boot.27	1.13E-01	8.30E-02	5.74E-02	4.75E-02	1.15E-01
RNF168_boot.28	1.52E-01	4.28E-02	8.38E-02	9.71E-02	9.43E-02
RNF168_boot.29	9.95E-02	6.00E-02	5.39E-02	4.73E-02	1.07E-01
RNF168_boot.30	1.11E-01	8.45E-02	6.46E-02	3.82E-02	1.17E-01
RNF168_boot.31	4.59E-01	1.36E-01	2.60E-02	1.82E-01	2.47E-01
RNF168_boot.32	1.77E-01	6.10E-02	7.27E-02	4.37E-02	1.14E-01
RNF168_boot.33	1.60E-01	9.06E-02	1.29E-01	8.05E-02	1.41E-01
RNF168_boot.34	3.27E-01	7.54E-02	1.29E-01	9.21E-02	2.18E-01
RNF168_boot.35	1.64E-01	5.58E-02	6.47E-02	3.76E-02	1.19E-01
RNF168_boot.36	1.13E-01	8.91E-02	7.40E-02	4.62E-02	1.17E-01
RNF168_boot.37	2.34E-01	8.64E-02	1.50E-01	8.43E-02	2.30E-01
RNF168_boot.38	1.65E-01	8.07E-02	8.04E-02	4.06E-02	1.34E-01
RNF168_boot.39	1.01E-01	5.71E-02	5.12E-02	4.76E-02	1.09E-01
RNF168_boot.40	1.32E-01	7.25E-02	1.24E-01	9.44E-02	1.47E-01
RNF168_boot.41	1.53E-01	8.33E-02	1.35E-01	8.32E-02	2.19E-01
RNF168_boot.42	1.15E-01	8.16E-02	5.56E-02	4.86E-02	1.14E-01
RNF168_boot.43	1.55E-01	7.33E-02	1.22E-01	8.88E-02	1.82E-01
RNF168_boot.44	8.98E-01	1.34E-01	3.64E-02	1.84E-01	2.15E-01
RNF168_boot.45	1.10E-01	8.51E-02	6.91E-02	4.06E-02	1.17E-01
RNF168_boot.46	1.10E-01	8.08E-02	6.04E-02	4.37E-02	1.14E-01
RNF168_boot.47	1.63E-01	7.45E-02	2.88E-01	1.00E-01	2.27E-01
RNF168_boot.48	1.17E-01	8.27E-02	5.96E-02	3.79E-02	1.20E-01
RNF168_boot.49	1.68E-01	5.69E-02	8.31E-02	4.45E-02	1.13E-01
RNF168_boot.50	9.54E-01	1.04E-01	4.25E-02	2.11E-01	1.77E-01
RNF168_boot.51	1.51E-01	8.21E-02	1.33E-01	8.48E-02	2.07E-01
RNF168_boot.52	1.15E-01	8.81E-02	8.16E-02	3.71E-02	1.16E-01
RNF168_boot.53	4.70E-01	1.11E-01	2.24E-02	1.84E-01	1.50E-01
RNF168_boot.54	1.40E-01	1.52E-01	1.21E-01	1.13E-01	2.83E-01
RNF168_boot.55	2.07E-01	3.81E-02	1.16E-01	5.36E-02	1.54E-01
RNF168_boot.56	1.45E-01	8.37E-02	9.68E-02	1.03E-01	2.57E-01
RNF168_boot.57	1.09E-01	6.52E-02	1.12E-01	3.43E-02	1.70E-01
RNF168_boot.58	4.47E-01	1.72E-01	2.23E-02	4.88E-01	1.75E-01
RNF168_boot.59	4.79E-01	1.79E-01	2.28E-02	1.87E-01	1.44E-01
RNF168_boot.60	4.90E-01	1.24E-01	2.21E-02	1.86E-01	1.59E-01
RNF168_boot.61	2.02E-01	2.02E-01	2.77E-01	2.98E-01	9.05E-02
RNF168_boot.62	1.59E-01	6.51E-02	1.01E-01	4.03E-02	1.29E-01
RNF168_boot.63	4.87E-01	9.65E-02	2.16E-02	1.83E-01	1.33E-01
RNF168_boot.64	1.67E-01	5.81E-02	7.71E-02	5.03E-02	1.21E-01
RNF168_boot.65	1.73E-01	1.95E-01	1.76E-01	2.45E-01	1.15E-01
RNF168_boot.66	1.21E-01	8.21E-02	7.72E-02	4.42E-02	1.19E-01
RNF168_boot.67	1.63E-01	1.30E-01	5.25E-02	2.28E-01	9.75E-02
RNF168_boot.68	1.63E-01	9.49E-02	1.05E-01	2.17E-01	9.45E-02
RNF168_boot.69	6.46E-02	9.34E-02	1.36E-01	7.79E-02	2.32E-01
RNF168_boot.70	1.66E-01	6.09E-02	8.72E-02	5.10E-02	1.29E-01
RNF168_boot.71	1.80E-01	9.61E-02	1.74E-01	7.60E-02	2.76E-01
RNF168_boot.72	2.50E-01	9.52E-02	1.48E-01	7.96E-02	2.32E-01
RNF168_boot.73	9.33E-01	1.60E-01	2.48E-02	1.60E-01	1.42E-01
RNF168_boot.74	6.00E-02	9.26E-02	1.81E-01	8.16E-02	3.03E-01
RNF168_boot.75	4.66E-01	1.36E-01	2.34E-02	1.86E-01	2.28E-01
RNF168_boot.76	1.63E-01	6.16E-02	6.49E-02	4.59E-02	1.20E-01
RNF168_boot.77	1.76E-01	1.89E-01	1.92E-01	2.37E-01	1.10E-01
RNF168_boot.78	4.97E-01	2.95E-01	2.14E-02	1.84E-01	1.74E-01
RNF168_boot.79	1.73E-01	5.57E-02	7.88E-02	4.54E-02	1.14E-01
RNF168_boot.80	1.53E-01	8.94E-02	1.33E-01	7.80E-02	1.37E-01
RNF168_boot.81	4.83E-01	1.37E-01	2.05E-02	1.88E-01	1.50E-01
RNF168_boot.82	1.43E-01	1.29E-01	9.92E-02	1.06E-01	2.54E-01
RNF168_boot.83	1.78E-01	1.72E-01	1.26E-01	2.29E-01	1.03E-01
RNF168_boot.84	9.24E-01	2.58E-01	2.76E-02	1.25E-01	1.42E-01
RNF168_boot.85	1.74E-01	1.69E-01	1.41E-01	2.51E-01	1.13E-01
RNF168_boot.86	1.64E-01	6.14E-02	7.73E-02	5.05E-02	1.19E-01
RNF168_boot.87	1.52E-01	1.81E-01	1.26E-01	2.15E-01	3.08E-01
RNF168_boot.88	1.25E-01	9.38E-02	9.53E-02	3.03E-02	1.44E-01
RNF168_boot.89	1.77E-01	2.59E-02	1.17E-01	4.91E-02	1.84E-01
RNF168_boot.90	1.57E-01	1.32E-01	9.55E-02	2.11E-01	9.16E-02
RNF168_boot.91	1.03E-01	6.41E-02	5.60E-02	4.32E-02	1.09E-01
RNF168_boot.92	8.95E-01	1.27E-01	2.75E-02	1.88E-01	1.41E-01
RNF168_boot.93	1.43E-01	1.21E-01	1.00E-01	2.07E-01	1.12E-01
RNF168_boot.94	4.34E-02	2.53E-01	1.59E-01	8.00E-02	2.59E-01
RNF168_boot.95	3.42E-01	9.43E-02	1.49E-01	8.47E-02	1.45E-01
RNF168_boot.96	1.54E-01	3.27E-01	2.03E-01	7.53E-02	3.17E-01
RNF168_boot.97	1.66E-01	6.03E-02	8.35E-02	4.26E-02	1.22E-01
RNF168_boot.98	1.42E-01	1.53E-01	1.23E-01	2.24E-01	1.11E-01
RNF168_boot.99	1.12E-01	8.15E-02	5.88E-02	4.15E-02	1.16E-01
RNF168_boot.100	4.51E-01	1.60E-01	2.53E-02	1.85E-01	1.70E-01
RNF168_boot.101	2.01E-01	1.68E-01	2.01E-01	1.49E-01	3.29E-01
RNF168_boot.102	6.81E-02	1.25E-01	1.99E-01	1.99E-01	1.21E-01
RNF168_boot.103	2.94E-01	4.98E-02	2.30E-01	2.29E-01	1.93E-01
RNF168_boot.104	2.46E-01	8.66E-02	6.77E-02	1.30E-01	9.61E-02
RNF168_boot.105	1.08E-01	1.34E-01	1.00E-26	7.48E-02	3.74E-03
RNF168_boot.106	1.13E-01	1.35E-01	1.76E-02	6.98E-02	1.00E-02
RNF168_boot.107	1.45E-01	1.18E-01	1.03E-01	1.06E-01	2.67E-01
RNF168_boot.108	1.63E-01	3.61E-02	9.78E-02	3.53E-02	1.76E-01
RNF168_boot.109	1.75E-01	5.83E-02	8.11E-02	4.20E-02	1.15E-01
RNF168_boot.110	6.63E-02	8.20E-02	1.24E-01	8.40E-02	2.07E-01
RNF168_boot.111	4.61E-01	1.33E-01	2.41E-02	1.85E-01	1.64E-01
RNF168_boot.112	4.33E-02	2.75E-03	3.36E-01	2.40E-01	1.22E+00
RNF168_boot.113	5.14E-02	5.26E-02	1.96E-01	2.70E-01	1.38E-01
RNF168_boot.114	2.23E-01	4.89E-02	1.72E-01	2.25E-01	9.00E-02
RNF168_boot.115	5.34E-02	5.11E-09	2.44E-01	1.27E-01	1.16E+00
RNF168_boot.116	3.47E-02	5.01E-02	2.47E-01	2.48E-01	2.00E-01
RNF168_boot.117	5.27E-02	5.40E-02	2.00E-01	2.13E-01	5.38E-01
RNF168_boot.118	5.38E-02	5.51E-02	2.09E-01	9.68E-02	1.61E-01
RNF168_boot.119	3.03E-01	4.90E-02	2.43E-01	2.39E-01	1.89E-01
RNF168_boot.120	5.24E-02	5.69E-02	2.03E-01	9.97E-02	5.35E-01
RNF168_boot.121	3.48E-02	5.39E-02	2.36E-01	2.73E-01	1.89E-01
RNF168_boot.122	5.43E-02	4.96E-02	2.27E-01	2.48E-01	1.83E-01
RNF168_boot.123	4.75E-02	3.32E-18	2.57E-01	1.61E-01	1.18E+00
RNF168_boot.124	5.43E-02	3.17E-18	2.49E-01	1.43E-01	1.15E+00
RNF168_boot.125	5.28E-02	5.47E-02	2.04E-01	1.15E-01	5.33E-01
RNF168_boot.126	2.54E-02	5.89E-12	3.43E-01	2.36E-01	1.56E+00
RNF168_boot.127	5.57E-02	1.35E-21	1.92E-01	2.00E-01	1.14E+00
RNF168_boot.128	5.86E-02	1.74E-19	3.00E-01	2.01E-01	1.19E+00
RNF168_boot.129	3.82E-02	2.84E-18	2.48E-01	1.53E-01	1.17E+00
RNF168_boot.130	5.55E-02	7.13E-07	2.20E-01	8.39E-02	1.15E+00
RNF168_boot.131	5.26E-02	5.14E-02	2.24E-01	3.09E-01	1.66E-01
RNF168_boot.132	4.92E-02	1.20E-09	3.07E-01	2.05E-01	1.19E+00
RNF168_boot.133	5.37E-02	5.34E-02	2.08E-01	9.61E-02	5.43E-01
RNF168_boot.134	1.99E-01	5.45E-02	1.42E-01	9.32E-02	2.38E-01
RNF168_boot.135	5.37E-02	2.92E-09	2.44E-01	1.29E-01	1.16E+00
RNF168_boot.136	4.82E-02	7.79E-02	2.01E-01	7.02E-02	1.12E+00
RNF168_boot.137	3.08E-01	5.17E-02	2.43E-01	2.65E-01	1.99E-01
RNF168_boot.138	8.74E-02	4.93E-02	2.24E-01	2.00E-01	1.82E-01
RNF168_boot.139	5.16E-02	5.01E-02	1.85E-01	2.17E-01	9.09E-02
RNF168_boot.140	3.40E-02	5.16E-02	2.23E-01	2.32E-01	1.78E-01
RNF168_boot.141	5.74E-02	5.42E-06	2.64E-01	1.73E-01	1.19E+00
RNF168_boot.142	2.45E-01	5.23E-02	1.90E-01	9.19E-02	1.25E-01
RNF168_boot.143	5.38E-02	1.25E-16	2.73E-01	1.75E-01	1.17E+00
RNF168_boot.144	5.24E-02	5.53E-02	1.87E-01	1.38E-01	9.89E-02
RNF168_boot.145	4.55E-02	2.40E-06	3.41E-01	2.30E-01	1.20E+00
RNF168_boot.146	4.09E-01	8.30E-02	3.10E-01	3.99E-01	2.63E-01
RNF168_boot.147	3.54E-02	5.14E-02	2.80E-01	3.29E-01	2.16E-01
RNF168_boot.148	3.80E-02	2.39E-06	2.18E-01	8.33E-02	1.15E+00
RNF168_boot.149	5.27E-02	5.02E-02	2.00E-01	1.44E-01	1.14E-01
RNF168_boot.150	2.60E-01	5.03E-02	2.13E-01	9.65E-02	5.44E-01
RNF168_boot.151	5.26E-02	1.47E-22	1.90E-01	2.05E-01	1.15E+00
RNF168_boot.152	4.17E-02	2.55E-06	2.31E-01	9.88E-02	1.14E+00
RNF168_boot.153	2.15E-01	5.40E-02	1.69E-01	1.10E-01	5.64E-01
RNF168_boot.154	5.02E-02	1.20E-01	3.62E-01	1.30E-01	1.15E+00
RNF168_boot.155	5.01E-02	5.65E-02	2.93E-01	1.29E-01	5.31E-01
RNF168_boot.156	1.84E-01	5.44E-02	1.39E-01	9.54E-02	2.52E-01
RNF168_boot.157	5.04E-02	5.58E-02	1.77E-01	9.37E-02	5.32E-01
RNF168_boot.158	2.19E-01	5.57E-02	1.81E-01	1.45E-01	5.34E-01
RNF168_boot.159	2.02E-01	5.41E-02	1.67E-01	1.13E-01	5.62E-01
RNF168_boot.160	5.65E-02	2.68E-09	1.75E-01	2.06E-01	1.13E+00
RNF168_boot.161	1.78E-01	5.77E-02	1.46E-01	9.25E-02	6.43E-02
RNF168_boot.162	5.27E-02	4.74E-18	1.95E-01	2.08E-01	1.15E+00
RNF168_boot.163	5.08E-02	5.67E-02	1.98E-01	1.53E-01	5.35E-01
RNF168_boot.164	1.83E-01	5.35E-02	1.73E-01	9.11E-02	2.47E-01
RNF168_boot.165	2.33E-01	5.77E-02	2.05E-01	1.58E-01	5.32E-01
RNF168_boot.166	3.40E-02	5.47E-02	2.07E-01	9.68E-02	5.37E-01
RNF168_boot.167	4.98E-02	1.42E-02	2.42E-01	1.24E-01	1.15E+00
RNF168_boot.168	1.96E-01	5.80E-02	5.39E-01	1.03E-01	4.77E-02
RNF168_boot.169	3.15E-02	8.72E-02	2.61E-01	1.88E-01	1.18E+00
RNF168_boot.170	4.55E-01	4.87E-02	2.11E-01	7.70E-02	1.12E+00
RNF168_boot.171	1.89E-01	5.73E-02	1.33E-01	1.04E-01	2.41E-01
RNF168_boot.172	1.85E-01	5.46E-02	1.41E-01	1.14E-01	2.42E-01
RNF168_boot.173	5.80E-02	3.85E-12	1.78E-01	2.07E-01	1.13E+00
RNF168_boot.174	1.73E-01	5.47E-02	1.66E-01	1.02E-01	5.34E-01
RNF168_boot.175	5.40E-02	3.22E-06	1.93E-01	2.08E-01	1.15E+00
RNF168_boot.176	4.95E-02	5.51E-02	2.11E-01	9.47E-02	5.34E-01
RNF168_boot.177	5.38E-02	1.02E-07	2.01E-01	2.07E-01	1.14E+00
RNF168_boot.178	4.82E-02	4.32E-21	2.48E-01	1.49E-01	1.16E+00
RNF168_boot.179	5.54E-02	3.57E-10	2.16E-01	7.62E-02	1.13E+00
RNF168_boot.180	5.65E-02	2.52E-03	2.10E-01	7.30E-02	1.12E+00
RNF168_boot.181	5.28E-02	6.33E-20	1.74E-01	2.04E-01	1.12E+00
RNF168_boot.182	4.89E-02	5.42E-02	2.08E-01	1.33E-01	5.40E-01
RNF168_boot.183	4.85E-02	5.55E-02	1.75E-01	1.04E-01	7.55E-02
RNF168_boot.184	4.91E-02	5.50E-09	2.40E-01	1.34E-01	1.16E+00
RNF168_boot.185	4.90E-02	3.23E-09	2.38E-01	1.25E-01	1.16E+00
RNF168_boot.186	5.38E-02	5.60E-09	2.35E-01	1.00E-01	1.14E+00
RNF168_boot.187	2.29E-01	5.53E-02	1.85E-01	1.15E-01	5.30E-01
RNF168_boot.188	1.94E-01	5.30E-02	1.68E-01	1.13E-01	7.66E-02
RNF168_boot.189	4.86E-02	2.96E-06	2.44E-01	1.52E-01	1.16E+00
RNF168_boot.190	1.39E-01	5.40E-02	1.71E-01	1.27E-01	5.29E-01
RNF168_boot.191	5.06E-02	3.45E-21	2.39E-01	1.11E-01	1.15E+00
RNF168_boot.192	5.48E-02	4.48E-06	2.02E-01	2.06E-01	1.14E+00
RNF168_boot.193	2.17E-01	5.48E-02	1.78E-01	1.12E-01	5.30E-01
RNF168_boot.194	3.19E-02	5.72E-03	2.39E-01	1.42E-01	1.16E+00
RNF168_boot.195	4.64E-02	5.31E-02	1.95E-01	1.27E-01	5.34E-01
RNF168_boot.196	5.40E-02	5.31E-02	2.32E-01	2.28E-01	1.80E-01
RNF168_boot.197	1.95E-01	5.35E-02	1.82E-01	1.24E-01	5.34E-01
RNF168_boot.198	3.58E-02	5.22E-02	2.64E-01	3.02E-01	2.07E-01
RNF168_boot.199	4.90E-02	5.48E-02	2.03E-01	1.19E-01	5.31E-01
RNF168_boot.200	4.94E-02	5.43E-02	2.76E-01	9.28E-02	5.34E-01
RNF168_boot.201	4.97E-02	1.52E-02	1.93E-01	2.07E-01	1.15E+00
RNF168_boot.202	7.27E-02	5.47E-02	1.48E-01	9.15E-02	5.88E-01
RNF168_boot.203	4.71E-02	5.48E-02	1.77E-01	9.03E-02	2.48E-01
RNF168_boot.204	4.81E-02	6.09E-15	2.62E-01	1.76E-01	1.17E+00
RNF168_boot.205	4.93E-02	4.63E-14	1.92E-01	2.57E-02	1.14E+00
RNF168_boot.206	4.89E-02	5.54E-02	1.97E-01	1.19E-01	5.34E-01
RNF168_boot.207	4.82E-02	6.27E-08	2.38E-01	1.30E-01	1.16E+00
RNF168_boot.208	5.15E-02	2.88E-09	2.38E-01	1.20E-01	1.15E+00
RNF168_real	5.01E-02	5.31E-02	1.62E-01	1.08E-01	2.52E-01
RNF168_real.1	7.01E-02	8.73E-02	9.62E-02	1.55E-01	4.24E-02
RNF168_real.2	1.23E-01	8.69E-02	9.21E-02	1.37E-01	3.38E-02
MLH1_boot	1.09E-01	1.37E-01	2.12E-01	1.33E-01	1.09E-01
MLH1_boot.1	1.41E-01	1.49E-01	1.18E-01	1.12E-01	1.25E-01
MLH1_boot.2	1.14E-01	1.36E-01	2.10E-01	1.38E-01	1.11E-01
MLH1_boot.3	1.04E-01	1.36E-01	2.18E-01	2.10E-01	2.12E-01
MLH1_boot.4	1.05E-01	1.32E-01	2.19E-01	1.65E-01	2.01E-01
MLH1_boot.5	1.42E-01	1.46E-01	1.19E-01	1.15E-01	1.28E-01
MLH1_boot.6	1.80E-01	1.52E-01	1.31E-01	1.59E-01	4.00E-02
MLH1_boot.7	6.56E-02	1.34E-01	2.15E-01	1.81E-01	1.14E-01
MLH1_boot.8	6.56E-02	1.34E-01	1.13E-01	1.47E-01	1.06E-01
MLH1_boot.9	1.47E-01	1.48E-01	1.24E-01	1.16E-01	1.29E-01
MLH1_boot.10	1.79E-01	1.48E-01	1.31E-01	1.58E-01	3.87E-02
MLH1_boot.11	6.76E-02	1.37E-01	2.11E-01	1.64E-01	1.18E-01
MLH1_boot.12	5.97E-02	1.36E-01	2.33E-01	2.25E-01	1.70E-01
MLH1_boot.13	1.26E-01	1.35E-01	2.15E-01	1.59E-01	1.63E-01
MLH1_boot.14	1.69E-01	1.50E-01	1.25E-01	1.54E-01	4.03E-02
MLH1_boot.15	1.50E-01	1.51E-01	1.32E-01	1.72E-01	3.95E-02
MLH1_boot.16	8.13E-02	1.33E-01	2.17E-01	1.67E-01	1.32E-01
MLH1_boot.17	1.25E-01	1.33E-01	2.17E-01	2.10E-01	1.43E-01
MLH1_boot.18	1.41E-01	1.45E-01	1.23E-01	1.15E-01	1.26E-01
MLH1_boot.19	1.35E-01	1.44E-01	1.18E-01	1.09E-01	1.23E-01
MLH1_boot.20	1.22E-01	1.33E-01	2.17E-01	2.11E-01	1.44E-01
MLH1_boot.21	1.23E-01	1.36E-01	2.12E-01	1.40E-01	1.12E-01
MLH1_boot.22	1.23E-01	1.29E-01	1.99E-01	1.58E-01	1.93E-01
MLH1_boot.23	1.27E-01	1.33E-01	2.23E-01	2.02E-01	1.30E-01
MLH1_boot.24	1.41E-01	1.44E-01	1.23E-01	1.46E-01	3.94E-02
MLH1_boot.25	1.38E-01	1.42E-01	1.19E-01	1.43E-01	3.96E-02
MLH1_boot.26	1.32E-01	1.40E-01	1.12E-01	1.06E-01	1.20E-01
MLH1_boot.27	1.37E-01	1.41E-01	1.16E-01	1.43E-01	3.95E-02
MLH1_boot.28	1.88E-01	1.44E-01	1.33E-01	1.13E+00	3.80E-02
MLH1_boot.29	1.88E-01	1.47E-01	1.39E-01	1.65E-01	3.84E-02
MLH1_boot.30	1.39E-01	1.42E-01	1.18E-01	1.09E-01	1.25E-01
MLH1_boot.31	1.46E-01	1.47E-01	1.25E-01	1.47E-01	3.99E-02
MLH1_boot.32	1.80E-01	1.42E-01	1.26E-01	1.51E-01	3.79E-02
MLH1_boot.33	1.38E-01	1.44E-01	1.16E-01	1.10E-01	1.26E-01
MLH1_boot.34	1.31E-01	1.39E-01	1.13E-01	1.09E-01	1.23E-01
MLH1_boot.35	1.00E-01	1.27E-01	2.07E-01	1.41E-01	1.07E-01
MLH1_boot.36	1.44E-01	1.44E-01	1.28E-01	1.62E-01	3.83E-02
MLH1_boot.37	6.60E-02	1.31E-01	7.12E-02	1.52E-01	1.44E-01
MLH1_boot.38	1.57E-01	1.51E-01	1.38E-01	1.88E-01	3.91E-02
MLH1_boot.39	1.56E-01	1.51E-01	1.39E-01	1.88E-01	3.88E-02
MLH1_boot.40	1.00E-01	1.35E-01	2.16E-01	1.87E-01	2.15E-01
MLH1_boot.41	1.58E-01	1.50E-01	1.43E-01	1.62E-01	1.38E-01
MLH1_boot.42	5.90E-02	1.34E-01	2.22E-01	2.06E-01	1.32E-01
MLH1_boot.43	1.04E-01	1.34E-01	2.25E-01	1.66E-01	1.22E-01
MLH1_boot.44	1.47E-01	1.54E-01	1.30E-01	1.57E-01	4.19E-02
MLH1_boot.45	5.96E-02	1.35E-01	2.37E-01	2.42E-01	1.83E-01
MLH1_boot.46	1.11E-01	1.35E-01	2.34E-01	2.19E-01	2.27E-01
MLH1_boot.47	1.21E-01	1.34E-01	2.25E-01	1.70E-01	1.27E-01
MLH1_boot.48	9.17E-02	1.35E-01	2.30E-01	2.18E-01	1.66E-01
MLH1_boot.49	1.47E-01	1.48E-01	1.32E-01	1.71E-01	3.90E-02
MLH1_boot.50	1.46E-01	1.44E-01	1.29E-01	1.71E-01	3.83E-02
MLH1_boot.51	1.01E-01	1.35E-01	2.29E-01	1.42E-01	1.43E-01
MLH1_boot.52	1.54E-01	1.50E-01	1.38E-01	1.83E-01	3.90E-02
MLH1_real	1.01E-01	1.35E-01	2.18E-01	1.39E-01	1.25E-01
MLH1_real.1	1.08E-01	1.35E-01	2.14E-01	1.42E-01	1.13E-01
MLH1_real.2	1.50E-01	1.49E-01	1.33E-01	1.72E-01	3.91E-02
MSH2_boot	1.09E-01	1.43E-01	1.00E-01	1.08E-01	6.51E-02
MSH2_boot.1	1.47E-01	1.49E-01	9.47E-02	1.08E-01	6.24E-02
MSH2_boot.2	8.59E-02	1.34E-01	1.05E-01	1.20E-01	9.40E-02
MSH2_boot.3	7.01E-02	1.34E-01	1.06E-01	1.40E-01	9.96E-02
MSH2_boot.4	7.00E-02	1.33E-01	1.03E-01	1.38E-01	9.72E-02
MSH2_boot.5	6.82E-02	1.34E-01	7.17E-02	1.44E-01	1.40E-01
MSH2_boot.6	6.71E-02	1.32E-01	7.09E-02	1.43E-01	1.44E-01
MSH2_boot.7	6.93E-02	1.30E-01	7.18E-02	1.63E-01	1.36E-01
MSH2_boot.8	1.03E-01	1.47E-01	1.02E-01	1.09E-01	6.45E-02
MSH2_boot.9	1.03E-01	1.45E-01	1.02E-01	1.08E-01	6.58E-02
MSH2_boot.10	7.00E-02	1.32E-01	1.75E-01	1.37E-01	1.93E-01
MSH2_boot.11	1.03E-01	1.47E-01	1.02E-01	1.10E-01	6.54E-02
MSH2_boot.12	1.04E-01	1.47E-01	1.04E-01	1.10E-01	6.61E-02
MSH2_boot.13	1.02E-01	1.48E-01	9.85E-02	1.06E-01	6.29E-02
MSH2_boot.14	1.02E-01	1.43E-01	9.42E-02	1.04E-01	6.24E-02
MSH2_boot.15	8.68E-02	1.29E-01	1.09E-01	1.44E-01	9.27E-02
MSH2_boot.16	6.96E-02	1.30E-01	1.03E-01	1.39E-01	9.53E-02
MSH2_boot.17	6.91E-02	1.34E-01	7.29E-02	1.35E-01	1.32E-01
MSH2_boot.18	6.69E-02	1.32E-01	1.04E-01	1.62E-01	1.02E-01
MSH2_boot.19	6.71E-02	1.30E-01	2.06E-01	1.57E-01	1.02E-01
MSH2_boot.20	1.10E-01	1.44E-01	1.05E-01	1.11E-01	6.77E-02
MSH2_boot.21	6.64E-02	1.39E-01	2.17E-01	1.85E-01	1.16E-01
MSH2_boot.22	6.70E-02	1.40E-01	2.17E-01	1.80E-01	1.13E-01
MSH2_boot.23	1.28E-01	1.54E-01	1.09E-01	1.16E-01	6.82E-02
MSH2_boot.24	1.40E-01	1.57E-01	1.25E-01	1.18E-01	8.38E-02
MSH2_boot.25	1.14E-01	1.36E-01	2.23E-01	1.63E-01	1.25E-01
MSH2_boot.26	1.08E-01	1.52E-01	1.07E-01	1.11E-01	6.62E-02
MSH2_boot.27	6.81E-02	1.34E-01	7.20E-02	1.40E-01	1.40E-01
MSH2_boot.28	6.55E-02	1.35E-01	2.04E-01	1.74E-01	1.07E-01
MSH2_boot.29	1.09E-01	1.52E-01	1.10E-01	1.12E-01	6.79E-02
MSH2_boot.30	1.07E-01	1.52E-01	1.06E-01	1.10E-01	6.50E-02
MSH2_boot.31	1.07E-01	1.51E-01	1.08E-01	1.12E-01	6.77E-02
MSH2_boot.32	6.65E-02	1.37E-01	1.17E-01	1.77E-01	1.08E-01
MSH2_boot.33	1.10E-01	1.53E-01	1.08E-01	1.11E-01	6.67E-02
MSH2_boot.34	1.09E-01	1.48E-01	1.10E-01	1.11E-01	7.08E-02
MSH2_real	6.91E-02	1.33E-01	2.00E-01	1.37E-01	9.67E-02
MSH2_real.1	6.74E-02	1.37E-01	2.13E-01	1.75E-01	1.09E-01
MSH6_boot	1.13E-01	1.33E-01	1.12E-01	1.77E-01	1.09E-01
MSH6_boot.1	1.38E-01	1.46E-01	1.16E-01	1.11E-01	1.25E-01
MSH6_boot.2	9.68E-02	1.32E-01	2.10E-01	1.81E-01	1.50E-01
MSH6_boot.3	8.23E-02	9.86E-02	0.00E+00	5.33E-02	0.00E+00
MSH6_boot.4	8.59E-02	9.94E-02	0.00E+00	5.21E-02	0.00E+00
MSH6_boot.5	8.26E-02	9.94E-02	0.00E+00	5.29E-02	0.00E+00
MSH6_boot.6	8.46E-02	1.00E-01	0.00E+00	5.08E-02	0.00E+00
MSH6_boot.7	8.56E-02	1.00E-01	0.00E+00	5.15E-02	0.00E+00
MSH6_boot.8	8.42E-02	1.01E-01	0.00E+00	5.14E-02	0.00E+00
MSH6_boot.9	8.45E-02	9.98E-02	0.00E+00	5.18E-02	0.00E+00
MSH6_boot.10	8.42E-02	1.01E-01	0.00E+00	5.04E-02	0.00E+00
MSH6_boot.11	8.58E-02	9.97E-02	0.00E+00	5.12E-02	0.00E+00
MSH6_boot.12	8.47E-02	1.00E-01	0.00E+00	5.06E-02	0.00E+00
MSH6_boot.13	8.49E-02	9.97E-02	0.00E+00	5.12E-02	0.00E+00
MSH6_boot.14	8.29E-02	9.88E-02	1.00E-26	5.21E-02	0.00E+00
MSH6_boot.15	8.53E-02	9.99E-02	0.00E+00	5.17E-02	0.00E+00
MSH6_boot.16	8.83E-02	9.99E-02	0.00E+00	5.24E-02	0.00E+00
MSH6_boot.17	8.18E-02	9.86E-02	0.00E+00	5.41E-02	0.00E+00
MSH6_boot.18	8.83E-02	9.98E-02	0.00E+00	5.15E-02	0.00E+00
MSH6_boot.19	8.41E-02	9.92E-02	0.00E+00	5.27E-02	0.00E+00
MSH6_boot.20	8.40E-02	1.00E-01	0.00E+00	5.10E-02	0.00E+00
MSH6_boot.21	8.45E-02	1.00E-01	0.00E+00	5.19E-02	0.00E+00
MSH6_boot.22	8.33E-02	9.92E-02	0.00E+00	5.16E-02	0.00E+00
MSH6_boot.23	8.35E-02	1.01E-01	1.00E-26	5.06E-02	0.00E+00
MSH6_boot.24	8.19E-02	9.82E-02	0.00E+00	5.38E-02	0.00E+00
MSH6_boot.25	8.42E-02	1.01E-01	0.00E+00	5.13E-02	0.00E+00
MSH6_boot.26	8.99E-02	9.99E-02	0.00E+00	5.31E-02	0.00E+00
MSH6_boot.27	8.30E-02	9.95E-02	0.00E+00	5.20E-02	0.00E+00
MSH6_boot.28	8.53E-02	9.99E-02	0.00E+00	5.10E-02	0.00E+00
MSH6_boot.29	8.30E-02	9.90E-02	0.00E+00	5.50E-02	0.00E+00
MSH6_boot.30	8.47E-02	9.47E-02	0.00E+00	5.26E-02	1.10E-02
MSH6_boot.31	8.22E-02	9.33E-02	0.00E+00	5.45E-02	1.01E-02
MSH6_boot.32	8.40E-02	9.37E-02	0.00E+00	5.37E-02	1.10E-02
MSH6_boot.33	8.15E-02	9.36E-02	0.00E+00	5.48E-02	9.30E-03
MSH6_boot.34	8.30E-02	9.89E-02	0.00E+00	5.35E-02	0.00E+00
MSH6_boot.35	8.17E-02	9.85E-02	0.00E+00	5.38E-02	0.00E+00
MSH6_boot.36	8.59E-02	9.41E-02	0.00E+00	5.37E-02	1.15E-02
MSH6_boot.37	8.26E-02	9.90E-02	0.00E+00	5.37E-02	0.00E+00
MSH6_boot.38	8.59E-02	9.43E-02	0.00E+00	5.28E-02	1.09E-02
MSH6_boot.39	8.59E-02	9.95E-02	0.00E+00	5.25E-02	0.00E+00
MSH6_boot.40	8.47E-02	1.00E-01	0.00E+00	5.17E-02	0.00E+00
MSH6_boot.41	8.50E-02	9.99E-02	0.00E+00	5.32E-02	0.00E+00
MSH6_boot.42	8.45E-02	1.01E-01	0.00E+00	5.06E-02	0.00E+00
MSH6_boot.43	8.32E-02	9.93E-02	0.00E+00	5.41E-02	0.00E+00
MSH6_boot.44	8.55E-02	9.97E-02	0.00E+00	5.30E-02	0.00E+00
MSH6_boot.45	8.45E-02	9.94E-02	0.00E+00	5.33E-02	0.00E+00
MSH6_boot.46	8.39E-02	1.00E-01	0.00E+00	4.98E-02	0.00E+00
MSH6_boot.47	8.61E-02	9.98E-02	0.00E+00	5.22E-02	0.00E+00
MSH6_boot.48	8.56E-02	9.99E-02	0.00E+00	5.07E-02	0.00E+00
MSH6_boot.49	8.45E-02	9.45E-02	0.00E+00	5.35E-02	9.91E-03
MSH6_boot.50	8.59E-02	9.47E-02	0.00E+00	5.30E-02	1.13E-02
MSH6_boot.51	8.48E-02	1.01E-01	0.00E+00	5.21E-02	0.00E+00
MSH6_boot.52	8.47E-02	9.93E-02	0.00E+00	5.24E-02	0.00E+00
MSH6_boot.53	8.49E-02	1.00E-01	0.00E+00	5.13E-02	0.00E+00
MSH6_boot.54	8.35E-02	9.38E-02	0.00E+00	5.34E-02	1.05E-02
MSH6_boot.55	8.38E-02	1.01E-01	0.00E+00	4.95E-02	0.00E+00
MSH6_boot.56	8.48E-02	9.44E-02	0.00E+00	5.29E-02	1.13E-02
MSH6_boot.57	8.52E-02	9.94E-02	0.00E+00	5.29E-02	0.00E+00
MSH6_boot.58	8.49E-02	9.45E-02	0.00E+00	5.28E-02	1.12E-02
MSH6_boot.59	8.45E-02	1.01E-01	0.00E+00	5.10E-02	0.00E+00
MSH6_boot.60	8.64E-02	9.99E-02	0.00E+00	5.06E-02	0.00E+00
MSH6_boot.61	8.39E-02	9.46E-02	0.00E+00	5.45E-02	9.46E-03
MSH6_boot.62	8.47E-02	9.95E-02	0.00E+00	5.30E-02	0.00E+00
MSH6_boot.63	8.33E-02	1.01E-01	0.00E+00	4.97E-02	0.00E+00
MSH6_boot.64	8.60E-02	1.00E-01	0.00E+00	5.27E-02	0.00E+00
MSH6_boot.65	8.36E-02	1.01E-01	0.00E+00	5.06E-02	0.00E+00
MSH6_boot.66	8.54E-02	1.00E-01	0.00E+00	5.12E-02	0.00E+00
MSH6_boot.67	8.49E-02	1.00E-01	0.00E+00	5.15E-02	0.00E+00
MSH6_boot.68	8.45E-02	1.01E-01	0.00E+00	5.17E-02	0.00E+00
MSH6_boot.69	8.50E-02	1.00E-01	0.00E+00	5.09E-02	0.00E+00
MSH6_boot.70	8.41E-02	1.00E-01	0.00E+00	5.15E-02	0.00E+00
MSH6_boot.71	8.48E-02	1.01E-01	0.00E+00	5.12E-02	0.00E+00
MSH6_boot.72	8.50E-02	9.95E-02	0.00E+00	5.25E-02	0.00E+00
MSH6_boot.73	8.48E-02	1.00E-01	0.00E+00	5.10E-02	0.00E+00
MSH6_boot.74	8.49E-02	1.00E-01	0.00E+00	5.23E-02	0.00E+00
MSH6_boot.75	8.36E-02	1.00E-01	0.00E+00	5.11E-02	0.00E+00
MSH6_boot.76	8.38E-02	1.01E-01	0.00E+00	4.94E-02	0.00E+00
MSH6_boot.77	8.42E-02	1.01E-01	0.00E+00	5.09E-02	0.00E+00
MSH6_boot.78	8.39E-02	9.87E-02	0.00E+00	5.27E-02	0.00E+00
MSH6_boot.79	8.54E-02	1.00E-01	0.00E+00	5.09E-02	0.00E+00
MSH6_boot.80	8.49E-02	9.97E-02	0.00E+00	5.13E-02	0.00E+00
MSH6_boot.81	8.40E-02	1.01E-01	0.00E+00	5.07E-02	0.00E+00
MSH6_boot.82	8.62E-02	9.97E-02	0.00E+00	5.24E-02	0.00E+00
MSH6_boot.83	8.42E-02	1.01E-01	0.00E+00	5.03E-02	0.00E+00
MSH6_boot.84	8.60E-02	1.00E-01	0.00E+00	5.21E-02	0.00E+00
MSH6_boot.85	8.98E-02	1.00E-01	0.00E+00	5.27E-02	0.00E+00
MSH6_boot.86	8.34E-02	1.01E-01	0.00E+00	4.96E-02	0.00E+00
MSH6_boot.87	8.58E-02	1.00E-01	0.00E+00	5.09E-02	0.00E+00
MSH6_boot.88	8.45E-02	1.00E-01	0.00E+00	5.10E-02	0.00E+00
MSH6_boot.89	8.38E-02	1.01E-01	0.00E+00	5.08E-02	0.00E+00
MSH6_boot.90	8.39E-02	9.92E-02	0.00E+00	5.26E-02	0.00E+00
MSH6_boot.91	8.35E-02	9.93E-02	0.00E+00	5.33E-02	0.00E+00
MSH6_boot.92	8.39E-02	9.89E-02	0.00E+00	5.25E-02	0.00E+00
MSH6_boot.93	8.30E-02	1.01E-01	0.00E+00	4.93E-02	0.00E+00
MSH6_boot.94	8.30E-02	9.88E-02	0.00E+00	5.33E-02	0.00E+00
MSH6_boot.95	8.44E-02	1.00E-01	0.00E+00	5.03E-02	0.00E+00
MSH6_boot.96	8.63E-02	1.00E-01	0.00E+00	5.23E-02	0.00E+00
MSH6_boot.97	8.36E-02	1.02E-01	0.00E+00	4.93E-02	0.00E+00
MSH6_boot.98	8.59E-02	9.98E-02	0.00E+00	5.18E-02	0.00E+00
MSH6_boot.99	8.50E-02	1.01E-01	0.00E+00	5.07E-02	0.00E+00
MSH6_boot.100	8.36E-02	9.91E-02	0.00E+00	5.26E-02	0.00E+00
MSH6_boot.101	1.70E-01	6.63E-02	1.53E-02	4.54E-02	1.21E-01
MSH6_boot.102	8.90E-01	1.07E-01	1.38E-02	1.95E-01	1.53E-01
MSH6_boot.103	1.79E-01	1.01E-01	2.65E-01	1.76E-01	3.68E-01
MSH6_real	1.67E-01	6.88E-04	1.51E-02	4.75E-02	2.09E-01
MSH6_real.1	1.41E-01	9.87E-02	2.34E-01	1.66E-01	3.62E-01
MSH6_real.2	1.68E-01	5.63E-02	1.58E-02	4.90E-02	1.96E-01
MSH6_real.3	1.63E-01	7.09E-05	1.35E-02	3.71E-02	2.09E-01
MSH6_real.4	1.66E-01	8.88E-04	1.50E-02	4.39E-02	1.97E-01
MSH6_real.5	1.75E-01	2.06E-03	1.61E-02	3.67E-02	1.96E-01
MSH6_real.6	1.12E-01	2.63E-01	2.17E-01	7.69E-02	2.40E-01
PMS1_boot	1.05E-01	5.98E-02	5.76E-02	7.04E-02	1.40E-01
PMS1_boot.1	1.81E-01	7.14E-02	9.50E-02	8.15E-02	9.31E-01
PMS1_boot.2	1.05E-01	6.21E-02	5.83E-02	7.13E-02	1.39E-01
PMS1_boot.3	1.05E-01	5.33E-02	5.03E-02	7.50E-02	1.34E-01
PMS1_boot.4	1.06E-01	4.07E-02	5.93E-02	7.04E-02	1.52E-01
PMS1_boot.5	1.08E-01	5.19E-02	5.35E-02	7.78E-02	1.41E-01
PMS1_boot.6	1.00E-01	5.75E-02	5.03E-02	7.22E-02	1.34E-01
PMS1_boot.7	1.05E-01	5.49E-02	5.07E-02	7.89E-02	1.34E-01
PMS1_boot.8	1.13E-01	7.23E-02	1.17E-01	1.30E-01	1.34E-01
PMS1_boot.9	1.52E-01	7.63E-02	1.04E-01	9.36E-02	1.04E-01
PMS1_boot.10	1.05E-01	5.63E-02	5.26E-02	7.81E-02	1.35E-01
PMS1_boot.11	1.85E-01	6.68E-02	8.22E-02	8.57E-02	8.42E-01
PMS1_boot.12	1.05E-01	5.98E-02	5.73E-02	6.88E-02	1.40E-01
PMS1_boot.13	1.37E-01	1.08E-01	7.13E-02	1.06E-01	1.13E-01
PMS1_boot.14	1.81E-01	7.10E-02	9.11E-02	8.27E-02	8.14E-01
PMS1_boot.15	1.03E-01	5.71E-02	5.37E-02	7.77E-02	1.34E-01
PMS1_boot.16	1.01E-01	5.44E-02	5.01E-02	7.43E-02	1.12E-01
PMS1_boot.17	1.37E-01	9.99E-02	6.75E-02	1.06E-01	1.11E-01
PMS1_boot.18	1.77E-01	7.23E-02	9.47E-02	8.24E-02	9.33E-01
PMS1_boot.19	1.03E-01	5.39E-02	5.28E-02	7.69E-02	1.35E-01
PMS1_boot.20	1.46E-01	4.86E-01	9.74E-02	8.80E-02	9.92E-02
PMS1_boot.21	1.06E-01	5.67E-02	4.96E-02	8.32E-02	1.33E-01
PMS1_boot.22	1.49E-01	7.89E-02	1.04E-01	8.95E-02	1.00E-01
PMS1_boot.23	1.04E-01	5.61E-02	4.97E-02	8.12E-02	1.32E-01
PMS1_boot.24	1.36E-01	1.05E-01	6.97E-02	1.05E-01	1.12E-01
PMS1_boot.25	6.45E-02	8.08E-02	1.21E-01	1.18E-01	1.41E-01
PMS1_boot.26	6.57E-02	8.42E-02	1.22E-01	1.21E-01	1.43E-01
PMS1_boot.27	1.51E-01	4.87E-01	9.94E-02	8.78E-02	1.02E-01
PMS1_boot.28	1.04E-01	5.67E-02	5.36E-02	7.75E-02	1.34E-01
PMS1_boot.29	1.70E-01	7.07E-02	9.39E-02	8.19E-02	9.36E-01
PMS1_boot.30	1.28E-01	7.15E-02	9.15E-02	8.23E-02	8.08E-01
PMS1_boot.31	6.59E-02	7.26E-02	4.64E-01	1.14E-01	1.48E-01
PMS1_boot.32	1.04E-01	6.37E-02	4.52E-02	7.65E-02	1.26E-01
PMS1_boot.33	9.98E-02	5.72E-02	5.04E-02	7.13E-02	1.30E-01
PMS1_boot.34	1.37E-01	1.01E-01	6.94E-02	1.05E-01	1.12E-01
PMS1_boot.35	9.86E-02	6.06E-02	4.79E-02	7.25E-02	1.26E-01
PMS1_boot.36	1.33E-01	1.11E-01	6.75E-02	1.07E-01	1.11E-01
PMS1_boot.37	9.93E-02	6.11E-02	5.00E-02	7.84E-02	1.30E-01
PMS1_boot.38	1.45E-01	4.86E-01	9.54E-02	8.86E-02	9.57E-02
PMS1_boot.39	6.06E-02	8.23E-02	1.23E-01	1.13E-01	1.43E-01
PMS1_boot.40	1.05E-01	5.93E-02	5.27E-02	8.00E-02	1.36E-01
PMS1_boot.41	9.86E-02	6.03E-02	4.95E-02	7.35E-02	1.29E-01
PMS1_real	1.83E-01	6.95E-02	8.86E-02	8.13E-02	9.35E-01
PMS1_real.1	7.42E-02	7.81E-02	1.19E-01	1.20E-01	1.34E-01
PMS1_real.2	1.48E-01	8.00E-02	1.03E-01	8.88E-02	9.82E-02
PMS2_boot	1.52E-01	1.67E-01	1.68E-01	2.60E-02	1.42E-01
PMS2_boot.1	5.45E-01	1.83E-01	1.32E-02	2.00E-01	1.57E-01
PMS2_boot.2	1.43E-01	4.35E-11	1.68E-01	2.10E-01	1.53E-01
PMS2_boot.3	1.89E-01	2.50E-01	2.32E-01	5.76E-02	2.75E-01
PMS2_boot.4	1.47E-01	3.10E-03	1.06E-01	4.71E-01	6.37E-01
PMS2_boot.5	1.48E-01	1.39E-01	2.49E-01	2.60E-01	1.76E+00
PMS2_boot.6	1.48E-01	5.71E-11	5.60E-01	2.05E-01	1.54E-01
PMS2_boot.7	5.42E-01	1.83E-01	1.25E-02	1.81E-01	1.64E-01
PMS2_boot.8	1.51E-01	1.55E-26	1.97E-01	2.49E-01	2.96E-01
PMS2_boot.9	1.51E-01	1.14E-02	1.23E-01	4.55E-02	1.99E-01
PMS2_boot.10	1.69E-01	1.30E-01	2.03E-01	2.83E-01	3.62E-01
PMS2_boot.11	1.79E-01	6.58E-02	2.28E-01	6.97E-02	2.64E-01
PMS2_boot.12	2.69E-01	1.03E-01	1.44E-01	4.64E-02	1.55E-01
PMS2_boot.13	2.06E-01	2.51E-01	2.29E-01	6.86E-02	2.72E-01
PMS2_boot.14	1.68E-01	1.62E-01	3.19E-01	3.39E-01	3.96E-01
PMS2_boot.15	1.59E-01	1.59E-06	3.22E-12	3.72E-02	2.38E-01
PMS2_boot.16	3.46E-01	1.16E-09	4.30E-12	3.74E-02	2.43E-01
PMS2_boot.17	5.33E-01	1.57E-01	8.23E-03	3.31E-01	3.42E-01
PMS2_boot.18	5.03E-01	1.85E+00	8.62E-03	1.84E-01	2.44E-01
PMS2_boot.19	1.65E-01	1.56E-08	1.71E-01	2.00E-02	2.56E-01
PMS2_boot.20	2.88E-01	1.36E-01	1.38E-01	3.57E-02	1.82E-01
PMS2_boot.21	5.81E-01	1.71E-01	8.94E-03	1.85E-01	2.29E-01
PMS2_boot.22	1.68E-01	1.85E-01	4.11E-01	4.06E-01	1.76E-01
PMS2_boot.23	1.75E-01	1.55E-26	1.67E-01	2.21E-01	1.66E-01
PMS2_boot.24	1.71E-01	1.73E-01	3.88E-01	3.36E-01	1.71E-01
PMS2_boot.25	1.70E-01	1.82E-01	4.11E-01	3.59E-01	4.04E-01
PMS2_boot.26	5.00E-01	1.77E-01	8.93E-03	1.84E-01	3.96E-01
PMS2_boot.27	2.43E-01	8.50E-02	3.81E-12	8.88E-02	2.24E-01
PMS2_boot.28	1.28E-01	1.55E-01	3.69E-01	3.74E-01	1.51E-01
PMS2_boot.29	6.01E-01	5.81E-04	4.16E-12	3.82E-02	2.77E-01
PMS2_boot.30	4.68E-01	1.39E-26	1.63E-01	2.43E-01	6.22E-01
PMS2_boot.31	1.43E-01	1.06E-25	1.64E-01	2.30E-01	1.57E-01
PMS2_boot.32	2.07E-01	4.59E-02	2.67E-01	6.12E-02	2.81E-01
PMS2_boot.33	5.63E-01	7.85E-02	8.71E-03	2.39E-01	2.62E-01
PMS2_boot.34	9.17E-01	1.86E-07	4.37E-12	3.57E-02	2.81E-01
PMS2_boot.35	2.22E-01	6.71E-02	1.42E-01	2.39E-02	2.04E-01
PMS2_boot.36	1.80E-01	7.20E-02	1.35E-01	2.27E-02	2.02E-01
PMS2_boot.37	1.94E-01	4.69E-02	2.27E-01	5.94E-02	2.65E-01
PMS2_boot.38	4.61E-02	2.49E-03	3.63E-01	1.04E+00	1.25E+00
PMS2_boot.39	6.38E-02	1.40E-01	2.19E-01	2.47E-01	2.06E-01
PMS2_boot.40	3.94E-01	1.00E-01	3.48E-01	3.29E-01	3.15E-01
PMS2_boot.41	2.55E-01	1.35E-01	1.66E-01	1.77E+00	9.78E-04
PMS2_boot.42	9.85E-02	1.11E-01	0.00E+00	5.18E-02	1.10E-02
PMS2_boot.43	9.93E-02	1.17E-01	1.02E-26	5.21E-02	1.97E-40
PMS2_boot.44	1.70E-01	1.56E-01	2.09E-01	3.61E-01	1.17E-01
PMS2_boot.45	1.50E-01	7.01E-12	5.62E-01	4.43E-01	1.59E-01
PMS2_boot.46	1.78E-01	8.35E-02	1.57E-01	4.21E-02	1.49E-01
PMS2_boot.47	1.73E-01	3.30E-02	1.48E-01	3.98E-02	2.38E-01
PMS2_real	2.04E-01	1.24E-01	4.88E-12	4.09E-02	1.83E-01
PMS2_real.1	1.83E-01	1.37E-01	2.54E-01	5.56E-02	2.81E-01
PMS2_real.2	1.19E+00	1.99E-01	1.31E-02	1.88E-01	1.77E-01
