MutationType	SBS96A	SBS96B	SBS96C	SBS96D	SBS96E	SBS96F	SBS96G	SBS96H
A[C>A]A	0.0022253124302611268	0.019465453723368335	0.007140122680611573	0.03812652117759058	0.13966658449360303	0.05341941660612857	0.07207611925766612	0.011292152512379992
A[C>A]C	0.001648526302941768	0.012125294276447608	0.004218118730648994	0.0027775989896485177	0.008699136264619864	0.0034881100114776352	0.004518525971327454	0.003707384050194186
A[C>A]G	0.0002503489677963899	0.0063198887797477595	0.0010512360204959616	0.001043618531746281	0.005565511768312218	0.0010038250869816028	0.004970860987653692	0.0023231421190925638
A[C>A]T	0.007399268812720332	0.014037534801891197	0.008009060563521561	0.01438403482631485	0.02637417489270632	0.018832144173568523	0.021580175953851005	0.009038885491973223
A[C>G]A	0.0014256805894818547	0.009310424638982975	0.0028673739576986364	0.0033302066590601377	0.0019718310726063904	8.372103022333231e-05	0.0030367989324433064	0.00404752439205803
A[C>G]C	0.0008802217689627258	0.00700744338137544	0.0029506616551400354	0.0021187525428830825	0.0009809805453834409	0.00498365188168184	0.0012834883392287182	0.0017603406726333579
A[C>G]G	0.0002474567202426128	0.009159827766633379	0.0011964584811687167	0.0024498074714335598	0.0008218671828857927	0.0020435483132028908	0.0015763654105887428	0.004341249599942492
A[C>G]T	0.0023984893748424736	0.012485430206503072	0.005914772547196904	0.0009397954303046387	0.0009694129940039997	0.0019495149675777465	0.004488617948475454	0.008669586679664467
A[C>T]A	0.07301701257033064	0.02419228083435071	0.009402999920969518	0.07782996930792845	0.007578937378076798	0.056531453949996514	0.0172491376245229	0.05399429799197283
A[C>T]C	0.019351403007937806	0.00961382678323317	0.010332107400087684	0.03812336751061453	0.0075961363101906595	0.005428474081417991	0.006624511546096981	0.01649978904324754
A[C>T]G	0.03402735796593707	0.011335800344003829	0.01303896899774921	0.01293626062058118	0.004206432285263554	0.0650400548953609	0.0054258428436433975	0.02319896085387971
A[C>T]T	0.031957023863822445	0.017281883262595728	0.008776873619883307	0.015383412328456646	0.003429525662830898	0.008293052268713737	0.005772791310127899	0.023710723824145217
A[T>A]A	0.0004939728029200426	0.007416697784129743	0.003957387854930306	0.0016320171412295976	0.00220371880069808	0.0047853257999726315	0.0035635813650973444	0.0015512485355374628
A[T>A]C	0.0009057794207723334	0.0046755111120902245	0.0022912797695576258	0.0013391666393854317	0.00034706851199022606	0.0019097850603668083	0.0013702962549809624	0.0013771709616456815
A[T>A]G	0.00037636034195821604	0.00466440163414105	0.0009368935017650241	0.0031415051448111992	0.0026848345010095183	0.001997708372814077	0.0002607595686005796	0.001232897117627878
A[T>A]T	0.01687087672163102	0.009597229554149026	0.0217563130273736	0.0033675567440682405	0.0005936304678367044	0.001914944445247476	0.0047525101925304175	0.014524855891342985
A[T>C]A	0.014913889645702172	0.04395087957613083	0.05976668892743386	0.00585751386582691	0.003507006846426406	0.0012792465744411545	0.006757183109413979	0.03166695016058699
A[T>C]C	0.009061108320087394	0.006467054442440905	0.026461440072144262	0.0009479900463933733	9.794483163896556e-06	0.001389218398964905	0.00023313820675411334	0.009123854538904245
A[T>C]G	0.029110758943798783	0.016706921476344463	0.06942394565392057	0.0036605542232934704	3.876621851605162e-05	0.0022492929662371146	0.004223516813623771	0.027652176642633704
A[T>C]T	0.004950838187011711	0.016675741305995632	0.017895893377148323	0.011688405873990292	0.0024033772736567136	0.005164014769115066	0.004049724252839982	0.011886894881591885
A[T>G]A	8.374462386398442e-05	0.002542520852499244	0.00036481292454002923	9.61648083984896e-05	9.957502016055245e-05	2.349728791959848e-307	0.005455602940704172	0.0004691163599678899
A[T>G]C	0.00025580691177533034	0.001659977989153505	0.001957650430724739	4.3959615662375624e-05	5e-324	0.0011506375763254359	0.0011670469060502762	0.0009903081384269288
A[T>G]G	0.00048478004229896254	0.005018555554191041	0.002081464517209342	0.00012737175627859808	0.00021090618714241088	0.0020914573448363003	0.0003461148403481614	0.002207630606851831
A[T>G]T	0.001054655170710983	0.0052167074488043376	0.004103738156498545	0.003103148901017609	0.002368150942303959	7.853728399748635e-05	0.0019779411235976855	0.003461888865706873
C[C>A]A	0.020153166679171435	0.015298163546653993	0.010935464854056654	0.018836701235208607	0.030895224548403155	0.02807568599506104	0.04822880688477915	0.019644796955044893
C[C>A]C	0.0336279574816965	0.011902680944195746	0.01754345815723404	0.0044923305859208215	0.0009104994416694207	0.005358057148244556	0.0024388226353240666	0.02310676793774208
C[C>A]G	0.0040251626946514185	0.007244045763974337	0.007775110301709725	0.005892453260334719	0.004260487403458824	0.0015018530773935645	0.0037056029179467526	0.004564495583420024
C[C>A]T	0.1099659421455114	0.01890656553843667	0.02859479787206561	0.014195665529068511	0.010088499397019914	0.010282773721007925	0.014402523387951645	0.07216005363311054
C[C>G]A	5.491993744494531e-05	0.009784458819475494	0.0011199690102520724	0.0019289155647502804	0.000868292796781665	0.0009804901800953979	0.0024110921536511167	0.0027900007489140817
C[C>G]C	5.606324102062503e-05	0.0027316365456309622	7.76469960104221e-05	0.00447013797456256	0.00032915672742861413	0.0003014340028390789	0.0021730608178659907	0.0008201425549601886
C[C>G]G	0.00015134254098264193	0.003697446209912309	0.0009828938706153284	4.178540620546397e-05	4.93851337563716e-05	0.0030009574624295697	0.0021401590826510765	0.0015981292594380147
C[C>G]T	0.00024488537660678696	0.008536506080643606	0.0007088619795832848	0.0008371632099638511	0.0008880946657460545	0.0020943989340840292	0.001350329850397723	0.0026310632863629085
C[C>T]A	0.007403477330603934	0.018591716925052314	0.006507221759040046	0.05182890815693686	0.012415948963675958	0.026354341830944494	0.026098673160578182	0.011771305015784052
C[C>T]C	0.01220215322976483	0.008868618456032892	0.008237721618540974	0.033398926590438444	0.0028648774508635106	0.017494618621786074	0.007658141431067307	0.010549672137409665
C[C>T]G	0.02256867974707209	0.008669013266131639	0.007527748540481421	0.007389093692189609	0.000435722727354069	0.04984004851897762	0.006558783680087522	0.013617659078838296
C[C>T]T	0.011796916477294766	0.016737251637626602	0.008475755910188528	0.029683379961585175	0.005604739694724191	0.01423860597685293	0.005596078028938369	0.012486086514387163
C[T>A]A	0.0003051628382384246	0.008448995294978888	0.00155520127811184	0.0016834270568430935	0.0014576281187883345	0.0019534175586255714	0.0013338545935165438	0.002397809336030089
C[T>A]C	0.0013857223859862517	0.006807161111913805	0.0035455182557968036	0.0018702211067816645	0.0006689297102421497	2.810459753326924e-110	0.0012831606212220742	0.0030050743507558796
C[T>A]G	0.0005150233853576366	0.008334190082317066	0.0027509038489358264	0.00021585324247993891	0.0005576048676189761	0.0009008226831875063	0.0016065411352854753	0.0029742160601663454
C[T>A]T	0.0006118166374476305	0.00615189524411686	0.0024588763289213797	0.002793289938622839	0.0003625278099622424	0.0028829852209421567	0.003309010885668304	0.002914807138835543
C[T>C]A	0.017031586930432104	0.015447460850471361	0.03754132612430754	0.004180190174318396	0.0014252736196153468	0.0004728864815564872	0.0036061419253277886	0.017067410546010957
C[T>C]C	0.011302744348034518	0.007428080404465643	0.028426753374699517	0.0009921070762165265	4.4790392076217e-05	3.270609586604346e-05	0.0006077990932876082	0.010955352795726457
C[T>C]G	0.03573182035614401	0.008457843376997686	0.07029067829409615	0.002943294907985822	0.0009407117400915549	1.3989265804565062e-284	0.0031828986386757954	0.02711574170873817
C[T>C]T	0.010627896289045667	0.012809065503238673	0.0261129496471695	0.0012955767385242297	2.2199836545912107e-05	0.0038763741830736874	0.0036804311579864716	0.01313759290555253
C[T>G]A	0.0007517621639064348	0.001415192351126244	0.0007764596463511579	0.0009628414073869333	1.5e-323	0.0023106827296177765	0.0019086316530588401	0.0010950172111260442
C[T>G]C	0.003247066576813776	0.002731407612972624	0.005664661465969107	0.0018681285914157052	0.00012418472957406558	9.680575611938102e-06	0.00033382527056926957	0.00305480485591851
C[T>G]G	0.002826802943975802	0.006695836363725773	0.009298964171941865	0.001906052946771369	0.0004153428460627278	0.0006147814056916798	0.0015454222994973803	0.00454052347203457
C[T>G]T	0.005976385341861164	0.0040444734457452105	0.008871923716886223	0.002745983661501658	5.594309403860894e-05	0.002612546519426312	0.0022548683299385072	0.004933268453204033
G[C>A]A	0.004964830185672716	0.028691851308045822	0.0054571525094817925	0.061352340281657834	0.3662978742535715	0.09745903494561495	0.20954100300344802	0.013767250488167454
G[C>A]C	0.0035677000682426416	0.010752817448825832	0.00693748481215573	0.004495762135820933	0.016002954283978917	0.009978956560990283	0.01184177555558805	0.0047650224564322954
G[C>A]G	0.0008660318716019261	0.004122630986089991	0.0010668552906718213	0.003320111839064846	0.010745101129648294	0.0029501445347681846	0.007324051473131142	0.002884169441522752
G[C>A]T	0.013867806495673651	0.021044628262318392	0.008901727167875092	0.034395221450142746	0.09546981353237481	0.06115299826262203	0.06745515462158502	0.016630055113490243
G[C>G]A	0.0002872023767837572	0.0074018520582108446	0.001924484140202811	0.004417695271748257	0.003985424834634428	0.00011759783983164979	0.003040758960903679	0.002872552716791008
G[C>G]C	0.0012410023894953372	0.004576177229776114	0.003704934812371237	0.0014592719057613197	0.001211763481909237	0.003143877048788082	0.0010436922753239788	0.002478539056234943
G[C>G]G	2.9092330662624084e-05	0.002107867642792265	0.00025211448920294004	2.8712727762197144e-05	1e-323	0.0012725811846727693	0.001065017873587691	0.0012069878254998335
G[C>G]T	0.0008043015279764915	0.009360474538866844	0.004330644615406928	0.0036082179447216936	0.0004044656400811501	0.001209287380716058	0.003624124181929136	0.00458661272928087
G[C>T]A	0.08640206671424074	0.021843633366727337	0.006997286895566267	0.041772583415869244	0.0022238679997247405	0.024264261533232277	0.005170254344247643	0.05547613531404363
G[C>T]C	0.059719658267047906	0.010195203562148723	0.01854237834119511	0.02501394093792182	0.0016281557647171742	0.001416820363939178	0.0021623235662120146	0.0393408009730678
G[C>T]G	0.04395618932108773	0.009145872222641705	0.02836420723729238	0.006494412281889922	0.004149901143990979	0.0350678151996095	0.0110682833146892	0.027069248846070655
G[C>T]T	0.06123497678728255	0.01931095008418049	0.010612431888778027	0.022493020531411084	0.002025833841890549	0.0034181136100985684	0.0019346596698025325	0.04130589715810688
G[T>A]A	0.00010858304510577735	0.004564061370701343	0.0014008674237439868	0.0001211383114086825	0.00038375055752978387	1.157632191280708e-05	0.000295148943930139	0.0010924623226837033
G[T>A]C	0.00041676707392047376	0.00442861948794779	0.0026963278812226206	0.0011016510072338228	0.0008698524316139097	0.0007919214548377422	0.0010725575807819735	0.00127415162804539
G[T>A]G	0.0002986779024830988	0.005517562707529336	0.0010765418090934503	0.0021384621281540983	0.0007749500668727232	1.2400216964256103e-05	0.0003552632554309104	0.0018058823106737389
G[T>A]T	0.001472220340980348	0.005379994013393796	0.0029855937503025193	0.0014186596529747705	0.00011483644988426612	0.0008631009236916429	0.002438997319206403	0.0035910685316012554
G[T>C]A	0.011535880397206853	0.007789522232357434	0.03409413664228802	0.0026702641115095896	0.00018157740167669295	0.0009974340877336187	9.355305273832478e-05	0.011811877322667688
G[T>C]C	0.006688743811761167	0.0029949251401985627	0.015668886027822362	0.0006412316017356216	0.0010451030611235467	0.0	0.00019458557496433357	0.006138140008045071
G[T>C]G	0.01886287102610836	0.005101761031554188	0.02510410246699615	0.0019763443739321883	1.6541552757587335e-05	0.0034004966457156934	0.0003123824749756092	0.01427712914777501
G[T>C]T	0.0050537944510656695	0.006647273465240094	0.01782588251925896	0.0007133924252404928	1.1187430190051053e-16	0.0023648619481812807	0.0018000700169550482	0.00760937480140572
G[T>G]A	4.166789280742708e-05	0.001563470770246027	0.00024718830813441676	3.6536704538035284e-05	0.0007619580627826491	3.780317298620493e-05	0.0013694021216153678	9.421514892857456e-05
G[T>G]C	7.453627600993227e-05	0.0011099842942905724	0.0004259618343987895	0.0024208729126831965	0.00011230571662931565	0.00022437626783859563	0.0035442479662855185	0.00038222939686745864
G[T>G]G	0.00010106153902426397	0.00507309791655876	0.001000850121697514	0.000670853087866367	0.0002660299938924019	0.0013386185000931027	0.000887885220095228	0.001994639536117352
G[T>G]T	0.0005311276474709565	0.0034390171373837168	0.003212388320799817	0.002438790520580848	0.00016883208469117248	0.0022513897963029315	0.0007095708567241991	0.001987793632776998
T[C>A]A	0.0023412722616598797	0.026432948192877254	0.00630116919185205	0.04092641902680569	0.04677242084795728	0.05165943987658737	0.06861877660868466	0.010339335976974885
T[C>A]C	0.0026735645267421918	0.019285250428855306	0.0054465862753036495	0.011518226672213546	0.010104198148399747	0.02617389343129662	0.028950177428198613	0.01042132413431548
T[C>A]G	0.0009595004532477528	0.003918634008771758	0.0014708769231695853	0.000551503057830902	0.005953475824896799	0.00884727183256015	0.006037784599712318	0.0024904734228977546
T[C>A]T	0.017911945676113837	0.035339141483592025	0.01998318224035003	0.08195108210420024	0.07958879753468977	0.12927049249202843	0.1292315512053111	0.029202950465496407
T[C>G]A	0.00025719125954451894	0.011313827274758204	0.0016418466983020416	0.0062829870654055	0.0008696425068457066	0.0011302129149287363	0.0021478051782351554	0.004496190875087794
T[C>G]C	0.00022967289286987	0.005182135678940194	0.0018990853545964533	0.0028041731569486694	0.0004725133868365899	0.00020935457941923257	0.003726635838565765	0.0021274200183089157
T[C>G]G	1.6275360973488496e-05	0.003637769701758183	0.0005602605391870209	0.0009471661532639428	0.0001781473702328438	0.0023792625550000286	0.0012716815351868872	0.0010440941601623738
T[C>G]T	0.0009415999042676419	0.014278421158041668	0.0025725720993879353	0.005918797112249448	0.0022108664320291778	0.002710063006818111	0.007966228095663816	0.006573162453700256
T[C>T]A	0.0072596438820536	0.019071454358381347	0.005268822338686063	0.0546869772173589	0.010685042679003453	0.027225786468905083	0.011440322950801963	0.012171889388734774
T[C>T]C	0.007994903711940818	0.012926585473247884	0.005549818479229764	0.03139038950755442	0.008112380193060164	0.009773344765005833	0.0076923283319759875	0.010641134847035551
T[C>T]G	0.010312629050643535	0.007670949281012205	0.0026018732889574047	0.005451033675993587	0.0008474861759854499	0.024353393631348953	0.011036653223046266	0.009618761369721653
T[C>T]T	0.008254036702343263	0.01565824842095069	0.00686728594447154	0.037826229442568846	0.006730337771280519	0.006352691199533869	0.003376755114657824	0.012202720869452403
T[T>A]A	0.0014704868076798425	0.01531598387049261	0.008923901798016354	0.0031580518500355093	0.0041790181702843765	0.0036741158673863684	0.005685588986867932	0.006792052153401618
T[T>A]C	0.00016619058451677513	0.012107994551433039	0.0016102769506231253	0.001481767256086583	0.0015331984239751986	0.0007368712307830552	0.001191702184718311	0.0034554357586738067
T[T>A]G	0.00031410267957613394	0.008822612708463292	0.0011049661801118816	0.003988027491812134	0.003600091215568151	0.003438760812264627	0.0011391173324723496	0.0020900340597535053
T[T>A]T	0.001744525166824366	0.018806685567588126	0.0067163317198598695	0.005747737943193422	0.001017172010343411	0.0038349423430999383	0.009701899936996387	0.00885747260469218
T[T>C]A	0.009602641053545222	0.02512639465614865	0.03667670700090039	0.009994126993055262	0.0021345727533388643	0.0007276996402737337	0.01249148356670003	0.02123152108794906
T[T>C]C	0.009382218404365135	0.005647251038960214	0.030755077389052594	0.001963615175593503	0.0006046570692613546	0.0018300932500708606	5.6034932053466185e-05	0.009693687530590567
T[T>C]G	0.017537921111008	0.00729861182978981	0.03171504219530646	0.0019306787490071097	0.0010549903561537048	0.0016073216856052192	0.004044602149200507	0.013751663673015871
T[T>C]T	0.010020313017727645	0.01374279802214159	0.02880153393277958	0.011948427162774795	0.001418189936413883	0.008875538980606406	0.0036441496136122345	0.012546955581715443
T[T>G]A	3.90823639288976e-05	0.0035397871523181754	9.540989176058167e-05	0.0023347755177602586	0.0008874016931500431	0.0024146403935892823	0.0033082155604640304	0.0007159204393158046
T[T>G]C	0.0003031204459171184	0.002488806771525541	0.0018953567608226995	0.0009551258620873676	7.367607310936586e-181	0.002295005847113925	0.0019363430446528258	0.000997844436788437
T[T>G]G	0.0009343712198272957	0.0036121558084266587	0.0027583405436786596	0.002373238194032844	0.0007616086644281159	0.002136524537576361	0.00101845361376314	0.001606607752707817
T[T>G]T	0.0012508711360977285	0.00994531137845995	0.004276117146252314	0.007768827877606929	0.0034294717310040406	0.004300526075091299	0.005765634408866962	0.004828289561692355
