MutationType	SBS96A	SBS96B	SBS96C	SBS96D	SBS96E	SBS96F	SBS96G	SBS96H	SBS96I	SBS96J	SBS96K
A[C>A]A	0.0033976000506400926	0.0021598337397010716	0.009257136807857717	0.1469481102475804	0.03140560410873243	0.040147668988412835	0.10687378117014862	0.05634651591523486	0.022230753855243257	0.0054281171699429665	0.005967140235007907
A[C>A]C	0.0026014433911152987	0.0027785646502967725	0.004114061118019272	0.007497047939602054	0.006807628996133422	0.0016959468631651152	0.005622362372522943	0.0034718842843062562	0.014876353533853715	0.004241574873680382	0.003531224760368158
A[C>A]G	0.0007413664398129899	0.0005635593209069814	0.0009795521741590078	0.005704074640378695	0.007006198918569952	0.003260837447873029	0.005503170703296727	0.0006911665040900229	0.006023058672936196	0.0007025905849149023	0.001096337692168329
A[C>A]T	0.008348046921375715	0.007748381777425167	0.008674964805673252	0.026142566951497036	0.009714202553124612	0.013354435596117927	0.018990852980684918	0.017110920391923044	0.01619287417581807	0.02535788673465861	0.021908524400976605
A[C>G]A	0.001695551117798034	0.0031640388051723165	0.002621934864848334	0.0016544395052621175	0.008997882678834012	0.004468987575521573	0.003947370447735623	0.0	0.009402716489104252	0.00019396840720205935	0.0014380515771424186
A[C>G]C	0.0007135688241678149	0.0019622631311896443	0.00279751589745713	0.0005730818992832839	0.003657199563960274	0.001681767012851368	0.0036937129339357634	0.005390033143291467	0.008970402906281169	1.9366003095384448e-50	0.0013571801220888216
A[C>G]G	0.00020715353265376846	0.00024449745169424287	0.0007162166537676771	0.0006135001906247175	0.015203974220600722	0.0028519780946972624	0.002096930145586116	0.002128222264513485	0.006799221755781529	1e-323	0.00020291543459415224
A[C>G]T	0.004536295725856251	0.0035143044726167307	0.005231973095424703	0.0016841976081283553	0.01917175040970566	0.00032596160282088104	0.004450230910014713	0.0020119748664347062	0.008802193074613331	0.0001266388209967787	0.0031474917712250522
A[C>T]A	0.06658887903519337	0.06294747441357794	0.013372950646820722	0.0021146602142235473	0.023061896766411422	0.07030715970839403	0.01467972534984096	0.0538989437189449	0.02372729019198622	0.05288545398333086	0.08933033884939826
A[C>T]C	0.02004248014585132	0.01795367632976062	0.011275011733372399	0.0036451467799558834	0.007825012556058008	0.04198323942488964	0.007588156103493183	0.003553343242527972	0.012127821612877279	0.014908988748939835	0.013807193836999082
A[C>T]G	0.02735498512874742	0.031682113573107976	0.013908170118763136	0.004820738540553361	0.012409198616618962	0.01054043629792118	0.0036486274304270237	0.07323355882175452	0.011142155808018844	0.01609054216116568	0.023154959498980325
A[C>T]T	0.028077420326088814	0.029905311340426732	0.009902986243185486	0.0019599424033962063	0.012853883120738827	0.016720185583093277	0.006384228514598763	0.009548999257703401	0.01768563298600917	0.009959231188777163	0.022087053434249736
A[T>A]A	0.0006134420640057949	0.0013883917840758092	0.003730373465329416	0.0017167288324861445	0.003960649689218979	0.0013343305919054206	0.0077843075965372275	0.004866529843259157	0.009261940295174423	0.00024754350032820044	0.0004330864078476637
A[T>A]C	0.0011816840703481727	0.0015342919002270812	0.002226332782066063	5e-324	0.0019707626705636775	0.0012954206890778497	0.0024658028557365936	0.0018296918837524593	0.006051759456539392	0.00041065512393312695	0.0008211405052446351
A[T>A]G	0.0004337979791913897	0.0011239365596947526	0.0009246600601047884	0.002130517290040959	0.0027629508745687374	0.0033283233719791842	0.0006882049710125409	0.002287543698045629	0.006056580019632424	2.4925443212355362e-102	0.0004175995403100428
A[T>A]T	0.014477274054423464	0.019215661848779392	0.020760657430660835	0.0008957531425745995	0.012572002187050266	0.0017753873597665488	0.0031120191766105883	0.0018289056746873358	0.006543729136824242	0.006231691360675857	0.014472164301041835
A[T>C]A	0.018424281296617898	0.022792304192726598	0.05489952567230202	0.0032708820855775686	0.05503748140718658	0.005647442302902056	0.004925239911125174	9.17619419229976e-05	0.037207126223273566	0.00033445141284709005	0.01560552638353461
A[T>C]C	0.009715574694631033	0.009435490718655242	0.024972886858407144	0.00019704278820196217	0.0056581799569936485	1.8973295407325665e-174	0.0005010724945735381	0.001948700024812182	0.0058702095299882975	2.5e-323	0.007020347001061857
A[T>C]G	0.031216093977814524	0.03234141033135707	0.06623811054273784	4.5932289598609446e-58	0.01863492530259421	0.00045021409818851526	0.0034706880005800403	0.0026544448478519134	0.013221121816180093	0.011122473800431076	0.01613159163441172
A[T>C]T	0.00831192581620704	0.006329469923423444	0.016624634928730612	0.0011154880374413137	0.019398364345520922	0.011913100471759619	0.0020073516205812597	0.004635290701278917	0.015381574969012799	0.011839386078206608	0.005876708220078146
A[T>G]A	0.00022808331537301955	0.00023478269896790317	0.0004092862797128887	0.0	0.0016767924024050566	0.0009798758614740853	0.005760332406192464	0.0	0.002791921285988296	0.0018754995825519128	6.069530595824459e-05
A[T>G]C	0.0004473950863750375	0.0002961238586717851	0.0017979546767293182	5e-324	0.0019527046578880422	2e-323	0.0009095532634371031	0.0010400367489892647	0.001316613989036991	0.0023975591342391307	0.00033762411228983543
A[T>G]G	0.000811238706450766	0.0005882505122460253	0.001849971042500511	0.0	0.005666063689007092	0.0	0.0	0.0024633109152667637	0.004903558162699595	0.0015760457823912393	0.0006498475820527949
A[T>G]T	0.00203400158554307	0.0016697852054201156	0.0038354253806900814	0.0022706374067094897	0.006101742713389858	0.003673469383623539	0.002676316582008531	0.0	0.004549899327958537	8.830067860557986e-05	0.001218089203666707
C[C>A]A	0.020833378327359573	0.020208664429226388	0.01179579054506228	0.03660635749110288	0.02021721541376566	0.01725513170126127	0.04478558074080378	0.02821856662362254	0.012629446466136767	0.02984581860896415	0.0168078229143172
C[C>A]C	0.028851806117379735	0.03238788623182669	0.018001202828488196	0.001044326389151833	0.009475942123971631	0.0008257159937018042	0.004280671462072858	0.007160257582604029	0.010521534719607002	0.006145054842498662	0.020699797958856576
C[C>A]G	0.005285923487940198	0.003947414607682639	0.007721146558081501	0.003105653540499735	0.003088622833721461	0.005753656657606739	0.0035384743573245625	0.0011161733382871256	0.009329829612328677	0.006601494270092367	0.00344519105637306
C[C>A]T	0.1016905236150086	0.0871349388229532	0.03274379842517519	0.014386938667556297	0.015601254180498476	0.0080689358074879	0.01747866411595228	0.016870404680913418	0.012013418945623909	0.0021970111071335837	0.07088623950381116
C[C>G]A	0.00014467349139230993	0.00010792377906033639	0.0008683811796615816	1.022111488486813e-05	0.009668858250502215	0.0015449541712456386	0.0016408473195204112	0.0006804802992169513	0.010107419781810933	0.003893818711623188	0.0015525481159396027
C[C>G]C	7.337899496114374e-05	5.0945077892017666e-05	8.315124581624299e-05	1e-323	0.0024825086367534785	0.004509513336342447	0.00280426118633297	5e-324	0.003168226513045846	0.000817553224036586	0.0013389014545822668
C[C>G]G	0.0002929894576758559	1.3676288621705605e-05	0.0008505785738720931	4.2349786190933336e-05	0.005348594256638428	5.4e-323	0.0014186844053010856	0.002980420748212316	0.0029274611993779843	0.002975440660341618	0.00115396501466405
C[C>G]T	0.0004929619378813189	0.0003120180777600145	0.0004740586533593835	0.0005512739025601357	0.00872929676855843	0.0006758012615392659	0.001273493008926677	0.002527880284496607	0.008829766188029432	0.00022755774849906105	0.00035618900842530074
C[C>T]A	0.00975327172823819	0.011572448020774836	0.007495809215268154	0.008133929718398327	0.014614813795318602	0.06975148389338227	0.040655664598873716	0.023127559364270505	0.023554615589051583	0.0051126270633667795	0.007987944082685789
C[C>T]C	0.010123443116716981	0.014878388354309385	0.008545162287664875	0.00011213156094451775	0.00644776225878674	0.029260646688721605	0.004123934478686759	0.011878748898427894	0.010549847476708217	0.04754073505539859	0.020325904244126176
C[C>T]G	0.014605504048990095	0.023570255167616763	0.007889822872019028	1.1205781182430783e-308	0.007343296167930671	0.00760589052307154	0.003780975700519437	0.05391040293048376	0.00833068000166519	0.025631777277220533	0.016511719802232577
C[C>T]T	0.009878686517485186	0.014895975456725644	0.008416438705392947	0.002744518849183439	0.013373072567953425	0.029189546058123916	0.004806505646709714	0.013812925513616998	0.01993806184867051	0.011462250757674455	0.016907421820535114
C[T>A]A	0.0002748151214490552	0.0004542285282764032	0.0013446602904042845	0.0008079997901522374	0.0074865077096032285	0.0017636819637327744	0.0004423217088670881	0.0020973597015795566	0.009312723500761715	0.0030966741086215182	0.0011580211818513456
C[T>A]C	0.0018999639882847862	0.0020254197744814383	0.0033315817597800667	6.472697055900949e-06	0.005029051053627036	0.0012917233625645995	0.0005964434589672273	0.0	0.007583866766909924	0.004066792721975155	0.001983590738896233
C[T>A]G	0.0008236081866331037	0.0012182761811484406	0.0024221457814053065	5.778062369086461e-05	0.007654160878495177	2e-323	0.0009082282172185198	0.0009072395450329241	0.008364690978196724	0.0020122824790247667	0.0005026804541342064
C[T>A]T	0.0010172098157053312	0.0005815400811764887	0.002250862384348103	6.279955736536765e-05	0.006284265876115682	0.0023399585331948533	0.00473951852304397	0.002679794907163581	0.005892826072432122	0.0009117388339401956	0.004417127989450749
C[T>C]A	0.01903381423412128	0.017243818767257394	0.03608637662867972	0.001219232582304057	0.012160927458097607	0.003745626096198483	0.006359746167872239	0.0008989032761287967	0.01594975078524486	0.0003500682315239248	0.010444045130015425
C[T>C]C	0.013797935937587094	0.009385174651425025	0.027264340552148592	1e-323	0.004590249907316647	0.0005335626243752519	0.000985565611267877	0.0002363744464335579	0.00793966559577624	0.00034444566953050165	0.009217399782101707
C[T>C]G	0.04008970509011174	0.030441402264982063	0.06854666259242367	0.0016003153437789959	0.0020788039443691087	1.8209899346919082e-88	0.005875012180835386	6.459982764343937e-05	0.006352250214069132	0.0015644003689828194	0.023996133015525632
C[T>C]T	0.012220719844243335	0.012218178805228339	0.024683071526774306	1e-323	0.015062795467244572	5.484915775320365e-233	0.0024337302781213123	0.004305109017532023	0.010670766552043525	0.005641974960823057	0.007311159419846803
C[T>G]A	0.0008460318923109245	0.0006872012775212422	0.0007347649041835517	0.0	0.0015765390024737257	0.00044417734258305174	0.0010219555340333704	0.001587327229434083	0.001032134451337016	0.006991584731148085	0.0026965586054415926
C[T>G]C	0.00324713714415389	0.004016473878118191	0.00549695429791487	5e-324	0.002453437430857908	0.0021432250390089193	0.0006380556312089928	0.0	0.002814446615110966	0.00010900287706724614	0.0016546361592148363
C[T>G]G	0.0036688711105725843	0.0037698864623791537	0.008780919861560594	0.0	0.005884603739653696	0.0027386027400861605	0.0012769130010314388	0.0004597234886501996	0.006751114974689816	0.0018101140532119082	0.003477999864430626
C[T>G]T	0.005682097071705827	0.006330589359507291	0.00863619177779466	0.0	0.002379146821225919	0.0019042416286167202	0.00542015481237424	0.002602869459271955	0.004459716454791552	0.00018193873087026725	0.005280454432287401
G[C>A]A	0.009780890870689122	0.005169540501290036	0.010606439164288394	0.38045002816656487	0.031180589259789705	0.053977792164440506	0.14666998804338052	0.08462524979757478	0.03482952496634853	0.3155574145102743	0.008864049849516815
G[C>A]C	0.004146805799840381	0.0036904668650318646	0.006989360352737267	0.014201650153832731	0.004893481348880636	0.002072985283135998	0.006411566582005059	0.006772461963671695	0.012818872285582414	0.037837215869392066	0.015614917344826545
G[C>A]G	0.0020828778989759873	0.00047708163707973935	0.001226545778836337	0.01145275531867323	0.005697147798319174	0.004168267511126966	0.007953506968079544	0.0030129763225177895	0.003625228078595888	0.0011684423080551268	0.0034319974501730035
G[C>A]T	0.0163135072861365	0.013561843894807874	0.011921447128953334	0.10096050970203047	0.019620162715191264	0.0758176033955877	0.07104357071977323	0.06541874907888028	0.025448421607364054	0.012276476754744622	0.013972729596509265
G[C>G]A	0.0004213854612562937	0.000789044004058187	0.0018042093310624643	0.0033521376694526355	0.008589086151877923	0.004117279578400265	0.0024207995820816823	0.0	0.00712400622050024	0.0029777551859107316	0.002623042981431615
G[C>G]C	0.0017458861605016622	0.0013195937149325133	0.00348792121528707	0.0007941022710607013	0.004144490846364661	0.001238059232119141	0.0004666096093648781	0.0027878079578227914	0.004521401866188813	0.004590958390064106	0.004450302913440547
G[C>G]G	8.916036403690172e-05	0.0	0.00016653289872098448	0.0	0.004236305061471016	3e-323	0.0004172641194050742	0.001123483738285517	0.001029499559205073	0.0017213928280766016	0.0016787850516394843
G[C>G]T	0.0012513542052463684	0.0015404254516774478	0.003944032932507671	0.0	0.012220142945642628	0.003945378896982431	0.0013850417520027255	0.0004938971145766792	0.00812452301234972	0.0082362714869099	0.0012890728060178278
G[C>T]A	0.07102971359768416	0.07986471092708179	0.010063767305177648	0.00019947506628021836	0.016167117611567812	0.030168364935828994	0.00754890192269477	0.02778308634936583	0.021497933816339233	0.020459109776267848	0.06640595918426874
G[C>T]C	0.05690932502046166	0.05015196585315803	0.021416251315992663	0.0014274425824260936	0.006396565894001239	0.02305940564198567	0.003948643278171893	0.0022138451147268048	0.008517463550735457	0.00278309503881682	0.034963378954702605
G[C>T]G	0.035510815528121555	0.04315094583094771	0.028804723523019347	0.005066061429140777	0.007017589977366198	0.002016630689341944	0.008737269299930952	0.0399799692466812	0.007436971833912044	0.02116422170944598	0.025073123673889593
G[C>T]T	0.04970890156334133	0.055984644427932315	0.012539847010216501	4.105751931799456e-123	0.01578711696392608	0.015923008577962153	4.222835996941832e-13	0.004933692156008138	0.01777271494205216	0.010691163990779943	0.05015891065514962
G[T>A]A	0.00014947670314767719	0.0003687609000588176	0.0012618382115208312	0.0	0.002907762437558037	2.5e-323	8.010152229432798e-06	0.0	0.006314689495709028	1e-323	9.359255398000685e-05
G[T>A]C	0.0008041229034763765	0.0005902862399797549	0.0026046717477682156	0.00038357031445250284	0.0021130979114671843	0.0006531933366045434	0.0007806795091410511	0.0004493541979131624	0.005431750027281451	0.0032005429172484888	0.00361800989034869
G[T>A]G	0.0006580204677136164	0.000652009004672248	0.0009821657038556635	0.00025412732527509455	0.004720247298181797	0.0022799146626084864	0.0	0.0	0.006268317790886197	0.0003529975851160288	0.00030733602225102607
G[T>A]T	0.0020476808088946163	0.002127183938643429	0.002648029925277438	0.0	0.00729768210081307	0.0011617700572624217	0.001111613532990622	0.0004886409167129712	0.004201417861510523	0.0053323641836269565	0.0016539261356043426
G[T>C]A	0.013688356377940431	0.011613956615608902	0.0324707657936774	0.0	0.006618463238773421	0.0018238315007811855	0.0	0.0014405561928301307	0.007678723531120678	0.003873614270433683	0.008362416965859668
G[T>C]C	0.00722106448063467	0.005514380100587426	0.01482463842984411	0.0011536171224959312	0.0020945458745874604	0.0001478233618489338	0.0004290678317193346	0.0	0.002575363103983303	0.00026432337136796243	0.007364903601812485
G[T>C]G	0.01785690285866405	0.01870871432505642	0.02444395166410148	1.0714958821909754e-05	0.006285141906387867	0.0012709153882242842	0.00034635523751273497	0.004866159933499383	0.0030625667829111596	0.0006788124735645989	0.011445381571808178
G[T>C]T	0.0068872317632422495	0.005827226057785585	0.016765943538908708	1.1367616969388596e-05	0.009466649211706679	4.756202723255738e-05	0.0010638651623726303	0.0028713577837732114	0.0048258387488992385	0.0017920386568575388	0.004667263976481634
G[T>G]A	0.00015093700282913414	5.4e-323	0.0002942670081355992	0.0006816467403947568	7.946951089266885e-05	1.623659216188503e-199	0.0014651520597859305	5.4e-323	0.0022924117461520298	0.00037917965422379487	0.0007792734657629599
G[T>G]C	0.0003282882198401509	4.624289950481233e-05	0.0005395469450136397	5e-324	0.0007220504068062401	0.002304623777846013	0.0035894815146957147	0.0	0.0012336298583484385	0.0018020292387858606	0.001975320390204256
G[T>G]G	2.925567862944917e-05	4.063209616378027e-05	0.000766853851122877	2.5e-323	0.006309282537962595	0.0007872865746810487	0.0012228599441711835	0.001498872067832044	0.0043941728299746585	2.3791471549057087e-45	0.00029903383390815876
G[T>G]T	0.0010837212332498597	0.0008592564213559771	0.002983257611307515	0.0	0.004106060136152924	0.0025750514499141147	0.00036902811933293116	0.002280086440423723	0.003292201572760558	0.0011095171744202204	0.00144378985489792
T[C>A]A	0.0034972184510017094	0.005534299986867703	0.007592044075270632	0.05238636206155038	0.029956180639460695	0.04711638960487929	0.07644730199863892	0.05209468687018238	0.029165848406285076	0.01436632752861251	0.004213405574405131
T[C>A]C	0.004748206555303143	0.004708670237762679	0.005331260141938216	0.013083270748997405	0.025274275671117293	0.017762123897453765	0.03431387716831988	0.026483370175041907	0.01685609596780327	0.00484234330021127	0.0036130779691849095
T[C>A]G	0.0016172066001724707	0.0007574912487692195	0.0014788651264165838	0.0069286784401053104	0.005045097870534073	0.00045066968287946733	0.01059440429734673	0.009404881852586436	0.0036347260260335247	0.00010800991057316928	0.001163854358470241
T[C>A]T	0.028027399286456256	0.019722236613027543	0.02236305252997654	0.09089493870989222	0.03891419434739516	0.0784068405348836	0.14236412465056433	0.1317520107024349	0.03994333598516837	0.02731972996622928	0.10808001237043725
T[C>G]A	0.0002148397018160014	0.00017650261593569447	0.0011049392928855668	5e-324	0.01493832247554214	0.0064000237527750475	0.0016946876528200253	0.0008097412445190799	0.01045104580218133	0.000738787758700501	0.0024224241551517732
T[C>G]C	0.00020806828120880765	0.00041530659380353515	0.0017030554623261658	0.00019310942295885236	0.006302049647080921	0.0030977669259545713	0.002606751892143721	0.0	0.004570542364371809	0.005384276848102674	0.0014683755582367824
T[C>G]G	1.0455239926370262e-05	1.5e-323	0.00044432460667019917	1.5e-323	0.003008905611887193	0.0008509288588803786	0.0031145025375413212	0.002353357460626338	0.0038931264440916465	1.4541337775956803e-35	0.0006116148434182087
T[C>G]T	0.0007256091506664319	0.0018575184716658252	0.0021432947937990916	0.0011694377195890786	0.019354895292051352	0.0041290273928035765	0.003698733478555282	0.0006082313793773999	0.011557984414977917	0.022637078604169324	0.004322788973071109
T[C>T]A	0.008963785810441055	0.011251342590309719	0.005421581595536992	0.004313332495985621	0.014422841272245215	0.05313940608180447	0.009308882243399427	0.023048831224319177	0.02500845940385208	0.04254055790634514	0.014371572819763017
T[C>T]C	0.008044224464107855	0.011270748376871071	0.0058615709053133356	0.004173507255534633	0.01286603192103119	0.03232297008396597	0.005222715820499626	0.0061001611738740885	0.013997266996927427	0.027145148353493024	0.014437552142196455
T[C>T]G	0.00836271573420475	0.011069701594935229	0.0025826498602368264	0.002231668766018416	0.012635641210591042	0.00444930355653313	0.019101869048673392	0.0262024713109114	0.005103869507479347	0.0006398055736421069	0.007544511126552532
T[C>T]T	0.008307094980052124	0.012915059232335315	0.00683430401004508	0.003922261313166733	0.01789902172315507	0.04138308943906649	0.0029814452232753788	0.005721092210173983	0.017664626382380623	0.0010364694282505612	0.007451152796391837
T[T>A]A	0.0034067427681090208	0.002505837246275503	0.008431690762358935	0.003839352666039058	0.01581717009268749	0.005519539554710509	0.004840760035067205	0.0035380517175924425	0.015099964407107083	0.0015311186580539533	0.0036622663119289696
T[T>A]C	0.00029686717006196	0.0004701242886722772	0.001297666304859611	0.0009935360088373284	0.011650083257003818	0.0019222541334122704	4.78931764864942e-05	0.0006945780505273987	0.012855315845078898	0.001008484562166221	0.00013245188595328904
T[T>A]G	0.0003218661098109433	0.0004608904197440605	0.0009360456479937336	0.0025787269269500128	0.006187926965427884	0.0037544091221767117	0.00123678044727615	0.003651360253802532	0.01075471942835406	0.002500329265750602	0.0025174630853280525
T[T>A]T	0.002647716795808489	0.0024308322017801993	0.006064025873851338	0.00044598937376571856	0.023683369083684458	0.00512782820568542	0.006759926012819776	0.00294738252310297	0.016694496044759876	0.008905761589020818	0.006494409583341837
T[T>C]A	0.018027793868647092	0.009914990715130384	0.03464567714407298	0.001990016876980649	0.031167684774665843	0.009868266346597215	0.011127589601410545	0.00034783008326858054	0.021080789306102927	0.004044632967339331	0.012703289074312122
T[T>C]C	0.0118175645842087	0.008623245051162907	0.029389194944983425	0.0007034772234010744	0.0047654999741219015	0.002050662971174813	8.561375463768288e-05	0.00294733377280583	0.005551516393607094	3.5e-323	0.005796172092342994
T[T>C]G	0.01854757656976523	0.01833196625598026	0.031034443616065766	0.0015233042628527626	0.004707508555353101	1.3931012286299485e-05	0.005332893786967572	0.001968880195941499	0.006789288151159849	0.0025773302413542583	0.010325538753956824
T[T>C]T	0.01207325648422251	0.01222162828607696	0.027525218567696113	0.00047669418199241804	0.012446818730893736	0.012236195064010386	0.004320943857692714	0.00964414445037404	0.014580778681803519	0.0025183706653759126	0.00809427214004709
T[T>G]A	2.0326080916959224e-05	6.879924276469241e-05	0.00013987392095071689	0.00023947854471244865	0.0026066380575043404	0.0019198335979805313	0.0019173708257290273	0.0012625103253851141	0.0039820208875136045	0.012131355454920868	1.9711600164479254e-78
T[T>G]C	0.0005893384446972868	0.0007340998402320063	0.0018459871349616355	5e-324	0.001855934096810977	0.0006768986214764983	0.002333377454477338	0.002279548907340856	0.002772212309788915	0.0007892242217497955	0.0009743122273072667
T[T>G]G	0.0009887882853754826	0.0014903427033361029	0.0026404572922096815	0.0003462400483673937	0.002477635154733194	0.002102282012998055	0.0010721284722384273	0.0019150559466089348	0.004108665405206391	0.0021614853519109365	0.003630669010383071
T[T>G]T	0.0018116227642749592	0.001992811593073941	0.0040456012756480714	0.0017205523960928627	0.010807245479978812	0.006660367752416128	0.0030207115356085576	0.0020293419424932363	0.009404889771003155	0.021273678248256593	0.005246010862891954
