MutationType	SBS96A	SBS96B	SBS96C	SBS96D	SBS96E	SBS96F	SBS96G	SBS96H	SBS96I	SBS96J	SBS96K	SBS96L	SBS96M	SBS96N	SBS96O	SBS96P	SBS96Q	SBS96R	SBS96S
A[C>A]A	7.674394000787288e-05	6.613524917131741e-05	0.010562873611847223	8.216688001994044e-05	9.516121062915772e-05	0.01270060604219907	0.028582751499197912	7.527349662268534e-05	0.0009941504134985736	8.521269883203786e-05	0.028412152293458347	9.59335215156898e-05	8.700815014890395e-05	0.01264274925342761	0.02841953982820087	0.0006281789871081855	0.017465203481333447	0.09980549926040112	9.348109088023194e-05
A[C>A]C	7.164455392967284e-05	6.583407756182158e-05	0.01668516979383696	0.010280290034643258	0.0001528297903880649	8.523694687028183e-05	7.423296098068022e-05	0.03334419738154324	6.381201025131844e-05	8.586362528149039e-05	0.0012121411969019391	7.096816236185077e-05	9.292614922742359e-05	0.013380221809893556	7.124157909856876e-05	0.0007361032382391386	0.0005353740663849749	0.2720618147541245	7.663383557883207e-05
A[C>A]G	9.626257960917428e-05	7.941581261761144e-05	9.045348488143646e-05	8.722111233510077e-05	0.0011417168112529907	0.00010058431944344192	0.00010046456009149551	8.971305678642238e-05	0.0014497270320134703	8.204586943065806e-05	0.0032044967396359426	8.744259939703624e-05	0.00010180632234551013	0.08386206492796192	9.813780052354559e-05	0.0028047097297530855	0.0014824779987975488	0.001457805732570705	0.00010168267690460197
A[C>A]T	8.637376158731059e-05	8.135785355989356e-05	7.961609744597809e-05	9.148144672508352e-05	0.0011370468375389465	9.998423120123334e-05	0.014256520529306727	9.854469244601205e-05	0.00144903286054614	9.019642238854431e-05	0.03631698814133415	9.864660678431392e-05	0.0342293177425745	9.249514878320042e-05	9.497482096776366e-05	0.001981341761347721	0.0014823460442130454	0.001459689164039446	0.0001004594552796334
A[C>G]A	0.006790723155427258	8.293895625683944e-05	9.449043136555701e-05	0.03352801842847839	0.0011404396842408459	9.681483934400603e-05	0.0014910293903085403	9.385895464220084e-05	0.00010051051358459518	8.841664530336856e-05	0.004386681602045428	0.020060415096668293	0.01703847370663425	9.66516490734648e-05	9.896998381009325e-05	0.002610616105812369	0.0008514361878042109	9.960264287656173e-05	9.012336777232121e-05
A[C>G]C	8.11523457457497e-05	8.420525264227763e-05	8.497470480506308e-05	8.299603887280682e-05	0.09486112397207762	9.017280439707064e-05	0.0003560512894182466	9.390630802954547e-05	0.0014405553463802789	9.561521437717602e-05	0.0038901463711226826	9.659924398874864e-05	9.040265758812893e-05	9.908644642564468e-05	9.674207249190658e-05	0.0017271750963118392	0.0014797936448303517	0.0014548023758834462	0.00010077833721879869
A[C>G]G	8.281325099233073e-05	7.103155644472281e-05	8.634234945930075e-05	8.15022227470763e-05	0.025173485923733096	9.639476920710876e-05	0.06284260418033227	8.010755586838059e-05	8.532955400823994e-05	6.626249962664588e-05	0.0027889743127161638	9.138593450188636e-05	9.104245909838938e-05	0.013388581469916972	9.301071986556053e-05	0.001722612306184601	0.07159196812099253	9.030453202285571e-05	9.23730811337009e-05
A[C>G]T	5.6571541469452315e-05	0.009145009223311717	7.698505979405467e-05	7.634847052031545e-05	9.715559135656804e-05	9.434505045646802e-05	0.1531261462107068	8.73591907293303e-05	0.008937408506608336	7.243636164275813e-05	0.035703298371012694	9.285713895224035e-05	8.768065072217723e-05	8.853469262248836e-05	8.514830951753539e-05	0.0017119801661465317	0.0009559782200085464	9.022188005474163e-05	8.540558073946158e-05
A[C>T]A	4.346473388068261e-05	5.682319245554623e-05	0.025038023243566788	7.037925732902294e-05	6.434202481955253e-05	6.174046764613194e-05	7.462340074653185e-05	5.694934989151079e-05	5.4769163125456546e-05	6.710582542837073e-05	6.406464335668715e-05	6.814231728640152e-05	6.769621431885753e-05	7.286034960998222e-05	5.199095066927839e-05	4.64295263270742e-05	7.414949591293407e-05	6.651235271419864e-05	0.4569702100772702
A[C>T]C	7.572830691060517e-05	7.916726717667188e-05	8.526763340341859e-05	8.120432394207456e-05	9.153328865068034e-05	0.025817018384987022	0.0014893858206050936	0.013196107925614342	0.0001697994775895495	8.175100811058655e-05	0.0022227227298571963	0.02271321193838958	9.388123798999004e-05	0.020103387540439145	8.938691862567794e-05	0.061560763543093346	0.001482059108093381	0.0001259351229236927	9.391548373969272e-05
A[C>T]G	6.100803307145242e-05	0.8086622893810272	4.00470315307544e-05	5.634825178759684e-05	7.579016807994776e-05	6.473310210424188e-05	6.09969116112552e-05	6.887085827429473e-05	7.238485011331618e-05	5.579588506989808e-05	7.236177885090455e-05	7.22372034260843e-05	6.764006495814101e-05	7.548681242042221e-05	6.367069490806899e-05	6.88924847416672e-05	8.143287408302058e-05	5.4998267159100944e-05	7.375507375400048e-05
A[C>T]T	8.649620685901027e-05	7.328435385716148e-05	0.006687197412277612	0.06563748049920833	8.004719638847746e-05	7.607463975318751e-05	0.0006820599879574729	0.03557695929848705	0.018192010604252573	7.023591691113218e-05	0.0011433176179366455	0.019913833551891004	8.60904223372927e-05	8.657733706058934e-05	8.488855564792175e-05	0.0016189312937058276	0.038082901328016304	7.932602457003668e-05	0.04365927700855536
A[T>A]A	7.801786723860005e-05	8.234641894659944e-05	7.844738540612184e-05	9.624370650271886e-05	0.0011381205149518792	9.891972440527752e-05	0.0010313802173186558	9.000941863632761e-05	0.00894673674556543	8.577017104016704e-05	0.004387039125867886	9.328027845185715e-05	0.00010080640859086998	0.014837226327654208	0.008471649403509219	0.0005898261154029278	0.041146038653096184	0.0014596059823816176	9.141291375271975e-05
A[T>A]C	8.073432072706055e-05	0.009547568594098266	7.97482342704825e-05	7.842717786843423e-05	0.08307907725538825	8.090685374497752e-05	0.05418633488961859	8.032728128455346e-05	0.0006132771664852044	6.90132294948853e-05	0.0026799742503499147	7.062385823446427e-05	8.588995187892578e-05	8.078562764239905e-05	7.888723721407586e-05	0.0015265170302882324	7.718967733918446e-05	0.016605265704129124	8.778827359492424e-05
A[T>A]G	0.019017033374257152	0.009550225956398605	0.017943832138598736	7.520361647834761e-05	0.0003369171365193324	8.90688275831053e-05	9.163481154246255e-05	8.774265024840134e-05	0.025078267937351482	8.658145743538626e-05	0.0028389727049216162	0.02005262681086606	0.08074399493052624	9.432030492462218e-05	0.0127949633555545	0.0022004176402333543	0.0008469977401546203	0.0009632615809096023	9.054059846675954e-05
A[T>A]T	8.794265813776292e-05	8.05640473117819e-05	8.788693849055562e-05	8.92527874384541e-05	0.00010102518135681748	0.025822328036883845	0.015645461395615713	9.442511945962906e-05	0.0014469516107055824	8.842676688800566e-05	0.0035186137236451033	0.016756972931761992	9.957182992366142e-05	9.636001923354342e-05	9.628559273551218e-05	0.0019852080989949173	0.001482378829678055	0.0014609273363021202	9.48339689784916e-05
A[T>C]A	6.567555810761405e-05	5.684093679718672e-05	0.007719541403912444	0.007759874142720946	0.006943730758575839	8.94148019142449e-05	0.0283867377157776	0.04968235429514607	8.755279777687975e-05	7.319002093026938e-05	0.0018844157370040194	7.94325535025564e-05	0.024863292932059265	0.014813359950676386	0.01460924316247656	0.0005869834797101022	0.04973620199525612	7.420190760676348e-05	0.03333368471357971
A[T>C]C	9.110940736718476e-05	0.005633576687978347	9.002673759823665e-05	9.123366107814946e-05	0.0011403748103475664	9.956718204193749e-05	0.0014950874938222114	9.673821405158378e-05	0.0014477482283837162	9.062677709152922e-05	0.0030053519905777646	9.752616024343297e-05	0.00010223192875855603	0.00010167655418626964	0.011151165063347434	0.002807395611307584	0.0014807117666350677	0.001461615199514199	0.014619355989270843
A[T>C]G	7.19089548510965e-05	5.922988658246947e-05	6.747442298546958e-05	7.035366018044442e-05	8.438953846052754e-05	8.761655881244224e-05	0.02148667804262914	9.327829902758822e-05	0.02506753819336609	6.416172921035468e-05	0.24658671835131826	8.456587784166913e-05	7.835718079149956e-05	0.024926294159467944	7.72841185607831e-05	8.256354376499076e-05	0.0014621662061600205	9.357936651213094e-05	7.77178046746485e-05
A[T>C]T	7.129381447157357e-05	6.557366761665851e-05	6.868634118291083e-05	5.829710596145787e-05	0.03326216497516725	7.46636898838915e-05	0.00013626603849843378	7.757408966995172e-05	0.000300499839204349	0.02486157222683435	0.018303912774513265	8.603711248724721e-05	7.681454491148543e-05	7.49813088305018e-05	8.663559710839764e-05	0.001707485168117273	0.27918302533071254	7.898550575191621e-05	8.619428335805423e-05
A[T>G]A	8.43618130033974e-05	8.785473946772981e-05	8.042200843192405e-05	8.130622918542941e-05	9.357916569570079e-05	9.056203489308246e-05	0.0014919451212335843	9.356611844850704e-05	0.0014451645067310892	0.012660830310778692	0.011713738452090183	9.069236439245288e-05	0.028089624273707158	9.772480261744931e-05	9.799579202081077e-05	0.0027955894369370484	0.0014740257700395886	0.0014536549537297106	9.906083068926819e-05
A[T>G]C	9.553564741509036e-05	9.255435943487101e-05	9.524086635792628e-05	9.17444660444744e-05	0.0011421335060731509	0.00010182754558627494	0.001496050712739816	9.896669798763469e-05	0.0014498703567369375	9.61188503424637e-05	0.00438853099840344	9.943166660377755e-05	0.00010264652446494438	0.000101723603438586	9.92939378193114e-05	0.002810974971362157	0.0014836064096016345	0.0014625692354456987	0.00010217993476544507
A[T>G]G	9.553564595989882e-05	9.255435943487101e-05	9.524086635792628e-05	9.174445949611254e-05	0.0011421036106185056	0.00010182754995184951	0.0014960507083742413	9.896615956677124e-05	0.0014498703596473206	9.611883724574e-05	0.004388530997675844	9.943166005541571e-05	0.00010264652300975285	0.00010172358743147925	9.929391817422583e-05	0.0028109749648137948	0.0014836064059636556	0.0014625692238041665	0.000102179883106146
A[T>G]T	9.397816465934738e-05	9.22057603020221e-05	0.008624316364875994	8.933129138313233e-05	0.001138059665390756	0.00010091317672049627	0.0014911731152096764	9.740023742779158e-05	0.0014457883065915667	9.286674103350378e-05	0.004385713524243329	9.760378889041021e-05	0.00010135166303371079	9.782394918147474e-05	9.755406717886217e-05	0.0088333084822807	0.0014799616466916632	0.0008046194350754376	9.943065379047766e-05
C[C>A]A	8.104347834887448e-05	7.02721383277094e-05	0.02308176834958431	8.892232617654371e-05	0.04211735761273303	9.908087668009102e-05	0.0014853722863335862	7.928463965072297e-05	0.0003260230376326945	8.100814502540744e-05	0.0006869212015772064	9.073189103219193e-05	0.011474933276622324	8.72280459589092e-05	0.028423790515444126	0.0017123199395427946	0.018601377058803336	0.00011309560577501542	0.018421715083968594
C[C>A]C	7.730174856988015e-05	7.729933744062833e-05	8.30718256338514e-05	0.016885924775124295	0.001131247387820622	9.011533584271091e-05	0.0014927439449820667	7.865331992888969e-05	0.0839210841950262	9.162606293102726e-05	0.0023420431945510244	8.839516085572541e-05	9.206221002386883e-05	9.654893219703808e-05	9.188823314616456e-05	0.0017197865639900557	0.03363608000036038	8.979069489214452e-05	9.012682485263213e-05
C[C>A]G	8.649111805425491e-05	7.846892731322441e-05	8.792806256678887e-05	8.591660371166654e-05	0.04143750034054392	9.457143387407996e-05	0.0006940844781638589	9.250671646441334e-05	0.0010934706559055484	0.011219034969690256	0.003525106298911851	9.239098071702755e-05	9.378769173054024e-05	9.246625704690814e-05	9.130484904744663e-05	0.0017274640464165713	0.001477920700563118	0.020558808711575692	0.04344475273101125
C[C>A]T	7.456984502027809e-05	7.346824965850373e-05	7.610878619743744e-05	0.007764715258963406	0.017649398068897426	9.305777821282391e-05	0.0008064413148531457	7.926272392069222e-05	0.0010979319013131317	0.011209962808425188	0.002002736759641266	8.886138675734401e-05	9.036848568939604e-05	9.296166899730451e-05	8.898643136490136e-05	0.039506036506645616	0.030790885473106756	8.576460277254228e-05	0.014867405073493956
C[C>G]A	7.24324860584602e-05	0.005621115448502678	9.17362871405203e-05	8.144219318637625e-05	9.774420686881058e-05	9.484111433266662e-05	0.0014778396875044565	8.283185570689966e-05	0.0014445794135099278	9.139280155068263e-05	0.0028223732064361685	9.437048793188296e-05	0.017037157048616792	9.129484315053559e-05	9.258213394787162e-05	0.04518316431858693	0.009157238014449832	9.432985316379928e-05	0.017032206180010688
C[C>G]C	7.304717182705644e-05	0.004795238471845664	0.0306866059130698	7.99508488853462e-05	0.07569250723681761	8.821107621770352e-05	0.027440754900089813	7.661321661771581e-05	0.0008995616283755225	7.79709081598412e-05	0.002872396191014559	8.082590939011425e-05	9.329106032964773e-05	8.354516025121939e-05	0.03372605730924079	0.06671509421548763	0.0005424027389381081	8.918891362554859e-05	9.669762657722458e-05
C[C>G]G	7.713656846135564e-05	8.272516352008097e-05	8.514488472428638e-05	8.079739463369151e-05	0.001135199085183558	9.140864949586103e-05	0.04922717203444336	0.0202100330418034	0.0009649760104366578	0.01496101818748521	0.0027344093345163857	8.43959222720514e-05	9.969115562853403e-05	8.897173920558998e-05	9.628371844883077e-05	0.022952706700016277	0.0014799315853451845	0.00010313410602975636	8.848191064316779e-05
C[C>G]T	8.70594314619666e-05	9.2966001102468e-05	8.467183961329283e-05	8.845401607686654e-05	0.006951565654890146	9.172060890705325e-05	9.147840210061986e-05	8.587255975385233e-05	0.0014364267537530396	8.239739470354835e-05	0.004384616434253985	9.318781303591095e-05	9.961131145246327e-05	9.680114017101005e-05	0.012794991529517574	0.0523705094557954	0.0014758499990421114	0.0009694558306364342	9.898615899146534e-05
C[C>T]A	7.226940251712222e-05	7.489202907891012e-05	6.56958962963472e-05	0.024926950251028757	8.397231868002563e-05	8.86773646925576e-05	0.02876649549943977	6.876415961869498e-05	0.00031426017740159294	0.019917903265324877	0.11393193537924162	9.17660836421419e-05	8.198204777727369e-05	7.707094155193773e-05	0.03312812281390336	0.0012408525297360029	0.03223344369846339	8.225780575230602e-05	0.018395331378091184
C[C>T]C	6.790524770394768e-05	7.310120695365185e-05	0.011173511147535464	6.9868814352958e-05	8.956204110290855e-05	7.610642442159587e-05	0.0014812819299550029	0.0250461870473373	0.0007607438817103685	8.016655519895721e-05	0.002508792641602753	6.812206665927079e-05	0.2182625614623248	7.799932375291973e-05	9.230526338797063e-05	7.44150071113836e-05	0.0007152473196583742	0.02535546078779589	7.591922621941194e-05
C[C>T]G	6.913730630913051e-05	5.738537566841728e-05	0.7586659461259841	6.0909778312634444e-05	6.260987522637152e-05	6.522201538379235e-05	4.456387174229803e-05	8.140363861457445e-05	6.963570021980558e-05	7.540448968939018e-05	5.5415768395761235e-05	5.461578401586564e-05	6.62476461911865e-05	6.852764955169732e-05	5.853271886735456e-05	7.052204882711522e-05	6.690004812242023e-05	8.672694380038593e-05	7.020413506957368e-05
C[C>T]T	6.031976851173238e-05	0.014263655898071192	0.028653122934701968	0.030764417083992156	0.08350950902531622	8.690703180036508e-05	7.35852172738305e-05	0.033122146080714995	8.531434432370588e-05	8.514810160704655e-05	0.0033207164859049955	0.03335540526750265	0.03140152954065343	8.553683583158999e-05	8.622127101602928e-05	0.0018183106432843488	0.0001344798605714459	8.236936272965067e-05	8.076337653619702e-05
C[T>A]A	8.408238700212678e-05	9.024104801937937e-05	0.00917145870917011	9.579389079590328e-05	0.0011422250157920645	0.00010044423397630453	0.0014933212674804962	9.670131548773497e-05	0.0012579595760144001	8.949093644332607e-05	0.004387211878201925	8.963019263319438e-05	0.02488350080748205	0.01684472966917383	9.872758600977249e-05	0.0011731891314411768	0.0007821750901712221	0.0014599435031414031	9.00158260265016e-05
C[T>A]C	0.00915759718893483	7.849659596104175e-05	9.345864455099218e-05	0.03227960293588694	0.017649993669328977	9.989351383410394e-05	0.0014878609119477915	8.698228830326116e-05	0.001448138102568919	7.840629591555625e-05	0.028526473789679586	9.895443436107599e-05	9.413787993253208e-05	9.718938454170712e-05	9.75489012489561e-05	0.0017340078156848904	0.00147939635135117	9.316649448010139e-05	9.080416930373758e-05
C[T>A]G	0.01664050586425674	6.507781527798073e-05	8.997278928291053e-05	8.529889164492488e-05	0.001136641485209111	9.606609237380325e-05	0.020536792130587855	8.161883088178001e-05	0.08387416524710715	7.869221844885033e-05	0.02290071547104162	8.154371516866377e-05	0.03625951539288508	8.510551924700849e-05	9.493912730249577e-05	8.650668860354926e-05	0.009428597928763337	9.311058092862368e-05	7.704007548454683e-05
C[T>A]T	7.634110042999964e-05	7.024211372481659e-05	9.072476022993214e-05	7.372227172743883e-05	9.915492046275176e-05	0.04784392611218209	0.015818341058911757	8.469541608064901e-05	0.0014292298110376578	7.066246904505747e-05	0.017767216806532815	8.303036708028344e-05	8.773801710049156e-05	9.46454681979958e-05	0.09965561465651263	0.0017119340577892218	8.458222619083245e-05	0.01141362411362934	9.378354661748745e-05
C[T>C]A	6.900872886035358e-05	7.959656267075843e-05	8.421806996921078e-05	9.016387557494454e-05	0.001137802056473447	9.842899235081858e-05	0.0014865145559724625	9.684676333563403e-05	0.014154048414729914	8.675499775563366e-05	0.0021333377624614515	8.543707645003451e-05	0.1553668864828069	9.40188387176022e-05	9.389619008288718e-05	0.0011628141804976623	8.224793373301509e-05	0.0014484574450762012	9.024303517435328e-05
C[T>C]C	6.568700437128427e-05	6.788667373882617e-05	8.394472752115689e-05	7.226133250384236e-05	0.0011281107431386772	9.50778900005389e-05	0.001484462230655481	7.967433200519735e-05	8.999823967315024e-05	8.545160198991653e-05	0.0015660446465012967	8.56029755595955e-05	8.86831642674224e-05	9.09033955394989e-05	8.290510682004148e-05	0.18434543440380366	0.0014780221150431315	9.395650376973209e-05	8.642357170174364e-05
C[T>C]G	6.784208962926642e-05	5.213401316510299e-05	6.52318763997073e-05	7.724874285486294e-05	6.814619553097145e-05	7.193213421032851e-05	8.65065662935649e-05	8.445898383797612e-05	0.27852349416934885	0.011211078326959978	0.0006982591457926901	7.226414090837352e-05	9.558637757436372e-05	7.541732616687114e-05	9.35359246795997e-05	0.0071762611609568535	0.00013694553135792375	0.001441551729033108	0.020134331433564513
C[T>C]T	7.255080677168735e-05	6.294236408486143e-05	8.582026566728018e-05	0.017447894493625427	0.020960534727055346	0.033114335154823496	8.252900715888245e-05	9.12172381504206e-05	0.0014375103357451735	6.09563353464182e-05	0.0009947755540451908	0.03298007886805863	0.021183630171435652	8.928130519052502e-05	8.939672770793549e-05	0.0009024811482277074	0.0014703647335409186	0.033121411777392494	8.367746650037589e-05
C[T>G]A	8.746607090870384e-05	8.654048906464595e-05	9.31234138988657e-05	9.206642935168929e-05	0.0011418143891205545	0.00010050881028291769	0.03558986513817217	9.577275777701288e-05	0.0014494288414425682	9.125790747930296e-05	0.003804246983054327	9.922205936163664e-05	0.00010179208111367188	9.760628599906341e-05	9.707478020573034e-05	0.0019911153518478385	0.0014833328845270445	0.001459687929309439	9.848794361460023e-05
C[T>G]C	8.897500702005345e-05	8.580059038649779e-05	7.96755473857047e-05	7.721735528321005e-05	9.705866614240222e-05	9.621743156458251e-05	9.670972867752426e-05	8.840678974593174e-05	0.0014435362958465704	8.126659013214521e-05	0.0033084527487517333	0.03313000286943861	8.916093393054325e-05	9.85685852356255e-05	0.01007758536397887	0.0017259440617635846	0.0014809127591433936	0.021910125986323692	0.033964153936540245
C[T>G]G	7.67198238634137e-05	7.25548230093409e-05	7.722885689815939e-05	8.969256850832608e-05	0.00113681116636144	0.15786662579557742	0.001029652785655344	9.216920661856421e-05	0.0014405052246729611	7.760729276924394e-05	0.00091744106139231	0.07393919553651358	8.896870531316381e-05	0.016841305791240303	0.03056251772256786	0.001155141280105454	0.000779253392101964	9.652912121964619e-05	7.670748420878226e-05
C[T>G]T	8.98501712072175e-05	6.913954075571382e-05	0.008605352091335306	8.278303084807703e-05	8.565914249629714e-05	0.08122787155662081	0.0014775580692003131	0.04358946810389171	0.028723738665576093	8.903993802960031e-05	0.002122277832632591	0.025383153618167852	0.01670709168247413	8.923017303459346e-05	8.444899976893794e-05	0.0011948175597353838	0.0014817881099588703	0.0008041878056246788	7.947796621010639e-05
G[C>A]A	7.119705555851397e-05	5.6157534011447297e-05	8.42062112496933e-05	8.45468352054013e-05	0.0008386050113813326	7.545661937911064e-05	0.0293809650305775	7.01766496831624e-05	0.033397969010547965	0.040243576179818774	6.639769429739317e-05	8.208281115003046e-05	0.021182885317466572	6.482548578787828e-05	0.03370766692725056	0.05032385089349258	7.664532513445011e-05	8.112733903544722e-05	0.048603268890292387
G[C>A]C	9.451491350773722e-05	0.005634499667212367	8.096493061202637e-05	9.547331210342236e-05	0.0011413191023166291	0.033129964941326764	0.00149344285891857	9.140222864516545e-05	0.0014491181820631028	0.006374696221610065	0.024026881598183537	9.860015707090497e-05	9.74639264313737e-05	9.124357529799454e-05	9.15620599698741e-05	0.0011684889053867665	0.00027598030210356227	0.0014539952855557204	8.748726381782034e-05
G[C>A]G	8.362979368712332e-05	0.01117423295363551	8.41524086354184e-05	0.016877091793776344	8.897837506083306e-05	9.93953515717294e-05	0.01599846008757595	9.172832724289038e-05	0.0006234271961147897	0.02176419419483864	0.003463110188749852	8.806342957541346e-05	0.028092883948556847	9.838157857302576e-05	9.672934393165634e-05	0.0019843722522637107	0.0014700937550514936	0.001453356748970691	9.817594109335914e-05
G[C>A]T	7.726665544396382e-05	6.433440200908081e-05	7.239562649559161e-05	0.020465771548151677	9.295964700868353e-05	8.908338968467433e-05	0.0009914867514453363	8.829571670503356e-05	8.872040780261159e-05	7.776028301123005e-05	0.0015233249570883345	8.49234196721227e-05	0.024873991250206017	9.409617705387063e-05	8.058780618398486e-05	0.2204932502751035	0.000657179941481445	0.012635393589152954	0.028593080328573706
G[C>G]A	9.435251267859712e-05	8.912340963433963e-05	9.076074929907918e-05	8.947763344622218e-05	0.006948173692944692	9.958875889424235e-05	0.000493107602960663	9.15104421437718e-05	0.001445051516930107	9.335035938420332e-05	0.004384896287956508	9.431081343791448e-05	0.00010083541783387773	9.53267575823702e-05	9.308525695814752e-05	0.002809417872776976	0.0014825617996393702	0.02382044604382827	9.61032186751254e-05
G[C>G]C	8.72916862135753e-05	8.70067255164031e-05	8.26561743451748e-05	8.695110700500664e-05	0.026423530865577048	9.589621367922518e-05	0.0008776951799518429	9.371207852382213e-05	0.0014467573673755396	0.010013342505408218	0.004386137946858071	9.208476476487703e-05	0.014517046863329598	9.45842701185029e-05	9.549188253004104e-05	0.023002514318795873	0.00042857605731114743	0.00010135466072824784	9.097524743992836e-05
G[C>G]G	9.134814536082558e-05	7.8663818172231e-05	9.437642802367918e-05	8.030051126297621e-05	0.001137678106169915	9.858906632871367e-05	0.001493101518281037	9.263385290978477e-05	0.001448613469256088	8.503998678861535e-05	0.017065644472768326	0.032991003415372686	0.00010167767759412527	9.50242902035825e-05	9.792747150640934e-05	0.022467121598197082	0.0006606753922824282	0.0014613524115702603	9.282401370001026e-05
G[C>G]T	9.24459469388239e-05	8.585051691625267e-05	8.575438823754666e-05	0.010082718038756867	0.00015544795533060097	0.09932292486846564	0.0006909061943588312	9.04770751731121e-05	0.018365297374111834	8.214449353545205e-05	0.002644066815264523	0.010735616616148035	0.00010169907691306434	9.793233766686171e-05	9.055064947460778e-05	0.002811401025246596	0.0014722321563567676	0.001458148338861065	0.000101356136292452
G[C>T]A	7.501790022388378e-05	0.02028286893892073	0.01056910232946393	8.674833588884212e-05	0.06728772884962382	0.07069750567243319	0.0012139678680171072	8.385754299524705e-05	0.0006878956482978538	7.496174985135439e-05	0.001763887165725464	0.016797888025007524	8.610431414126651e-05	0.05316306319318755	8.268052952189464e-05	0.0014468797475274187	7.789454532201035e-05	0.0014353669289221215	8.953724791354034e-05
G[C>T]C	7.967314631969202e-05	5.832469238384874e-05	6.935508049359385e-05	6.30685020951205e-05	8.043222105698078e-05	6.842178863735171e-05	7.412263007609e-05	0.0199514398125757	0.08673926651152897	0.01002004917886552	7.752814126433804e-05	8.696190197952092e-05	8.024437642575321e-05	0.04173123145083082	0.041638805144975775	0.0011551650534215696	0.0012682416787583861	0.07890281931513528	8.417413482675329e-05
G[C>T]G	0.8760559499263764	3.9253503007330434e-05	2.9196184271995662e-05	7.457798631946844e-05	7.535808899206131e-05	7.880133689468494e-05	8.609917895228137e-05	6.306398615834042e-05	6.429332940420807e-05	5.2698557192343286e-05	5.903682318830761e-05	8.095680041151355e-05	7.167920859683097e-05	6.0793260740865665e-05	6.761319846191328e-05	7.815262824806268e-05	5.287979144696919e-05	5.578388690921088e-05	6.372229559019616e-05
G[C>T]T	0.011343249974606806	6.614574485865887e-05	6.891298103965937e-05	0.008345744082539852	0.0008521842035406734	0.23529151387701858	8.480897849949542e-05	7.250471954876048e-05	8.412426659560878e-05	7.35677776447119e-05	0.022069341408972987	9.401415736647323e-05	8.841036597004859e-05	9.222668741131202e-05	7.748263022904212e-05	0.0017207661418069619	0.01728085712711618	0.0003675212125131111	0.017486712860954868
G[T>A]A	9.304202540079131e-05	9.11831004486885e-05	9.243266831617802e-05	8.859691733960062e-05	0.0011398373273550533	0.00010077320475829766	0.0006955522483622189	9.382438220200129e-05	0.0014474541349045467	9.07764806470368e-05	0.003386842991312733	9.670219151303172e-05	0.00010240064439130947	9.999195317504928e-05	9.942344404407777e-05	0.0028098642884287982	0.018496373840025625	0.001462329588684952	0.010251870795764262
G[T>A]C	9.5683203835506e-05	8.835916596581229e-05	9.504669505986386e-05	9.04483225895092e-05	0.0011419214781199117	0.00010153555776923895	0.0014920128203812055	9.88820735074114e-05	0.0014493164148007055	9.430551290279254e-05	0.0029825899815477896	9.49479581322521e-05	0.011482828680163948	9.751659017638303e-05	9.887673586490564e-05	0.0028106724392273465	0.0014824375313764904	0.0014615870728448498	0.00010210659165750257
G[T>A]G	8.191278502636123e-05	7.812087545886471e-05	8.957101053965743e-05	8.596071074862266e-05	0.03854034674586728	9.417081892024726e-05	0.026559480755531696	0.013201725369435735	9.262579405913129e-05	8.887493568181526e-05	0.004379388223969727	8.898155683709775e-05	0.024868950876043527	0.00010039313347078859	9.29766862100223e-05	0.001051725599972997	0.00045534042874351144	0.0001228028668265324	0.00010108338174177333
G[T>A]T	8.88984155608341e-05	8.95191689778585e-05	9.379552720929496e-05	9.25687523704255e-05	0.001140483605558984	9.733483966556378e-05	0.001495419247657992	9.224028144672047e-05	0.01753854108028463	9.501328022452072e-05	0.0032779374618257862	9.679464128566905e-05	0.0001015200890833512	9.96123140794225e-05	0.010086182117083809	0.0022620803989411797	0.010642705011923681	0.0014601055074308534	0.02491543683136115
G[T>C]A	6.71011654055375e-05	7.971400482347235e-05	9.121010807575659e-05	7.483096414944157e-05	0.01660420304087893	8.9232995378552e-05	0.027162271826767892	7.731995610811282e-05	0.0008729757455512299	6.98287834779876e-05	0.0010207573360276	7.857468818883717e-05	0.01671354541031178	0.039150864079783784	8.730583701890282e-05	0.0027931146989430998	0.010645850533182965	8.378731690754649e-05	0.031398008060932625
G[T>C]C	0.00915712549742409	6.33358480172319e-05	0.011156878067941989	8.534094740753062e-05	0.01667657954239985	9.303946426371112e-05	0.009240796457743273	0.010710110988793532	0.008943999585608254	7.585275898236432e-05	0.002357344620031654	9.002687511383556e-05	9.258339123334736e-05	9.468397911405191e-05	8.819766226224602e-05	0.002801345150510315	0.033408846334350525	0.010047368507548527	9.465458861086517e-05
G[T>C]G	7.045203333291283e-05	6.810097529523773e-05	7.574912624477292e-05	6.679029884253396e-05	9.496918937657028e-05	0.03310647269790934	7.59328955609817e-05	8.29822074592812e-05	0.0014375093727721834	7.041578374669121e-05	0.0015678828654472454	0.019924934356367885	0.017034152941050706	0.13132266809479914	8.630772354081273e-05	0.0028086957339837682	0.000781026163167553	7.948271959321574e-05	8.261481507361168e-05
G[T>C]T	0.005307983455928778	0.005625099417375168	9.411736100446433e-05	0.03227254101584549	0.0011351434921380132	9.907440980896353e-05	0.020629484652454268	8.983867737697438e-05	0.00016844166530063375	7.940678451632266e-05	0.0036026037550072943	9.669089849921875e-05	9.576641605235636e-05	9.86433937214315e-05	9.365623554913327e-05	0.028449101734440773	0.0013896368516725488	9.3396337251761e-05	0.010238086299796122
G[T>G]A	9.57285868935287e-05	0.006314858273981372	9.467075142310932e-05	8.639397274237126e-05	0.0011418607478844932	0.025800626128329895	0.001496123596734833	9.870586291071959e-05	0.0014504590253636707	9.04743206774583e-05	0.003008599292661529	9.932374159689061e-05	0.00010212476045126095	0.00010129627262358553	9.916317285387776e-05	0.002810259929538006	0.0012993409487535245	0.0014622905910073314	0.00010216153677902184
G[T>G]C	9.141122973232996e-05	9.105093486141413e-05	9.079172123165336e-05	8.057149352680426e-05	0.00011901364268851466	9.825762972468511e-05	0.0014909381439792923	9.496902348473668e-05	0.0005038393159338739	9.42943021073006e-05	0.003487149854481686	9.340507094748318e-05	0.015197168677696027	9.591021698724944e-05	0.03698473192634992	0.0028071873108274303	0.001474954912919202	0.0014554619599948637	9.838402547757141e-05
G[T>G]G	9.254652613890357e-05	8.229081795434468e-05	8.004287719813874e-05	7.211172160168645e-05	9.492958706687204e-05	0.014350991796163726	9.240634826710448e-05	8.227118969443837e-05	0.041809492231550394	7.383257870969828e-05	0.003233573032048298	0.03312974700893392	0.016714771113765892	9.072881584870629e-05	9.048741230799351e-05	0.0017066625630832277	0.010284771602164256	0.10050958288411493	9.134201463893988e-05
G[T>G]T	8.674197633808944e-05	8.752739449846558e-05	9.11262810404878e-05	9.086153950192966e-05	0.016954236037418014	0.00010035645173047669	0.001495459966827184	0.01073825926578138	0.0009207967828842812	9.123266609094572e-05	0.003422759057866642	9.447364209336229e-05	0.0001003723948088009	0.020110374963405776	9.49737150222063e-05	0.002804249617111054	0.001480811877263477	0.0014589189326216002	0.0001012206070299726
T[C>A]A	7.444686135613666e-05	7.9888437460518e-05	7.036411073935121e-05	0.017768175469973356	8.674040800542571e-05	9.051480556081515e-05	8.827881756587886e-05	7.558935994893546e-05	0.0003232701656088466	5.959204364245352e-05	0.020869386487212038	7.814407945261337e-05	8.575309002480935e-05	0.18599640711981918	0.025824416173782082	6.689324863486945e-05	0.0011214491197306664	9.1952579896315e-05	0.018404234835452372
T[C>A]C	5.804662477233435e-05	6.35367182326263e-05	7.214137885966921e-05	0.029401650164072635	0.00011079047790190089	0.04926949171082394	0.0014750423417353887	0.011097233599321044	7.497494752897182e-05	0.0077211428452486075	0.0013833754332154059	8.016448149419375e-05	0.011463342896740869	0.17030473969134619	8.215241273319407e-05	0.011388008248104597	0.0010673531440261285	8.59760590174119e-05	8.908863201213535e-05
T[C>A]G	7.951553125814723e-05	8.626132155313826e-05	7.91268262645417e-05	8.771053398959339e-05	0.0011364291196514387	0.03312942951597506	0.07507953754429764	9.366592712467536e-05	0.0014435141580179333	8.19540651718853e-05	0.0029977841335494305	8.38003763188766e-05	0.028913996369738015	8.806392434053123e-05	8.909024181775748e-05	0.007179603874101303	8.439119228569325e-05	0.0014389505978897432	8.553973277685145e-05
T[C>A]T	6.627302939250512e-05	7.479745036107489e-05	7.262486324179917e-05	0.037723610860757616	0.16091107014435693	9.344956197310239e-05	0.00017040452366927638	8.506034027959686e-05	8.791942873358494e-05	8.354981546290218e-05	0.002885668587633461	0.010276102918896867	8.615970946266316e-05	9.378886825288646e-05	8.852585924614686e-05	0.001984747583628632	0.00042709410990937613	0.0009093230422877241	8.984695050457958e-05
T[C>G]A	5.564989622491301e-05	7.510508876293898e-05	8.994746604003012e-05	6.595891486540494e-05	9.591356101736891e-05	7.961263174820488e-05	0.1270886214084385	0.01264465002277575	0.0014317413782919176	0.007745317991793854	0.01582441568207287	0.049788429141335654	7.720579765475577e-05	0.04896112200385687	7.25417870853562e-05	0.0013891557024180655	7.662013963454229e-05	8.85300500158337e-05	7.098534793903433e-05
T[C>G]C	7.799917310649107e-05	5.711344418095621e-05	6.49883947090757e-05	7.327033322326315e-05	8.783690136624501e-05	7.942632200865773e-05	0.0009792258493689586	0.036580734519952786	0.04903079310149252	7.539464113506255e-05	0.002385071982280351	6.506225486162532e-05	9.220160427503288e-05	7.61629080898274e-05	7.134303932616603e-05	0.007167905645269456	0.11806561209986058	0.06743728828550957	8.888233205652795e-05
T[C>G]G	7.388480225927197e-05	0.02314578655641526	8.443976985290646e-05	8.274659048765898e-05	0.016605607145174874	8.716299562365748e-05	0.0008763140158407623	0.024408089656571975	0.0014418267441214994	7.39256698579993e-05	0.01095214144907004	8.698617639311124e-05	8.726194791961462e-05	9.511694515822456e-05	8.531285529898014e-05	0.0017266464830754558	0.0014798417512793093	8.363356391782872e-05	0.03181270562199643
T[C>G]T	4.7534043513230985e-05	3.6752654060734355e-05	4.075347373799776e-05	7.296507792489137e-05	7.99645629740553e-05	6.715473864460364e-05	6.0384814325686875e-05	0.5511488795280457	5.1684358413695006e-05	5.76237329767082e-05	5.061128873649068e-05	5.2366896230182644e-05	7.073358556226594e-05	8.146303953253664e-05	5.8510028270575273e-05	5.837011070539688e-05	5.9543343135715075e-05	0.0001143545974287008	7.426518111515179e-05
T[C>T]A	0.028576711222061135	4.2245853876465844e-05	5.416222193161957e-05	0.5391971289112917	7.529178037657402e-05	8.328645817385904e-05	6.433094231397262e-05	5.3012283163411664e-05	7.020294760451407e-05	5.250525432720643e-05	0.0006131372751244868	0.03983492202332854	8.558742811146658e-05	7.291701106453275e-05	7.365958717855391e-05	0.0015381832337880042	6.148776074041962e-05	8.887456788215786e-05	5.3870484180151834e-05
T[C>T]C	3.8934487054120834e-05	4.280319481040351e-05	6.093790593695303e-05	6.093695117854736e-05	8.454260187136242e-05	6.201035879485061e-05	0.00021442023771669482	0.0365266949591387	8.429665067524183e-05	0.015334422694698447	0.0016477470206609723	0.428588982851943	9.138407585851382e-05	8.098372052245395e-05	7.512601678172359e-05	9.529815433779731e-05	7.25514618352463e-05	6.755068081716331e-05	0.014583819635447526
T[C>T]G	5.0839350301856714e-05	4.487747757910118e-05	3.3915986574672986e-05	7.543594620074145e-05	6.844779104824284e-05	7.267275353370906e-05	6.91191417331538e-05	6.680616860942624e-05	5.071393653679479e-05	0.76063874065876	6.054492387193022e-05	8.620530934422277e-05	6.123921430116752e-05	8.966142777353526e-05	6.869722950568758e-05	5.763569180317063e-05	8.528805956302677e-05	6.132573033994504e-05	5.402621908522365e-05
T[C>T]T	5.925830050905745e-05	0.031195363830378398	5.044033632657374e-05	6.172242265165551e-05	7.530149559897836e-05	7.796355034201951e-05	7.459857686171744e-05	6.0285686369354605e-05	4.454323006388705e-05	4.7290792826970575e-05	6.54717681296546e-05	6.757200929108365e-05	6.1005884464293556e-05	6.574272172201744e-05	0.510001425576047	6.466474115256749e-05	0.000525178847198049	7.113142692887209e-05	7.911153461463983e-05
T[T>A]A	8.484629979648162e-05	8.210021587728988e-05	9.130754697252996e-05	0.017471855377516478	0.0011383767938241362	9.949523373506964e-05	0.009246887981862528	8.730404824746074e-05	0.0014475566633336712	8.621995402791072e-05	0.004382091629668139	9.551392504363321e-05	0.000100945833401056	9.960404568118975e-05	9.619656993891113e-05	0.001989137876807945	0.021311553932901007	0.00011908711385331117	9.20279730053153e-05
T[T>A]C	9.168758260784671e-05	9.102396652451716e-05	8.719842626305762e-05	8.351809137820964e-05	0.001141494169132784	0.014364501923409989	9.564912397763692e-05	9.104788978220313e-05	0.0014472199720330537	8.494623052683892e-05	0.01384413395935553	0.033137681189691646	9.674469765741378e-05	9.957288930309005e-05	9.58573684329167e-05	0.002809044619061751	0.001122562556702178	0.00047151428880169987	0.00010146572458324954
T[T>A]G	9.10168240807252e-05	8.484155259793624e-05	8.648161856399384e-05	9.414755586476531e-05	0.0011393323278753088	9.895603216136806e-05	0.0014931976271327584	0.01257721194633632	0.0014461725571891294	8.769862761255353e-05	0.004383697299272171	9.480889275437221e-05	9.743368573253975e-05	0.00010052181678474881	9.563873245497235e-05	0.0009213808225467801	0.03831155005900655	0.001457780337659642	9.700239133962896e-05
T[T>A]T	8.216740634452435e-05	8.696923287061508e-05	8.519350722053786e-05	8.566660690121353e-05	0.00114126665139338	9.901393350446597e-05	0.001489958139427472	9.519714731140994e-05	0.0014441425279073882	0.007736105705771479	0.002733491744584171	9.618442854844033e-05	0.03374972978708683	0.00010128643043572083	9.731053214636631e-05	0.0028074148969608357	0.0005506838635483291	0.06638210904493462	0.00010006173761212267
T[T>C]A	8.730923982511741e-05	8.971566348918714e-05	8.59808640598203e-05	8.627687275293283e-05	0.0011355596332577988	9.279979858547449e-05	0.0014899057088769041	8.976671797427116e-05	0.0014414458251849282	8.339107826031978e-05	0.004386839693324873	9.33604416786693e-05	9.199940540156603e-05	0.021103398539707996	9.050198423210531e-05	0.0017259042597288499	0.0014805199229158462	0.00014585754661311512	0.02744801067528897
T[T>C]C	8.456673822365701e-05	8.048554486776993e-05	7.268188819580246e-05	8.523137512383983e-05	9.551198218105128e-05	9.221379459631863e-05	9.501104141236283e-05	8.895230294001522e-05	0.001438688489361084	8.623779140179977e-05	0.070224609828756	9.445796604268253e-05	9.75025919615291e-05	9.220361716870684e-05	8.569149758841377e-05	0.0019743029380435927	0.0014787320877076126	0.07346884884827887	9.636519753257744e-05
T[T>C]G	9.087563485081774e-05	0.006759189498916384	8.153403432515915e-05	9.386062083649449e-05	0.0011410026614612433	0.0001003386700176634	0.00148808244484826	9.451352234464138e-05	0.1005059846698714	8.560189671698026e-05	0.004386418222566135	8.96256049600197e-05	0.00010190922621404752	9.413721854798496e-05	9.626437968108803e-05	0.0009096740519453306	0.021308155851511402	0.0012954755562532227	9.712445171317086e-05
T[T>C]T	8.032118248593178e-05	0.016722092940472066	8.62670443893876e-05	8.2069686933961e-05	0.039736292616726135	9.84821075689979e-05	0.0014744742224138464	9.57476077019237e-05	0.0010713667463278398	7.100968000486318e-05	0.002615240405430086	0.019931109305252902	0.011470712209893463	8.931802840379532e-05	0.011138155113985703	0.013205510045065049	0.0014752509923710022	0.0014405117286514723	9.490432275924832e-05
T[T>G]A	0.011196361754991812	9.209717973135412e-05	9.46284897509031e-05	9.17046723770909e-05	0.0011421378861996346	0.00010182626283494756	0.0012566348734253552	9.796906742849387e-05	0.0014496776719170156	9.555366268614307e-05	0.004387437775585567	9.9339617008809e-05	0.00010141657621716149	0.00010055376988020726	9.824854059843346e-05	0.0028109099039284047	0.0014831418222456705	0.001461837761598872	0.0001022097458189819
T[T>G]C	9.453260208829306e-05	8.946682573878207e-05	0.008624147503724089	0.01699620304570999	0.0011402958014514297	0.00010125139524461702	0.0014941844143322668	9.640952484915032e-05	0.000684285430907039	9.334068599855527e-05	0.003939750348217785	9.67744883382693e-05	0.00010182213809457607	9.960910174413584e-05	9.919318472384475e-05	0.0028099672468670177	0.0014821207056229468	0.013369997624249664	9.665073739597573e-05
T[T>G]G	9.553564741509036e-05	9.255435943487101e-05	9.524086635792628e-05	9.17444660444744e-05	0.0011421335060731509	0.00010182754558627494	0.001496050712739816	9.896669798763469e-05	0.0014498703567369375	9.61188503424637e-05	0.00438853099840344	9.943166660377755e-05	0.00010264652446494438	0.000101723603438586	9.92939378193114e-05	0.002810974971362157	0.0014836064096016345	0.0014625692354456987	0.00010217993476544507
T[T>G]T	6.980892540013884e-05	7.952887535793707e-05	8.10539710073499e-05	7.661716226721182e-05	0.0011283471823844593	8.550120746804168e-05	0.04251177094297418	7.94447400039644e-05	8.766577675487497e-05	7.269040161190787e-05	0.045521996578463585	9.085687561309897e-05	8.93663785973331e-05	0.04962084920261987	8.700929538463242e-05	0.0017262719149584882	0.0009590772962837946	8.825444347166922e-05	0.014870833563873021
