MutationType	SBS96A	SBS96B	SBS96C	SBS96D	SBS96E	SBS96F	SBS96G	SBS96H	SBS96I	SBS96J	SBS96K	SBS96L	SBS96M	SBS96N	SBS96O	SBS96P	SBS96Q	SBS96R	SBS96S
A[C>A]A	5.06E-06	1.09E-05	1.05E-02	8.02E-06	2.79E-06	1.26E-02	2.73E-02	7.99E-06	9.16E-04	5.02E-06	2.55E-02	1.83E-06	4.33E-06	1.26E-02	2.83E-02	5.38E-04	1.74E-02	7.04E-02	2.15E-06
A[C>A]C	1.07E-05	1.33E-05	1.66E-02	1.02E-02	7.91E-05	8.71E-06	1.18E-05	3.33E-02	1.37E-05	3.92E-06	8.82E-04	1.17E-05	2.17E-06	1.33E-02	8.35E-06	6.68E-04	4.55E-04	9.18E-02	1.22E-05
A[C>A]G	1.50E-06	1.01E-05	5.05E-06	9.10E-06	1.04E-03	2.29E-06	1.72E-06	8.88E-06	1.35E-03	9.82E-06	1.88E-03	7.80E-06	1.64E-06	5.70E-02	1.86E-06	1.85E-03	1.38E-03	1.36E-03	1.80E-06
A[C>A]T	6.13E-06	1.05E-05	9.41E-06	5.51E-06	1.04E-03	2.52E-06	1.42E-02	1.74E-06	1.35E-03	3.67E-06	3.27E-02	1.27E-06	3.41E-02	6.30E-06	2.91E-06	1.28E-03	1.38E-03	1.36E-03	2.29E-06
A[C>G]A	6.71E-03	6.06E-06	1.76E-06	3.34E-02	1.04E-03	2.63E-06	1.40E-03	2.52E-06	8.04E-06	4.93E-06	2.18E-03	2.00E-02	1.69E-02	2.89E-06	1.43E-06	1.77E-03	7.53E-04	2.59E-06	7.14E-06
A[C>G]C	1.01E-05	5.46E-06	5.92E-06	1.06E-05	5.51E-02	1.02E-05	2.64E-04	4.39E-06	1.35E-03	9.40E-07	1.98E-03	2.20E-06	7.90E-06	2.06E-06	1.12E-06	1.63E-03	1.38E-03	1.36E-03	1.68E-06
A[C>G]G	6.49E-06	9.28E-06	4.36E-06	8.40E-06	2.50E-02	2.49E-06	4.42E-02	1.06E-05	9.86E-06	1.15E-05	1.54E-03	3.55E-06	4.04E-06	1.33E-02	3.06E-06	1.63E-03	3.84E-02	7.61E-06	2.88E-06
A[C>G]T	1.37E-05	9.09E-03	1.22E-05	1.07E-05	8.01E-06	2.98E-06	6.49E-02	6.32E-06	8.85E-03	9.51E-06	3.28E-02	3.20E-06	7.10E-06	5.59E-06	6.50E-06	1.63E-03	8.70E-04	8.59E-06	8.80E-06
A[C>T]A	1.07E-05	1.19E-05	2.50E-02	9.82E-06	1.13E-05	1.41E-05	1.21E-05	1.12E-05	1.17E-05	1.26E-05	1.27E-05	1.08E-05	1.25E-05	7.74E-06	1.21E-05	1.28E-05	9.42E-06	1.17E-05	9.09E-02
A[C>T]C	6.78E-06	5.71E-06	5.70E-06	8.68E-06	5.74E-06	2.57E-02	1.40E-03	1.31E-02	7.35E-05	5.74E-06	1.40E-03	2.26E-02	4.40E-06	2.00E-02	5.09E-06	4.01E-02	1.38E-03	3.77E-05	3.94E-06
A[C>T]G	1.32E-05	3.61E-02	1.24E-05	1.39E-05	9.47E-06	1.31E-05	1.34E-05	1.23E-05	1.26E-05	1.44E-05	1.13E-05	1.19E-05	1.16E-05	8.86E-06	1.03E-05	1.47E-05	9.65E-06	1.38E-05	1.00E-05
A[C>T]T	5.14E-06	5.98E-06	6.62E-03	6.56E-02	6.45E-06	1.04E-05	5.97E-04	3.55E-02	1.67E-02	9.84E-06	1.07E-03	1.98E-02	5.77E-06	3.94E-06	6.84E-06	1.52E-03	2.48E-02	7.47E-06	3.38E-02
A[T>A]A	1.15E-05	9.30E-06	1.16E-05	1.95E-06	1.04E-03	2.90E-06	9.34E-04	7.29E-06	8.85E-03	9.42E-06	2.18E-03	5.12E-06	2.03E-06	1.47E-02	8.38E-03	5.05E-04	3.95E-02	1.36E-03	8.33E-06
A[T>A]C	7.21E-06	9.47E-03	9.35E-06	7.96E-06	5.56E-02	9.64E-06	2.40E-02	8.50E-06	5.29E-04	9.63E-06	1.73E-03	1.27E-05	5.39E-06	9.79E-06	8.94E-06	1.43E-03	1.01E-05	1.65E-02	7.11E-06
A[T>A]G	1.39E-02	9.47E-03	1.79E-02	1.14E-05	2.44E-04	6.73E-06	7.52E-06	7.11E-06	2.50E-02	3.98E-06	1.83E-03	2.00E-02	5.85E-02	2.49E-06	1.27E-02	1.52E-03	7.54E-04	8.79E-04	5.50E-06
A[T>A]T	4.55E-06	7.81E-06	6.01E-06	6.48E-06	1.04E-06	2.57E-02	1.41E-02	3.47E-06	1.35E-03	5.33E-06	1.87E-03	1.67E-02	2.40E-06	3.88E-06	2.79E-06	1.28E-03	1.38E-03	1.36E-03	4.59E-06
A[T>C]A	1.27E-05	1.27E-05	7.65E-03	7.68E-03	6.85E-03	2.77E-06	2.83E-02	4.96E-02	5.21E-06	1.03E-05	1.32E-03	8.90E-06	2.48E-02	1.47E-02	1.45E-02	5.05E-04	4.85E-02	9.48E-06	3.32E-02
A[T>C]C	3.38E-06	5.54E-03	3.99E-06	8.29E-06	1.04E-03	3.74E-06	1.40E-03	1.87E-06	1.35E-03	3.37E-06	1.58E-03	1.76E-06	1.52E-06	9.90E-07	1.11E-02	1.85E-03	1.38E-03	1.36E-03	1.45E-02
A[T>C]G	8.04E-06	1.32E-05	1.11E-05	1.09E-05	9.82E-06	6.56E-06	1.99E-02	1.71E-06	2.50E-02	1.25E-05	1.14E-01	5.39E-06	8.24E-06	2.49E-02	9.86E-06	5.31E-06	1.39E-03	2.71E-06	9.18E-06
A[T>C]T	7.49E-06	1.13E-05	7.73E-06	1.15E-05	3.32E-02	9.12E-06	7.50E-05	1.06E-05	2.21E-04	2.48E-02	1.82E-02	2.62E-06	1.01E-05	8.97E-06	6.15E-06	1.63E-03	1.14E-01	9.32E-06	7.71E-06
A[T>G]A	9.32E-06	5.66E-06	8.85E-06	1.16E-05	6.02E-06	8.23E-06	1.40E-03	3.38E-06	1.35E-03	1.26E-02	9.61E-03	6.24E-06	2.80E-02	2.10E-06	2.02E-06	1.86E-03	1.38E-03	1.36E-03	1.84E-06
A[T>G]C	1.53E-06	3.04E-06	2.12E-06	8.33E-06	1.04E-03	2.20E-06	1.40E-03	1.48E-06	1.35E-03	5.42E-07	2.18E-03	1.27E-06	1.26E-06	9.86E-07	1.36E-06	1.85E-03	1.38E-03	1.36E-03	1.71E-06
A[T>G]G	1.53E-06	3.04E-06	2.12E-06	8.33E-06	1.04E-03	2.20E-06	1.40E-03	1.48E-06	1.35E-03	5.42E-07	2.18E-03	1.27E-06	1.26E-06	9.86E-07	1.36E-06	1.85E-03	1.38E-03	1.36E-03	1.71E-06
A[T>G]T	1.97E-06	2.96E-06	8.53E-03	8.13E-06	1.04E-03	2.29E-06	1.40E-03	1.32E-06	1.35E-03	3.12E-06	2.18E-03	1.75E-06	1.30E-06	2.66E-06	1.01E-06	7.11E-03	1.38E-03	7.09E-04	1.97E-06
C[C>A]A	6.87E-06	9.66E-06	1.53E-02	7.90E-06	2.83E-02	2.84E-06	1.40E-03	8.40E-06	2.33E-04	8.22E-06	5.71E-04	5.10E-06	1.14E-02	6.73E-06	2.83E-02	1.15E-03	1.73E-02	1.77E-05	1.83E-02
C[C>A]C	1.18E-05	1.06E-05	9.39E-06	1.68E-02	1.04E-03	7.33E-06	1.40E-03	1.08E-05	5.62E-02	3.85E-06	1.58E-03	5.23E-06	8.23E-06	3.25E-06	3.37E-06	1.63E-03	3.20E-02	9.04E-06	9.24E-06
C[C>A]G	5.28E-06	7.11E-06	5.47E-06	8.24E-06	4.02E-02	5.73E-06	5.95E-04	4.44E-06	1.00E-03	1.11E-02	1.87E-03	4.19E-06	5.38E-06	6.58E-06	3.86E-06	1.63E-03	1.38E-03	2.05E-02	3.36E-02
C[C>A]T	9.77E-06	1.09E-05	7.45E-06	7.68E-03	1.64E-02	4.41E-06	7.16E-04	8.51E-06	1.00E-03	1.11E-02	1.50E-03	6.40E-06	5.37E-06	3.93E-06	4.00E-06	3.76E-02	1.99E-02	6.28E-06	1.48E-02
C[C>G]A	1.00E-05	5.54E-03	1.69E-06	8.25E-06	1.35E-06	3.75E-06	1.40E-03	9.14E-06	1.35E-03	3.10E-06	1.83E-03	2.67E-06	1.69E-02	4.55E-06	5.43E-06	4.21E-02	9.06E-03	3.40E-06	1.69E-02
C[C>G]C	6.76E-06	4.73E-03	3.06E-02	8.11E-06	5.93E-02	7.15E-06	2.74E-02	1.05E-05	8.24E-04	9.68E-06	1.56E-03	6.87E-06	3.28E-06	9.67E-06	3.36E-02	4.97E-02	4.56E-04	6.15E-06	2.26E-06
C[C>G]G	1.00E-05	5.20E-06	5.53E-06	1.21E-05	1.04E-03	7.67E-06	4.76E-02	2.01E-02	8.67E-04	9.92E-03	1.76E-03	9.99E-06	1.41E-06	8.86E-06	2.36E-06	2.02E-02	1.38E-03	5.75E-06	7.93E-06
C[C>G]T	5.65E-06	2.93E-06	8.41E-06	8.03E-06	6.85E-03	7.60E-06	6.89E-06	1.03E-05	1.35E-03	9.35E-06	2.18E-03	2.95E-06	1.19E-06	2.52E-06	1.27E-02	4.93E-02	1.38E-03	8.78E-04	1.75E-06
C[C>T]A	9.33E-06	7.86E-06	1.14E-05	2.49E-02	4.12E-06	5.15E-06	2.87E-02	9.92E-06	2.34E-04	1.98E-02	6.98E-02	2.82E-06	9.26E-06	6.69E-06	3.31E-02	1.16E-03	3.22E-02	1.06E-05	1.83E-02
C[C>T]C	1.07E-05	9.40E-06	1.11E-02	9.92E-06	6.09E-06	1.11E-05	1.40E-03	2.50E-02	6.86E-04	7.46E-06	1.64E-03	1.09E-05	1.01E-01	1.02E-05	2.54E-06	1.04E-05	6.36E-04	2.53E-02	1.17E-05
C[C>T]G	1.09E-05	1.30E-05	4.89E-02	1.22E-05	1.16E-05	1.41E-05	1.38E-05	6.07E-06	1.05E-05	9.22E-06	1.40E-05	1.32E-05	1.11E-05	1.23E-05	1.03E-05	1.65E-05	1.17E-05	8.91E-06	1.21E-05
C[C>T]T	1.16E-05	1.42E-02	2.31E-02	3.07E-02	6.55E-02	3.83E-06	1.03E-05	3.30E-02	1.77E-05	7.63E-06	1.69E-03	3.33E-02	3.13E-02	6.86E-06	9.66E-06	1.20E-03	4.14E-05	1.01E-05	8.67E-06
C[T>A]A	7.96E-06	5.45E-06	9.07E-03	2.70E-06	1.04E-03	2.54E-06	1.40E-03	2.45E-06	1.17E-03	4.86E-06	2.18E-03	8.46E-06	2.48E-02	1.67E-02	1.38E-06	1.08E-03	6.91E-04	1.36E-03	9.84E-06
C[T>A]C	9.08E-03	8.09E-06	2.12E-06	3.22E-02	1.64E-02	1.94E-06	1.40E-03	7.91E-06	1.35E-03	1.10E-05	2.55E-02	1.10E-06	4.48E-06	2.27E-06	8.01E-07	1.63E-03	1.38E-03	5.93E-06	7.75E-06
C[T>A]G	1.66E-02	1.04E-05	4.91E-06	5.46E-06	1.04E-03	3.01E-06	2.04E-02	7.68E-06	5.65E-02	7.79E-06	2.01E-02	9.28E-06	2.61E-02	6.58E-06	1.55E-06	9.39E-06	9.15E-03	4.43E-06	1.26E-05
C[T>A]T	9.50E-06	8.89E-06	2.96E-06	1.15E-05	6.91E-06	4.78E-02	1.47E-02	5.66E-06	1.35E-03	1.22E-05	1.65E-02	9.80E-06	6.56E-06	2.42E-06	6.69E-02	1.63E-03	8.48E-06	9.90E-03	4.04E-06
C[T>C]A	1.26E-05	1.04E-05	8.35E-06	5.92E-06	1.04E-03	3.85E-06	1.40E-03	1.85E-06	1.26E-02	5.91E-06	1.53E-03	8.82E-06	8.64E-02	5.73E-06	3.72E-06	1.08E-03	1.23E-05	1.36E-03	9.45E-06
C[T>C]C	1.24E-05	1.13E-05	5.41E-06	1.19E-05	1.04E-03	3.98E-06	1.40E-03	9.44E-06	7.76E-06	5.78E-06	1.48E-03	8.25E-06	8.99E-06	4.41E-06	9.64E-06	7.72E-02	1.38E-03	8.98E-06	8.90E-06
C[T>C]G	8.03E-06	1.32E-05	1.22E-05	9.43E-06	1.18E-05	1.25E-05	1.29E-05	6.09E-06	1.00E-01	1.11E-02	6.23E-04	6.65E-06	1.78E-06	9.80E-06	1.83E-06	7.11E-03	5.83E-05	1.36E-03	2.01E-02
C[T>C]T	9.58E-06	1.29E-05	5.20E-06	1.74E-02	1.97E-02	3.30E-02	7.81E-06	5.78E-06	1.35E-03	1.06E-05	9.27E-04	3.29E-02	2.11E-02	8.16E-06	5.25E-06	8.11E-04	1.38E-03	2.28E-02	8.95E-06
C[T>G]A	5.32E-06	6.75E-06	3.98E-06	5.74E-06	1.04E-03	2.75E-06	2.29E-02	2.87E-06	1.35E-03	3.61E-06	1.93E-03	1.36E-06	1.65E-06	3.92E-06	2.54E-06	1.28E-03	1.38E-03	1.36E-03	3.87E-06
C[T>G]C	4.95E-06	4.89E-06	7.34E-06	1.04E-05	1.92E-06	3.41E-06	1.38E-06	8.98E-06	1.35E-03	8.22E-06	1.76E-03	3.30E-02	5.95E-06	1.51E-06	9.99E-03	1.63E-03	1.38E-03	2.03E-02	2.26E-02
C[T>G]G	9.63E-06	1.18E-05	9.66E-06	5.38E-06	1.04E-03	1.00E-01	9.34E-04	3.31E-06	1.35E-03	6.52E-06	7.74E-04	7.38E-02	5.73E-06	1.67E-02	2.28E-02	1.08E-03	6.91E-04	4.72E-06	1.13E-05
C[T>G]T	4.42E-06	8.63E-06	8.53E-03	7.41E-06	9.50E-06	5.51E-02	1.40E-03	2.94E-02	2.83E-02	3.82E-06	1.09E-03	2.53E-02	1.66E-02	6.74E-06	6.18E-06	7.37E-04	1.38E-03	7.09E-04	7.12E-06
G[C>A]A	1.14E-05	1.41E-05	6.03E-06	7.05E-06	7.59E-04	1.20E-05	2.82E-02	1.02E-05	3.29E-02	2.77E-02	1.33E-05	8.46E-06	2.11E-02	1.04E-05	2.39E-02	4.91E-02	1.04E-05	7.66E-06	4.85E-02
G[C>A]C	1.58E-06	5.54E-03	1.01E-05	4.83E-06	1.04E-03	3.30E-02	1.40E-03	5.12E-06	1.35E-03	6.28E-03	2.00E-02	1.38E-06	4.81E-06	7.64E-06	6.33E-06	1.08E-03	1.81E-04	1.36E-03	1.10E-05
G[C>A]G	9.45E-06	1.11E-02	7.06E-06	1.68E-02	5.91E-06	2.08E-06	1.44E-02	3.43E-06	5.28E-04	2.17E-02	1.78E-03	6.16E-06	2.80E-02	1.94E-06	1.86E-06	1.62E-03	1.38E-03	1.36E-03	1.63E-06
G[C>A]T	9.43E-06	1.16E-05	1.09E-05	2.04E-02	3.87E-06	6.77E-06	8.94E-04	3.96E-06	5.38E-06	1.04E-05	1.43E-03	7.93E-06	2.48E-02	3.32E-06	1.00E-05	1.30E-01	5.64E-04	1.11E-02	2.85E-02
G[C>G]A	1.42E-06	4.73E-06	4.08E-06	8.18E-06	6.85E-03	2.12E-06	3.95E-04	5.70E-06	1.35E-03	2.73E-06	2.18E-03	2.77E-06	1.47E-06	3.90E-06	4.82E-06	1.85E-03	1.38E-03	2.23E-02	4.01E-06
G[C>G]C	5.77E-06	5.33E-06	5.69E-06	8.20E-06	2.52E-02	5.61E-06	7.82E-04	3.13E-06	1.35E-03	9.92E-03	2.18E-03	5.89E-06	1.44E-02	5.08E-06	2.49E-06	2.02E-02	3.31E-04	6.69E-06	6.38E-06
G[C>G]G	3.12E-06	1.03E-05	3.30E-06	1.16E-05	1.04E-03	4.43E-06	1.40E-03	6.06E-06	1.35E-03	8.79E-06	1.40E-02	3.29E-02	1.74E-06	4.27E-06	1.83E-06	1.98E-02	5.64E-04	1.36E-03	8.84E-06
G[C>G]T	2.91E-06	4.62E-06	7.46E-06	1.00E-02	6.24E-05	9.92E-02	5.96E-04	7.57E-06	1.68E-02	7.35E-06	1.70E-03	1.06E-02	1.51E-06	1.74E-06	6.72E-06	1.85E-03	1.38E-03	1.36E-03	1.17E-06
G[C>T]A	9.81E-06	1.36E-02	1.05E-02	3.40E-06	5.46E-02	7.06E-02	1.13E-03	7.88E-06	6.02E-04	8.20E-06	1.22E-03	1.67E-02	8.81E-06	3.67E-02	8.40E-06	9.28E-04	1.31E-05	1.36E-03	6.00E-06
G[C>T]C	5.73E-06	1.14E-05	1.09E-05	1.11E-05	9.99E-06	1.23E-05	1.03E-05	1.99E-02	5.80E-02	9.96E-03	1.38E-05	4.80E-06	9.99E-06	2.85E-02	4.16E-02	1.09E-03	1.20E-03	5.14E-02	8.31E-06
G[C>T]G	3.27E-02	1.29E-05	1.09E-05	1.01E-05	9.32E-06	9.04E-06	6.84E-06	1.31E-05	1.30E-05	1.08E-05	1.15E-05	8.35E-06	1.28E-05	1.33E-05	1.14E-05	1.07E-05	1.29E-05	1.22E-05	1.20E-05
G[C>T]T	1.13E-02	9.72E-06	1.03E-05	8.29E-03	7.58E-04	1.11E-01	6.24E-06	1.04E-05	9.74E-06	1.08E-05	2.01E-02	1.41E-06	7.83E-06	3.19E-06	9.44E-06	1.63E-03	1.70E-02	2.92E-04	1.74E-02
G[T>A]A	2.63E-06	3.60E-06	3.44E-06	8.51E-06	1.04E-03	2.25E-06	5.95E-04	4.36E-06	1.35E-03	3.67E-06	1.88E-03	2.03E-06	1.27E-06	1.26E-06	1.34E-06	1.85E-03	1.69E-02	1.36E-03	1.01E-02
G[T>A]C	1.50E-06	4.73E-06	2.12E-06	8.30E-06	1.04E-03	2.20E-06	1.40E-03	1.48E-06	1.35E-03	2.08E-06	1.90E-03	4.55E-06	1.14E-02	4.23E-06	1.36E-06	1.85E-03	1.38E-03	1.36E-03	1.72E-06
G[T>A]G	6.17E-06	9.96E-06	5.24E-06	8.97E-06	2.48E-02	4.27E-06	2.50E-02	1.31E-02	2.77E-06	5.64E-06	2.19E-03	6.04E-06	2.48E-02	1.29E-06	4.77E-06	8.08E-04	3.56E-04	3.84E-05	1.91E-06
G[T>A]T	4.47E-06	5.20E-06	2.66E-06	5.69E-06	1.04E-03	4.54E-06	1.40E-03	5.27E-06	1.66E-02	1.10E-06	1.73E-03	2.28E-06	1.70E-06	2.02E-06	9.99E-03	1.44E-03	9.11E-03	1.36E-03	2.48E-02
G[T>C]A	1.23E-05	7.52E-06	2.80E-06	8.62E-06	1.65E-02	4.72E-06	2.56E-02	8.14E-06	7.81E-04	1.12E-05	8.76E-04	1.02E-05	1.66E-02	3.91E-02	9.84E-06	1.86E-03	9.11E-03	7.77E-06	3.13E-02
G[T>C]C	9.08E-03	1.10E-05	1.11E-02	7.91E-06	1.65E-02	3.11E-06	9.15E-03	1.06E-02	8.85E-03	1.07E-05	1.52E-03	3.10E-06	2.70E-06	1.87E-06	3.91E-06	1.86E-03	3.21E-02	9.96E-03	3.32E-06
G[T>C]G	1.14E-05	1.11E-05	9.03E-06	1.07E-05	3.58E-06	3.30E-02	9.17E-06	8.66E-06	1.35E-03	1.23E-05	1.48E-03	1.98E-02	1.69E-02	7.62E-02	7.06E-06	1.85E-03	6.91E-04	1.11E-05	7.61E-06
G[T>C]T	5.23E-03	5.54E-03	1.95E-06	3.22E-02	1.04E-03	2.31E-06	1.99E-02	3.64E-06	7.36E-05	8.73E-06	1.83E-03	2.06E-06	4.43E-06	1.47E-06	5.27E-06	2.54E-02	1.29E-03	5.27E-06	1.02E-02
G[T>G]A	1.48E-06	6.23E-03	2.21E-06	9.38E-06	1.04E-03	2.57E-02	1.40E-03	1.48E-06	1.35E-03	5.05E-06	1.90E-03	1.26E-06	1.33E-06	1.06E-06	1.36E-06	1.85E-03	1.20E-03	1.36E-03	1.71E-06
G[T>G]C	4.86E-06	2.97E-06	3.97E-06	8.98E-06	1.89E-05	3.48E-06	1.40E-03	4.13E-06	4.09E-04	2.02E-06	1.89E-03	3.78E-06	1.51E-02	4.23E-06	2.53E-02	1.85E-03	1.38E-03	1.36E-03	3.04E-06
G[T>G]G	2.53E-06	7.75E-06	8.57E-06	1.09E-05	3.07E-06	1.43E-02	3.67E-06	8.87E-06	2.96E-02	1.09E-05	1.68E-03	3.30E-02	1.66E-02	6.70E-06	5.44E-06	1.15E-03	9.11E-03	9.89E-02	6.87E-06
G[T>G]T	5.34E-06	3.68E-06	3.92E-06	8.24E-06	1.68E-02	1.74E-06	1.40E-03	1.06E-02	8.22E-04	4.94E-06	1.85E-03	3.13E-06	1.64E-06	2.00E-02	3.08E-06	1.85E-03	1.38E-03	1.36E-03	1.79E-06
T[C>A]A	9.03E-06	9.11E-06	1.03E-05	1.19E-02	4.93E-06	5.13E-06	6.21E-06	9.22E-06	2.33E-04	1.33E-05	1.80E-02	7.62E-06	6.62E-06	7.64E-02	2.57E-02	1.41E-05	1.04E-03	7.89E-06	1.83E-02
T[C>A]C	1.31E-05	1.14E-05	8.82E-06	2.93E-02	2.99E-05	4.92E-02	1.40E-03	1.10E-02	1.04E-05	7.65E-03	1.27E-03	9.98E-06	1.14E-02	8.98E-02	9.33E-06	9.94E-03	9.74E-04	9.02E-06	5.49E-06
T[C>A]G	1.02E-05	9.30E-06	1.00E-05	6.78E-06	1.04E-03	3.30E-02	5.28E-02	3.86E-06	1.35E-03	6.71E-06	1.90E-03	1.06E-05	2.88E-02	8.03E-06	5.96E-06	7.11E-03	8.66E-06	1.36E-03	1.01E-05
T[C>A]T	1.06E-05	9.45E-06	1.06E-05	3.76E-02	7.57E-02	6.01E-06	7.87E-05	8.13E-06	9.00E-06	5.85E-06	1.87E-03	1.02E-02	7.90E-06	5.21E-06	6.00E-06	1.28E-03	3.31E-04	8.18E-04	5.99E-06
T[C>G]A	1.34E-05	7.59E-06	2.93E-06	1.15E-05	8.56E-06	1.13E-05	7.56E-02	1.26E-02	1.35E-03	7.68E-03	1.40E-02	3.53E-02	1.20E-05	4.89E-02	1.04E-05	1.31E-03	1.06E-05	7.44E-06	1.24E-05
T[C>G]C	9.94E-06	1.31E-05	1.08E-05	1.02E-05	2.94E-06	9.41E-06	8.95E-04	2.45E-02	4.90E-02	7.82E-06	1.60E-03	1.23E-05	1.88E-06	9.70E-06	8.70E-06	7.11E-03	8.17E-02	4.10E-02	5.01E-06
T[C>G]G	7.00E-06	2.31E-02	4.86E-06	8.05E-06	1.65E-02	7.18E-06	7.89E-04	2.43E-02	1.35E-03	9.30E-06	9.34E-03	6.32E-06	5.20E-06	2.19E-06	5.78E-06	1.63E-03	1.38E-03	5.88E-06	2.12E-02
T[C>G]T	1.33E-05	1.20E-05	1.19E-05	9.21E-06	5.37E-06	7.99E-06	1.20E-05	6.23E-02	1.20E-05	1.24E-05	1.13E-05	1.24E-05	9.98E-06	6.58E-06	1.31E-05	1.47E-05	1.46E-05	4.00E-05	1.13E-05
T[C>T]A	2.85E-02	1.19E-05	1.06E-05	1.02E-01	8.72E-06	9.41E-06	1.19E-05	1.21E-05	1.25E-05	1.20E-05	5.59E-04	3.98E-02	4.93E-06	1.06E-05	9.94E-06	1.46E-03	1.10E-05	3.63E-06	1.29E-05
T[C>T]C	1.31E-05	1.02E-05	1.15E-05	1.28E-05	7.67E-06	9.01E-06	1.43E-04	3.64E-02	4.92E-06	1.53E-02	1.13E-03	1.17E-01	4.69E-06	1.01E-05	9.05E-06	1.85E-05	9.34E-06	1.03E-05	1.45E-02
T[C>T]G	1.24E-05	1.45E-05	1.12E-05	9.06E-06	1.08E-05	1.23E-05	1.26E-05	1.26E-05	1.30E-05	6.88E-02	1.35E-05	8.61E-06	8.79E-06	4.56E-06	1.26E-05	1.07E-05	6.52E-06	1.23E-05	1.25E-05
T[C>T]T	1.17E-05	3.11E-02	8.78E-06	1.05E-05	7.75E-06	1.03E-05	1.05E-05	1.31E-05	1.22E-05	1.26E-05	1.16E-05	1.16E-05	1.10E-05	1.07E-05	8.17E-02	1.24E-05	4.62E-04	9.50E-06	8.80E-06
T[T>A]A	5.71E-06	9.40E-06	4.67E-06	1.74E-02	1.04E-03	2.44E-06	9.15E-03	8.75E-06	1.35E-03	6.22E-06	2.18E-03	3.38E-06	1.69E-06	1.69E-06	3.11E-06	1.28E-03	1.97E-02	1.83E-05	6.01E-06
T[T>A]C	2.78E-06	3.30E-06	6.50E-06	1.09E-05	1.04E-03	1.43E-02	4.21E-06	8.92E-06	1.35E-03	7.57E-06	9.23E-03	3.30E-02	3.68E-06	1.16E-06	3.97E-06	1.85E-03	1.02E-03	3.72E-04	1.77E-06
T[T>A]G	3.94E-06	6.50E-06	6.34E-06	5.01E-06	1.04E-03	3.18E-06	1.40E-03	1.25E-02	1.35E-03	5.06E-06	2.18E-03	3.21E-06	4.49E-06	1.60E-06	1.53E-06	8.09E-04	2.47E-02	1.36E-03	4.53E-06
T[T>A]T	9.16E-06	5.60E-06	8.82E-06	9.62E-06	1.04E-03	3.51E-06	1.40E-03	2.72E-06	1.35E-03	7.65E-03	1.76E-03	2.64E-06	3.36E-02	1.06E-06	1.72E-06	1.85E-03	4.52E-04	6.48E-02	2.44E-06
T[T>C]A	5.22E-06	3.02E-06	9.00E-06	8.72E-06	1.04E-03	8.20E-06	1.40E-03	7.97E-06	1.35E-03	8.94E-06	2.18E-03	5.23E-06	1.01E-05	2.10E-02	8.08E-06	1.63E-03	1.38E-03	5.48E-05	2.73E-02
T[T>C]C	5.77E-06	1.03E-05	1.12E-05	9.42E-06	1.35E-05	8.84E-06	2.59E-06	8.51E-06	1.35E-03	5.28E-06	4.48E-02	2.86E-06	3.24E-06	5.62E-06	7.37E-06	1.28E-03	1.38E-03	4.20E-02	2.84E-06
T[T>C]G	3.79E-06	6.67E-03	1.01E-05	4.94E-06	1.04E-03	2.54E-06	1.40E-03	3.73E-06	9.89E-02	6.95E-06	2.18E-03	7.68E-06	1.31E-06	7.53E-06	1.76E-06	8.11E-04	1.97E-02	1.19E-03	4.51E-06
T[T>C]T	8.55E-06	1.66E-02	5.20E-06	1.02E-05	3.96E-02	1.98E-06	1.40E-03	2.05E-06	9.76E-04	1.11E-05	1.68E-03	1.98E-02	1.14E-02	5.74E-06	1.11E-02	1.31E-02	1.38E-03	1.36E-03	2.12E-06
T[T>G]A	1.11E-02	3.15E-06	2.11E-06	8.32E-06	1.04E-03	2.20E-06	1.16E-03	2.39E-06	1.35E-03	5.44E-07	2.18E-03	1.24E-06	1.96E-06	1.24E-06	1.86E-06	1.85E-03	1.38E-03	1.36E-03	1.71E-06
T[T>G]C	2.23E-06	3.98E-06	8.53E-03	1.69E-02	1.04E-03	2.30E-06	1.40E-03	1.48E-06	5.88E-04	1.99E-06	2.01E-03	2.42E-06	1.18E-06	1.51E-06	1.32E-06	1.85E-03	1.38E-03	1.25E-02	4.08E-06
T[T>G]G	1.53E-06	3.04E-06	2.12E-06	8.33E-06	1.04E-03	2.20E-06	1.40E-03	1.48E-06	1.35E-03	5.42E-07	2.18E-03	1.27E-06	1.26E-06	9.86E-07	1.36E-06	1.85E-03	1.38E-03	1.36E-03	1.71E-06
T[T>G]T	1.11E-05	4.39E-06	5.59E-06	1.01E-05	1.04E-03	8.18E-06	2.97E-02	9.15E-06	8.30E-06	9.97E-06	2.99E-02	3.98E-06	5.99E-06	4.95E-02	5.73E-06	1.63E-03	8.69E-04	5.15E-06	1.48E-02
