	TCGA-3X-AAV9-01	TCGA-3X-AAVA-01	TCGA-3X-AAVB-01	TCGA-3X-AAVC-01	TCGA-3X-AAVE-01	TCGA-4G-AAZO-01	TCGA-4G-AAZT-01	TCGA-W5-AA2G-01	TCGA-W5-AA2H-01	TCGA-W5-AA2I-01	TCGA-W5-AA2O-01	TCGA-W5-AA2Q-01	TCGA-W5-AA2R-01	TCGA-W5-AA2T-01	TCGA-W5-AA2U-01	TCGA-W5-AA2W-01	TCGA-W5-AA2X-01	TCGA-W5-AA2Z-01	TCGA-W5-AA30-01	TCGA-W5-AA31-01	TCGA-W5-AA33-01	TCGA-W5-AA34-01	TCGA-W5-AA36-01	TCGA-W5-AA38-01	TCGA-W5-AA39-01	TCGA-W6-AA0S-01	TCGA-WD-A7RX-01	TCGA-YR-A95A-01	TCGA-ZD-A8I3-01	TCGA-ZH-A8Y1-01	TCGA-ZH-A8Y2-01	TCGA-ZH-A8Y4-01	TCGA-ZH-A8Y5-01	TCGA-ZH-A8Y6-01	TCGA-ZH-A8Y8-01	TCGA-ZU-A8S4-01
A[C>A]A	0.016666666666666666	0.03571428571428571	0.04878048780487805	0.0136986301369863	0.016666666666666666	0.03389830508474576	0.0	0.0	0.0	0.0	0.0	0.017241379310344827	0.027777777777777776	0.01639344262295082	0.00909090909090909	0.027777777777777776	0.0	0.0	0.0	0.034482758620689655	0.044444444444444446	0.0	0.029850746268656716	0.02040816326530612	0.005770816158285243	0.0	0.0	0.0	0.02040816326530612	0.03225806451612903	0.014925373134328358	0.025	0.02631578947368421	0.0	0.0	0.013513513513513514
A[C>A]C	0.0	0.017857142857142856	0.04878048780487805	0.0136986301369863	0.0	0.0	0.043478260869565216	0.05714285714285714	0.0	0.015625	0.024390243902439025	0.017241379310344827	0.0	0.0	0.00909090909090909	0.0	0.0	0.0	0.0	0.017241379310344827	0.0	0.03571428571428571	0.0	0.0	0.004122011541632316	0.0	0.017543859649122806	0.044444444444444446	0.02040816326530612	0.03225806451612903	0.014925373134328358	0.0125	0.0	0.0	0.0	0.013513513513513514
A[C>A]G	0.0	0.017857142857142856	0.0	0.0	0.0	0.0	0.014492753623188406	0.0	0.0	0.0	0.0	0.0	0.0	0.01639344262295082	0.0	0.0	0.014084507042253521	0.0	0.011627906976744186	0.0	0.0	0.0	0.0	0.0	0.0	0.0	0.017543859649122806	0.022222222222222223	0.0	0.016129032258064516	0.0	0.0	0.0	0.012195121951219513	0.0	0.013513513513513514
A[C>A]T	0.0	0.0	0.0	0.0	0.0	0.0	0.0	0.0	0.0	0.0	0.0	0.017241379310344827	0.0	0.0	0.01818181818181818	0.0	0.0	0.0	0.0	0.017241379310344827	0.0	0.0	0.014925373134328358	0.0	0.00247320692497939	0.0	0.0	0.0	0.02040816326530612	0.0	0.0	0.0	0.0	0.0	0.0	0.0
A[C>G]A	0.0	0.0	0.0	0.0	0.0	0.0	0.0	0.0	0.0	0.0	0.024390243902439025	0.0	0.0	0.0	0.0	0.0	0.0	0.0	0.023255813953488372	0.0	0.0	0.0	0.014925373134328358	0.02040816326530612	0.0032976092333058533	0.019230769230769232	0.0	0.0	0.02040816326530612	0.016129032258064516	0.0	0.0125	0.0	0.0	0.0	0.013513513513513514
A[C>G]C	0.0	0.0	0.0	0.0	0.016666666666666666	0.01694915254237288	0.0	0.0	0.0	0.0	0.0	0.0	0.0	0.0	0.00909090909090909	0.0	0.014084507042253521	0.0	0.0	0.034482758620689655	0.022222222222222223	0.017857142857142856	0.0	0.0	0.00494641384995878	0.019230769230769232	0.0	0.0	0.0	0.0	0.029850746268656716	0.0	0.02631578947368421	0.0	0.0	0.0
A[C>G]G	0.0	0.0	0.0	0.0	0.0	0.0	0.0	0.0	0.0	0.0	0.0	0.0	0.0	0.0	0.0	0.0	0.0	0.0	0.0	0.017241379310344827	0.0	0.0	0.0	0.0	0.0008244023083264633	0.0	0.0	0.0	0.0	0.0	0.0	0.0	0.0	0.0	0.0	0.0
A[C>G]T	0.03333333333333333	0.0	0.0	0.0	0.0	0.0	0.014492753623188406	0.0	0.0	0.0	0.0	0.0	0.0	0.0	0.00909090909090909	0.0	0.0	0.0	0.023255813953488372	0.0	0.0	0.0	0.014925373134328358	0.02040816326530612	0.00741962077493817	0.0	0.0	0.0	0.0	0.0	0.014925373134328358	0.0	0.0	0.0	0.023809523809523808	0.013513513513513514
A[C>T]A	0.0	0.03571428571428571	0.0	0.0136986301369863	0.016666666666666666	0.01694915254237288	0.028985507246376812	0.014285714285714285	0.0	0.015625	0.07317073170731707	0.017241379310344827	0.027777777777777776	0.03278688524590164	0.02727272727272727	0.027777777777777776	0.04225352112676056	0.0	0.023255813953488372	0.0	0.0	0.03571428571428571	0.04477611940298507	0.0	0.010717230008244023	0.019230769230769232	0.017543859649122806	0.0	0.0	0.016129032258064516	0.014925373134328358	0.025	0.02631578947368421	0.0	0.023809523809523808	0.013513513513513514
A[C>T]C	0.016666666666666666	0.0	0.0	0.0410958904109589	0.0	0.01694915254237288	0.014492753623188406	0.0	0.0	0.03125	0.024390243902439025	0.05172413793103448	0.0	0.01639344262295082	0.00909090909090909	0.027777777777777776	0.014084507042253521	0.05128205128205128	0.011627906976744186	0.017241379310344827	0.022222222222222223	0.0	0.029850746268656716	0.02040816326530612	0.00741962077493817	0.0	0.0	0.022222222222222223	0.0	0.016129032258064516	0.029850746268656716	0.0125	0.0	0.0	0.0	0.013513513513513514
A[C>T]G	0.06666666666666667	0.03571428571428571	0.07317073170731707	0.1095890410958904	0.03333333333333333	0.03389830508474576	0.07246376811594203	0.02857142857142857	0.0	0.0625	0.024390243902439025	0.034482758620689655	0.0	0.08196721311475409	0.02727272727272727	0.05555555555555555	0.04225352112676056	0.05128205128205128	0.046511627906976744	0.0	0.08888888888888889	0.05357142857142857	0.05970149253731343	0.061224489795918366	0.00741962077493817	0.057692307692307696	0.03508771929824561	0.06666666666666667	0.061224489795918366	0.03225806451612903	0.014925373134328358	0.075	0.07894736842105263	0.012195121951219513	0.07142857142857142	0.02702702702702703
A[C>T]T	0.0	0.017857142857142856	0.024390243902439025	0.0136986301369863	0.0	0.0	0.0	0.014285714285714285	0.0	0.0	0.0	0.017241379310344827	0.0	0.0	0.02727272727272727	0.08333333333333333	0.0	0.02564102564102564	0.0	0.017241379310344827	0.0	0.017857142857142856	0.0	0.0	0.016488046166529265	0.0	0.0	0.0	0.0	0.04838709677419355	0.014925373134328358	0.0	0.0	0.0	0.023809523809523808	0.013513513513513514
A[T>A]A	0.0	0.0	0.0	0.0136986301369863	0.03333333333333333	0.01694915254237288	0.0	0.0	0.0	0.0	0.0	0.0	0.0	0.0	0.0	0.0	0.0	0.0	0.0	0.017241379310344827	0.0	0.0	0.014925373134328358	0.0	0.0008244023083264633	0.0	0.0	0.0	0.0	0.0	0.0	0.0	0.0	0.0	0.047619047619047616	0.0
A[T>A]C	0.0	0.0	0.0	0.0	0.016666666666666666	0.01694915254237288	0.0	0.014285714285714285	0.0	0.015625	0.0	0.034482758620689655	0.0	0.0	0.0	0.0	0.028169014084507043	0.0	0.011627906976744186	0.0	0.0	0.0	0.0	0.02040816326530612	0.00247320692497939	0.0	0.017543859649122806	0.022222222222222223	0.0	0.0	0.0	0.0	0.0	0.0	0.0	0.0
A[T>A]G	0.0	0.017857142857142856	0.024390243902439025	0.0	0.0	0.03389830508474576	0.014492753623188406	0.0	0.0	0.0	0.0	0.0	0.0	0.0	0.02727272727272727	0.0	0.0	0.0	0.011627906976744186	0.017241379310344827	0.022222222222222223	0.0	0.0	0.0	0.0032976092333058533	0.0	0.017543859649122806	0.0	0.02040816326530612	0.0	0.014925373134328358	0.0	0.0	0.0	0.0	0.0
A[T>A]T	0.0	0.0	0.0	0.0	0.0	0.0	0.0	0.0	0.0	0.0	0.0	0.017241379310344827	0.0	0.0	0.0	0.0	0.0	0.0	0.023255813953488372	0.017241379310344827	0.0	0.0	0.014925373134328358	0.0	0.00247320692497939	0.0	0.0	0.0	0.0	0.0	0.014925373134328358	0.0125	0.0	0.0	0.0	0.0
A[T>C]A	0.016666666666666666	0.017857142857142856	0.0	0.0273972602739726	0.08333333333333333	0.01694915254237288	0.043478260869565216	0.0	0.14285714285714285	0.03125	0.0	0.0	0.027777777777777776	0.0	0.00909090909090909	0.027777777777777776	0.014084507042253521	0.0	0.011627906976744186	0.017241379310344827	0.0	0.0	0.0	0.0	0.014014839241549877	0.019230769230769232	0.017543859649122806	0.0	0.0	0.016129032258064516	0.014925373134328358	0.0125	0.02631578947368421	0.012195121951219513	0.023809523809523808	0.013513513513513514
A[T>C]C	0.03333333333333333	0.017857142857142856	0.0	0.0273972602739726	0.0	0.0	0.014492753623188406	0.0	0.0	0.03125	0.0	0.0	0.0	0.0	0.00909090909090909	0.0	0.014084507042253521	0.0	0.011627906976744186	0.017241379310344827	0.022222222222222223	0.0	0.014925373134328358	0.02040816326530612	0.006595218466611707	0.0	0.0	0.0	0.0	0.03225806451612903	0.014925373134328358	0.0	0.0	0.0	0.0	0.0
A[T>C]G	0.016666666666666666	0.05357142857142857	0.024390243902439025	0.0273972602739726	0.016666666666666666	0.05084745762711865	0.0	0.014285714285714285	0.0	0.0	0.0	0.017241379310344827	0.0	0.0	0.01818181818181818	0.027777777777777776	0.04225352112676056	0.02564102564102564	0.023255813953488372	0.034482758620689655	0.0	0.0	0.0	0.0	0.014014839241549877	0.0	0.017543859649122806	0.022222222222222223	0.02040816326530612	0.03225806451612903	0.029850746268656716	0.0	0.0	0.0	0.0	0.013513513513513514
A[T>C]T	0.0	0.017857142857142856	0.0	0.0136986301369863	0.08333333333333333	0.0	0.028985507246376812	0.014285714285714285	0.0	0.0	0.024390243902439025	0.0	0.027777777777777776	0.01639344262295082	0.00909090909090909	0.027777777777777776	0.014084507042253521	0.0	0.011627906976744186	0.0	0.044444444444444446	0.05357142857142857	0.014925373134328358	0.0	0.005770816158285243	0.019230769230769232	0.05263157894736842	0.0	0.0	0.016129032258064516	0.0	0.0375	0.02631578947368421	0.0	0.023809523809523808	0.02702702702702703
A[T>G]A	0.0	0.0	0.0	0.0	0.0	0.0	0.0	0.014285714285714285	0.0	0.0	0.0	0.0	0.0	0.0	0.0	0.0	0.0	0.0	0.011627906976744186	0.017241379310344827	0.0	0.0	0.0	0.0	0.009068425391591096	0.0	0.0	0.0	0.0	0.016129032258064516	0.0	0.0	0.0	0.012195121951219513	0.0	0.013513513513513514
A[T>G]C	0.0	0.0	0.0	0.0	0.0	0.0	0.0	0.0	0.0	0.0	0.0	0.0	0.0	0.0	0.0	0.0	0.0	0.0	0.0	0.0	0.0	0.0	0.0	0.0	0.009068425391591096	0.0	0.0	0.0	0.02040816326530612	0.0	0.0	0.0	0.0	0.0	0.023809523809523808	0.0
A[T>G]G	0.0	0.0	0.024390243902439025	0.0	0.0	0.0	0.0	0.0	0.0	0.0	0.0	0.0	0.027777777777777776	0.01639344262295082	0.01818181818181818	0.0	0.0	0.0	0.0	0.017241379310344827	0.022222222222222223	0.0	0.0	0.0	0.006595218466611707	0.0	0.0	0.0	0.0	0.0	0.0	0.0	0.0	0.0	0.0	0.0
A[T>G]T	0.0	0.0	0.0	0.0	0.0	0.0	0.014492753623188406	0.014285714285714285	0.0	0.015625	0.0	0.0	0.0	0.01639344262295082	0.00909090909090909	0.0	0.0	0.0	0.0	0.0	0.0	0.0	0.014925373134328358	0.0	0.01978565539983512	0.0	0.0	0.0	0.0	0.016129032258064516	0.0	0.0	0.02631578947368421	0.0	0.047619047619047616	0.013513513513513514
C[C>A]A	0.0	0.0	0.024390243902439025	0.0136986301369863	0.0	0.03389830508474576	0.0	0.0	0.0	0.0	0.024390243902439025	0.017241379310344827	0.027777777777777776	0.0	0.02727272727272727	0.0	0.028169014084507043	0.0	0.0	0.017241379310344827	0.0	0.05357142857142857	0.029850746268656716	0.02040816326530612	0.013190436933223413	0.019230769230769232	0.0	0.022222222222222223	0.04081632653061224	0.0	0.0	0.0	0.0	0.0	0.0	0.013513513513513514
C[C>A]C	0.0	0.017857142857142856	0.04878048780487805	0.0	0.0	0.03389830508474576	0.0	0.0	0.0	0.0	0.0	0.017241379310344827	0.0	0.0	0.00909090909090909	0.0	0.04225352112676056	0.02564102564102564	0.011627906976744186	0.034482758620689655	0.0	0.0	0.0	0.04081632653061224	0.006595218466611707	0.019230769230769232	0.03508771929824561	0.0	0.0	0.016129032258064516	0.029850746268656716	0.025	0.0	0.012195121951219513	0.0	0.013513513513513514
C[C>A]G	0.016666666666666666	0.0	0.0	0.0	0.0	0.0	0.0	0.0	0.0	0.015625	0.0	0.0	0.0	0.0	0.02727272727272727	0.0	0.0	0.02564102564102564	0.0	0.05172413793103448	0.0	0.0	0.0	0.0	0.004122011541632316	0.019230769230769232	0.0	0.0	0.02040816326530612	0.0	0.0	0.0	0.0	0.024390243902439025	0.0	0.0
C[C>A]T	0.0	0.017857142857142856	0.0	0.0136986301369863	0.016666666666666666	0.01694915254237288	0.0	0.014285714285714285	0.0	0.0	0.024390243902439025	0.0	0.027777777777777776	0.0	0.0	0.0	0.0	0.0	0.011627906976744186	0.0	0.0	0.0	0.014925373134328358	0.04081632653061224	0.00741962077493817	0.057692307692307696	0.0	0.022222222222222223	0.0	0.03225806451612903	0.0	0.0375	0.0	0.0	0.0	0.0
C[C>G]A	0.0	0.017857142857142856	0.024390243902439025	0.0136986301369863	0.0	0.0	0.0	0.0	0.0	0.0	0.0	0.0	0.0	0.01639344262295082	0.0	0.0	0.0	0.0	0.023255813953488372	0.0	0.0	0.03571428571428571	0.0	0.0	0.008244023083264633	0.0	0.0	0.0	0.02040816326530612	0.0	0.0	0.0	0.0	0.024390243902439025	0.0	0.0
C[C>G]C	0.0	0.0	0.0	0.0	0.0	0.0	0.014492753623188406	0.014285714285714285	0.0	0.015625	0.0	0.017241379310344827	0.027777777777777776	0.01639344262295082	0.00909090909090909	0.0	0.014084507042253521	0.0	0.0	0.0	0.0	0.03571428571428571	0.0	0.0	0.005770816158285243	0.0	0.0	0.0	0.02040816326530612	0.016129032258064516	0.0	0.0	0.0	0.0	0.0	0.0
C[C>G]G	0.0	0.0	0.0	0.0	0.0	0.0	0.0	0.0	0.0	0.0	0.0	0.017241379310344827	0.0	0.0	0.0	0.0	0.014084507042253521	0.0	0.011627906976744186	0.0	0.0	0.0	0.0	0.02040816326530612	0.00494641384995878	0.0	0.0	0.0	0.0	0.0	0.0	0.0	0.0	0.0	0.0	0.0
C[C>G]T	0.0	0.017857142857142856	0.024390243902439025	0.0273972602739726	0.016666666666666666	0.0	0.028985507246376812	0.0	0.0	0.03125	0.0	0.0	0.027777777777777776	0.01639344262295082	0.00909090909090909	0.0	0.0	0.0	0.011627906976744186	0.0	0.0	0.0	0.014925373134328358	0.0	0.00494641384995878	0.0	0.0	0.022222222222222223	0.0	0.016129032258064516	0.0	0.0125	0.0	0.0	0.0	0.02702702702702703
C[C>T]A	0.05	0.03571428571428571	0.0	0.0	0.0	0.03389830508474576	0.014492753623188406	0.02857142857142857	0.0	0.0	0.07317073170731707	0.034482758620689655	0.027777777777777776	0.01639344262295082	0.00909090909090909	0.0	0.014084507042253521	0.0	0.011627906976744186	0.034482758620689655	0.044444444444444446	0.03571428571428571	0.029850746268656716	0.04081632653061224	0.016488046166529265	0.057692307692307696	0.017543859649122806	0.0	0.02040816326530612	0.0	0.029850746268656716	0.0125	0.02631578947368421	0.012195121951219513	0.0	0.0
C[C>T]C	0.0	0.0	0.0	0.0273972602739726	0.016666666666666666	0.01694915254237288	0.0	0.02857142857142857	0.0	0.0	0.0	0.017241379310344827	0.027777777777777776	0.01639344262295082	0.00909090909090909	0.0	0.014084507042253521	0.0	0.03488372093023256	0.034482758620689655	0.0	0.017857142857142856	0.014925373134328358	0.02040816326530612	0.013190436933223413	0.038461538461538464	0.03508771929824561	0.0	0.0	0.0	0.04477611940298507	0.0125	0.02631578947368421	0.012195121951219513	0.07142857142857142	0.013513513513513514
C[C>T]G	0.05	0.03571428571428571	0.04878048780487805	0.0684931506849315	0.11666666666666667	0.03389830508474576	0.043478260869565216	0.11428571428571428	0.0	0.0625	0.04878048780487805	0.034482758620689655	0.027777777777777776	0.08196721311475409	0.06363636363636363	0.027777777777777776	0.028169014084507043	0.1282051282051282	0.03488372093023256	0.034482758620689655	0.0	0.05357142857142857	0.014925373134328358	0.04081632653061224	0.008244023083264633	0.038461538461538464	0.017543859649122806	0.08888888888888889	0.061224489795918366	0.04838709677419355	0.029850746268656716	0.0625	0.10526315789473684	0.036585365853658534	0.0	0.04054054054054054
C[C>T]T	0.016666666666666666	0.017857142857142856	0.0	0.0	0.016666666666666666	0.01694915254237288	0.028985507246376812	0.014285714285714285	0.0	0.046875	0.024390243902439025	0.0	0.027777777777777776	0.03278688524590164	0.0	0.08333333333333333	0.028169014084507043	0.02564102564102564	0.03488372093023256	0.0	0.022222222222222223	0.05357142857142857	0.014925373134328358	0.0	0.01483924154987634	0.038461538461538464	0.03508771929824561	0.022222222222222223	0.0	0.016129032258064516	0.014925373134328358	0.0125	0.02631578947368421	0.024390243902439025	0.0	0.04054054054054054
C[T>A]A	0.0	0.017857142857142856	0.0	0.0	0.0	0.0	0.0	0.014285714285714285	0.0	0.0	0.0	0.0	0.0	0.01639344262295082	0.0	0.0	0.0	0.0	0.0	0.0	0.0	0.0	0.0	0.0	0.00494641384995878	0.0	0.03508771929824561	0.0	0.0	0.0	0.0	0.0	0.0	0.0	0.0	0.0
C[T>A]C	0.016666666666666666	0.017857142857142856	0.0	0.0	0.0	0.0	0.0	0.0	0.0	0.015625	0.0	0.0	0.0	0.0	0.00909090909090909	0.0	0.0	0.0	0.0	0.0	0.022222222222222223	0.0	0.0	0.02040816326530612	0.014014839241549877	0.0	0.017543859649122806	0.022222222222222223	0.0	0.0	0.0	0.0	0.0	0.0	0.0	0.013513513513513514
C[T>A]G	0.016666666666666666	0.0	0.0	0.0	0.0	0.01694915254237288	0.0	0.014285714285714285	0.0	0.0	0.024390243902439025	0.017241379310344827	0.0	0.0	0.00909090909090909	0.0	0.014084507042253521	0.0	0.023255813953488372	0.0	0.0	0.03571428571428571	0.0	0.0	0.0247320692497939	0.0	0.017543859649122806	0.0	0.0	0.0	0.0	0.0	0.02631578947368421	0.012195121951219513	0.0	0.0
C[T>A]T	0.0	0.0	0.0	0.0136986301369863	0.0	0.01694915254237288	0.0	0.0	0.0	0.0	0.0	0.0	0.0	0.0	0.0	0.0	0.0	0.0	0.0	0.0	0.0	0.017857142857142856	0.0	0.0	0.008244023083264633	0.0	0.0	0.0	0.0	0.016129032258064516	0.0	0.0	0.0	0.0	0.0	0.0
C[T>C]A	0.016666666666666666	0.017857142857142856	0.0	0.0	0.0	0.01694915254237288	0.028985507246376812	0.0	0.0	0.0	0.0	0.017241379310344827	0.0	0.0	0.00909090909090909	0.0	0.0	0.02564102564102564	0.011627906976744186	0.0	0.0	0.0	0.0	0.0	0.0247320692497939	0.019230769230769232	0.0	0.0	0.0	0.016129032258064516	0.014925373134328358	0.0	0.0	0.0	0.0	0.0
C[T>C]C	0.016666666666666666	0.0	0.0	0.0	0.016666666666666666	0.01694915254237288	0.014492753623188406	0.014285714285714285	0.0	0.0	0.0	0.034482758620689655	0.027777777777777776	0.0	0.00909090909090909	0.0	0.0	0.0	0.011627906976744186	0.0	0.0	0.0	0.0	0.0	0.02225886232481451	0.0	0.0	0.0	0.02040816326530612	0.016129032258064516	0.029850746268656716	0.025	0.02631578947368421	0.0	0.0	0.0
C[T>C]G	0.0	0.0	0.0	0.0136986301369863	0.016666666666666666	0.01694915254237288	0.014492753623188406	0.0	0.14285714285714285	0.03125	0.04878048780487805	0.017241379310344827	0.0	0.0	0.01818181818181818	0.0	0.04225352112676056	0.0	0.03488372093023256	0.017241379310344827	0.0	0.0	0.0	0.02040816326530612	0.041220115416323165	0.0	0.0	0.0	0.0	0.04838709677419355	0.029850746268656716	0.0125	0.05263157894736842	0.0	0.0	0.013513513513513514
C[T>C]T	0.0	0.017857142857142856	0.0	0.0410958904109589	0.016666666666666666	0.01694915254237288	0.014492753623188406	0.02857142857142857	0.0	0.0	0.04878048780487805	0.0	0.027777777777777776	0.03278688524590164	0.0	0.0	0.0	0.02564102564102564	0.011627906976744186	0.0	0.022222222222222223	0.017857142857142856	0.0	0.04081632653061224	0.01236603462489695	0.0	0.03508771929824561	0.022222222222222223	0.02040816326530612	0.016129032258064516	0.014925373134328358	0.0	0.0	0.0	0.023809523809523808	0.013513513513513514
C[T>G]A	0.0	0.017857142857142856	0.0	0.0	0.0	0.0	0.0	0.0	0.0	0.015625	0.024390243902439025	0.0	0.0	0.0	0.0	0.0	0.014084507042253521	0.0	0.0	0.0	0.0	0.0	0.0	0.0	0.01483924154987634	0.0	0.0	0.0	0.0	0.0	0.0	0.0	0.0	0.0	0.0	0.0
C[T>G]C	0.0	0.0	0.0	0.0	0.0	0.0	0.014492753623188406	0.02857142857142857	0.0	0.0	0.0	0.0	0.0	0.0	0.00909090909090909	0.027777777777777776	0.0	0.0	0.011627906976744186	0.0	0.022222222222222223	0.0	0.0	0.0	0.01483924154987634	0.0	0.0	0.0	0.0	0.0	0.014925373134328358	0.0125	0.0	0.0	0.023809523809523808	0.02702702702702703
C[T>G]G	0.0	0.0	0.0	0.0	0.0	0.0	0.0	0.0	0.0	0.015625	0.0	0.0	0.0	0.01639344262295082	0.00909090909090909	0.027777777777777776	0.014084507042253521	0.0	0.0	0.0	0.0	0.0	0.0	0.02040816326530612	0.01483924154987634	0.0	0.017543859649122806	0.0	0.0	0.0	0.0	0.0	0.0	0.0	0.0	0.0
C[T>G]T	0.0	0.0	0.024390243902439025	0.0	0.0	0.0	0.0	0.014285714285714285	0.0	0.0	0.024390243902439025	0.017241379310344827	0.0	0.0	0.00909090909090909	0.027777777777777776	0.0	0.0	0.023255813953488372	0.0	0.0	0.0	0.014925373134328358	0.0	0.08738664468260511	0.0	0.0	0.0	0.0	0.0	0.0	0.025	0.02631578947368421	0.012195121951219513	0.0	0.013513513513513514
G[C>A]A	0.0	0.017857142857142856	0.0	0.0136986301369863	0.0	0.03389830508474576	0.0	0.0	0.0	0.0	0.0	0.0	0.0	0.0	0.01818181818181818	0.0	0.014084507042253521	0.02564102564102564	0.0	0.0	0.08888888888888889	0.03571428571428571	0.04477611940298507	0.04081632653061224	0.00494641384995878	0.057692307692307696	0.0	0.022222222222222223	0.0	0.016129032258064516	0.0	0.0375	0.02631578947368421	0.0	0.0	0.013513513513513514
G[C>A]C	0.0	0.03571428571428571	0.0	0.0	0.0	0.0	0.014492753623188406	0.02857142857142857	0.0	0.0	0.0	0.017241379310344827	0.0	0.0	0.00909090909090909	0.027777777777777776	0.0	0.05128205128205128	0.0	0.0	0.044444444444444446	0.0	0.0	0.0	0.004122011541632316	0.0	0.0	0.0	0.0	0.0	0.014925373134328358	0.0	0.0	0.012195121951219513	0.023809523809523808	0.0
G[C>A]G	0.0	0.0	0.0	0.0	0.016666666666666666	0.0	0.0	0.0	0.0	0.0	0.0	0.017241379310344827	0.0	0.0	0.0	0.0	0.0	0.0	0.0	0.0	0.0	0.017857142857142856	0.014925373134328358	0.0	0.00247320692497939	0.0	0.0	0.0	0.0	0.0	0.029850746268656716	0.0	0.05263157894736842	0.012195121951219513	0.0	0.0
G[C>A]T	0.016666666666666666	0.03571428571428571	0.024390243902439025	0.0	0.016666666666666666	0.03389830508474576	0.014492753623188406	0.0	0.0	0.0	0.024390243902439025	0.034482758620689655	0.0	0.01639344262295082	0.00909090909090909	0.0	0.0	0.0	0.0	0.017241379310344827	0.0	0.0	0.014925373134328358	0.0	0.004122011541632316	0.0	0.017543859649122806	0.0	0.0	0.0	0.0	0.0	0.0	0.0	0.0	0.013513513513513514
G[C>G]A	0.0	0.0	0.0	0.0	0.0	0.0	0.0	0.0	0.0	0.0	0.0	0.0	0.0	0.0	0.0	0.027777777777777776	0.0	0.02564102564102564	0.011627906976744186	0.0	0.0	0.0	0.0	0.0	0.0016488046166529267	0.019230769230769232	0.017543859649122806	0.0	0.0	0.0	0.0	0.0	0.02631578947368421	0.0	0.0	0.02702702702702703
G[C>G]C	0.0	0.0	0.0	0.0	0.0	0.01694915254237288	0.0	0.02857142857142857	0.0	0.0	0.0	0.0	0.027777777777777776	0.0	0.01818181818181818	0.0	0.014084507042253521	0.0	0.011627906976744186	0.0	0.0	0.0	0.0	0.0	0.004122011541632316	0.0	0.0	0.0	0.02040816326530612	0.03225806451612903	0.0	0.0	0.0	0.0	0.0	0.0
G[C>G]G	0.016666666666666666	0.0	0.0	0.0	0.0	0.0	0.0	0.0	0.0	0.0	0.0	0.0	0.027777777777777776	0.01639344262295082	0.0	0.027777777777777776	0.0	0.0	0.0	0.0	0.0	0.017857142857142856	0.0	0.02040816326530612	0.0016488046166529267	0.0	0.0	0.0	0.02040816326530612	0.0	0.0	0.0	0.0	0.0	0.0	0.0
G[C>G]T	0.0	0.0	0.0	0.0	0.0	0.0	0.0	0.0	0.0	0.0	0.0	0.017241379310344827	0.027777777777777776	0.01639344262295082	0.01818181818181818	0.0	0.014084507042253521	0.05128205128205128	0.011627906976744186	0.0	0.022222222222222223	0.017857142857142856	0.014925373134328358	0.0	0.00247320692497939	0.0	0.0	0.0	0.0	0.0	0.0	0.0125	0.0	0.0	0.0	0.013513513513513514
G[C>T]A	0.0	0.05357142857142857	0.024390243902439025	0.0547945205479452	0.03333333333333333	0.0847457627118644	0.014492753623188406	0.0	0.14285714285714285	0.0	0.0	0.05172413793103448	0.08333333333333333	0.01639344262295082	0.00909090909090909	0.0	0.014084507042253521	0.02564102564102564	0.05813953488372093	0.017241379310344827	0.0	0.0	0.014925373134328358	0.0	0.010717230008244023	0.0	0.03508771929824561	0.022222222222222223	0.02040816326530612	0.0	0.014925373134328358	0.0125	0.0	0.012195121951219513	0.047619047619047616	0.02702702702702703
G[C>T]C	0.016666666666666666	0.0	0.07317073170731707	0.0410958904109589	0.03333333333333333	0.0	0.057971014492753624	0.02857142857142857	0.42857142857142855	0.0	0.04878048780487805	0.017241379310344827	0.05555555555555555	0.04918032786885246	0.03636363636363636	0.0	0.08450704225352113	0.05128205128205128	0.03488372093023256	0.06896551724137931	0.08888888888888889	0.0	0.04477611940298507	0.0	0.01236603462489695	0.019230769230769232	0.03508771929824561	0.06666666666666667	0.0	0.016129032258064516	0.04477611940298507	0.0125	0.02631578947368421	0.0	0.047619047619047616	0.06756756756756757
G[C>T]G	0.05	0.0	0.0975609756097561	0.0273972602739726	0.08333333333333333	0.0	0.057971014492753624	0.02857142857142857	0.0	0.140625	0.04878048780487805	0.05172413793103448	0.08333333333333333	0.09836065573770492	0.06363636363636363	0.05555555555555555	0.07042253521126761	0.02564102564102564	0.023255813953488372	0.05172413793103448	0.044444444444444446	0.10714285714285714	0.07462686567164178	0.0	0.00989282769991756	0.07692307692307693	0.03508771929824561	0.08888888888888889	0.12244897959183673	0.03225806451612903	0.04477611940298507	0.1	0.05263157894736842	0.036585365853658534	0.09523809523809523	0.05405405405405406
G[C>T]T	0.0	0.03571428571428571	0.0	0.0684931506849315	0.016666666666666666	0.01694915254237288	0.014492753623188406	0.014285714285714285	0.0	0.0	0.0	0.034482758620689655	0.0	0.0	0.0	0.027777777777777776	0.0	0.0	0.0	0.034482758620689655	0.044444444444444446	0.017857142857142856	0.014925373134328358	0.04081632653061224	0.00494641384995878	0.0	0.017543859649122806	0.044444444444444446	0.0	0.016129032258064516	0.029850746268656716	0.0125	0.0	0.012195121951219513	0.023809523809523808	0.05405405405405406
G[T>A]A	0.0	0.0	0.0	0.0	0.0	0.0	0.0	0.0	0.0	0.0	0.0	0.034482758620689655	0.0	0.01639344262295082	0.00909090909090909	0.0	0.0	0.0	0.0	0.0	0.0	0.0	0.0	0.0	0.00247320692497939	0.0	0.0	0.0	0.0	0.0	0.0	0.0	0.0	0.0	0.0	0.0
G[T>A]C	0.0	0.017857142857142856	0.0	0.0	0.0	0.0	0.0	0.0	0.0	0.015625	0.0	0.0	0.0	0.0	0.0	0.0	0.014084507042253521	0.0	0.0	0.0	0.0	0.0	0.0	0.0	0.00494641384995878	0.0	0.0	0.0	0.0	0.0	0.0	0.0	0.0	0.0	0.023809523809523808	0.0
G[T>A]G	0.0	0.017857142857142856	0.0	0.0	0.0	0.0	0.014492753623188406	0.0	0.0	0.015625	0.04878048780487805	0.0	0.0	0.0	0.00909090909090909	0.0	0.0	0.05128205128205128	0.0	0.0	0.0	0.0	0.014925373134328358	0.0	0.006595218466611707	0.019230769230769232	0.017543859649122806	0.0	0.02040816326530612	0.0	0.0	0.0	0.0	0.0	0.0	0.013513513513513514
G[T>A]T	0.0	0.017857142857142856	0.0	0.0	0.0	0.0	0.0	0.0	0.0	0.015625	0.0	0.0	0.027777777777777776	0.0	0.0	0.0	0.014084507042253521	0.0	0.0	0.0	0.0	0.017857142857142856	0.0	0.0	0.0016488046166529267	0.0	0.0	0.0	0.02040816326530612	0.0	0.0	0.0	0.0	0.0	0.0	0.0
G[T>C]A	0.0	0.017857142857142856	0.0	0.0136986301369863	0.0	0.01694915254237288	0.028985507246376812	0.0	0.0	0.0	0.0	0.0	0.0	0.01639344262295082	0.00909090909090909	0.0	0.0	0.0	0.023255813953488372	0.0	0.0	0.017857142857142856	0.014925373134328358	0.0	0.00989282769991756	0.0	0.017543859649122806	0.022222222222222223	0.0	0.016129032258064516	0.0	0.0	0.02631578947368421	0.012195121951219513	0.023809523809523808	0.0
G[T>C]C	0.0	0.0	0.0	0.0136986301369863	0.016666666666666666	0.01694915254237288	0.0	0.0	0.0	0.0	0.0	0.017241379310344827	0.0	0.0	0.0	0.0	0.0	0.0	0.0	0.0	0.0	0.0	0.0	0.0	0.009068425391591096	0.0	0.0	0.022222222222222223	0.02040816326530612	0.0	0.0	0.0	0.02631578947368421	0.012195121951219513	0.023809523809523808	0.013513513513513514
G[T>C]G	0.016666666666666666	0.017857142857142856	0.0	0.0	0.03333333333333333	0.0	0.0	0.014285714285714285	0.0	0.0	0.0	0.0	0.0	0.0	0.0	0.027777777777777776	0.014084507042253521	0.0	0.0	0.0	0.0	0.0	0.014925373134328358	0.0	0.008244023083264633	0.019230769230769232	0.0	0.0	0.0	0.016129032258064516	0.04477611940298507	0.0	0.0	0.0	0.0	0.02702702702702703
G[T>C]T	0.0	0.0	0.0	0.0273972602739726	0.0	0.01694915254237288	0.0	0.0	0.0	0.03125	0.024390243902439025	0.017241379310344827	0.05555555555555555	0.03278688524590164	0.01818181818181818	0.0	0.0	0.02564102564102564	0.03488372093023256	0.0	0.022222222222222223	0.0	0.0	0.0	0.005770816158285243	0.0	0.017543859649122806	0.0	0.02040816326530612	0.0	0.0	0.0	0.02631578947368421	0.0	0.0	0.0
G[T>G]A	0.0	0.0	0.0	0.0	0.0	0.0	0.0	0.0	0.0	0.015625	0.0	0.0	0.027777777777777776	0.0	0.0	0.0	0.0	0.0	0.0	0.0	0.0	0.0	0.0	0.02040816326530612	0.0016488046166529267	0.0	0.0	0.0	0.0	0.0	0.014925373134328358	0.0	0.0	0.0	0.0	0.0
G[T>G]C	0.0	0.0	0.0	0.0	0.0	0.0	0.0	0.0	0.0	0.0	0.0	0.0	0.0	0.0	0.0	0.0	0.0	0.0	0.0	0.0	0.022222222222222223	0.0	0.0	0.0	0.0032976092333058533	0.0	0.0	0.0	0.0	0.0	0.0	0.0	0.0	0.0	0.0	0.02702702702702703
G[T>G]G	0.0	0.0	0.0	0.0	0.0	0.0	0.014492753623188406	0.0	0.0	0.0	0.0	0.017241379310344827	0.0	0.0	0.0	0.0	0.0	0.0	0.011627906976744186	0.0	0.0	0.0	0.0	0.0	0.0008244023083264633	0.019230769230769232	0.0	0.0	0.0	0.0	0.0	0.0	0.0	0.012195121951219513	0.023809523809523808	0.0
G[T>G]T	0.0	0.0	0.0	0.0	0.0	0.0	0.028985507246376812	0.0	0.0	0.015625	0.0	0.0	0.0	0.0	0.0	0.0	0.014084507042253521	0.0	0.0	0.0	0.0	0.0	0.0	0.02040816326530612	0.011541632316570486	0.0	0.0	0.0	0.02040816326530612	0.0	0.0	0.0	0.0	0.0	0.0	0.0
T[C>A]A	0.0	0.03571428571428571	0.04878048780487805	0.0	0.016666666666666666	0.01694915254237288	0.028985507246376812	0.02857142857142857	0.0	0.0	0.024390243902439025	0.017241379310344827	0.0	0.01639344262295082	0.00909090909090909	0.0	0.0	0.02564102564102564	0.0	0.0	0.0	0.0	0.07462686567164178	0.04081632653061224	0.009068425391591096	0.019230769230769232	0.017543859649122806	0.022222222222222223	0.0	0.0	0.014925373134328358	0.025	0.0	0.012195121951219513	0.023809523809523808	0.0
T[C>A]C	0.0	0.0	0.0	0.0136986301369863	0.016666666666666666	0.0	0.0	0.014285714285714285	0.0	0.015625	0.0	0.0	0.027777777777777776	0.0	0.02727272727272727	0.0	0.04225352112676056	0.02564102564102564	0.011627906976744186	0.017241379310344827	0.0	0.0	0.0	0.02040816326530612	0.013190436933223413	0.0	0.017543859649122806	0.0	0.0	0.0	0.0	0.0125	0.0	0.024390243902439025	0.0	0.0
T[C>A]G	0.0	0.03571428571428571	0.0	0.0	0.0	0.01694915254237288	0.0	0.014285714285714285	0.0	0.0	0.024390243902439025	0.0	0.0	0.0	0.00909090909090909	0.0	0.0	0.02564102564102564	0.0	0.0	0.0	0.0	0.014925373134328358	0.0	0.0	0.0	0.0	0.0	0.02040816326530612	0.016129032258064516	0.014925373134328358	0.0	0.0	0.012195121951219513	0.0	0.0
T[C>A]T	0.0	0.0	0.0	0.0	0.0	0.0	0.014492753623188406	0.04285714285714286	0.0	0.03125	0.024390243902439025	0.0	0.05555555555555555	0.0	0.02727272727272727	0.0	0.014084507042253521	0.02564102564102564	0.011627906976744186	0.017241379310344827	0.022222222222222223	0.0	0.05970149253731343	0.02040816326530612	0.006595218466611707	0.0	0.017543859649122806	0.044444444444444446	0.0	0.0	0.0	0.0125	0.02631578947368421	0.012195121951219513	0.0	0.0
T[C>G]A	0.03333333333333333	0.0	0.024390243902439025	0.0136986301369863	0.016666666666666666	0.0	0.014492753623188406	0.0	0.0	0.0	0.0	0.0	0.0	0.0	0.0	0.05555555555555555	0.0	0.02564102564102564	0.023255813953488372	0.0	0.022222222222222223	0.017857142857142856	0.0	0.0	0.008244023083264633	0.038461538461538464	0.0	0.0	0.061224489795918366	0.03225806451612903	0.0	0.0125	0.0	0.07317073170731707	0.023809523809523808	0.02702702702702703
T[C>G]C	0.03333333333333333	0.017857142857142856	0.0	0.0273972602739726	0.0	0.01694915254237288	0.0	0.0	0.0	0.0	0.0	0.0	0.0	0.01639344262295082	0.01818181818181818	0.0	0.0	0.05128205128205128	0.0	0.0	0.0	0.0	0.0	0.0	0.00741962077493817	0.019230769230769232	0.017543859649122806	0.0	0.0	0.016129032258064516	0.014925373134328358	0.0	0.0	0.036585365853658534	0.0	0.0
T[C>G]G	0.0	0.0	0.0	0.0	0.0	0.0	0.0	0.0	0.0	0.015625	0.0	0.017241379310344827	0.0	0.0	0.00909090909090909	0.0	0.014084507042253521	0.0	0.011627906976744186	0.0	0.0	0.0	0.0	0.0	0.00494641384995878	0.0	0.0	0.0	0.0	0.0	0.0	0.0	0.0	0.0	0.0	0.02702702702702703
T[C>G]T	0.08333333333333333	0.0	0.024390243902439025	0.0	0.0	0.0	0.014492753623188406	0.0	0.0	0.015625	0.0	0.0	0.0	0.03278688524590164	0.0	0.027777777777777776	0.0	0.02564102564102564	0.011627906976744186	0.017241379310344827	0.022222222222222223	0.0	0.014925373134328358	0.04081632653061224	0.00741962077493817	0.019230769230769232	0.017543859649122806	0.0	0.0	0.0	0.014925373134328358	0.0	0.02631578947368421	0.06097560975609756	0.047619047619047616	0.013513513513513514
T[C>T]A	0.13333333333333333	0.0	0.04878048780487805	0.0136986301369863	0.05	0.03389830508474576	0.028985507246376812	0.014285714285714285	0.0	0.03125	0.024390243902439025	0.017241379310344827	0.0	0.08196721311475409	0.01818181818181818	0.0	0.04225352112676056	0.0	0.0	0.034482758620689655	0.022222222222222223	0.0	0.029850746268656716	0.0	0.014014839241549877	0.019230769230769232	0.017543859649122806	0.022222222222222223	0.02040816326530612	0.03225806451612903	0.07462686567164178	0.0125	0.02631578947368421	0.2073170731707317	0.0	0.013513513513513514
T[C>T]C	0.05	0.0	0.0	0.0410958904109589	0.0	0.01694915254237288	0.0	0.04285714285714286	0.0	0.0625	0.0	0.017241379310344827	0.0	0.0	0.07272727272727272	0.05555555555555555	0.014084507042253521	0.02564102564102564	0.046511627906976744	0.06896551724137931	0.022222222222222223	0.017857142857142856	0.029850746268656716	0.061224489795918366	0.013190436933223413	0.057692307692307696	0.017543859649122806	0.0	0.061224489795918366	0.016129032258064516	0.0	0.0375	0.0	0.04878048780487805	0.047619047619047616	0.013513513513513514
T[C>T]G	0.08333333333333333	0.03571428571428571	0.0975609756097561	0.0684931506849315	0.016666666666666666	0.01694915254237288	0.028985507246376812	0.04285714285714286	0.0	0.015625	0.04878048780487805	0.0	0.0	0.03278688524590164	0.02727272727272727	0.05555555555555555	0.028169014084507043	0.0	0.023255813953488372	0.0	0.06666666666666667	0.03571428571428571	0.014925373134328358	0.08163265306122448	0.005770816158285243	0.038461538461538464	0.017543859649122806	0.08888888888888889	0.0	0.03225806451612903	0.04477611940298507	0.0625	0.05263157894736842	0.06097560975609756	0.0	0.02702702702702703
T[C>T]T	0.016666666666666666	0.0	0.0	0.0136986301369863	0.016666666666666666	0.01694915254237288	0.0	0.0	0.0	0.015625	0.07317073170731707	0.05172413793103448	0.0	0.01639344262295082	0.01818181818181818	0.05555555555555555	0.014084507042253521	0.0	0.023255813953488372	0.017241379310344827	0.0	0.0	0.014925373134328358	0.02040816326530612	0.01483924154987634	0.057692307692307696	0.07017543859649122	0.0	0.0	0.016129032258064516	0.0	0.0125	0.0	0.0975609756097561	0.0	0.0
T[T>A]A	0.016666666666666666	0.0	0.0	0.0	0.0	0.0	0.043478260869565216	0.04285714285714286	0.14285714285714285	0.015625	0.0	0.0	0.0	0.0	0.01818181818181818	0.027777777777777776	0.0	0.0	0.011627906976744186	0.017241379310344827	0.0	0.017857142857142856	0.0	0.0	0.00741962077493817	0.0	0.0	0.022222222222222223	0.02040816326530612	0.03225806451612903	0.014925373134328358	0.0	0.0	0.012195121951219513	0.047619047619047616	0.02702702702702703
T[T>A]C	0.0	0.0	0.0	0.0	0.0	0.0	0.0	0.014285714285714285	0.0	0.0	0.0	0.0	0.027777777777777776	0.0	0.00909090909090909	0.027777777777777776	0.014084507042253521	0.0	0.0	0.017241379310344827	0.0	0.0	0.0	0.0	0.011541632316570486	0.0	0.0	0.0	0.0	0.016129032258064516	0.0	0.0	0.0	0.0	0.0	0.013513513513513514
T[T>A]G	0.0	0.0	0.0	0.0	0.0	0.0	0.0	0.0	0.0	0.015625	0.0	0.0	0.0	0.0	0.0	0.0	0.014084507042253521	0.0	0.0	0.0	0.0	0.0	0.0	0.0	0.006595218466611707	0.0	0.0	0.0	0.0	0.0	0.0	0.0	0.0	0.0	0.023809523809523808	0.0
T[T>A]T	0.0	0.017857142857142856	0.024390243902439025	0.0	0.0	0.03389830508474576	0.014492753623188406	0.0	0.0	0.0	0.0	0.0	0.027777777777777776	0.0	0.0	0.0	0.014084507042253521	0.0	0.0	0.0	0.0	0.03571428571428571	0.0	0.0	0.005770816158285243	0.0	0.0	0.0	0.02040816326530612	0.016129032258064516	0.014925373134328358	0.0	0.0	0.0	0.0	0.0
T[T>C]A	0.016666666666666666	0.0	0.024390243902439025	0.0	0.0	0.0	0.0	0.0	0.0	0.0	0.0	0.0	0.0	0.0	0.0	0.0	0.0	0.0	0.0	0.017241379310344827	0.0	0.0	0.0	0.0	0.0247320692497939	0.0	0.017543859649122806	0.0	0.02040816326530612	0.016129032258064516	0.014925373134328358	0.0125	0.0	0.0	0.0	0.0
T[T>C]C	0.0	0.05357142857142857	0.0	0.0	0.016666666666666666	0.0	0.0	0.014285714285714285	0.0	0.0	0.024390243902439025	0.017241379310344827	0.0	0.0	0.0	0.0	0.0	0.0	0.011627906976744186	0.017241379310344827	0.0	0.017857142857142856	0.0	0.04081632653061224	0.02225886232481451	0.019230769230769232	0.0	0.044444444444444446	0.02040816326530612	0.0	0.04477611940298507	0.025	0.0	0.0	0.0	0.013513513513513514
T[T>C]G	0.016666666666666666	0.0	0.0	0.0	0.016666666666666666	0.01694915254237288	0.0	0.0	0.0	0.0	0.0	0.0	0.0	0.03278688524590164	0.01818181818181818	0.0	0.014084507042253521	0.0	0.011627906976744186	0.034482758620689655	0.0	0.0	0.0	0.0	0.010717230008244023	0.0	0.017543859649122806	0.022222222222222223	0.02040816326530612	0.0	0.0	0.0375	0.0	0.0	0.0	0.0
T[T>C]T	0.0	0.0	0.0	0.0	0.016666666666666666	0.01694915254237288	0.0	0.02857142857142857	0.0	0.015625	0.0	0.017241379310344827	0.027777777777777776	0.0	0.0	0.0	0.0	0.02564102564102564	0.0	0.0	0.0	0.0	0.0	0.02040816326530612	0.005770816158285243	0.0	0.017543859649122806	0.0	0.0	0.0	0.0	0.0125	0.0	0.0	0.023809523809523808	0.0
T[T>G]A	0.0	0.0	0.0	0.0	0.0	0.0	0.0	0.014285714285714285	0.0	0.0	0.0	0.0	0.0	0.0	0.0	0.0	0.0	0.0	0.0	0.0	0.0	0.017857142857142856	0.0	0.0	0.01236603462489695	0.0	0.017543859649122806	0.0	0.0	0.0	0.0	0.0	0.0	0.0	0.0	0.0
T[T>G]C	0.0	0.0	0.0	0.0	0.016666666666666666	0.01694915254237288	0.0	0.0	0.0	0.015625	0.0	0.0	0.0	0.0	0.0	0.0	0.0	0.0	0.011627906976744186	0.0	0.022222222222222223	0.0	0.014925373134328358	0.0	0.015663643858202802	0.0	0.0	0.0	0.02040816326530612	0.0	0.0	0.025	0.02631578947368421	0.0	0.0	0.013513513513513514
T[T>G]G	0.0	0.0	0.024390243902439025	0.0	0.0	0.0	0.014492753623188406	0.014285714285714285	0.0	0.0	0.0	0.0	0.0	0.0	0.0	0.0	0.0	0.0	0.0	0.0	0.0	0.0	0.014925373134328358	0.0	0.016488046166529265	0.019230769230769232	0.017543859649122806	0.022222222222222223	0.0	0.016129032258064516	0.0	0.0125	0.02631578947368421	0.0	0.0	0.0
T[T>G]T	0.0	0.0	0.0	0.0	0.0	0.0	0.014492753623188406	0.014285714285714285	0.0	0.015625	0.0	0.017241379310344827	0.0	0.01639344262295082	0.0	0.0	0.0	0.0	0.0	0.0	0.0	0.017857142857142856	0.0	0.0	0.06924979389942292	0.0	0.017543859649122806	0.0	0.0	0.0	0.0	0.025	0.0	0.0	0.0	0.013513513513513514
