	TCGA-FA-8693-01	TCGA-FA-A4BB-01	TCGA-FA-A4XK-01	TCGA-FA-A6HN-01	TCGA-FA-A6HO-01	TCGA-FA-A7DS-01	TCGA-FA-A7Q1-01	TCGA-FA-A82F-01	TCGA-FA-A86F-01	TCGA-FF-8041-01	TCGA-FF-8042-01	TCGA-FF-8043-01	TCGA-FF-8046-01	TCGA-FF-8047-01	TCGA-FF-8061-01	TCGA-FF-A7CQ-01	TCGA-FF-A7CR-01	TCGA-FF-A7CW-01	TCGA-FF-A7CX-01	TCGA-GR-A4D4-01	TCGA-GR-A4D5-01	TCGA-GR-A4D6-01	TCGA-GR-A4D9-01	TCGA-GS-A9TQ-01	TCGA-GS-A9TT-01	TCGA-GS-A9TU-01	TCGA-GS-A9TV-01	TCGA-GS-A9TW-01	TCGA-GS-A9TX-01	TCGA-GS-A9TY-01	TCGA-GS-A9TZ-01	TCGA-GS-A9U3-01	TCGA-GS-A9U4-01	TCGA-RQ-A68N-01	TCGA-RQ-A6JB-01	TCGA-RQ-AAAT-01	TCGA-VB-A8QN-01
A[C>A]A	0.0	0.005952380952380952	0.0	0.0035971223021582736	0.0	0.006134969325153374	0.014814814814814815	0.004329004329004329	0.0	0.007518796992481203	0.014925373134328358	0.006993006993006993	0.02040816326530612	0.0	0.0	0.0	0.003205128205128205	0.015151515151515152	0.005847953216374269	0.007407407407407408	0.0	0.0	0.009615384615384616	0.007662835249042145	0.008108108108108109	0.011111111111111112	0.007575757575757576	0.004424778761061947	0.008620689655172414	0.0044444444444444444	0.007911392405063292	0.0	0.0	0.0033333333333333335	0.0	0.011363636363636364	0.008298755186721992
A[C>A]C	0.004366812227074236	0.0	0.0	0.0035971223021582736	0.011627906976744186	0.012269938650306749	0.018518518518518517	0.012987012987012988	0.01910828025477707	0.007518796992481203	0.0029850746268656717	0.013986013986013986	0.02040816326530612	0.011976047904191617	0.005376344086021506	0.0196078431372549	0.003205128205128205	0.015151515151515152	0.0	0.007407407407407408	0.012048192771084338	0.012048192771084338	0.019230769230769232	0.0	0.010810810810810811	0.011111111111111112	0.0	0.008849557522123894	0.0	0.013333333333333334	0.0031645569620253164	0.017391304347826087	0.0	0.0033333333333333335	0.0	0.007575757575757576	0.012448132780082987
A[C>A]G	0.0	0.0	0.007352941176470588	0.0	0.0	0.0	0.003703703703703704	0.0	0.0	0.0	0.005970149253731343	0.0	0.0	0.0	0.0	0.004901960784313725	0.003205128205128205	0.0	0.0	0.007407407407407408	0.0	0.0	0.0	0.0	0.002702702702702703	0.011111111111111112	0.0	0.0	0.008620689655172414	0.008888888888888889	0.0	0.0	0.02	0.0033333333333333335	0.0	0.0	0.0
A[C>A]T	0.008733624454148471	0.005952380952380952	0.014705882352941176	0.007194244604316547	0.023255813953488372	0.0	0.011111111111111112	0.004329004329004329	0.01910828025477707	0.0037593984962406013	0.008955223880597015	0.0	0.0	0.005988023952095809	0.005376344086021506	0.0	0.003205128205128205	0.0	0.0	0.0	0.0	0.0	0.009615384615384616	0.0038314176245210726	0.002702702702702703	0.022222222222222223	0.022727272727272728	0.004424778761061947	0.0	0.0044444444444444444	0.0031645569620253164	0.0	0.0	0.0	0.014388489208633094	0.011363636363636364	0.004149377593360996
A[C>G]A	0.0	0.0	0.0	0.007194244604316547	0.0	0.006134969325153374	0.003703703703703704	0.004329004329004329	0.012738853503184714	0.0037593984962406013	0.011940298507462687	0.0	0.01020408163265306	0.005988023952095809	0.005376344086021506	0.0	0.00641025641025641	0.0	0.0	0.022222222222222223	0.024096385542168676	0.0	0.009615384615384616	0.0	0.002702702702702703	0.011111111111111112	0.0	0.004424778761061947	0.008620689655172414	0.0044444444444444444	0.0	0.0	0.0	0.0033333333333333335	0.007194244604316547	0.0	0.016597510373443983
A[C>G]C	0.004366812227074236	0.0	0.0	0.0035971223021582736	0.0	0.012269938650306749	0.007407407407407408	0.004329004329004329	0.012738853503184714	0.0	0.0	0.006993006993006993	0.02040816326530612	0.005988023952095809	0.0	0.004901960784313725	0.009615384615384616	0.030303030303030304	0.005847953216374269	0.0	0.0	0.0	0.0	0.007662835249042145	0.005405405405405406	0.0	0.0	0.015486725663716814	0.0	0.0044444444444444444	0.007911392405063292	0.008695652173913044	0.0	0.0033333333333333335	0.007194244604316547	0.003787878787878788	0.008298755186721992
A[C>G]G	0.004366812227074236	0.005952380952380952	0.0	0.0035971223021582736	0.0	0.0	0.0	0.0	0.006369426751592357	0.007518796992481203	0.0029850746268656717	0.006993006993006993	0.01020408163265306	0.0	0.0	0.0	0.003205128205128205	0.0	0.005847953216374269	0.007407407407407408	0.0	0.0	0.0	0.0	0.0	0.0	0.0	0.0	0.008620689655172414	0.0	0.0	0.0	0.0	0.0033333333333333335	0.007194244604316547	0.003787878787878788	0.0
A[C>G]T	0.008733624454148471	0.023809523809523808	0.007352941176470588	0.01079136690647482	0.011627906976744186	0.006134969325153374	0.0	0.004329004329004329	0.006369426751592357	0.0037593984962406013	0.008955223880597015	0.006993006993006993	0.01020408163265306	0.011976047904191617	0.0	0.004901960784313725	0.019230769230769232	0.0	0.0	0.007407407407407408	0.012048192771084338	0.0	0.0	0.01532567049808429	0.010810810810810811	0.011111111111111112	0.015151515151515152	0.011061946902654867	0.0	0.0044444444444444444	0.00949367088607595	0.008695652173913044	0.0	0.0033333333333333335	0.0	0.003787878787878788	0.004149377593360996
A[C>T]A	0.013100436681222707	0.005952380952380952	0.014705882352941176	0.02877697841726619	0.023255813953488372	0.03067484662576687	0.014814814814814815	0.021645021645021644	0.03184713375796178	0.022556390977443608	0.008955223880597015	0.02097902097902098	0.0	0.005988023952095809	0.026881720430107527	0.004901960784313725	0.019230769230769232	0.045454545454545456	0.017543859649122806	0.014814814814814815	0.012048192771084338	0.0	0.0	0.011494252873563218	0.01891891891891892	0.03333333333333333	0.030303030303030304	0.01327433628318584	0.008620689655172414	0.0044444444444444444	0.0189873417721519	0.017391304347826087	0.02	0.013333333333333334	0.02158273381294964	0.015151515151515152	0.016597510373443983
A[C>T]C	0.004366812227074236	0.017857142857142856	0.022058823529411766	0.02158273381294964	0.0	0.018404907975460124	0.007407407407407408	0.017316017316017316	0.025477707006369428	0.015037593984962405	0.01791044776119403	0.04195804195804196	0.01020408163265306	0.03592814371257485	0.021505376344086023	0.0196078431372549	0.03205128205128205	0.015151515151515152	0.023391812865497075	0.037037037037037035	0.0	0.0	0.0	0.03065134099616858	0.024324324324324326	0.022222222222222223	0.015151515151515152	0.01327433628318584	0.02586206896551724	0.0	0.01740506329113924	0.017391304347826087	0.02	0.013333333333333334	0.0	0.022727272727272728	0.012448132780082987
A[C>T]G	0.034934497816593885	0.08928571428571429	0.10294117647058823	0.02877697841726619	0.06976744186046512	0.06134969325153374	0.044444444444444446	0.09090909090909091	0.05732484076433121	0.07894736842105263	0.041791044776119404	0.09090909090909091	0.05102040816326531	0.10179640718562874	0.06451612903225806	0.0392156862745098	0.060897435897435896	0.09090909090909091	0.08771929824561403	0.014814814814814815	0.1566265060240964	0.07228915662650602	0.09615384615384616	0.07279693486590039	0.04864864864864865	0.06666666666666667	0.06060606060606061	0.033185840707964605	0.09482758620689655	0.07111111111111111	0.030063291139240507	0.1391304347826087	0.2	0.06333333333333334	0.050359712230215826	0.041666666666666664	0.07468879668049792
A[C>T]T	0.004366812227074236	0.005952380952380952	0.007352941176470588	0.04316546762589928	0.03488372093023256	0.024539877300613498	0.014814814814814815	0.017316017316017316	0.006369426751592357	0.022556390977443608	0.011940298507462687	0.03496503496503497	0.0	0.011976047904191617	0.016129032258064516	0.0196078431372549	0.019230769230769232	0.0	0.011695906432748537	0.014814814814814815	0.012048192771084338	0.0	0.0	0.019157088122605363	0.016216216216216217	0.0	0.007575757575757576	0.011061946902654867	0.008620689655172414	0.022222222222222223	0.006329113924050633	0.008695652173913044	0.0	0.013333333333333334	0.02158273381294964	0.026515151515151516	0.02074688796680498
A[T>A]A	0.008733624454148471	0.0	0.014705882352941176	0.0035971223021582736	0.0	0.006134969325153374	0.0	0.012987012987012988	0.0	0.011278195488721804	0.0	0.0	0.01020408163265306	0.0	0.010752688172043012	0.0	0.019230769230769232	0.0	0.0	0.0	0.012048192771084338	0.0	0.0	0.0	0.008108108108108109	0.0	0.015151515151515152	0.00663716814159292	0.008620689655172414	0.0044444444444444444	0.007911392405063292	0.008695652173913044	0.0	0.0033333333333333335	0.007194244604316547	0.007575757575757576	0.004149377593360996
A[T>A]C	0.004366812227074236	0.0	0.007352941176470588	0.0035971223021582736	0.0	0.0	0.0	0.004329004329004329	0.0	0.0	0.0	0.0	0.0	0.005988023952095809	0.0	0.0	0.00641025641025641	0.0	0.005847953216374269	0.022222222222222223	0.0	0.0	0.009615384615384616	0.0	0.005405405405405406	0.0	0.007575757575757576	0.0022123893805309734	0.0	0.013333333333333334	0.0031645569620253164	0.008695652173913044	0.0	0.0033333333333333335	0.0	0.0	0.0
A[T>A]G	0.0	0.0	0.0	0.0	0.0	0.0	0.0	0.004329004329004329	0.006369426751592357	0.007518796992481203	0.0	0.0	0.01020408163265306	0.011976047904191617	0.0	0.00980392156862745	0.0	0.0	0.005847953216374269	0.014814814814814815	0.0	0.0	0.0	0.007662835249042145	0.0	0.0	0.007575757575757576	0.0022123893805309734	0.0	0.0	0.0	0.0	0.02	0.016666666666666666	0.0	0.011363636363636364	0.0
A[T>A]T	0.004366812227074236	0.005952380952380952	0.0	0.0	0.0	0.0	0.0	0.0	0.006369426751592357	0.0	0.008955223880597015	0.0	0.01020408163265306	0.011976047904191617	0.005376344086021506	0.0	0.00641025641025641	0.0	0.0	0.014814814814814815	0.0	0.0	0.019230769230769232	0.007662835249042145	0.005405405405405406	0.0	0.0	0.0022123893805309734	0.0	0.0	0.004746835443037975	0.017391304347826087	0.0	0.0033333333333333335	0.014388489208633094	0.0	0.004149377593360996
A[T>C]A	0.013100436681222707	0.0	0.014705882352941176	0.01079136690647482	0.0	0.0	0.003703703703703704	0.004329004329004329	0.006369426751592357	0.0	0.008955223880597015	0.0	0.02040816326530612	0.005988023952095809	0.010752688172043012	0.0	0.0	0.015151515151515152	0.0	0.0	0.0	0.0	0.0	0.007662835249042145	0.008108108108108109	0.0	0.015151515151515152	0.008849557522123894	0.008620689655172414	0.008888888888888889	0.006329113924050633	0.02608695652173913	0.02	0.01	0.02158273381294964	0.003787878787878788	0.012448132780082987
A[T>C]C	0.013100436681222707	0.005952380952380952	0.007352941176470588	0.01079136690647482	0.011627906976744186	0.006134969325153374	0.003703703703703704	0.008658008658008658	0.0	0.007518796992481203	0.005970149253731343	0.006993006993006993	0.01020408163265306	0.017964071856287425	0.0	0.004901960784313725	0.0	0.0	0.011695906432748537	0.0	0.012048192771084338	0.0	0.0	0.007662835249042145	0.0	0.011111111111111112	0.015151515151515152	0.0	0.0	0.008888888888888889	0.0	0.0	0.0	0.0033333333333333335	0.02158273381294964	0.003787878787878788	0.008298755186721992
A[T>C]G	0.021834061135371178	0.005952380952380952	0.007352941176470588	0.0035971223021582736	0.0	0.0	0.007407407407407408	0.008658008658008658	0.01910828025477707	0.011278195488721804	0.0029850746268656717	0.0	0.0	0.005988023952095809	0.016129032258064516	0.00980392156862745	0.00641025641025641	0.015151515151515152	0.0	0.0	0.0	0.0	0.0	0.0	0.008108108108108109	0.0	0.030303030303030304	0.00663716814159292	0.008620689655172414	0.0	0.00949367088607595	0.034782608695652174	0.0	0.02	0.014388489208633094	0.007575757575757576	0.012448132780082987
A[T>C]T	0.013100436681222707	0.0	0.0	0.0035971223021582736	0.023255813953488372	0.006134969325153374	0.007407407407407408	0.0	0.0	0.0	0.005970149253731343	0.013986013986013986	0.02040816326530612	0.005988023952095809	0.021505376344086023	0.00980392156862745	0.00641025641025641	0.0	0.0	0.007407407407407408	0.0	0.012048192771084338	0.009615384615384616	0.011494252873563218	0.016216216216216217	0.011111111111111112	0.022727272727272728	0.004424778761061947	0.008620689655172414	0.013333333333333334	0.004746835443037975	0.008695652173913044	0.0	0.01	0.007194244604316547	0.003787878787878788	0.012448132780082987
A[T>G]A	0.004366812227074236	0.0	0.0	0.0	0.0	0.006134969325153374	0.003703703703703704	0.004329004329004329	0.0	0.0037593984962406013	0.005970149253731343	0.0	0.0	0.0	0.010752688172043012	0.00980392156862745	0.003205128205128205	0.0	0.0	0.007407407407407408	0.0	0.012048192771084338	0.0	0.0038314176245210726	0.010810810810810811	0.0	0.007575757575757576	0.00663716814159292	0.0	0.008888888888888889	0.0031645569620253164	0.008695652173913044	0.0	0.0033333333333333335	0.014388489208633094	0.003787878787878788	0.004149377593360996
A[T>G]C	0.004366812227074236	0.005952380952380952	0.0	0.0	0.0	0.0	0.0	0.0	0.0	0.0037593984962406013	0.0029850746268656717	0.0	0.0	0.011976047904191617	0.005376344086021506	0.00980392156862745	0.0	0.0	0.0	0.0	0.012048192771084338	0.0	0.0	0.011494252873563218	0.0	0.0	0.015151515151515152	0.0	0.0	0.0044444444444444444	0.006329113924050633	0.0	0.0	0.0	0.0	0.003787878787878788	0.0
A[T>G]G	0.008733624454148471	0.005952380952380952	0.0	0.0	0.0	0.0	0.0	0.0	0.006369426751592357	0.0037593984962406013	0.0029850746268656717	0.0	0.01020408163265306	0.005988023952095809	0.005376344086021506	0.004901960784313725	0.0	0.0	0.0	0.007407407407407408	0.012048192771084338	0.0	0.0	0.0038314176245210726	0.0	0.011111111111111112	0.015151515151515152	0.0	0.0	0.0044444444444444444	0.004746835443037975	0.0	0.0	0.0	0.007194244604316547	0.0	0.0
A[T>G]T	0.004366812227074236	0.0	0.007352941176470588	0.0035971223021582736	0.0	0.006134969325153374	0.0	0.0	0.0	0.0	0.0029850746268656717	0.013986013986013986	0.0	0.0	0.0	0.0	0.0	0.0	0.0	0.007407407407407408	0.0	0.0	0.0	0.0	0.002702702702702703	0.011111111111111112	0.007575757575757576	0.004424778761061947	0.0	0.0044444444444444444	0.0015822784810126582	0.008695652173913044	0.0	0.0033333333333333335	0.0	0.007575757575757576	0.0
C[C>A]A	0.0	0.017857142857142856	0.007352941176470588	0.01079136690647482	0.0	0.018404907975460124	0.007407407407407408	0.017316017316017316	0.03184713375796178	0.0037593984962406013	0.005970149253731343	0.0	0.0	0.017964071856287425	0.010752688172043012	0.014705882352941176	0.0	0.015151515151515152	0.017543859649122806	0.007407407407407408	0.012048192771084338	0.0	0.019230769230769232	0.0038314176245210726	0.010810810810810811	0.0	0.007575757575757576	0.008849557522123894	0.0	0.008888888888888889	0.007911392405063292	0.008695652173913044	0.0	0.006666666666666667	0.014388489208633094	0.003787878787878788	0.012448132780082987
C[C>A]C	0.004366812227074236	0.017857142857142856	0.0	0.0035971223021582736	0.0	0.006134969325153374	0.022222222222222223	0.0	0.01910828025477707	0.007518796992481203	0.014925373134328358	0.006993006993006993	0.0	0.005988023952095809	0.0	0.004901960784313725	0.00641025641025641	0.015151515151515152	0.005847953216374269	0.0	0.0	0.0	0.0	0.0038314176245210726	0.005405405405405406	0.0	0.007575757575757576	0.0	0.0	0.0	0.007911392405063292	0.008695652173913044	0.0	0.0033333333333333335	0.007194244604316547	0.0	0.012448132780082987
C[C>A]G	0.004366812227074236	0.017857142857142856	0.0	0.007194244604316547	0.0	0.012269938650306749	0.0	0.008658008658008658	0.0	0.0037593984962406013	0.0029850746268656717	0.0	0.0	0.0	0.0	0.0	0.003205128205128205	0.0	0.005847953216374269	0.0	0.0	0.024096385542168676	0.0	0.0	0.010810810810810811	0.0	0.007575757575757576	0.0	0.008620689655172414	0.0044444444444444444	0.004746835443037975	0.0	0.02	0.0	0.007194244604316547	0.0	0.0
C[C>A]T	0.004366812227074236	0.0	0.007352941176470588	0.007194244604316547	0.0	0.018404907975460124	0.007407407407407408	0.0	0.0	0.0037593984962406013	0.005970149253731343	0.0	0.0	0.011976047904191617	0.0	0.00980392156862745	0.009615384615384616	0.030303030303030304	0.04093567251461988	0.007407407407407408	0.0	0.012048192771084338	0.009615384615384616	0.011494252873563218	0.013513513513513514	0.011111111111111112	0.007575757575757576	0.00663716814159292	0.008620689655172414	0.0044444444444444444	0.00949367088607595	0.008695652173913044	0.0	0.013333333333333334	0.0	0.007575757575757576	0.016597510373443983
C[C>G]A	0.0	0.0	0.0	0.0035971223021582736	0.0	0.0	0.0	0.008658008658008658	0.006369426751592357	0.0	0.005970149253731343	0.0	0.01020408163265306	0.0	0.010752688172043012	0.004901960784313725	0.003205128205128205	0.0	0.0	0.0	0.012048192771084338	0.0	0.0	0.0	0.008108108108108109	0.022222222222222223	0.0	0.0	0.0	0.0	0.0	0.0	0.0	0.0	0.007194244604316547	0.003787878787878788	0.0
C[C>G]C	0.004366812227074236	0.011904761904761904	0.0	0.0	0.011627906976744186	0.0	0.007407407407407408	0.004329004329004329	0.006369426751592357	0.011278195488721804	0.0029850746268656717	0.0	0.0	0.005988023952095809	0.005376344086021506	0.0	0.0	0.0	0.0	0.0	0.0	0.0	0.009615384615384616	0.0	0.0	0.0	0.007575757575757576	0.00663716814159292	0.0	0.0044444444444444444	0.0	0.0	0.0	0.0	0.0	0.007575757575757576	0.008298755186721992
C[C>G]G	0.0	0.0	0.0	0.0	0.0	0.0	0.0	0.0	0.006369426751592357	0.0	0.0	0.0	0.01020408163265306	0.0	0.005376344086021506	0.0	0.003205128205128205	0.0	0.0	0.0	0.0	0.0	0.0	0.0038314176245210726	0.0	0.0	0.0	0.0	0.0	0.0	0.0	0.0	0.04	0.0033333333333333335	0.0	0.0	0.0
C[C>G]T	0.008733624454148471	0.0	0.014705882352941176	0.01079136690647482	0.0	0.012269938650306749	0.003703703703703704	0.021645021645021644	0.012738853503184714	0.0037593984962406013	0.0029850746268656717	0.0	0.02040816326530612	0.0	0.0	0.014705882352941176	0.01282051282051282	0.0	0.0	0.007407407407407408	0.0	0.012048192771084338	0.0	0.01532567049808429	0.005405405405405406	0.0	0.0	0.011061946902654867	0.0	0.008888888888888889	0.00949367088607595	0.008695652173913044	0.0	0.0033333333333333335	0.014388489208633094	0.007575757575757576	0.0
C[C>T]A	0.013100436681222707	0.041666666666666664	0.0	0.025179856115107913	0.0	0.0	0.022222222222222223	0.017316017316017316	0.012738853503184714	0.02631578947368421	0.03880597014925373	0.02097902097902098	0.0	0.023952095808383235	0.043010752688172046	0.0196078431372549	0.019230769230769232	0.0	0.011695906432748537	0.014814814814814815	0.012048192771084338	0.012048192771084338	0.019230769230769232	0.019157088122605363	0.005405405405405406	0.011111111111111112	0.022727272727272728	0.011061946902654867	0.017241379310344827	0.013333333333333334	0.023734177215189875	0.043478260869565216	0.02	0.03666666666666667	0.014388489208633094	0.01893939393939394	0.016597510373443983
C[C>T]C	0.021834061135371178	0.023809523809523808	0.022058823529411766	0.03237410071942446	0.023255813953488372	0.006134969325153374	0.044444444444444446	0.03896103896103896	0.025477707006369428	0.03383458646616541	0.03582089552238806	0.027972027972027972	0.0	0.017964071856287425	0.016129032258064516	0.0196078431372549	0.01282051282051282	0.015151515151515152	0.023391812865497075	0.0	0.024096385542168676	0.024096385542168676	0.019230769230769232	0.007662835249042145	0.013513513513513514	0.011111111111111112	0.007575757575757576	0.00663716814159292	0.034482758620689655	0.02666666666666667	0.014240506329113924	0.008695652173913044	0.02	0.016666666666666666	0.014388489208633094	0.01893939393939394	0.012448132780082987
C[C>T]G	0.048034934497816595	0.047619047619047616	0.051470588235294115	0.03597122302158273	0.08139534883720931	0.04294478527607362	0.0962962962962963	0.05627705627705628	0.03184713375796178	0.05263157894736842	0.04776119402985075	0.09090909090909091	0.07142857142857142	0.07784431137724551	0.04838709677419355	0.049019607843137254	0.035256410256410256	0.09090909090909091	0.06432748538011696	0.05185185185185185	0.10843373493975904	0.12048192771084337	0.0673076923076923	0.09195402298850575	0.05945945945945946	0.1111111111111111	0.03787878787878788	0.0420353982300885	0.06896551724137931	0.08444444444444445	0.05221518987341772	0.06956521739130435	0.14	0.08333333333333333	0.02877697841726619	0.04924242424242424	0.1037344398340249
C[C>T]T	0.021834061135371178	0.017857142857142856	0.029411764705882353	0.046762589928057555	0.046511627906976744	0.04294478527607362	0.022222222222222223	0.012987012987012988	0.012738853503184714	0.02631578947368421	0.026865671641791045	0.013986013986013986	0.01020408163265306	0.029940119760479042	0.021505376344086023	0.0196078431372549	0.035256410256410256	0.045454545454545456	0.017543859649122806	0.022222222222222223	0.024096385542168676	0.0	0.019230769230769232	0.03065134099616858	0.021621621621621623	0.03333333333333333	0.015151515151515152	0.024336283185840708	0.017241379310344827	0.03111111111111111	0.023734177215189875	0.02608695652173913	0.02	0.016666666666666666	0.014388489208633094	0.03409090909090909	0.05394190871369295
C[T>A]A	0.0	0.005952380952380952	0.007352941176470588	0.0	0.0	0.0	0.003703703703703704	0.008658008658008658	0.0	0.0037593984962406013	0.0	0.0	0.01020408163265306	0.0	0.005376344086021506	0.004901960784313725	0.0	0.0	0.005847953216374269	0.0	0.0	0.0	0.009615384615384616	0.0038314176245210726	0.005405405405405406	0.0	0.0	0.0022123893805309734	0.0	0.0	0.0031645569620253164	0.0	0.0	0.0033333333333333335	0.007194244604316547	0.0	0.0
C[T>A]C	0.008733624454148471	0.0	0.0	0.0	0.0	0.006134969325153374	0.0	0.0	0.0	0.007518796992481203	0.005970149253731343	0.0	0.0	0.0	0.0	0.0	0.0	0.0	0.0	0.007407407407407408	0.0	0.012048192771084338	0.0	0.0038314176245210726	0.002702702702702703	0.0	0.0	0.0022123893805309734	0.0	0.013333333333333334	0.0	0.0	0.0	0.0033333333333333335	0.007194244604316547	0.0	0.004149377593360996
C[T>A]G	0.004366812227074236	0.005952380952380952	0.0	0.007194244604316547	0.0	0.0	0.003703703703703704	0.004329004329004329	0.0	0.015037593984962405	0.0	0.0	0.01020408163265306	0.0	0.005376344086021506	0.004901960784313725	0.016025641025641024	0.015151515151515152	0.017543859649122806	0.007407407407407408	0.0	0.0	0.0	0.0038314176245210726	0.008108108108108109	0.011111111111111112	0.022727272727272728	0.0022123893805309734	0.008620689655172414	0.008888888888888889	0.011075949367088608	0.0	0.0	0.006666666666666667	0.02158273381294964	0.026515151515151516	0.008298755186721992
C[T>A]T	0.008733624454148471	0.0	0.007352941176470588	0.0	0.0	0.0	0.003703703703703704	0.0	0.0	0.0037593984962406013	0.0029850746268656717	0.006993006993006993	0.02040816326530612	0.0	0.0	0.014705882352941176	0.009615384615384616	0.0	0.005847953216374269	0.007407407407407408	0.0	0.012048192771084338	0.0	0.0038314176245210726	0.002702702702702703	0.0	0.015151515151515152	0.004424778761061947	0.0	0.008888888888888889	0.0031645569620253164	0.017391304347826087	0.0	0.0	0.0	0.0	0.004149377593360996
C[T>C]A	0.021834061135371178	0.0	0.007352941176470588	0.007194244604316547	0.0	0.012269938650306749	0.003703703703703704	0.0	0.006369426751592357	0.007518796992481203	0.011940298507462687	0.006993006993006993	0.0	0.023952095808383235	0.010752688172043012	0.0	0.009615384615384616	0.0	0.005847953216374269	0.0	0.0	0.0	0.0	0.007662835249042145	0.002702702702702703	0.0	0.015151515151515152	0.008849557522123894	0.0	0.0	0.007911392405063292	0.0	0.0	0.006666666666666667	0.0	0.007575757575757576	0.0
C[T>C]C	0.017467248908296942	0.0	0.007352941176470588	0.007194244604316547	0.011627906976744186	0.012269938650306749	0.007407407407407408	0.0	0.03821656050955414	0.015037593984962405	0.011940298507462687	0.0	0.02040816326530612	0.005988023952095809	0.026881720430107527	0.0	0.003205128205128205	0.0	0.0	0.007407407407407408	0.024096385542168676	0.0	0.009615384615384616	0.0038314176245210726	0.013513513513513514	0.03333333333333333	0.015151515151515152	0.011061946902654867	0.0	0.013333333333333334	0.0015822784810126582	0.017391304347826087	0.0	0.006666666666666667	0.02877697841726619	0.01893939393939394	0.0
C[T>C]G	0.03056768558951965	0.017857142857142856	0.0661764705882353	0.0035971223021582736	0.011627906976744186	0.018404907975460124	0.003703703703703704	0.004329004329004329	0.025477707006369428	0.011278195488721804	0.008955223880597015	0.0	0.02040816326530612	0.017964071856287425	0.026881720430107527	0.00980392156862745	0.019230769230769232	0.015151515151515152	0.005847953216374269	0.007407407407407408	0.0	0.03614457831325301	0.019230769230769232	0.011494252873563218	0.024324324324324326	0.022222222222222223	0.007575757575757576	0.028761061946902654	0.06896551724137931	0.013333333333333334	0.006329113924050633	0.008695652173913044	0.0	0.013333333333333334	0.014388489208633094	0.015151515151515152	0.0
C[T>C]T	0.05240174672489083	0.005952380952380952	0.007352941176470588	0.02158273381294964	0.011627906976744186	0.006134969325153374	0.007407407407407408	0.004329004329004329	0.0	0.007518796992481203	0.029850746268656716	0.006993006993006993	0.01020408163265306	0.029940119760479042	0.026881720430107527	0.014705882352941176	0.028846153846153848	0.045454545454545456	0.005847953216374269	0.0	0.03614457831325301	0.0	0.009615384615384616	0.007662835249042145	0.010810810810810811	0.011111111111111112	0.03787878787878788	0.008849557522123894	0.0	0.008888888888888889	0.012658227848101266	0.017391304347826087	0.02	0.006666666666666667	0.014388489208633094	0.01893939393939394	0.016597510373443983
C[T>G]A	0.004366812227074236	0.0	0.007352941176470588	0.0035971223021582736	0.0	0.0	0.003703703703703704	0.0	0.0	0.007518796992481203	0.0	0.0	0.0	0.0	0.0	0.004901960784313725	0.00641025641025641	0.0	0.0	0.0	0.0	0.012048192771084338	0.0	0.0	0.005405405405405406	0.011111111111111112	0.0	0.0	0.0	0.008888888888888889	0.0015822784810126582	0.0	0.0	0.0	0.0	0.003787878787878788	0.0
C[T>G]C	0.013100436681222707	0.0	0.0	0.007194244604316547	0.0	0.0	0.007407407407407408	0.008658008658008658	0.006369426751592357	0.0037593984962406013	0.0029850746268656717	0.0	0.0	0.0	0.0	0.0	0.003205128205128205	0.0	0.0	0.0	0.012048192771084338	0.012048192771084338	0.0	0.0	0.002702702702702703	0.0	0.007575757575757576	0.0	0.0	0.008888888888888889	0.0	0.0	0.0	0.0033333333333333335	0.007194244604316547	0.0	0.0
C[T>G]G	0.008733624454148471	0.011904761904761904	0.0	0.0	0.0	0.0	0.011111111111111112	0.008658008658008658	0.006369426751592357	0.007518796992481203	0.011940298507462687	0.013986013986013986	0.0	0.011976047904191617	0.026881720430107527	0.0	0.00641025641025641	0.015151515151515152	0.005847953216374269	0.0	0.0	0.012048192771084338	0.0	0.0038314176245210726	0.008108108108108109	0.0	0.0	0.008849557522123894	0.0	0.0	0.004746835443037975	0.0	0.0	0.0	0.02158273381294964	0.011363636363636364	0.0
C[T>G]T	0.10480349344978165	0.0	0.029411764705882353	0.007194244604316547	0.0	0.0	0.014814814814814815	0.012987012987012988	0.006369426751592357	0.007518796992481203	0.06865671641791045	0.006993006993006993	0.02040816326530612	0.005988023952095809	0.03225806451612903	0.00980392156862745	0.016025641025641024	0.0	0.0	0.022222222222222223	0.0	0.024096385542168676	0.028846153846153848	0.019157088122605363	0.002702702702702703	0.06666666666666667	0.022727272727272728	0.011061946902654867	0.008620689655172414	0.013333333333333334	0.00949367088607595	0.0	0.02	0.006666666666666667	0.007194244604316547	0.003787878787878788	0.008298755186721992
G[C>A]A	0.004366812227074236	0.011904761904761904	0.014705882352941176	0.014388489208633094	0.011627906976744186	0.024539877300613498	0.011111111111111112	0.017316017316017316	0.01910828025477707	0.015037593984962405	0.0029850746268656717	0.006993006993006993	0.0	0.005988023952095809	0.010752688172043012	0.004901960784313725	0.016025641025641024	0.0	0.017543859649122806	0.007407407407407408	0.0	0.03614457831325301	0.028846153846153848	0.011494252873563218	0.008108108108108109	0.0	0.007575757575757576	0.00663716814159292	0.0	0.017777777777777778	0.0031645569620253164	0.017391304347826087	0.02	0.02	0.014388489208633094	0.01893939393939394	0.012448132780082987
G[C>A]C	0.008733624454148471	0.0	0.022058823529411766	0.007194244604316547	0.0	0.018404907975460124	0.014814814814814815	0.012987012987012988	0.006369426751592357	0.018796992481203006	0.0029850746268656717	0.013986013986013986	0.030612244897959183	0.005988023952095809	0.0	0.004901960784313725	0.02564102564102564	0.0	0.005847953216374269	0.007407407407407408	0.0	0.0	0.028846153846153848	0.0038314176245210726	0.010810810810810811	0.0	0.0	0.0	0.0	0.017777777777777778	0.014240506329113924	0.017391304347826087	0.0	0.01	0.014388489208633094	0.011363636363636364	0.008298755186721992
G[C>A]G	0.0	0.0	0.0	0.0	0.023255813953488372	0.006134969325153374	0.0	0.008658008658008658	0.0	0.0	0.0	0.0	0.0	0.005988023952095809	0.005376344086021506	0.0	0.003205128205128205	0.0	0.0	0.007407407407407408	0.0	0.0	0.0	0.0038314176245210726	0.0	0.0	0.007575757575757576	0.0022123893805309734	0.0	0.0	0.006329113924050633	0.0	0.02	0.006666666666666667	0.0	0.003787878787878788	0.0
G[C>A]T	0.004366812227074236	0.0	0.007352941176470588	0.02158273381294964	0.0	0.012269938650306749	0.014814814814814815	0.021645021645021644	0.006369426751592357	0.011278195488721804	0.0029850746268656717	0.0	0.02040816326530612	0.005988023952095809	0.0	0.00980392156862745	0.00641025641025641	0.0	0.005847953216374269	0.007407407407407408	0.0	0.0	0.019230769230769232	0.0038314176245210726	0.01891891891891892	0.011111111111111112	0.0	0.008849557522123894	0.0	0.0	0.004746835443037975	0.0	0.0	0.016666666666666666	0.0	0.01893939393939394	0.008298755186721992
G[C>G]A	0.004366812227074236	0.0	0.007352941176470588	0.01079136690647482	0.0	0.006134969325153374	0.0	0.0	0.006369426751592357	0.0	0.005970149253731343	0.013986013986013986	0.0	0.011976047904191617	0.010752688172043012	0.0	0.003205128205128205	0.0	0.0	0.0	0.0	0.012048192771084338	0.0	0.007662835249042145	0.002702702702702703	0.0	0.007575757575757576	0.0	0.0	0.0044444444444444444	0.0015822784810126582	0.0	0.0	0.0033333333333333335	0.0	0.007575757575757576	0.004149377593360996
G[C>G]C	0.004366812227074236	0.011904761904761904	0.0	0.007194244604316547	0.011627906976744186	0.006134969325153374	0.007407407407407408	0.012987012987012988	0.006369426751592357	0.011278195488721804	0.005970149253731343	0.013986013986013986	0.01020408163265306	0.005988023952095809	0.010752688172043012	0.0	0.01282051282051282	0.015151515151515152	0.0	0.014814814814814815	0.024096385542168676	0.024096385542168676	0.009615384615384616	0.0	0.005405405405405406	0.0	0.015151515151515152	0.0022123893805309734	0.008620689655172414	0.0	0.007911392405063292	0.0	0.02	0.006666666666666667	0.007194244604316547	0.015151515151515152	0.016597510373443983
G[C>G]G	0.004366812227074236	0.0	0.0	0.0	0.011627906976744186	0.0	0.003703703703703704	0.0	0.0	0.0	0.0029850746268656717	0.006993006993006993	0.0	0.0	0.0	0.0	0.0	0.0	0.011695906432748537	0.0	0.0	0.0	0.0	0.0038314176245210726	0.0	0.011111111111111112	0.0	0.0	0.0	0.0	0.0	0.0	0.0	0.006666666666666667	0.0	0.007575757575757576	0.0
G[C>G]T	0.013100436681222707	0.023809523809523808	0.058823529411764705	0.025179856115107913	0.011627906976744186	0.03067484662576687	0.022222222222222223	0.021645021645021644	0.006369426751592357	0.02631578947368421	0.005970149253731343	0.02097902097902098	0.061224489795918366	0.011976047904191617	0.010752688172043012	0.024509803921568627	0.016025641025641024	0.0	0.011695906432748537	0.022222222222222223	0.0	0.0	0.019230769230769232	0.01532567049808429	0.02702702702702703	0.0	0.022727272727272728	0.00663716814159292	0.017241379310344827	0.017777777777777778	0.011075949367088608	0.0	0.0	0.013333333333333334	0.0	0.041666666666666664	0.004149377593360996
G[C>T]A	0.017467248908296942	0.02976190476190476	0.03676470588235294	0.06474820143884892	0.05813953488372093	0.024539877300613498	0.018518518518518517	0.012987012987012988	0.025477707006369428	0.022556390977443608	0.020895522388059702	0.04195804195804196	0.02040816326530612	0.005988023952095809	0.016129032258064516	0.06372549019607843	0.035256410256410256	0.045454545454545456	0.023391812865497075	0.007407407407407408	0.012048192771084338	0.012048192771084338	0.009615384615384616	0.034482758620689655	0.04594594594594595	0.011111111111111112	0.007575757575757576	0.05088495575221239	0.05172413793103448	0.022222222222222223	0.023734177215189875	0.008695652173913044	0.0	0.03666666666666667	0.014388489208633094	0.03787878787878788	0.03734439834024896
G[C>T]C	0.021834061135371178	0.02976190476190476	0.022058823529411766	0.07194244604316546	0.09302325581395349	0.09202453987730061	0.025925925925925925	0.030303030303030304	0.025477707006369428	0.03007518796992481	0.03582089552238806	0.04195804195804196	0.01020408163265306	0.023952095808383235	0.026881720430107527	0.058823529411764705	0.04807692307692308	0.045454545454545456	0.04678362573099415	0.022222222222222223	0.04819277108433735	0.04819277108433735	0.028846153846153848	0.06513409961685823	0.043243243243243246	0.0	0.015151515151515152	0.03982300884955752	0.10344827586206896	0.035555555555555556	0.014240506329113924	0.034782608695652174	0.02	0.03333333333333333	0.014388489208633094	0.015151515151515152	0.02074688796680498
G[C>T]G	0.056768558951965066	0.07738095238095238	0.07352941176470588	0.046762589928057555	0.08139534883720931	0.06748466257668712	0.11851851851851852	0.06926406926406926	0.08280254777070063	0.08270676691729323	0.0626865671641791	0.0979020979020979	0.030612244897959183	0.07784431137724551	0.06451612903225806	0.09313725490196079	0.08974358974358974	0.10606060606060606	0.14035087719298245	0.05925925925925926	0.12048192771084337	0.12048192771084337	0.04807692307692308	0.09195402298850575	0.07297297297297298	0.07777777777777778	0.05303030303030303	0.08849557522123894	0.09482758620689655	0.09777777777777778	0.04430379746835443	0.0782608695652174	0.06	0.07666666666666666	0.03597122302158273	0.06818181818181818	0.0912863070539419
G[C>T]T	0.026200873362445413	0.05952380952380952	0.029411764705882353	0.09352517985611511	0.05813953488372093	0.0736196319018405	0.037037037037037035	0.05627705627705628	0.03184713375796178	0.022556390977443608	0.03880597014925373	0.04895104895104895	0.05102040816326531	0.05389221556886228	0.053763440860215055	0.07352941176470588	0.04487179487179487	0.030303030303030304	0.04678362573099415	0.022222222222222223	0.024096385542168676	0.024096385542168676	0.04807692307692308	0.02681992337164751	0.06756756756756757	0.0	0.007575757575757576	0.017699115044247787	0.0603448275862069	0.04	0.04113924050632911	0.05217391304347826	0.02	0.05333333333333334	0.007194244604316547	0.07954545454545454	0.04564315352697095
G[T>A]A	0.004366812227074236	0.005952380952380952	0.029411764705882353	0.0	0.011627906976744186	0.0	0.007407407407407408	0.0	0.0	0.0037593984962406013	0.0	0.0	0.01020408163265306	0.005988023952095809	0.005376344086021506	0.0	0.003205128205128205	0.015151515151515152	0.011695906432748537	0.014814814814814815	0.0	0.0	0.0	0.0	0.0	0.011111111111111112	0.007575757575757576	0.0022123893805309734	0.0	0.0	0.00949367088607595	0.008695652173913044	0.0	0.0	0.0	0.011363636363636364	0.0
G[T>A]C	0.004366812227074236	0.0	0.0	0.0	0.0	0.0	0.007407407407407408	0.0	0.0	0.0	0.0	0.006993006993006993	0.01020408163265306	0.0	0.0	0.0	0.0	0.0	0.0	0.014814814814814815	0.0	0.012048192771084338	0.0	0.007662835249042145	0.005405405405405406	0.0	0.0	0.0	0.0	0.0044444444444444444	0.0	0.017391304347826087	0.0	0.0	0.014388489208633094	0.0	0.008298755186721992
G[T>A]G	0.004366812227074236	0.011904761904761904	0.0	0.0035971223021582736	0.0	0.012269938650306749	0.007407407407407408	0.008658008658008658	0.006369426751592357	0.007518796992481203	0.0	0.0	0.0	0.005988023952095809	0.0	0.0	0.0	0.015151515151515152	0.011695906432748537	0.0	0.0	0.0	0.0	0.011494252873563218	0.005405405405405406	0.011111111111111112	0.0	0.0022123893805309734	0.0	0.0	0.0015822784810126582	0.008695652173913044	0.0	0.0	0.0	0.003787878787878788	0.0
G[T>A]T	0.0	0.0	0.007352941176470588	0.0035971223021582736	0.0	0.012269938650306749	0.007407407407407408	0.004329004329004329	0.0	0.0037593984962406013	0.005970149253731343	0.0	0.0	0.0	0.0	0.004901960784313725	0.0	0.015151515151515152	0.005847953216374269	0.007407407407407408	0.0	0.0	0.0	0.0038314176245210726	0.005405405405405406	0.0	0.0	0.0	0.0	0.0	0.006329113924050633	0.008695652173913044	0.0	0.0	0.0	0.0	0.0
G[T>C]A	0.0	0.017857142857142856	0.007352941176470588	0.0	0.011627906976744186	0.006134969325153374	0.014814814814814815	0.0	0.012738853503184714	0.007518796992481203	0.008955223880597015	0.013986013986013986	0.02040816326530612	0.0	0.005376344086021506	0.00980392156862745	0.00641025641025641	0.0	0.017543859649122806	0.02962962962962963	0.012048192771084338	0.0	0.019230769230769232	0.0038314176245210726	0.010810810810810811	0.0	0.0	0.008849557522123894	0.0	0.0044444444444444444	0.007911392405063292	0.0	0.0	0.013333333333333334	0.007194244604316547	0.003787878787878788	0.012448132780082987
G[T>C]C	0.013100436681222707	0.005952380952380952	0.007352941176470588	0.0	0.011627906976744186	0.0	0.018518518518518517	0.004329004329004329	0.01910828025477707	0.007518796992481203	0.011940298507462687	0.013986013986013986	0.030612244897959183	0.011976047904191617	0.005376344086021506	0.0	0.01282051282051282	0.0	0.0	0.007407407407407408	0.012048192771084338	0.012048192771084338	0.0	0.01532567049808429	0.005405405405405406	0.022222222222222223	0.015151515151515152	0.00663716814159292	0.0	0.013333333333333334	0.0031645569620253164	0.0	0.0	0.0033333333333333335	0.007194244604316547	0.0	0.004149377593360996
G[T>C]G	0.004366812227074236	0.005952380952380952	0.007352941176470588	0.0	0.0	0.0	0.007407407407407408	0.017316017316017316	0.006369426751592357	0.007518796992481203	0.005970149253731343	0.006993006993006993	0.01020408163265306	0.005988023952095809	0.0	0.0	0.009615384615384616	0.0	0.005847953216374269	0.014814814814814815	0.0	0.012048192771084338	0.019230769230769232	0.0038314176245210726	0.002702702702702703	0.011111111111111112	0.022727272727272728	0.01327433628318584	0.017241379310344827	0.0044444444444444444	0.007911392405063292	0.008695652173913044	0.0	0.0	0.03597122302158273	0.011363636363636364	0.008298755186721992
G[T>C]T	0.013100436681222707	0.011904761904761904	0.007352941176470588	0.007194244604316547	0.011627906976744186	0.006134969325153374	0.003703703703703704	0.008658008658008658	0.006369426751592357	0.011278195488721804	0.008955223880597015	0.006993006993006993	0.0	0.005988023952095809	0.0	0.004901960784313725	0.003205128205128205	0.0	0.011695906432748537	0.007407407407407408	0.0	0.012048192771084338	0.0	0.007662835249042145	0.005405405405405406	0.011111111111111112	0.007575757575757576	0.00663716814159292	0.0	0.0	0.011075949367088608	0.008695652173913044	0.0	0.013333333333333334	0.0	0.015151515151515152	0.012448132780082987
G[T>G]A	0.0	0.0	0.007352941176470588	0.0	0.0	0.006134969325153374	0.003703703703703704	0.012987012987012988	0.0	0.007518796992481203	0.0	0.0	0.0	0.0	0.005376344086021506	0.004901960784313725	0.003205128205128205	0.0	0.011695906432748537	0.007407407407407408	0.012048192771084338	0.012048192771084338	0.0	0.0038314176245210726	0.005405405405405406	0.0	0.03787878787878788	0.004424778761061947	0.008620689655172414	0.0044444444444444444	0.004746835443037975	0.0	0.0	0.0033333333333333335	0.014388489208633094	0.0	0.0
G[T>G]C	0.013100436681222707	0.0	0.0	0.0	0.0	0.0	0.003703703703703704	0.017316017316017316	0.006369426751592357	0.0037593984962406013	0.0	0.0	0.0	0.0	0.0	0.004901960784313725	0.00641025641025641	0.015151515151515152	0.011695906432748537	0.007407407407407408	0.0	0.012048192771084338	0.0	0.007662835249042145	0.0	0.0	0.015151515151515152	0.004424778761061947	0.0	0.0044444444444444444	0.006329113924050633	0.0	0.0	0.0	0.007194244604316547	0.0	0.0
G[T>G]G	0.0	0.023809523809523808	0.0	0.0035971223021582736	0.0	0.0	0.0	0.008658008658008658	0.006369426751592357	0.0037593984962406013	0.005970149253731343	0.006993006993006993	0.0	0.0	0.0	0.004901960784313725	0.0	0.0	0.0	0.014814814814814815	0.012048192771084338	0.0	0.028846153846153848	0.0038314176245210726	0.0	0.0	0.007575757575757576	0.004424778761061947	0.008620689655172414	0.0	0.006329113924050633	0.0	0.0	0.0033333333333333335	0.02158273381294964	0.0	0.0
G[T>G]T	0.026200873362445413	0.005952380952380952	0.007352941176470588	0.0	0.0	0.012269938650306749	0.003703703703703704	0.012987012987012988	0.006369426751592357	0.0037593984962406013	0.020895522388059702	0.0	0.01020408163265306	0.005988023952095809	0.016129032258064516	0.0	0.003205128205128205	0.0	0.0	0.0	0.0	0.0	0.019230769230769232	0.007662835249042145	0.013513513513513514	0.011111111111111112	0.0	0.00663716814159292	0.008620689655172414	0.0	0.0015822784810126582	0.0	0.0	0.0	0.0	0.003787878787878788	0.004149377593360996
T[C>A]A	0.008733624454148471	0.005952380952380952	0.007352941176470588	0.0035971223021582736	0.0	0.018404907975460124	0.007407407407407408	0.004329004329004329	0.012738853503184714	0.0	0.0029850746268656717	0.0	0.02040816326530612	0.005988023952095809	0.016129032258064516	0.00980392156862745	0.01282051282051282	0.0	0.017543859649122806	0.037037037037037035	0.012048192771084338	0.024096385542168676	0.009615384615384616	0.0	0.016216216216216217	0.0	0.015151515151515152	0.01327433628318584	0.0	0.0	0.006329113924050633	0.0	0.0	0.023333333333333334	0.02158273381294964	0.0	0.016597510373443983
T[C>A]C	0.0	0.005952380952380952	0.007352941176470588	0.007194244604316547	0.0	0.006134969325153374	0.003703703703703704	0.012987012987012988	0.012738853503184714	0.011278195488721804	0.014925373134328358	0.013986013986013986	0.0	0.0	0.0	0.004901960784313725	0.003205128205128205	0.015151515151515152	0.0	0.007407407407407408	0.0	0.0	0.019230769230769232	0.0038314176245210726	0.008108108108108109	0.0	0.0	0.004424778761061947	0.0	0.017777777777777778	0.007911392405063292	0.0	0.0	0.013333333333333334	0.014388489208633094	0.003787878787878788	0.0
T[C>A]G	0.0	0.0	0.0	0.0	0.011627906976744186	0.0	0.0	0.0	0.006369426751592357	0.0037593984962406013	0.0029850746268656717	0.0	0.0	0.0	0.0	0.004901960784313725	0.0	0.0	0.005847953216374269	0.0	0.0	0.0	0.0	0.0038314176245210726	0.002702702702702703	0.0	0.0	0.00663716814159292	0.0	0.0	0.0015822784810126582	0.008695652173913044	0.0	0.006666666666666667	0.007194244604316547	0.0	0.004149377593360996
T[C>A]T	0.0	0.017857142857142856	0.014705882352941176	0.014388489208633094	0.023255813953488372	0.012269938650306749	0.014814814814814815	0.021645021645021644	0.03184713375796178	0.007518796992481203	0.008955223880597015	0.006993006993006993	0.0	0.011976047904191617	0.005376344086021506	0.004901960784313725	0.009615384615384616	0.015151515151515152	0.011695906432748537	0.02962962962962963	0.024096385542168676	0.0	0.028846153846153848	0.0038314176245210726	0.010810810810810811	0.022222222222222223	0.0	0.00663716814159292	0.0	0.02666666666666667	0.01740506329113924	0.02608695652173913	0.0	0.0033333333333333335	0.007194244604316547	0.015151515151515152	0.016597510373443983
T[C>G]A	0.0	0.005952380952380952	0.0	0.0035971223021582736	0.0	0.0	0.007407407407407408	0.0	0.0	0.0037593984962406013	0.008955223880597015	0.0	0.01020408163265306	0.0	0.005376344086021506	0.0	0.0	0.0	0.0	0.02962962962962963	0.024096385542168676	0.0	0.0	0.0038314176245210726	0.002702702702702703	0.0	0.007575757575757576	0.02654867256637168	0.0	0.0	0.01740506329113924	0.0	0.02	0.0	0.0	0.011363636363636364	0.008298755186721992
T[C>G]C	0.008733624454148471	0.0	0.0	0.0	0.011627906976744186	0.0	0.003703703703703704	0.004329004329004329	0.006369426751592357	0.007518796992481203	0.008955223880597015	0.0	0.01020408163265306	0.0	0.0	0.0	0.0	0.0	0.011695906432748537	0.0	0.012048192771084338	0.012048192771084338	0.009615384615384616	0.0	0.008108108108108109	0.0	0.015151515151515152	0.017699115044247787	0.0	0.0044444444444444444	0.00949367088607595	0.0	0.0	0.01	0.014388489208633094	0.0	0.008298755186721992
T[C>G]G	0.0	0.0	0.007352941176470588	0.0	0.0	0.0	0.0	0.0	0.0	0.0	0.005970149253731343	0.0	0.0	0.0	0.005376344086021506	0.0	0.0	0.0	0.0	0.0	0.0	0.0	0.0	0.0	0.0	0.0	0.0	0.00663716814159292	0.0	0.0044444444444444444	0.0015822784810126582	0.0	0.0	0.0	0.0	0.003787878787878788	0.0
T[C>G]T	0.008733624454148471	0.0	0.007352941176470588	0.02158273381294964	0.023255813953488372	0.0	0.014814814814814815	0.021645021645021644	0.025477707006369428	0.0037593984962406013	0.01791044776119403	0.0	0.0	0.005988023952095809	0.005376344086021506	0.014705882352941176	0.003205128205128205	0.0	0.0	0.02962962962962963	0.0	0.0	0.009615384615384616	0.0038314176245210726	0.002702702702702703	0.0	0.0	0.02654867256637168	0.008620689655172414	0.008888888888888889	0.02689873417721519	0.008695652173913044	0.02	0.0033333333333333335	0.014388489208633094	0.011363636363636364	0.008298755186721992
T[C>T]A	0.004366812227074236	0.017857142857142856	0.007352941176470588	0.007194244604316547	0.0	0.012269938650306749	0.007407407407407408	0.004329004329004329	0.006369426751592357	0.015037593984962405	0.014925373134328358	0.027972027972027972	0.0	0.011976047904191617	0.005376344086021506	0.0392156862745098	0.016025641025641024	0.0	0.023391812865497075	0.014814814814814815	0.012048192771084338	0.012048192771084338	0.019230769230769232	0.007662835249042145	0.002702702702702703	0.03333333333333333	0.030303030303030304	0.05309734513274336	0.017241379310344827	0.013333333333333334	0.09018987341772151	0.017391304347826087	0.02	0.05	0.007194244604316547	0.01893939393939394	0.004149377593360996
T[C>T]C	0.017467248908296942	0.011904761904761904	0.029411764705882353	0.03237410071942446	0.023255813953488372	0.006134969325153374	0.014814814814814815	0.017316017316017316	0.01910828025477707	0.03383458646616541	0.011940298507462687	0.02097902097902098	0.0	0.023952095808383235	0.026881720430107527	0.049019607843137254	0.028846153846153848	0.0	0.0	0.007407407407407408	0.024096385542168676	0.060240963855421686	0.009615384615384616	0.022988505747126436	0.01891891891891892	0.011111111111111112	0.022727272727272728	0.028761061946902654	0.02586206896551724	0.04	0.03164556962025317	0.008695652173913044	0.02	0.02666666666666667	0.07913669064748201	0.007575757575757576	0.02074688796680498
T[C>T]G	0.026200873362445413	0.08928571428571429	0.007352941176470588	0.02877697841726619	0.03488372093023256	0.049079754601226995	0.040740740740740744	0.03463203463203463	0.012738853503184714	0.03007518796992481	0.023880597014925373	0.02097902097902098	0.07142857142857142	0.023952095808383235	0.021505376344086023	0.0196078431372549	0.02564102564102564	0.045454545454545456	0.07602339181286549	0.007407407407407408	0.04819277108433735	0.024096385542168676	0.028846153846153848	0.034482758620689655	0.03513513513513514	0.05555555555555555	0.022727272727272728	0.05530973451327434	0.02586206896551724	0.017777777777777778	0.07436708860759493	0.043478260869565216	0.1	0.03666666666666667	0.03597122302158273	0.03409090909090909	0.03734439834024896
T[C>T]T	0.008733624454148471	0.023809523809523808	0.0	0.025179856115107913	0.023255813953488372	0.012269938650306749	0.022222222222222223	0.008658008658008658	0.012738853503184714	0.02631578947368421	0.014925373134328358	0.027972027972027972	0.030612244897959183	0.017964071856287425	0.010752688172043012	0.024509803921568627	0.003205128205128205	0.030303030303030304	0.023391812865497075	0.014814814814814815	0.0	0.03614457831325301	0.057692307692307696	0.019157088122605363	0.013513513513513514	0.022222222222222223	0.0	0.048672566371681415	0.0	0.017777777777777778	0.055379746835443035	0.02608695652173913	0.0	0.013333333333333334	0.014388489208633094	0.015151515151515152	0.029045643153526972
T[T>A]A	0.0	0.0	0.0	0.0	0.0	0.006134969325153374	0.007407407407407408	0.0	0.0	0.0037593984962406013	0.005970149253731343	0.0	0.01020408163265306	0.005988023952095809	0.0	0.0	0.003205128205128205	0.0	0.005847953216374269	0.022222222222222223	0.0	0.03614457831325301	0.009615384615384616	0.007662835249042145	0.008108108108108109	0.011111111111111112	0.007575757575757576	0.0022123893805309734	0.0	0.0044444444444444444	0.006329113924050633	0.0	0.0	0.0	0.02158273381294964	0.0	0.0
T[T>A]C	0.004366812227074236	0.0	0.0	0.0	0.0	0.0	0.0	0.0	0.012738853503184714	0.0037593984962406013	0.0	0.006993006993006993	0.0	0.0	0.010752688172043012	0.00980392156862745	0.0	0.0	0.0	0.0	0.0	0.0	0.0	0.007662835249042145	0.010810810810810811	0.011111111111111112	0.0	0.0	0.008620689655172414	0.0044444444444444444	0.006329113924050633	0.0	0.02	0.0	0.0	0.0	0.0
T[T>A]G	0.0	0.0	0.0	0.0	0.0	0.0	0.003703703703703704	0.004329004329004329	0.006369426751592357	0.0	0.0	0.0	0.01020408163265306	0.017964071856287425	0.0	0.00980392156862745	0.0	0.015151515151515152	0.0	0.014814814814814815	0.0	0.0	0.019230769230769232	0.0	0.008108108108108109	0.0	0.0	0.0022123893805309734	0.0	0.017777777777777778	0.0015822784810126582	0.0	0.0	0.006666666666666667	0.0	0.0	0.008298755186721992
T[T>A]T	0.0	0.0	0.0	0.0	0.011627906976744186	0.0	0.003703703703703704	0.0	0.006369426751592357	0.0	0.0	0.006993006993006993	0.01020408163265306	0.011976047904191617	0.0	0.0	0.003205128205128205	0.0	0.0	0.014814814814814815	0.0	0.0	0.009615384615384616	0.0038314176245210726	0.002702702702702703	0.0	0.0	0.00663716814159292	0.0	0.008888888888888889	0.0	0.008695652173913044	0.0	0.0	0.007194244604316547	0.0	0.004149377593360996
T[T>C]A	0.0	0.0	0.014705882352941176	0.0	0.0	0.0	0.003703703703703704	0.004329004329004329	0.0	0.0037593984962406013	0.0029850746268656717	0.0	0.01020408163265306	0.0	0.010752688172043012	0.004901960784313725	0.00641025641025641	0.0	0.005847953216374269	0.0	0.0	0.0	0.0	0.011494252873563218	0.0	0.011111111111111112	0.007575757575757576	0.004424778761061947	0.017241379310344827	0.0044444444444444444	0.004746835443037975	0.0	0.0	0.0	0.0	0.007575757575757576	0.0
T[T>C]C	0.017467248908296942	0.011904761904761904	0.014705882352941176	0.0035971223021582736	0.0	0.006134969325153374	0.003703703703703704	0.0	0.012738853503184714	0.015037593984962405	0.005970149253731343	0.006993006993006993	0.0	0.005988023952095809	0.005376344086021506	0.0	0.009615384615384616	0.0	0.0	0.0	0.0	0.0	0.0	0.011494252873563218	0.005405405405405406	0.0	0.0	0.008849557522123894	0.034482758620689655	0.013333333333333334	0.011075949367088608	0.0	0.0	0.013333333333333334	0.014388489208633094	0.003787878787878788	0.0
T[T>C]G	0.021834061135371178	0.005952380952380952	0.0	0.007194244604316547	0.011627906976744186	0.0	0.003703703703703704	0.012987012987012988	0.012738853503184714	0.007518796992481203	0.0029850746268656717	0.006993006993006993	0.01020408163265306	0.0	0.016129032258064516	0.00980392156862745	0.01282051282051282	0.015151515151515152	0.0	0.0	0.0	0.0	0.0	0.007662835249042145	0.0	0.0	0.0	0.01327433628318584	0.02586206896551724	0.0	0.004746835443037975	0.0	0.0	0.0033333333333333335	0.014388489208633094	0.003787878787878788	0.008298755186721992
T[T>C]T	0.004366812227074236	0.0	0.0	0.0035971223021582736	0.0	0.006134969325153374	0.003703703703703704	0.004329004329004329	0.0	0.015037593984962405	0.008955223880597015	0.006993006993006993	0.0	0.005988023952095809	0.010752688172043012	0.004901960784313725	0.009615384615384616	0.0	0.0	0.007407407407407408	0.0	0.0	0.009615384615384616	0.0	0.008108108108108109	0.0	0.007575757575757576	0.00663716814159292	0.008620689655172414	0.0	0.004746835443037975	0.0	0.02	0.0	0.0	0.015151515151515152	0.0
T[T>G]A	0.004366812227074236	0.017857142857142856	0.007352941176470588	0.0035971223021582736	0.0	0.0	0.0	0.004329004329004329	0.0	0.0	0.014925373134328358	0.0	0.0	0.017964071856287425	0.005376344086021506	0.004901960784313725	0.0	0.015151515151515152	0.0	0.02962962962962963	0.0	0.012048192771084338	0.0	0.007662835249042145	0.0	0.011111111111111112	0.007575757575757576	0.0022123893805309734	0.0	0.0	0.0031645569620253164	0.0	0.0	0.006666666666666667	0.007194244604316547	0.003787878787878788	0.004149377593360996
T[T>G]C	0.0	0.0	0.007352941176470588	0.0	0.0	0.0	0.0	0.004329004329004329	0.0	0.0037593984962406013	0.008955223880597015	0.0	0.0	0.005988023952095809	0.010752688172043012	0.004901960784313725	0.003205128205128205	0.0	0.0	0.007407407407407408	0.012048192771084338	0.0	0.0	0.0	0.0	0.0	0.0	0.0	0.0	0.0044444444444444444	0.0015822784810126582	0.0	0.0	0.006666666666666667	0.0	0.003787878787878788	0.004149377593360996
T[T>G]G	0.0	0.005952380952380952	0.0	0.0035971223021582736	0.0	0.012269938650306749	0.0	0.004329004329004329	0.006369426751592357	0.0037593984962406013	0.0029850746268656717	0.006993006993006993	0.0	0.0	0.005376344086021506	0.0	0.003205128205128205	0.0	0.0	0.007407407407407408	0.0	0.0	0.0	0.0	0.005405405405405406	0.011111111111111112	0.007575757575757576	0.0022123893805309734	0.0	0.0044444444444444444	0.0031645569620253164	0.0	0.0	0.006666666666666667	0.007194244604316547	0.0	0.0
T[T>G]T	0.021834061135371178	0.011904761904761904	0.007352941176470588	0.0035971223021582736	0.011627906976744186	0.012269938650306749	0.003703703703703704	0.004329004329004329	0.012738853503184714	0.0	0.020895522388059702	0.006993006993006993	0.0	0.0	0.021505376344086023	0.014705882352941176	0.00641025641025641	0.0	0.0	0.022222222222222223	0.012048192771084338	0.0	0.009615384615384616	0.007662835249042145	0.008108108108108109	0.011111111111111112	0.007575757575757576	0.004424778761061947	0.0	0.0	0.0015822784810126582	0.0	0.02	0.006666666666666667	0.007194244604316547	0.007575757575757576	0.004149377593360996
