	TCGA-KL-8323-01	TCGA-KL-8324-01	TCGA-KL-8325-01	TCGA-KL-8326-01	TCGA-KL-8327-01	TCGA-KL-8328-01	TCGA-KL-8329-01	TCGA-KL-8330-01	TCGA-KL-8331-01	TCGA-KL-8332-01	TCGA-KL-8333-01	TCGA-KL-8334-01	TCGA-KL-8335-01	TCGA-KL-8336-01	TCGA-KL-8337-01	TCGA-KL-8338-01	TCGA-KL-8339-01	TCGA-KL-8340-01	TCGA-KL-8341-01	TCGA-KL-8342-01	TCGA-KL-8343-01	TCGA-KL-8344-01	TCGA-KL-8345-01	TCGA-KL-8346-01	TCGA-KM-8438-01	TCGA-KM-8439-01	TCGA-KM-8440-01	TCGA-KM-8441-01	TCGA-KM-8442-01	TCGA-KM-8443-01	TCGA-KM-8476-01	TCGA-KM-8477-01	TCGA-KM-8639-01	TCGA-KN-8418-01	TCGA-KN-8419-01	TCGA-KN-8421-01	TCGA-KN-8422-01	TCGA-KN-8423-01	TCGA-KN-8424-01	TCGA-KN-8425-01	TCGA-KN-8426-01	TCGA-KN-8427-01	TCGA-KN-8428-01	TCGA-KN-8429-01	TCGA-KN-8430-01	TCGA-KN-8431-01	TCGA-KN-8432-01	TCGA-KN-8433-01	TCGA-KN-8434-01	TCGA-KN-8435-01	TCGA-KN-8436-01	TCGA-KN-8437-01	TCGA-KO-8403-01	TCGA-KO-8404-01	TCGA-KO-8405-01	TCGA-KO-8406-01	TCGA-KO-8407-01	TCGA-KO-8408-01	TCGA-KO-8409-01	TCGA-KO-8410-01	TCGA-KO-8411-01	TCGA-KO-8413-01	TCGA-KO-8414-01	TCGA-KO-8415-01	TCGA-KO-8416-01	TCGA-KO-8417-01
A[C>A]A	0.023255813953488372	0.0	0.0	0.0	0.0	0.03125	0.05128205128205128	0.1	0.027777777777777776	0.0	0.0	0.0	0.015873015873015872	0.0	0.0	0.0	0.0	0.047619047619047616	0.017857142857142856	0.0	0.023255813953488372	0.0	0.0	0.0	0.08333333333333333	0.0	0.045454545454545456	0.0	0.0	0.025	0.025	0.06666666666666667	0.038461538461538464	0.03571428571428571	0.0	0.0	0.047619047619047616	0.0	0.02564102564102564	0.0	0.02	0.01098901098901099	0.0	0.0	0.019230769230769232	0.0	0.024096385542168676	0.0	0.03225806451612903	0.0	0.0	0.09090909090909091	0.0	0.01639344262295082	0.06666666666666667	0.0	0.0	0.0	0.04	0.0	0.0	0.0	0.0	0.0	0.0	0.0
A[C>A]C	0.0	0.0	0.03333333333333333	0.027777777777777776	0.0	0.03125	0.0	0.0	0.027777777777777776	0.0	0.0	0.0	0.031746031746031744	0.06060606060606061	0.08333333333333333	0.0	0.046153846153846156	0.0	0.0	0.0	0.023255813953488372	0.0	0.0	0.0	0.0	0.06666666666666667	0.09090909090909091	0.041666666666666664	0.0	0.0	0.0	0.0	0.0	0.03571428571428571	0.038461538461538464	0.0	0.047619047619047616	0.0	0.0	0.05	0.02	0.01098901098901099	0.002898550724637681	0.0	0.0	0.0	0.012048192771084338	0.08333333333333333	0.0	0.06666666666666667	0.08333333333333333	0.0	0.0	0.01639344262295082	0.06666666666666667	0.0	0.0	0.013888888888888888	0.0	0.0	0.0	0.0	0.0	0.0	0.0	0.047619047619047616
A[C>A]G	0.0	0.0	0.0	0.0	0.0	0.0	0.0	0.03333333333333333	0.0	0.0	0.0	0.0	0.015873015873015872	0.0	0.0	0.0	0.0	0.0	0.0	0.0	0.023255813953488372	0.0	0.0	0.0	0.041666666666666664	0.0	0.045454545454545456	0.0	0.0	0.0	0.0	0.0	0.0	0.03571428571428571	0.0	0.0	0.0	0.0	0.0	0.0	0.0	0.01098901098901099	0.0	0.0	0.0	0.0	0.0	0.0	0.0	0.0	0.0	0.0	0.0	0.0	0.0	0.0	0.0	0.013888888888888888	0.0	0.04	0.0	0.0	0.0	0.0	0.0	0.0
A[C>A]T	0.0	0.0	0.0	0.027777777777777776	0.0	0.0	0.0	0.0	0.0	0.0	0.0	0.0	0.031746031746031744	0.0	0.0	0.0	0.0	0.0	0.0	0.0	0.0	0.06896551724137931	0.0	0.041666666666666664	0.0	0.0	0.0	0.0	0.0	0.0	0.0	0.03333333333333333	0.0	0.0	0.0	0.0	0.0	0.0	0.0	0.0	0.0	0.0	0.000966183574879227	0.0	0.0	0.0	0.0	0.0	0.0	0.0	0.0	0.0	0.03333333333333333	0.01639344262295082	0.06666666666666667	0.05	0.02857142857142857	0.0	0.0	0.0	0.0	0.05	0.0	0.03225806451612903	0.0	0.0
A[C>G]A	0.023255813953488372	0.0	0.0	0.0	0.0	0.0	0.0	0.0	0.0	0.0	0.043478260869565216	0.0	0.0	0.030303030303030304	0.0	0.0	0.0	0.0	0.0	0.0	0.0	0.0	0.0	0.0	0.0	0.0	0.0	0.0	0.0	0.0	0.0	0.0	0.038461538461538464	0.0	0.0	0.0	0.0	0.0	0.0	0.0	0.0	0.02197802197802198	0.0	0.05	0.0	0.0	0.012048192771084338	0.0	0.0	0.0	0.0	0.0	0.0	0.0	0.0	0.0	0.0	0.027777777777777776	0.0	0.0	0.0	0.0	0.0	0.0	0.0	0.047619047619047616
A[C>G]C	0.0	0.0	0.0	0.0	0.0	0.0	0.0	0.03333333333333333	0.0	0.043478260869565216	0.0	0.0	0.0	0.0	0.0	0.0	0.0	0.047619047619047616	0.0	0.0	0.0	0.0	0.0	0.0	0.0	0.0	0.0	0.0	0.0	0.0	0.0	0.0	0.0	0.0	0.0	0.0	0.0	0.0	0.0	0.0	0.0	0.0	0.0	0.0	0.019230769230769232	0.0	0.012048192771084338	0.0	0.0	0.0	0.0	0.0	0.0	0.0	0.06666666666666667	0.0	0.0	0.0	0.0	0.04	0.0	0.0	0.0	0.0	0.0	0.0
A[C>G]G	0.0	0.0	0.0	0.0	0.03571428571428571	0.0	0.0	0.0	0.0	0.0	0.0	0.0	0.0	0.0	0.0	0.0	0.0	0.0	0.0	0.0	0.023255813953488372	0.0	0.0	0.041666666666666664	0.0	0.0	0.0	0.0	0.0	0.0	0.0	0.0	0.0	0.0	0.0	0.0	0.0	0.0	0.0	0.0	0.0	0.01098901098901099	0.0	0.0	0.019230769230769232	0.047619047619047616	0.0	0.0	0.03225806451612903	0.0	0.0	0.0	0.0	0.0	0.0	0.0	0.0	0.0	0.0	0.0	0.0	0.0	0.0	0.0	0.0	0.0
A[C>G]T	0.0	0.0	0.0	0.027777777777777776	0.0	0.0	0.0	0.06666666666666667	0.0	0.0	0.0	0.0	0.0	0.0	0.0	0.0	0.0	0.0	0.0	0.0	0.0	0.034482758620689655	0.0	0.0	0.0	0.0	0.0	0.0	0.0	0.0	0.0	0.03333333333333333	0.07692307692307693	0.0	0.0	0.0	0.047619047619047616	0.0	0.0	0.05	0.0	0.02197802197802198	0.000966183574879227	0.05	0.0	0.0	0.0	0.0	0.0	0.0	0.0	0.0	0.03333333333333333	0.0	0.0	0.0	0.0	0.013888888888888888	0.0	0.0	0.0	0.0	0.0	0.0	0.0	0.0
A[C>T]A	0.0	0.02564102564102564	0.0	0.05555555555555555	0.07142857142857142	0.03125	0.02564102564102564	0.0	0.0	0.08695652173913043	0.0	0.0	0.031746031746031744	0.030303030303030304	0.041666666666666664	0.03333333333333333	0.015384615384615385	0.0	0.0	0.038461538461538464	0.0	0.06896551724137931	0.0	0.0	0.0	0.0	0.0	0.125	0.0	0.05	0.0	0.0	0.038461538461538464	0.0	0.0	0.03333333333333333	0.0	0.0	0.0	0.0	0.02	0.01098901098901099	0.007729468599033816	0.0	0.0	0.0	0.012048192771084338	0.0	0.0	0.0	0.0	0.0	0.0	0.0	0.06666666666666667	0.0	0.0	0.013888888888888888	0.04	0.04	0.038461538461538464	0.05	0.038461538461538464	0.0	0.0	0.0
A[C>T]C	0.046511627906976744	0.02564102564102564	0.03333333333333333	0.0	0.0	0.0	0.02564102564102564	0.06666666666666667	0.027777777777777776	0.0	0.0	0.0	0.047619047619047616	0.030303030303030304	0.0	0.0	0.0	0.0	0.0	0.0	0.0	0.0	0.05555555555555555	0.0	0.0	0.0	0.0	0.041666666666666664	0.0	0.025	0.075	0.03333333333333333	0.0	0.03571428571428571	0.038461538461538464	0.0	0.047619047619047616	0.0	0.0	0.0	0.0	0.03296703296703297	0.007729468599033816	0.15	0.0	0.0	0.0	0.041666666666666664	0.0	0.03333333333333333	0.0	0.0	0.0	0.01639344262295082	0.06666666666666667	0.05	0.02857142857142857	0.013888888888888888	0.0	0.04	0.0	0.0	0.0	0.03225806451612903	0.0	0.0
A[C>T]G	0.09302325581395349	0.10256410256410256	0.06666666666666667	0.027777777777777776	0.10714285714285714	0.125	0.07692307692307693	0.16666666666666666	0.16666666666666666	0.043478260869565216	0.08695652173913043	0.058823529411764705	0.1746031746031746	0.030303030303030304	0.041666666666666664	0.13333333333333333	0.046153846153846156	0.0	0.05357142857142857	0.038461538461538464	0.046511627906976744	0.034482758620689655	0.1111111111111111	0.08333333333333333	0.125	0.0	0.09090909090909091	0.041666666666666664	0.07407407407407407	0.05	0.175	0.03333333333333333	0.0	0.0	0.11538461538461539	0.06666666666666667	0.047619047619047616	0.045454545454545456	0.02564102564102564	0.15	0.08	0.02197802197802198	0.21835748792270532	0.0	0.057692307692307696	0.09523809523809523	0.0963855421686747	0.041666666666666664	0.03225806451612903	0.06666666666666667	0.16666666666666666	0.0	0.16666666666666666	0.11475409836065574	0.0	0.05	0.17142857142857143	0.05555555555555555	0.2	0.0	0.07692307692307693	0.1	0.19230769230769232	0.16129032258064516	0.11538461538461539	0.14285714285714285
A[C>T]T	0.0	0.0	0.0	0.027777777777777776	0.0	0.03125	0.0	0.0	0.0	0.043478260869565216	0.043478260869565216	0.0	0.0	0.0	0.0	0.03333333333333333	0.03076923076923077	0.0	0.017857142857142856	0.038461538461538464	0.0	0.10344827586206896	0.0	0.0	0.0	0.06666666666666667	0.045454545454545456	0.041666666666666664	0.037037037037037035	0.025	0.0	0.0	0.0	0.0	0.0	0.0	0.0	0.0	0.0	0.0	0.0	0.0	0.00676328502415459	0.0	0.0	0.0	0.03614457831325301	0.0	0.0967741935483871	0.03333333333333333	0.0	0.0	0.03333333333333333	0.0	0.0	0.0	0.0	0.0	0.0	0.0	0.0	0.0	0.0	0.0	0.038461538461538464	0.0
A[T>A]A	0.0	0.02564102564102564	0.0	0.0	0.0	0.0	0.0	0.0	0.0	0.0	0.0	0.0	0.0	0.0	0.0	0.0	0.0	0.0	0.0	0.0	0.023255813953488372	0.0	0.0	0.0	0.0	0.0	0.045454545454545456	0.0	0.0	0.0	0.0	0.0	0.0	0.0	0.038461538461538464	0.0	0.0	0.0	0.02564102564102564	0.0	0.0	0.0	0.0	0.0	0.0	0.047619047619047616	0.0	0.041666666666666664	0.0	0.0	0.0	0.0	0.03333333333333333	0.0	0.0	0.0	0.02857142857142857	0.013888888888888888	0.0	0.0	0.0	0.0	0.0	0.03225806451612903	0.0	0.0
A[T>A]C	0.0	0.02564102564102564	0.0	0.0	0.0	0.0	0.0	0.0	0.0	0.0	0.0	0.0	0.031746031746031744	0.0	0.0	0.0	0.0	0.047619047619047616	0.03571428571428571	0.0	0.0	0.0	0.0	0.0	0.0	0.0	0.0	0.0	0.037037037037037035	0.0	0.0	0.0	0.0	0.0	0.0	0.0	0.047619047619047616	0.0	0.02564102564102564	0.0	0.0	0.0	0.000966183574879227	0.0	0.019230769230769232	0.0	0.012048192771084338	0.041666666666666664	0.0	0.06666666666666667	0.041666666666666664	0.09090909090909091	0.0	0.01639344262295082	0.0	0.0	0.02857142857142857	0.0	0.0	0.0	0.0	0.05	0.0	0.0	0.038461538461538464	0.0
A[T>A]G	0.0	0.0	0.0	0.0	0.0	0.03125	0.0	0.0	0.027777777777777776	0.0	0.0	0.0	0.0	0.0	0.0	0.0	0.0	0.0	0.017857142857142856	0.0	0.0	0.0	0.0	0.0	0.0	0.0	0.0	0.0	0.0	0.0	0.0	0.0	0.0	0.0	0.0	0.0	0.0	0.0	0.0	0.0	0.0	0.0	0.0	0.0	0.019230769230769232	0.047619047619047616	0.012048192771084338	0.0	0.0	0.0	0.0	0.0	0.0	0.01639344262295082	0.06666666666666667	0.0	0.0	0.0	0.04	0.0	0.0	0.0	0.0	0.0	0.038461538461538464	0.0
A[T>A]T	0.0	0.0	0.0	0.0	0.0	0.0	0.02564102564102564	0.0	0.0	0.0	0.0	0.058823529411764705	0.0	0.0	0.0	0.03333333333333333	0.0	0.0	0.0	0.038461538461538464	0.0	0.0	0.0	0.0	0.0	0.0	0.0	0.0	0.0	0.025	0.0	0.0	0.0	0.0	0.0	0.0	0.0	0.0	0.0	0.0	0.0	0.0	0.001932367149758454	0.0	0.0	0.0	0.0	0.0	0.0	0.0	0.0	0.0	0.0	0.0	0.0	0.0	0.0	0.013888888888888888	0.0	0.04	0.0	0.0	0.0	0.0	0.0	0.0
A[T>C]A	0.023255813953488372	0.02564102564102564	0.0	0.0	0.0	0.0	0.02564102564102564	0.0	0.0	0.0	0.0	0.0	0.015873015873015872	0.030303030303030304	0.0	0.0	0.015384615384615385	0.0	0.0	0.0	0.023255813953488372	0.0	0.0	0.0	0.0	0.0	0.0	0.0	0.0	0.025	0.0	0.0	0.038461538461538464	0.0	0.038461538461538464	0.03333333333333333	0.0	0.0	0.0	0.0	0.0	0.01098901098901099	0.005797101449275362	0.0	0.0	0.0	0.03614457831325301	0.0	0.0	0.0	0.041666666666666664	0.0	0.0	0.0	0.0	0.0	0.05714285714285714	0.013888888888888888	0.0	0.0	0.038461538461538464	0.0	0.0	0.0	0.0	0.0
A[T>C]C	0.046511627906976744	0.0	0.0	0.0	0.0	0.03125	0.0	0.0	0.0	0.0	0.043478260869565216	0.0	0.0	0.030303030303030304	0.0	0.0	0.0	0.0	0.0	0.0	0.0	0.034482758620689655	0.0	0.0	0.0	0.0	0.0	0.041666666666666664	0.0	0.0	0.0	0.03333333333333333	0.038461538461538464	0.0	0.0	0.0	0.0	0.045454545454545456	0.07692307692307693	0.0	0.0	0.01098901098901099	0.00676328502415459	0.05	0.038461538461538464	0.047619047619047616	0.012048192771084338	0.0	0.0	0.0	0.0	0.0	0.0	0.0	0.0	0.0	0.0	0.0	0.0	0.0	0.0	0.0	0.0	0.0	0.0	0.0
A[T>C]G	0.023255813953488372	0.0	0.03333333333333333	0.0	0.0	0.0625	0.0	0.0	0.027777777777777776	0.0	0.043478260869565216	0.0	0.0	0.0	0.0	0.0	0.0	0.0	0.0	0.038461538461538464	0.0	0.034482758620689655	0.0	0.0	0.0	0.0	0.045454545454545456	0.0	0.037037037037037035	0.0	0.0	0.03333333333333333	0.0	0.0	0.0	0.03333333333333333	0.0	0.0	0.02564102564102564	0.05	0.0	0.01098901098901099	0.011594202898550725	0.0	0.0	0.0	0.0	0.0	0.0	0.0	0.041666666666666664	0.0	0.0	0.01639344262295082	0.0	0.0	0.05714285714285714	0.0	0.0	0.0	0.07692307692307693	0.0	0.07692307692307693	0.0	0.0	0.0
A[T>C]T	0.0	0.0	0.03333333333333333	0.0	0.0	0.03125	0.0	0.03333333333333333	0.0	0.0	0.0	0.058823529411764705	0.015873015873015872	0.030303030303030304	0.0	0.0	0.03076923076923077	0.0	0.0	0.0	0.0	0.0	0.0	0.0	0.0	0.0	0.045454545454545456	0.0	0.037037037037037035	0.0	0.0	0.0	0.0	0.0	0.0	0.03333333333333333	0.0	0.045454545454545456	0.02564102564102564	0.0	0.04	0.01098901098901099	0.002898550724637681	0.05	0.0	0.0	0.012048192771084338	0.041666666666666664	0.0	0.0	0.0	0.0	0.0	0.01639344262295082	0.0	0.0	0.0	0.027777777777777776	0.0	0.0	0.0	0.0	0.0	0.0	0.0	0.0
A[T>G]A	0.0	0.0	0.0	0.0	0.0	0.03125	0.0	0.0	0.0	0.0	0.0	0.0	0.0	0.0	0.0	0.0	0.0	0.0	0.0	0.0	0.0	0.0	0.0	0.0	0.0	0.0	0.0	0.0	0.0	0.0	0.0	0.0	0.0	0.0	0.0	0.0	0.0	0.0	0.0	0.0	0.0	0.0	0.0	0.0	0.0	0.0	0.012048192771084338	0.0	0.0	0.0	0.0	0.0	0.0	0.01639344262295082	0.0	0.0	0.0	0.0	0.0	0.0	0.0	0.0	0.0	0.0	0.0	0.0
A[T>G]C	0.023255813953488372	0.0	0.03333333333333333	0.0	0.0	0.0	0.0	0.0	0.0	0.043478260869565216	0.0	0.0	0.0	0.0	0.0	0.0	0.0	0.0	0.0	0.0	0.0	0.0	0.0	0.0	0.0	0.0	0.0	0.0	0.0	0.0	0.0	0.0	0.0	0.0	0.0	0.0	0.0	0.0	0.0	0.0	0.0	0.01098901098901099	0.0	0.0	0.0	0.0	0.0	0.0	0.0	0.0	0.0	0.0	0.0	0.0	0.0	0.0	0.0	0.0	0.04	0.0	0.0	0.0	0.0	0.0	0.0	0.0
A[T>G]G	0.0	0.0	0.0	0.027777777777777776	0.0	0.0	0.0	0.0	0.0	0.0	0.0	0.0	0.0	0.0	0.0	0.0	0.0	0.0	0.0	0.0	0.0	0.0	0.0	0.041666666666666664	0.0	0.0	0.0	0.0	0.0	0.0	0.0	0.0	0.0	0.0	0.0	0.0	0.0	0.0	0.0	0.0	0.0	0.01098901098901099	0.000966183574879227	0.0	0.0	0.0	0.0	0.0	0.0	0.03333333333333333	0.0	0.0	0.0	0.0	0.0	0.0	0.0	0.0	0.0	0.0	0.0	0.0	0.0	0.0	0.0	0.0
A[T>G]T	0.0	0.0	0.0	0.0	0.0	0.0	0.0	0.0	0.0	0.0	0.0	0.0	0.0	0.0	0.0	0.0	0.0	0.0	0.0	0.0	0.0	0.0	0.0	0.0	0.0	0.0	0.0	0.0	0.0	0.0	0.0	0.0	0.038461538461538464	0.0	0.0	0.0	0.0	0.0	0.0	0.0	0.0	0.01098901098901099	0.0	0.0	0.0	0.0	0.0	0.0	0.0	0.0	0.0	0.0	0.03333333333333333	0.01639344262295082	0.0	0.0	0.02857142857142857	0.0	0.0	0.0	0.0	0.0	0.0	0.0	0.0	0.0
C[C>A]A	0.0	0.0	0.03333333333333333	0.0	0.0	0.0	0.0	0.0	0.027777777777777776	0.0	0.0	0.0	0.0	0.0	0.0	0.0	0.03076923076923077	0.0	0.0	0.0	0.023255813953488372	0.0	0.0	0.0	0.0	0.0	0.0	0.0	0.0	0.025	0.0	0.0	0.0	0.0	0.0	0.0	0.047619047619047616	0.0	0.0	0.0	0.06	0.0	0.002898550724637681	0.0	0.019230769230769232	0.0	0.012048192771084338	0.0	0.0	0.0	0.0	0.0	0.0	0.0	0.0	0.0	0.02857142857142857	0.013888888888888888	0.0	0.04	0.0	0.0	0.0	0.03225806451612903	0.0	0.047619047619047616
C[C>A]C	0.0	0.0	0.0	0.0	0.0	0.0	0.0	0.0	0.0	0.0	0.0	0.0	0.015873015873015872	0.0	0.0	0.0	0.015384615384615385	0.0	0.0	0.038461538461538464	0.0	0.0	0.0	0.0	0.0	0.0	0.045454545454545456	0.041666666666666664	0.0	0.0	0.0	0.0	0.0	0.0	0.038461538461538464	0.0	0.0	0.0	0.0	0.0	0.0	0.02197802197802198	0.003864734299516908	0.0	0.0	0.0	0.0	0.041666666666666664	0.0	0.0	0.041666666666666664	0.0	0.03333333333333333	0.0	0.0	0.05	0.0	0.013888888888888888	0.0	0.0	0.0	0.1	0.0	0.0	0.038461538461538464	0.0
C[C>A]G	0.0	0.0	0.0	0.0	0.0	0.03125	0.02564102564102564	0.0	0.0	0.0	0.0	0.0	0.0	0.0	0.0	0.0	0.015384615384615385	0.0	0.0	0.0	0.0	0.0	0.027777777777777776	0.0	0.0	0.0	0.0	0.0	0.0	0.0	0.025	0.0	0.0	0.0	0.0	0.0	0.0	0.0	0.0	0.0	0.02	0.0	0.001932367149758454	0.0	0.0	0.0	0.0	0.0	0.0	0.0	0.0	0.0	0.0	0.0	0.0	0.0	0.0	0.0	0.0	0.0	0.0	0.0	0.0	0.0	0.0	0.0
C[C>A]T	0.0	0.02564102564102564	0.03333333333333333	0.027777777777777776	0.0	0.0	0.02564102564102564	0.0	0.0	0.0	0.0	0.0	0.015873015873015872	0.0	0.0	0.0	0.015384615384615385	0.0	0.0	0.038461538461538464	0.0	0.0	0.027777777777777776	0.0	0.0	0.0	0.045454545454545456	0.041666666666666664	0.0	0.025	0.0	0.0	0.0	0.0	0.0	0.0	0.0	0.0	0.0	0.0	0.04	0.0	0.011594202898550725	0.0	0.0	0.047619047619047616	0.012048192771084338	0.0	0.03225806451612903	0.0	0.0	0.0	0.0	0.01639344262295082	0.0	0.05	0.0	0.013888888888888888	0.0	0.0	0.0	0.0	0.0	0.03225806451612903	0.0	0.0
C[C>G]A	0.0	0.02564102564102564	0.0	0.0	0.0	0.0	0.0	0.0	0.0	0.0	0.0	0.0	0.0	0.0	0.0	0.0	0.015384615384615385	0.0	0.0	0.0	0.0	0.0	0.0	0.0	0.0	0.0	0.0	0.0	0.0	0.0	0.0	0.0	0.0	0.0	0.0	0.0	0.0	0.0	0.0	0.0	0.0	0.03296703296703297	0.0	0.05	0.0	0.0	0.0	0.0	0.0	0.03333333333333333	0.0	0.0	0.0	0.0	0.0	0.0	0.02857142857142857	0.0	0.0	0.0	0.0	0.0	0.038461538461538464	0.03225806451612903	0.0	0.0
C[C>G]C	0.0	0.0	0.0	0.0	0.0	0.0	0.0	0.0	0.0	0.0	0.0	0.0	0.0	0.0	0.0	0.0	0.015384615384615385	0.0	0.017857142857142856	0.0	0.0	0.0	0.0	0.0	0.0	0.0	0.0	0.0	0.0	0.0	0.0	0.0	0.0	0.0	0.0	0.0	0.0	0.0	0.0	0.0	0.0	0.0	0.0	0.0	0.019230769230769232	0.0	0.0	0.0	0.0	0.0	0.0	0.0	0.0	0.01639344262295082	0.0	0.0	0.0	0.0	0.04	0.0	0.0	0.0	0.0	0.0	0.0	0.0
C[C>G]G	0.0	0.0	0.0	0.0	0.0	0.0	0.0	0.0	0.0	0.0	0.0	0.0	0.0	0.0	0.0	0.0	0.0	0.0	0.0	0.0	0.0	0.0	0.0	0.0	0.0	0.0	0.0	0.0	0.0	0.0	0.0	0.0	0.0	0.0	0.0	0.0	0.0	0.0	0.0	0.0	0.0	0.0	0.000966183574879227	0.0	0.0	0.0	0.0	0.0	0.0	0.0	0.0	0.0	0.0	0.0	0.0	0.0	0.0	0.0	0.0	0.0	0.0	0.0	0.0	0.0	0.038461538461538464	0.0
C[C>G]T	0.0	0.0	0.0	0.0	0.0	0.0	0.0	0.0	0.0	0.0	0.043478260869565216	0.0	0.0	0.0	0.0	0.0	0.015384615384615385	0.0	0.0	0.0	0.0	0.0	0.0	0.0	0.0	0.0	0.0	0.0	0.0	0.0	0.025	0.0	0.07692307692307693	0.0	0.0	0.0	0.0	0.0	0.0	0.0	0.0	0.01098901098901099	0.0	0.0	0.0	0.0	0.012048192771084338	0.0	0.0	0.0	0.0	0.0	0.03333333333333333	0.0	0.0	0.0	0.0	0.0	0.0	0.0	0.0	0.0	0.0	0.03225806451612903	0.0	0.0
C[C>T]A	0.0	0.05128205128205128	0.0	0.05555555555555555	0.03571428571428571	0.09375	0.0	0.0	0.027777777777777776	0.0	0.0	0.0	0.015873015873015872	0.06060606060606061	0.041666666666666664	0.0	0.0	0.0	0.017857142857142856	0.038461538461538464	0.023255813953488372	0.034482758620689655	0.027777777777777776	0.0	0.0	0.06666666666666667	0.0	0.041666666666666664	0.0	0.0	0.0	0.0	0.038461538461538464	0.03571428571428571	0.0	0.0	0.0	0.045454545454545456	0.0	0.05	0.02	0.02197802197802198	0.000966183574879227	0.0	0.0	0.0	0.0	0.0	0.03225806451612903	0.0	0.0	0.0	0.03333333333333333	0.01639344262295082	0.0	0.05	0.0	0.027777777777777776	0.0	0.0	0.038461538461538464	0.0	0.0	0.0	0.0	0.047619047619047616
C[C>T]C	0.023255813953488372	0.0	0.03333333333333333	0.0	0.03571428571428571	0.0	0.0	0.0	0.0	0.0	0.043478260869565216	0.0	0.015873015873015872	0.0	0.041666666666666664	0.03333333333333333	0.06153846153846154	0.0	0.0	0.0	0.023255813953488372	0.0	0.05555555555555555	0.0	0.0	0.0	0.0	0.0	0.0	0.025	0.0	0.03333333333333333	0.0	0.0	0.0	0.03333333333333333	0.0	0.0	0.0	0.0	0.0	0.01098901098901099	0.002898550724637681	0.0	0.019230769230769232	0.0	0.024096385542168676	0.0	0.03225806451612903	0.06666666666666667	0.0	0.09090909090909091	0.06666666666666667	0.03278688524590164	0.06666666666666667	0.0	0.0	0.013888888888888888	0.0	0.08	0.0	0.0	0.0	0.0	0.038461538461538464	0.047619047619047616
C[C>T]G	0.11627906976744186	0.1282051282051282	0.06666666666666667	0.05555555555555555	0.07142857142857142	0.09375	0.15384615384615385	0.06666666666666667	0.027777777777777776	0.0	0.043478260869565216	0.058823529411764705	0.06349206349206349	0.0	0.041666666666666664	0.16666666666666666	0.09230769230769231	0.09523809523809523	0.10714285714285714	0.0	0.023255813953488372	0.0	0.027777777777777776	0.08333333333333333	0.125	0.06666666666666667	0.0	0.08333333333333333	0.037037037037037035	0.075	0.05	0.03333333333333333	0.07692307692307693	0.03571428571428571	0.11538461538461539	0.06666666666666667	0.0	0.09090909090909091	0.05128205128205128	0.0	0.06	0.0	0.17391304347826086	0.15	0.038461538461538464	0.047619047619047616	0.024096385542168676	0.08333333333333333	0.06451612903225806	0.03333333333333333	0.125	0.0	0.03333333333333333	0.11475409836065574	0.0	0.1	0.02857142857142857	0.027777777777777776	0.0	0.16	0.11538461538461539	0.05	0.07692307692307693	0.06451612903225806	0.038461538461538464	0.14285714285714285
C[C>T]T	0.0	0.02564102564102564	0.0	0.0	0.03571428571428571	0.0	0.0	0.0	0.08333333333333333	0.0	0.0	0.0	0.0	0.030303030303030304	0.0	0.0	0.0	0.047619047619047616	0.017857142857142856	0.07692307692307693	0.0	0.0	0.027777777777777776	0.0	0.0	0.0	0.0	0.0	0.0	0.0	0.0	0.0	0.0	0.0	0.038461538461538464	0.0	0.047619047619047616	0.0	0.02564102564102564	0.05	0.0	0.02197802197802198	0.000966183574879227	0.0	0.0	0.0	0.012048192771084338	0.0	0.0	0.0	0.0	0.0	0.03333333333333333	0.01639344262295082	0.0	0.0	0.0	0.0	0.12	0.0	0.0	0.0	0.0	0.03225806451612903	0.0	0.047619047619047616
C[T>A]A	0.0	0.0	0.0	0.0	0.0	0.0	0.02564102564102564	0.0	0.0	0.0	0.0	0.0	0.0	0.0	0.0	0.0	0.015384615384615385	0.0	0.0	0.0	0.046511627906976744	0.0	0.0	0.0	0.0	0.0	0.0	0.0	0.0	0.0	0.0	0.0	0.0	0.0	0.0	0.0	0.0	0.0	0.0	0.0	0.0	0.0	0.0	0.0	0.0	0.0	0.012048192771084338	0.0	0.0	0.0	0.0	0.0	0.0	0.0	0.0	0.0	0.0	0.0	0.0	0.0	0.0	0.0	0.0	0.0	0.0	0.0
C[T>A]C	0.0	0.0	0.0	0.0	0.0	0.0	0.02564102564102564	0.0	0.0	0.043478260869565216	0.0	0.0	0.0	0.0	0.0	0.0	0.0	0.0	0.0	0.038461538461538464	0.0	0.0	0.027777777777777776	0.0	0.0	0.0	0.045454545454545456	0.0	0.0	0.0	0.0	0.0	0.038461538461538464	0.0	0.0	0.0	0.0	0.0	0.0	0.0	0.0	0.0	0.000966183574879227	0.05	0.0	0.047619047619047616	0.012048192771084338	0.041666666666666664	0.0	0.0	0.041666666666666664	0.0	0.0	0.01639344262295082	0.0	0.05	0.0	0.0	0.0	0.0	0.0	0.0	0.0	0.0	0.038461538461538464	0.0
C[T>A]G	0.0	0.02564102564102564	0.0	0.027777777777777776	0.0	0.0	0.0	0.0	0.0	0.043478260869565216	0.0	0.0	0.0	0.0	0.0	0.0	0.015384615384615385	0.0	0.017857142857142856	0.038461538461538464	0.0	0.034482758620689655	0.0	0.041666666666666664	0.0	0.0	0.0	0.0	0.037037037037037035	0.0	0.0	0.03333333333333333	0.0	0.0	0.0	0.0	0.047619047619047616	0.0	0.0	0.0	0.0	0.01098901098901099	0.0	0.0	0.0	0.0	0.012048192771084338	0.0	0.0	0.0	0.0	0.0	0.0	0.0	0.0	0.0	0.0	0.041666666666666664	0.0	0.0	0.0	0.0	0.0	0.03225806451612903	0.038461538461538464	0.0
C[T>A]T	0.0	0.0	0.0	0.027777777777777776	0.0	0.0	0.0	0.0	0.0	0.0	0.0	0.0	0.031746031746031744	0.0	0.0	0.0	0.0	0.0	0.0	0.0	0.0	0.0	0.0	0.0	0.0	0.0	0.0	0.0	0.0	0.0	0.0	0.0	0.0	0.0	0.0	0.0	0.0	0.0	0.0	0.0	0.0	0.0	0.000966183574879227	0.0	0.019230769230769232	0.0	0.0	0.0	0.0	0.0	0.041666666666666664	0.0	0.0	0.0	0.06666666666666667	0.0	0.0	0.013888888888888888	0.0	0.04	0.0	0.0	0.0	0.0	0.0	0.0
C[T>C]A	0.0	0.02564102564102564	0.0	0.027777777777777776	0.0	0.0	0.0	0.0	0.0	0.0	0.0	0.058823529411764705	0.015873015873015872	0.0	0.0	0.0	0.0	0.047619047619047616	0.0	0.0	0.0	0.06896551724137931	0.027777777777777776	0.0	0.0	0.0	0.045454545454545456	0.041666666666666664	0.0	0.0	0.0	0.0	0.0	0.0	0.0	0.0	0.0	0.045454545454545456	0.02564102564102564	0.0	0.02	0.0	0.005797101449275362	0.0	0.0	0.0	0.0	0.0	0.0	0.03333333333333333	0.0	0.0	0.03333333333333333	0.01639344262295082	0.0	0.0	0.0	0.013888888888888888	0.0	0.0	0.038461538461538464	0.05	0.0	0.0	0.038461538461538464	0.047619047619047616
C[T>C]C	0.046511627906976744	0.0	0.0	0.05555555555555555	0.10714285714285714	0.03125	0.02564102564102564	0.0	0.027777777777777776	0.043478260869565216	0.0	0.11764705882352941	0.0	0.06060606060606061	0.041666666666666664	0.03333333333333333	0.015384615384615385	0.0	0.0	0.0	0.09302325581395349	0.06896551724137931	0.05555555555555555	0.041666666666666664	0.0	0.13333333333333333	0.0	0.0	0.0	0.025	0.05	0.0	0.0	0.17857142857142858	0.038461538461538464	0.03333333333333333	0.047619047619047616	0.0	0.02564102564102564	0.05	0.02	0.0	0.003864734299516908	0.0	0.038461538461538464	0.09523809523809523	0.0	0.041666666666666664	0.0	0.0	0.0	0.0	0.0	0.03278688524590164	0.06666666666666667	0.05	0.0	0.027777777777777776	0.04	0.0	0.07692307692307693	0.0	0.038461538461538464	0.0	0.038461538461538464	0.0
C[T>C]G	0.023255813953488372	0.0	0.0	0.0	0.0	0.0	0.0	0.0	0.0	0.0	0.0	0.0	0.0	0.0	0.0	0.03333333333333333	0.015384615384615385	0.047619047619047616	0.0	0.0	0.0	0.0	0.0	0.0	0.0	0.0	0.045454545454545456	0.0	0.07407407407407407	0.025	0.0	0.0	0.0	0.0	0.0	0.0	0.0	0.045454545454545456	0.02564102564102564	0.0	0.0	0.01098901098901099	0.015458937198067632	0.0	0.019230769230769232	0.0	0.0	0.0	0.0	0.03333333333333333	0.0	0.0	0.0	0.01639344262295082	0.0	0.0	0.0	0.0	0.0	0.04	0.038461538461538464	0.0	0.0	0.0	0.038461538461538464	0.0
C[T>C]T	0.023255813953488372	0.05128205128205128	0.03333333333333333	0.027777777777777776	0.0	0.0	0.0	0.06666666666666667	0.0	0.0	0.13043478260869565	0.0	0.031746031746031744	0.06060606060606061	0.041666666666666664	0.03333333333333333	0.046153846153846156	0.14285714285714285	0.017857142857142856	0.11538461538461539	0.023255813953488372	0.034482758620689655	0.0	0.041666666666666664	0.0	0.06666666666666667	0.0	0.0	0.07407407407407407	0.025	0.025	0.03333333333333333	0.0	0.03571428571428571	0.07692307692307693	0.03333333333333333	0.047619047619047616	0.13636363636363635	0.02564102564102564	0.05	0.02	0.02197802197802198	0.005797101449275362	0.0	0.0	0.0	0.024096385542168676	0.0	0.03225806451612903	0.1	0.0	0.09090909090909091	0.06666666666666667	0.0	0.06666666666666667	0.0	0.02857142857142857	0.0	0.04	0.04	0.0	0.1	0.038461538461538464	0.03225806451612903	0.0	0.0
C[T>G]A	0.0	0.0	0.0	0.0	0.0	0.0	0.0	0.0	0.0	0.0	0.0	0.0	0.0	0.0	0.0	0.0	0.0	0.0	0.0	0.0	0.0	0.0	0.0	0.0	0.0	0.0	0.0	0.041666666666666664	0.0	0.0	0.0	0.03333333333333333	0.0	0.0	0.0	0.0	0.0	0.0	0.0	0.0	0.0	0.0	0.0	0.0	0.0	0.0	0.0	0.0	0.0	0.0	0.0	0.0	0.0	0.0	0.0	0.0	0.0	0.0	0.0	0.0	0.0	0.0	0.0	0.0	0.0	0.0
C[T>G]C	0.0	0.0	0.0	0.0	0.0	0.0	0.0	0.03333333333333333	0.0	0.0	0.0	0.0	0.0	0.0	0.0	0.0	0.0	0.0	0.0	0.0	0.023255813953488372	0.0	0.0	0.0	0.0	0.0	0.0	0.0	0.0	0.0	0.0	0.0	0.0	0.0	0.0	0.0	0.0	0.0	0.0	0.0	0.0	0.01098901098901099	0.003864734299516908	0.05	0.0	0.0	0.0	0.0	0.0	0.0	0.0	0.0	0.0	0.01639344262295082	0.0	0.0	0.0	0.013888888888888888	0.0	0.04	0.0	0.0	0.0	0.03225806451612903	0.0	0.0
C[T>G]G	0.0	0.0	0.0	0.0	0.0	0.0	0.0	0.0	0.0	0.0	0.043478260869565216	0.0	0.0	0.0	0.0	0.0	0.0	0.0	0.0	0.0	0.0	0.0	0.0	0.0	0.0	0.0	0.0	0.0	0.037037037037037035	0.0	0.0	0.0	0.0	0.03571428571428571	0.0	0.0	0.047619047619047616	0.0	0.0	0.0	0.0	0.01098901098901099	0.0	0.0	0.019230769230769232	0.0	0.0	0.0	0.0	0.0	0.0	0.09090909090909091	0.0	0.0	0.0	0.0	0.0	0.0	0.0	0.0	0.0	0.0	0.0	0.0	0.0	0.0
C[T>G]T	0.023255813953488372	0.0	0.0	0.027777777777777776	0.0	0.0	0.0	0.0	0.0	0.0	0.0	0.0	0.0	0.0	0.0	0.0	0.0	0.0	0.0	0.038461538461538464	0.0	0.0	0.0	0.0	0.0	0.0	0.0	0.0	0.0	0.0	0.0	0.0	0.038461538461538464	0.0	0.0	0.0	0.0	0.0	0.0	0.0	0.02	0.07692307692307693	0.002898550724637681	0.0	0.0	0.0	0.0	0.0	0.0	0.0	0.0	0.0	0.0	0.0	0.0	0.05	0.0	0.0	0.0	0.04	0.0	0.0	0.0	0.0	0.0	0.0
G[C>A]A	0.023255813953488372	0.02564102564102564	0.0	0.05555555555555555	0.07142857142857142	0.0	0.02564102564102564	0.0	0.0	0.0	0.0	0.0	0.031746031746031744	0.030303030303030304	0.0	0.03333333333333333	0.046153846153846156	0.0	0.0	0.0	0.0	0.034482758620689655	0.027777777777777776	0.0	0.0	0.0	0.045454545454545456	0.041666666666666664	0.0	0.0	0.0	0.0	0.0	0.0	0.0	0.0	0.0	0.0	0.02564102564102564	0.05	0.0	0.0	0.000966183574879227	0.0	0.0	0.047619047619047616	0.0	0.0	0.0	0.03333333333333333	0.0	0.0	0.0	0.01639344262295082	0.0	0.0	0.02857142857142857	0.013888888888888888	0.04	0.0	0.0	0.05	0.0	0.0	0.0	0.047619047619047616
G[C>A]C	0.023255813953488372	0.0	0.0	0.0	0.0	0.0	0.0	0.0	0.0	0.0	0.0	0.0	0.015873015873015872	0.0	0.0	0.03333333333333333	0.0	0.0	0.0	0.0	0.046511627906976744	0.0	0.0	0.0	0.0	0.0	0.0	0.0	0.0	0.0	0.025	0.0	0.0	0.0	0.0	0.0	0.047619047619047616	0.0	0.0	0.0	0.0	0.0	0.002898550724637681	0.0	0.019230769230769232	0.0	0.024096385542168676	0.0	0.03225806451612903	0.03333333333333333	0.0	0.0	0.0	0.03278688524590164	0.0	0.1	0.0	0.0	0.0	0.0	0.0	0.0	0.038461538461538464	0.0	0.038461538461538464	0.047619047619047616
G[C>A]G	0.0	0.0	0.0	0.027777777777777776	0.0	0.0	0.0	0.0	0.0	0.0	0.0	0.0	0.0	0.0	0.0	0.0	0.03076923076923077	0.0	0.0	0.0	0.023255813953488372	0.0	0.0	0.0	0.0	0.0	0.0	0.0	0.037037037037037035	0.0	0.0	0.0	0.0	0.0	0.0	0.0	0.0	0.0	0.0	0.0	0.0	0.0	0.0	0.0	0.019230769230769232	0.0	0.0	0.0	0.0	0.0	0.0	0.0	0.0	0.0	0.0	0.0	0.0	0.0	0.0	0.0	0.0	0.0	0.0	0.0	0.0	0.0
G[C>A]T	0.046511627906976744	0.02564102564102564	0.0	0.027777777777777776	0.0	0.0	0.0	0.0	0.0	0.0	0.0	0.0	0.015873015873015872	0.0	0.0	0.0	0.015384615384615385	0.0	0.0	0.0	0.023255813953488372	0.0	0.027777777777777776	0.0	0.0	0.0	0.0	0.041666666666666664	0.0	0.0	0.0	0.03333333333333333	0.0	0.0	0.0	0.0	0.047619047619047616	0.0	0.0	0.0	0.04	0.02197802197802198	0.004830917874396135	0.0	0.0	0.0	0.012048192771084338	0.0	0.0	0.03333333333333333	0.0	0.0	0.03333333333333333	0.0	0.0	0.0	0.02857142857142857	0.013888888888888888	0.0	0.0	0.0	0.0	0.0	0.03225806451612903	0.038461538461538464	0.0
G[C>G]A	0.0	0.0	0.0	0.0	0.0	0.0	0.0	0.0	0.0	0.0	0.0	0.0	0.0	0.030303030303030304	0.0	0.0	0.0	0.0	0.017857142857142856	0.0	0.0	0.0	0.0	0.0	0.0	0.0	0.0	0.0	0.0	0.0	0.0	0.0	0.0	0.0	0.0	0.0	0.0	0.0	0.0	0.0	0.0	0.0	0.0	0.0	0.0	0.0	0.0	0.0	0.0	0.0	0.0	0.0	0.0	0.0	0.0	0.0	0.0	0.013888888888888888	0.0	0.0	0.0	0.0	0.0	0.0	0.0	0.0
G[C>G]C	0.0	0.0	0.0	0.0	0.0	0.0	0.0	0.03333333333333333	0.0	0.0	0.0	0.0	0.0	0.0	0.0	0.0	0.015384615384615385	0.0	0.0	0.0	0.023255813953488372	0.0	0.0	0.041666666666666664	0.0	0.0	0.0	0.0	0.0	0.0	0.0	0.0	0.0	0.0	0.0	0.0	0.0	0.0	0.0	0.0	0.0	0.0	0.0	0.0	0.019230769230769232	0.0	0.024096385542168676	0.0	0.03225806451612903	0.0	0.0	0.0	0.0	0.0	0.0	0.0	0.0	0.027777777777777776	0.0	0.0	0.0	0.0	0.0	0.0	0.038461538461538464	0.0
G[C>G]G	0.0	0.0	0.0	0.0	0.0	0.0	0.0	0.0	0.0	0.0	0.0	0.0	0.0	0.030303030303030304	0.0	0.0	0.0	0.0	0.0	0.0	0.0	0.0	0.0	0.0	0.0	0.0	0.0	0.0	0.0	0.0	0.0	0.0	0.0	0.0	0.0	0.0	0.0	0.0	0.0	0.0	0.0	0.01098901098901099	0.0	0.0	0.0	0.0	0.0	0.0	0.0	0.0	0.0	0.0	0.0	0.0	0.0	0.0	0.0	0.0	0.0	0.0	0.038461538461538464	0.0	0.0	0.0	0.0	0.0
G[C>G]T	0.0	0.0	0.0	0.0	0.0	0.0	0.0	0.0	0.0	0.0	0.043478260869565216	0.0	0.031746031746031744	0.0	0.0	0.0	0.015384615384615385	0.0	0.017857142857142856	0.038461538461538464	0.023255813953488372	0.0	0.0	0.0	0.0	0.0	0.0	0.0	0.0	0.025	0.0	0.0	0.0	0.0	0.0	0.0	0.0	0.09090909090909091	0.0	0.0	0.0	0.0	0.000966183574879227	0.0	0.0	0.0	0.012048192771084338	0.0	0.03225806451612903	0.0	0.0	0.0	0.0	0.0	0.0	0.0	0.0	0.0	0.0	0.0	0.0	0.0	0.0	0.0	0.0	0.0
G[C>T]A	0.046511627906976744	0.0	0.0	0.0	0.0	0.03125	0.0	0.03333333333333333	0.027777777777777776	0.0	0.0	0.058823529411764705	0.0	0.0	0.0	0.0	0.015384615384615385	0.0	0.0	0.038461538461538464	0.0	0.0	0.0	0.0	0.0	0.0	0.045454545454545456	0.0	0.0	0.0	0.0	0.0	0.0	0.0	0.0	0.03333333333333333	0.09523809523809523	0.0	0.0	0.0	0.04	0.03296703296703297	0.01932367149758454	0.0	0.038461538461538464	0.0	0.012048192771084338	0.0	0.03225806451612903	0.0	0.0	0.0	0.0	0.04918032786885246	0.0	0.0	0.0	0.013888888888888888	0.0	0.04	0.0	0.0	0.0	0.0	0.0	0.047619047619047616
G[C>T]C	0.023255813953488372	0.0	0.03333333333333333	0.027777777777777776	0.07142857142857142	0.0	0.0	0.0	0.027777777777777776	0.08695652173913043	0.0	0.0	0.06349206349206349	0.06060606060606061	0.041666666666666664	0.0	0.015384615384615385	0.047619047619047616	0.017857142857142856	0.038461538461538464	0.0	0.034482758620689655	0.0	0.041666666666666664	0.0	0.0	0.0	0.0	0.037037037037037035	0.05	0.025	0.03333333333333333	0.038461538461538464	0.03571428571428571	0.0	0.0	0.0	0.0	0.02564102564102564	0.0	0.02	0.03296703296703297	0.03285024154589372	0.05	0.0	0.047619047619047616	0.012048192771084338	0.041666666666666664	0.03225806451612903	0.0	0.0	0.0	0.0	0.0	0.0	0.05	0.02857142857142857	0.0	0.04	0.0	0.0	0.0	0.0	0.0	0.038461538461538464	0.0
G[C>T]G	0.06976744186046512	0.05128205128205128	0.13333333333333333	0.08333333333333333	0.07142857142857142	0.03125	0.07692307692307693	0.06666666666666667	0.1111111111111111	0.13043478260869565	0.043478260869565216	0.058823529411764705	0.031746031746031744	0.06060606060606061	0.125	0.06666666666666667	0.015384615384615385	0.14285714285714285	0.07142857142857142	0.07692307692307693	0.09302325581395349	0.034482758620689655	0.05555555555555555	0.125	0.2916666666666667	0.13333333333333333	0.09090909090909091	0.0	0.18518518518518517	0.075	0.125	0.06666666666666667	0.0	0.07142857142857142	0.0	0.2	0.0	0.09090909090909091	0.1282051282051282	0.0	0.08	0.04395604395604396	0.2251207729468599	0.1	0.038461538461538464	0.047619047619047616	0.14457831325301204	0.08333333333333333	0.1935483870967742	0.0	0.08333333333333333	0.09090909090909091	0.06666666666666667	0.06557377049180328	0.0	0.15	0.05714285714285714	0.041666666666666664	0.12	0.0	0.15384615384615385	0.05	0.038461538461538464	0.03225806451612903	0.07692307692307693	0.09523809523809523
G[C>T]T	0.0	0.0	0.0	0.0	0.03571428571428571	0.03125	0.02564102564102564	0.0	0.0	0.0	0.043478260869565216	0.0	0.0	0.0	0.041666666666666664	0.0	0.015384615384615385	0.0	0.017857142857142856	0.0	0.0	0.034482758620689655	0.0	0.041666666666666664	0.0	0.0	0.045454545454545456	0.0	0.0	0.025	0.0	0.03333333333333333	0.038461538461538464	0.07142857142857142	0.038461538461538464	0.0	0.0	0.0	0.02564102564102564	0.0	0.04	0.02197802197802198	0.01642512077294686	0.0	0.019230769230769232	0.047619047619047616	0.012048192771084338	0.0	0.0	0.03333333333333333	0.08333333333333333	0.0	0.0	0.03278688524590164	0.0	0.0	0.0	0.013888888888888888	0.0	0.0	0.038461538461538464	0.0	0.0	0.0	0.0	0.0
G[T>A]A	0.0	0.0	0.03333333333333333	0.0	0.0	0.0	0.02564102564102564	0.0	0.0	0.0	0.0	0.058823529411764705	0.0	0.0	0.0	0.03333333333333333	0.0	0.0	0.0	0.0	0.0	0.0	0.0	0.0	0.0	0.0	0.0	0.041666666666666664	0.0	0.0	0.0	0.0	0.0	0.03571428571428571	0.0	0.03333333333333333	0.0	0.0	0.0	0.0	0.0	0.0	0.001932367149758454	0.0	0.0	0.047619047619047616	0.0	0.0	0.0	0.0	0.0	0.09090909090909091	0.0	0.0	0.0	0.0	0.0	0.0	0.0	0.0	0.0	0.0	0.0	0.0	0.038461538461538464	0.0
G[T>A]C	0.0	0.02564102564102564	0.0	0.0	0.0	0.0	0.0	0.0	0.0	0.0	0.0	0.0	0.0	0.0	0.0	0.0	0.0	0.0	0.0	0.0	0.0	0.0	0.0	0.0	0.0	0.0	0.0	0.0	0.0	0.05	0.0	0.0	0.0	0.0	0.0	0.0	0.0	0.045454545454545456	0.0	0.0	0.0	0.0	0.000966183574879227	0.0	0.0	0.0	0.0	0.041666666666666664	0.03225806451612903	0.0	0.0	0.0	0.03333333333333333	0.0	0.0	0.0	0.0	0.0	0.0	0.0	0.0	0.0	0.0	0.0	0.0	0.0
G[T>A]G	0.0	0.0	0.0	0.027777777777777776	0.0	0.0	0.02564102564102564	0.0	0.0	0.043478260869565216	0.0	0.0	0.0	0.0	0.0	0.0	0.0	0.0	0.0	0.0	0.023255813953488372	0.034482758620689655	0.0	0.0	0.0	0.0	0.0	0.0	0.0	0.0	0.0	0.0	0.0	0.0	0.0	0.03333333333333333	0.0	0.0	0.0	0.0	0.0	0.0	0.000966183574879227	0.0	0.0	0.0	0.0	0.0	0.0	0.0	0.0	0.0	0.0	0.0	0.0	0.0	0.0	0.0	0.0	0.0	0.0	0.0	0.0	0.0	0.0	0.0
G[T>A]T	0.0	0.0	0.0	0.0	0.0	0.0	0.02564102564102564	0.0	0.0	0.0	0.043478260869565216	0.0	0.0	0.0	0.0	0.03333333333333333	0.0	0.0	0.0	0.0	0.023255813953488372	0.0	0.0	0.0	0.0	0.0	0.0	0.0	0.0	0.0	0.0	0.0	0.0	0.0	0.0	0.0	0.0	0.0	0.0	0.0	0.0	0.0	0.0	0.0	0.0	0.0	0.012048192771084338	0.0	0.0	0.0	0.0	0.0	0.0	0.0	0.0	0.0	0.0	0.0	0.0	0.04	0.0	0.0	0.038461538461538464	0.06451612903225806	0.0	0.0
G[T>C]A	0.0	0.02564102564102564	0.03333333333333333	0.0	0.0	0.0	0.02564102564102564	0.0	0.0	0.0	0.0	0.0	0.0	0.0	0.0	0.03333333333333333	0.0	0.0	0.017857142857142856	0.0	0.023255813953488372	0.034482758620689655	0.05555555555555555	0.0	0.0	0.0	0.0	0.0	0.0	0.0	0.025	0.0	0.0	0.0	0.07692307692307693	0.0	0.0	0.0	0.02564102564102564	0.05	0.0	0.0	0.01932367149758454	0.0	0.019230769230769232	0.0	0.0	0.0	0.0	0.0	0.0	0.0	0.0	0.01639344262295082	0.0	0.0	0.0	0.013888888888888888	0.0	0.0	0.0	0.0	0.0	0.03225806451612903	0.038461538461538464	0.0
G[T>C]C	0.023255813953488372	0.07692307692307693	0.03333333333333333	0.0	0.07142857142857142	0.0	0.02564102564102564	0.03333333333333333	0.027777777777777776	0.0	0.043478260869565216	0.0	0.0	0.030303030303030304	0.0	0.0	0.03076923076923077	0.047619047619047616	0.017857142857142856	0.038461538461538464	0.0	0.0	0.0	0.041666666666666664	0.041666666666666664	0.06666666666666667	0.0	0.0	0.0	0.025	0.0	0.06666666666666667	0.0	0.07142857142857142	0.11538461538461539	0.0	0.0	0.045454545454545456	0.0	0.05	0.02	0.02197802197802198	0.002898550724637681	0.05	0.038461538461538464	0.047619047619047616	0.024096385542168676	0.041666666666666664	0.0	0.06666666666666667	0.041666666666666664	0.0	0.03333333333333333	0.0	0.0	0.05	0.0	0.05555555555555555	0.0	0.16	0.07692307692307693	0.0	0.038461538461538464	0.0	0.0	0.0
G[T>C]G	0.0	0.0	0.03333333333333333	0.027777777777777776	0.03571428571428571	0.0	0.0	0.0	0.0	0.0	0.0	0.11764705882352941	0.015873015873015872	0.0	0.041666666666666664	0.0	0.0	0.047619047619047616	0.0	0.0	0.0	0.034482758620689655	0.0	0.0	0.0	0.0	0.0	0.0	0.0	0.0	0.0	0.0	0.07692307692307693	0.0	0.0	0.0	0.0	0.045454545454545456	0.0	0.0	0.0	0.0	0.011594202898550725	0.0	0.0	0.047619047619047616	0.0	0.0	0.0	0.0	0.0	0.0	0.0	0.0	0.0	0.0	0.0	0.0	0.04	0.0	0.0	0.0	0.0	0.0	0.0	0.0
G[T>C]T	0.023255813953488372	0.0	0.03333333333333333	0.0	0.0	0.0	0.02564102564102564	0.03333333333333333	0.0	0.0	0.0	0.0	0.0	0.0	0.041666666666666664	0.03333333333333333	0.0	0.0	0.0	0.0	0.046511627906976744	0.0	0.027777777777777776	0.0	0.0	0.0	0.045454545454545456	0.0	0.037037037037037035	0.075	0.0	0.0	0.038461538461538464	0.03571428571428571	0.0	0.06666666666666667	0.047619047619047616	0.045454545454545456	0.0	0.0	0.0	0.01098901098901099	0.007729468599033816	0.0	0.038461538461538464	0.047619047619047616	0.0	0.08333333333333333	0.0	0.03333333333333333	0.0	0.09090909090909091	0.03333333333333333	0.0	0.06666666666666667	0.0	0.02857142857142857	0.0	0.0	0.0	0.0	0.05	0.07692307692307693	0.0	0.0	0.0
G[T>G]A	0.0	0.02564102564102564	0.03333333333333333	0.0	0.0	0.0	0.0	0.0	0.027777777777777776	0.0	0.0	0.0	0.0	0.0	0.0	0.0	0.0	0.0	0.0	0.0	0.0	0.0	0.0	0.0	0.0	0.0	0.0	0.0	0.0	0.0	0.0	0.0	0.0	0.0	0.0	0.06666666666666667	0.0	0.0	0.0	0.0	0.0	0.0	0.0	0.0	0.0	0.0	0.0	0.0	0.0	0.0	0.0	0.0	0.0	0.0	0.0	0.0	0.0	0.0	0.0	0.0	0.0	0.0	0.0	0.0	0.0	0.0
G[T>G]C	0.0	0.0	0.0	0.0	0.0	0.0	0.0	0.0	0.0	0.0	0.0	0.0	0.0	0.0	0.0	0.0	0.0	0.0	0.0	0.0	0.0	0.0	0.027777777777777776	0.0	0.0	0.0	0.0	0.0	0.0	0.0	0.0	0.0	0.0	0.0	0.0	0.0	0.0	0.0	0.0	0.0	0.0	0.0	0.0	0.0	0.0	0.0	0.0	0.0	0.0	0.0	0.0	0.0	0.0	0.0	0.0	0.0	0.0	0.0	0.0	0.04	0.0	0.0	0.0	0.0	0.0	0.0
G[T>G]G	0.0	0.0	0.0	0.0	0.0	0.0	0.0	0.0	0.0	0.0	0.0	0.0	0.0	0.0	0.0	0.0	0.0	0.0	0.0	0.0	0.023255813953488372	0.0	0.0	0.041666666666666664	0.0	0.0	0.0	0.0	0.0	0.0	0.0	0.0	0.0	0.0	0.0	0.0	0.0	0.0	0.0	0.05	0.0	0.01098901098901099	0.001932367149758454	0.0	0.0	0.0	0.012048192771084338	0.0	0.0	0.0	0.0	0.0	0.0	0.0	0.0	0.0	0.0	0.0	0.0	0.0	0.0	0.05	0.0	0.0	0.0	0.0
G[T>G]T	0.0	0.0	0.0	0.0	0.0	0.0	0.0	0.0	0.0	0.0	0.0	0.0	0.0	0.0	0.0	0.0	0.015384615384615385	0.0	0.0	0.0	0.0	0.0	0.0	0.0	0.041666666666666664	0.0	0.0	0.0	0.0	0.0	0.0	0.0	0.0	0.0	0.0	0.0	0.0	0.0	0.0	0.0	0.0	0.01098901098901099	0.000966183574879227	0.0	0.0	0.0	0.0	0.0	0.0	0.0	0.0	0.0	0.0	0.0	0.0	0.0	0.0	0.0	0.0	0.0	0.0	0.0	0.0	0.0	0.0	0.0
T[C>A]A	0.0	0.0	0.0	0.05555555555555555	0.03571428571428571	0.0625	0.02564102564102564	0.0	0.05555555555555555	0.0	0.043478260869565216	0.0	0.015873015873015872	0.0	0.041666666666666664	0.0	0.015384615384615385	0.0	0.05357142857142857	0.0	0.023255813953488372	0.034482758620689655	0.0	0.0	0.0	0.0	0.0	0.041666666666666664	0.0	0.0	0.05	0.03333333333333333	0.0	0.03571428571428571	0.038461538461538464	0.03333333333333333	0.0	0.0	0.05128205128205128	0.0	0.02	0.0	0.000966183574879227	0.0	0.038461538461538464	0.047619047619047616	0.0	0.0	0.0	0.0	0.041666666666666664	0.0	0.03333333333333333	0.0	0.0	0.0	0.0	0.013888888888888888	0.0	0.0	0.0	0.0	0.038461538461538464	0.0	0.0	0.047619047619047616
T[C>A]C	0.0	0.02564102564102564	0.0	0.0	0.0	0.0	0.0	0.0	0.0	0.0	0.0	0.0	0.047619047619047616	0.030303030303030304	0.041666666666666664	0.0	0.0	0.047619047619047616	0.017857142857142856	0.0	0.023255813953488372	0.0	0.05555555555555555	0.0	0.041666666666666664	0.0	0.0	0.0	0.0	0.025	0.0	0.0	0.038461538461538464	0.0	0.0	0.03333333333333333	0.0	0.0	0.0	0.05	0.02	0.01098901098901099	0.003864734299516908	0.05	0.038461538461538464	0.0	0.012048192771084338	0.041666666666666664	0.0	0.0	0.041666666666666664	0.09090909090909091	0.0	0.03278688524590164	0.0	0.0	0.0	0.0	0.0	0.0	0.0	0.0	0.038461538461538464	0.0	0.0	0.0
T[C>A]G	0.0	0.0	0.0	0.0	0.0	0.0	0.0	0.0	0.0	0.0	0.043478260869565216	0.0	0.0	0.0	0.0	0.03333333333333333	0.0	0.0	0.0	0.0	0.023255813953488372	0.0	0.0	0.041666666666666664	0.0	0.0	0.045454545454545456	0.0	0.0	0.0	0.025	0.0	0.0	0.0	0.0	0.0	0.0	0.0	0.0	0.0	0.0	0.0	0.000966183574879227	0.0	0.0	0.0	0.0	0.0	0.0	0.0	0.0	0.0	0.0	0.01639344262295082	0.0	0.0	0.0	0.0	0.0	0.0	0.0	0.0	0.0	0.0	0.0	0.0
T[C>A]T	0.0	0.0	0.0	0.0	0.0	0.0	0.05128205128205128	0.03333333333333333	0.05555555555555555	0.0	0.0	0.0	0.0	0.0	0.041666666666666664	0.06666666666666667	0.046153846153846156	0.0	0.017857142857142856	0.0	0.0	0.0	0.0	0.0	0.041666666666666664	0.06666666666666667	0.0	0.0	0.0	0.025	0.0	0.0	0.0	0.0	0.0	0.0	0.047619047619047616	0.0	0.0	0.05	0.02	0.04395604395604396	0.000966183574879227	0.0	0.019230769230769232	0.0	0.0	0.0	0.0	0.03333333333333333	0.0	0.0	0.06666666666666667	0.01639344262295082	0.0	0.0	0.0	0.0	0.0	0.0	0.0	0.0	0.038461538461538464	0.03225806451612903	0.0	0.0
T[C>G]A	0.023255813953488372	0.0	0.0	0.0	0.0	0.03125	0.0	0.0	0.0	0.0	0.0	0.0	0.015873015873015872	0.0	0.0	0.0	0.015384615384615385	0.0	0.0	0.038461538461538464	0.0	0.0	0.0	0.0	0.0	0.0	0.0	0.0	0.0	0.0	0.0	0.0	0.0	0.0	0.0	0.0	0.0	0.0	0.0	0.0	0.02	0.01098901098901099	0.0	0.0	0.038461538461538464	0.0	0.0	0.0	0.0	0.03333333333333333	0.0	0.0	0.0	0.0	0.06666666666666667	0.0	0.0	0.027777777777777776	0.0	0.0	0.0	0.0	0.0	0.0	0.0	0.0
T[C>G]C	0.0	0.02564102564102564	0.0	0.0	0.0	0.0	0.0	0.0	0.0	0.0	0.0	0.0	0.0	0.0	0.0	0.0	0.0	0.0	0.0	0.0	0.0	0.034482758620689655	0.027777777777777776	0.0	0.0	0.0	0.0	0.0	0.0	0.0	0.0	0.0	0.0	0.0	0.0	0.03333333333333333	0.047619047619047616	0.0	0.02564102564102564	0.0	0.02	0.03296703296703297	0.0	0.0	0.0	0.0	0.0	0.0	0.0	0.0	0.0	0.0	0.0	0.0	0.0	0.0	0.0	0.013888888888888888	0.0	0.0	0.0	0.0	0.0	0.0	0.0	0.0
T[C>G]G	0.0	0.0	0.0	0.0	0.0	0.0	0.02564102564102564	0.0	0.0	0.043478260869565216	0.0	0.0	0.0	0.0	0.0	0.0	0.0	0.0	0.0	0.0	0.0	0.0	0.0	0.0	0.0	0.0	0.0	0.0	0.0	0.0	0.0	0.0	0.0	0.0	0.0	0.0	0.0	0.0	0.0	0.0	0.0	0.01098901098901099	0.0	0.0	0.0	0.0	0.0	0.0	0.0	0.0	0.0	0.18181818181818182	0.0	0.03278688524590164	0.0	0.0	0.0	0.0	0.0	0.0	0.0	0.0	0.0	0.0	0.0	0.0
T[C>G]T	0.023255813953488372	0.02564102564102564	0.0	0.0	0.03571428571428571	0.0	0.02564102564102564	0.0	0.027777777777777776	0.043478260869565216	0.0	0.0	0.0	0.0	0.0	0.0	0.03076923076923077	0.0	0.017857142857142856	0.0	0.023255813953488372	0.0	0.0	0.041666666666666664	0.0	0.0	0.0	0.0	0.0	0.025	0.0	0.0	0.038461538461538464	0.0	0.0	0.06666666666666667	0.047619047619047616	0.0	0.0	0.0	0.02	0.02197802197802198	0.000966183574879227	0.0	0.038461538461538464	0.0	0.03614457831325301	0.0	0.0	0.0	0.0	0.0	0.0	0.0	0.06666666666666667	0.0	0.02857142857142857	0.027777777777777776	0.08	0.0	0.0	0.05	0.0	0.0	0.0	0.0
T[C>T]A	0.023255813953488372	0.0	0.0	0.0	0.0	0.0	0.0	0.0	0.0	0.0	0.0	0.0	0.015873015873015872	0.030303030303030304	0.041666666666666664	0.0	0.015384615384615385	0.047619047619047616	0.017857142857142856	0.038461538461538464	0.0	0.0	0.05555555555555555	0.0	0.0	0.06666666666666667	0.0	0.0	0.037037037037037035	0.1	0.025	0.0	0.0	0.03571428571428571	0.038461538461538464	0.0	0.0	0.0	0.05128205128205128	0.05	0.02	0.0	0.00676328502415459	0.05	0.019230769230769232	0.0	0.04819277108433735	0.125	0.06451612903225806	0.0	0.0	0.0	0.0	0.03278688524590164	0.0	0.0	0.0	0.027777777777777776	0.0	0.0	0.038461538461538464	0.0	0.0	0.03225806451612903	0.0	0.0
T[C>T]C	0.0	0.0	0.1	0.027777777777777776	0.0	0.03125	0.0	0.0	0.027777777777777776	0.043478260869565216	0.0	0.11764705882352941	0.0	0.030303030303030304	0.0	0.0	0.015384615384615385	0.047619047619047616	0.03571428571428571	0.038461538461538464	0.023255813953488372	0.0	0.0	0.0	0.0	0.0	0.0	0.0	0.0	0.0	0.05	0.06666666666666667	0.0	0.07142857142857142	0.0	0.0	0.0	0.0	0.05128205128205128	0.0	0.04	0.03296703296703297	0.008695652173913044	0.0	0.038461538461538464	0.0	0.012048192771084338	0.0	0.06451612903225806	0.03333333333333333	0.0	0.0	0.0	0.04918032786885246	0.0	0.05	0.08571428571428572	0.041666666666666664	0.0	0.04	0.0	0.05	0.0	0.03225806451612903	0.0	0.047619047619047616
T[C>T]G	0.06976744186046512	0.02564102564102564	0.03333333333333333	0.0	0.03571428571428571	0.03125	0.05128205128205128	0.06666666666666667	0.08333333333333333	0.043478260869565216	0.0	0.058823529411764705	0.031746031746031744	0.030303030303030304	0.041666666666666664	0.03333333333333333	0.046153846153846156	0.0	0.10714285714285714	0.038461538461538464	0.0	0.0	0.05555555555555555	0.08333333333333333	0.125	0.06666666666666667	0.0	0.16666666666666666	0.1111111111111111	0.0	0.125	0.13333333333333333	0.0	0.03571428571428571	0.0	0.0	0.0	0.0	0.0	0.05	0.0	0.01098901098901099	0.09855072463768116	0.0	0.038461538461538464	0.0	0.07228915662650602	0.0	0.06451612903225806	0.0	0.0	0.0	0.0	0.0	0.06666666666666667	0.0	0.08571428571428572	0.09722222222222222	0.08	0.0	0.0	0.1	0.0	0.0967741935483871	0.07692307692307693	0.0
T[C>T]T	0.0	0.0	0.0	0.0	0.0	0.0	0.0	0.0	0.0	0.0	0.043478260869565216	0.0	0.015873015873015872	0.030303030303030304	0.041666666666666664	0.0	0.015384615384615385	0.047619047619047616	0.10714285714285714	0.0	0.023255813953488372	0.0	0.05555555555555555	0.0	0.0	0.13333333333333333	0.0	0.0	0.0	0.0	0.025	0.06666666666666667	0.0	0.03571428571428571	0.038461538461538464	0.0	0.0	0.045454545454545456	0.05128205128205128	0.05	0.04	0.054945054945054944	0.003864734299516908	0.0	0.057692307692307696	0.0	0.012048192771084338	0.0	0.03225806451612903	0.0	0.0	0.0	0.0	0.0	0.0	0.05	0.05714285714285714	0.0	0.0	0.0	0.038461538461538464	0.0	0.0	0.0	0.0	0.0
T[T>A]A	0.0	0.0	0.0	0.027777777777777776	0.0	0.0	0.0	0.0	0.0	0.0	0.0	0.058823529411764705	0.0	0.0	0.0	0.0	0.0	0.0	0.0	0.0	0.0	0.0	0.0	0.0	0.0	0.0	0.0	0.0	0.0	0.025	0.0	0.0	0.0	0.0	0.038461538461538464	0.0	0.0	0.0	0.0	0.0	0.0	0.01098901098901099	0.000966183574879227	0.0	0.0	0.0	0.0	0.0	0.0	0.0	0.0	0.0	0.0	0.0	0.0	0.0	0.0	0.0	0.0	0.0	0.0	0.0	0.0	0.0	0.0	0.0
T[T>A]C	0.0	0.0	0.0	0.0	0.0	0.0	0.0	0.0	0.0	0.043478260869565216	0.0	0.0	0.0	0.0	0.0	0.0	0.0	0.0	0.03571428571428571	0.0	0.0	0.0	0.0	0.0	0.0	0.0	0.0	0.0	0.0	0.0	0.0	0.0	0.0	0.0	0.0	0.0	0.0	0.0	0.0	0.0	0.02	0.0	0.0	0.0	0.0	0.0	0.0	0.0	0.0	0.0	0.041666666666666664	0.0	0.0	0.0	0.0	0.0	0.0	0.013888888888888888	0.0	0.0	0.0	0.0	0.0	0.0	0.0	0.0
T[T>A]G	0.0	0.0	0.0	0.0	0.0	0.03125	0.0	0.0	0.0	0.08695652173913043	0.0	0.0	0.015873015873015872	0.0	0.0	0.0	0.0	0.0	0.0	0.0	0.0	0.0	0.0	0.0	0.0	0.0	0.0	0.0	0.0	0.0	0.025	0.0	0.0	0.0	0.0	0.03333333333333333	0.0	0.0	0.02564102564102564	0.0	0.0	0.0	0.0	0.0	0.0	0.0	0.0	0.0	0.0	0.0	0.041666666666666664	0.0	0.0	0.0	0.0	0.0	0.0	0.027777777777777776	0.0	0.0	0.0	0.0	0.0	0.0	0.0	0.0
T[T>A]T	0.0	0.02564102564102564	0.03333333333333333	0.027777777777777776	0.0	0.0	0.0	0.03333333333333333	0.0	0.0	0.043478260869565216	0.0	0.0	0.0	0.0	0.0	0.0	0.0	0.0	0.0	0.0	0.0	0.0	0.041666666666666664	0.0	0.0	0.0	0.041666666666666664	0.0	0.0	0.0	0.0	0.0	0.0	0.038461538461538464	0.0	0.0	0.0	0.02564102564102564	0.0	0.0	0.0	0.0	0.0	0.0	0.0	0.024096385542168676	0.0	0.0	0.0	0.0	0.0	0.0	0.0	0.0	0.0	0.0	0.0	0.0	0.0	0.038461538461538464	0.0	0.038461538461538464	0.0	0.0	0.047619047619047616
T[T>C]A	0.0	0.0	0.0	0.0	0.0	0.0	0.0	0.0	0.0	0.0	0.0	0.058823529411764705	0.0	0.0	0.0	0.0	0.0	0.0	0.017857142857142856	0.0	0.0	0.0	0.0	0.0	0.0	0.0	0.0	0.0	0.0	0.0	0.0	0.0	0.0	0.0	0.0	0.0	0.0	0.045454545454545456	0.0	0.0	0.0	0.0	0.000966183574879227	0.0	0.0	0.0	0.0	0.0	0.0	0.0	0.0	0.0	0.0	0.0	0.0	0.0	0.0	0.0	0.0	0.0	0.0	0.0	0.0	0.0	0.0	0.0
T[T>C]C	0.0	0.0	0.0	0.0	0.0	0.0	0.0	0.0	0.0	0.0	0.043478260869565216	0.0	0.015873015873015872	0.0	0.041666666666666664	0.03333333333333333	0.0	0.0	0.017857142857142856	0.0	0.023255813953488372	0.034482758620689655	0.0	0.0	0.041666666666666664	0.0	0.0	0.0	0.037037037037037035	0.0	0.0	0.0	0.0	0.0	0.0	0.0	0.0	0.045454545454545456	0.0	0.0	0.0	0.03296703296703297	0.000966183574879227	0.0	0.038461538461538464	0.0	0.012048192771084338	0.0	0.0	0.0	0.0	0.0	0.0	0.0	0.0	0.0	0.02857142857142857	0.027777777777777776	0.0	0.0	0.0	0.0	0.038461538461538464	0.0	0.0	0.0
T[T>C]G	0.0	0.0	0.03333333333333333	0.0	0.0	0.0	0.0	0.0	0.0	0.0	0.0	0.0	0.0	0.030303030303030304	0.0	0.0	0.0	0.0	0.017857142857142856	0.0	0.0	0.0	0.0	0.0	0.0	0.0	0.0	0.0	0.0	0.0	0.025	0.0	0.07692307692307693	0.0	0.0	0.0	0.0	0.0	0.0	0.0	0.02	0.01098901098901099	0.000966183574879227	0.0	0.0	0.0	0.0	0.0	0.0	0.0	0.0	0.0	0.03333333333333333	0.0	0.0	0.0	0.0	0.0	0.0	0.0	0.0	0.0	0.0	0.0	0.0	0.0
T[T>C]T	0.023255813953488372	0.0	0.0	0.027777777777777776	0.03571428571428571	0.0	0.02564102564102564	0.0	0.027777777777777776	0.0	0.0	0.0	0.0	0.030303030303030304	0.0	0.0	0.0	0.0	0.0	0.0	0.0	0.0	0.027777777777777776	0.041666666666666664	0.0	0.0	0.0	0.0	0.0	0.0	0.0	0.0	0.038461538461538464	0.0	0.0	0.0	0.047619047619047616	0.0	0.05128205128205128	0.0	0.02	0.0	0.002898550724637681	0.0	0.0	0.047619047619047616	0.0	0.0	0.0	0.03333333333333333	0.0	0.0	0.0	0.01639344262295082	0.0	0.0	0.0	0.013888888888888888	0.0	0.0	0.038461538461538464	0.05	0.038461538461538464	0.03225806451612903	0.0	0.0
T[T>G]A	0.0	0.0	0.0	0.0	0.0	0.0	0.0	0.0	0.0	0.0	0.0	0.0	0.0	0.0	0.0	0.0	0.0	0.0	0.0	0.0	0.0	0.0	0.0	0.0	0.0	0.0	0.0	0.0	0.0	0.0	0.0	0.0	0.038461538461538464	0.0	0.0	0.0	0.0	0.0	0.0	0.0	0.0	0.0	0.0	0.05	0.0	0.0	0.0	0.0	0.0	0.0	0.0	0.0	0.0	0.0	0.0	0.0	0.0	0.0	0.0	0.0	0.0	0.0	0.038461538461538464	0.0	0.0	0.0
T[T>G]C	0.0	0.0	0.0	0.0	0.0	0.03125	0.0	0.0	0.0	0.043478260869565216	0.0	0.0	0.0	0.0	0.041666666666666664	0.0	0.0	0.0	0.0	0.0	0.0	0.034482758620689655	0.0	0.0	0.0	0.0	0.0	0.0	0.0	0.0	0.0	0.0	0.0	0.0	0.0	0.0	0.0	0.0	0.02564102564102564	0.05	0.0	0.0	0.0	0.0	0.0	0.0	0.0	0.0	0.0	0.03333333333333333	0.0	0.0	0.0	0.0	0.0	0.0	0.0	0.0	0.0	0.0	0.0	0.0	0.0	0.0	0.038461538461538464	0.0
T[T>G]G	0.0	0.0	0.0	0.0	0.0	0.0	0.0	0.0	0.0	0.0	0.0	0.0	0.0	0.06060606060606061	0.0	0.0	0.0	0.0	0.017857142857142856	0.0	0.0	0.0	0.027777777777777776	0.0	0.0	0.0	0.0	0.0	0.0	0.0	0.0	0.0	0.0	0.0	0.0	0.0	0.0	0.0	0.0	0.0	0.02	0.0	0.0	0.0	0.0	0.0	0.0	0.0	0.0	0.0	0.0	0.0	0.0	0.0	0.0	0.0	0.0	0.013888888888888888	0.0	0.0	0.0	0.0	0.0	0.03225806451612903	0.0	0.0
T[T>G]T	0.0	0.02564102564102564	0.0	0.0	0.0	0.0	0.0	0.0	0.0	0.0	0.0	0.0	0.0	0.0	0.0	0.03333333333333333	0.0	0.0	0.0	0.0	0.0	0.0	0.0	0.0	0.0	0.0	0.0	0.0	0.037037037037037035	0.025	0.0	0.03333333333333333	0.0	0.0	0.0	0.0	0.0	0.0	0.0	0.0	0.0	0.0	0.0	0.0	0.0	0.0	0.012048192771084338	0.041666666666666664	0.0	0.0	0.0	0.0	0.0	0.0	0.0	0.0	0.0	0.0	0.0	0.0	0.0	0.0	0.0	0.0	0.0	0.0
