	TCGA-RZ-AB0B-01	TCGA-V3-A9ZX-01	TCGA-V3-A9ZY-01	TCGA-V4-A9E5-01	TCGA-V4-A9E7-01	TCGA-V4-A9E8-01	TCGA-V4-A9E9-01	TCGA-V4-A9EA-01	TCGA-V4-A9EC-01	TCGA-V4-A9ED-01	TCGA-V4-A9EE-01	TCGA-V4-A9EF-01	TCGA-V4-A9EH-01	TCGA-V4-A9EI-01	TCGA-V4-A9EJ-01	TCGA-V4-A9EK-01	TCGA-V4-A9EL-01	TCGA-V4-A9EM-01	TCGA-V4-A9EO-01	TCGA-V4-A9EQ-01	TCGA-V4-A9ES-01	TCGA-V4-A9ET-01	TCGA-V4-A9EU-01	TCGA-V4-A9EV-01	TCGA-V4-A9EW-01	TCGA-V4-A9EX-01	TCGA-V4-A9EY-01	TCGA-V4-A9EZ-01	TCGA-V4-A9F0-01	TCGA-V4-A9F1-01	TCGA-V4-A9F2-01	TCGA-V4-A9F3-01	TCGA-V4-A9F4-01	TCGA-V4-A9F5-01	TCGA-V4-A9F7-01	TCGA-V4-A9F8-01	TCGA-VD-A8K7-01	TCGA-VD-A8K8-01	TCGA-VD-A8K9-01	TCGA-VD-A8KA-01	TCGA-VD-A8KB-01	TCGA-VD-A8KD-01	TCGA-VD-A8KE-01	TCGA-VD-A8KF-01	TCGA-VD-A8KG-01	TCGA-VD-A8KH-01	TCGA-VD-A8KI-01	TCGA-VD-A8KJ-01	TCGA-VD-A8KK-01	TCGA-VD-A8KL-01	TCGA-VD-A8KM-01	TCGA-VD-A8KN-01	TCGA-VD-A8KO-01	TCGA-VD-AA8M-01	TCGA-VD-AA8N-01	TCGA-VD-AA8O-01	TCGA-VD-AA8P-01	TCGA-VD-AA8Q-01	TCGA-VD-AA8R-01	TCGA-VD-AA8S-01	TCGA-VD-AA8T-01	TCGA-WC-A87T-01	TCGA-WC-A87U-01	TCGA-WC-A87W-01	TCGA-WC-A87Y-01	TCGA-WC-A880-01	TCGA-WC-A881-01	TCGA-WC-A882-01	TCGA-WC-A883-01	TCGA-WC-A884-01	TCGA-WC-A885-01	TCGA-WC-A888-01	TCGA-WC-A88A-01	TCGA-WC-AA9A-01	TCGA-WC-AA9E-01	TCGA-YZ-A980-01	TCGA-YZ-A982-01	TCGA-YZ-A983-01	TCGA-YZ-A984-01	TCGA-YZ-A985-01
A[C>A]A	0.0	0.0	0.0	0.0	0.0	0.0625	0.0	0.0	0.0	0.0	0.0	0.0	0.0	0.038461538461538464	0.0	0.0	0.0	0.0	0.05	0.0	0.0	0.0	0.0	0.0	0.0	0.0	0.0	0.0	0.0	0.0	0.0	0.0	0.09523809523809523	0.09090909090909091	0.0	0.0	0.0	0.07142857142857142	0.0	0.0625	0.043478260869565216	0.0	0.0	0.1111111111111111	0.0	0.05	0.0	0.0	0.0	0.0	0.0	0.0	0.0	0.0	0.0	0.0	0.0	0.0	0.0	0.0	0.0	0.0	0.0	0.0	0.0	0.0	0.0	0.0	0.0	0.0	0.043478260869565216	0.0	0.0	0.0	0.0	0.0	0.0	0.0	0.0	0.0
A[C>A]C	0.058823529411764705	0.0	0.0	0.0	0.0	0.0	0.0	0.0	0.0	0.0	0.0	0.0	0.0	0.0	0.0	0.0	0.0	0.0	0.0	0.0	0.0	0.0	0.0	0.0	0.07692307692307693	0.0	0.0	0.0	0.0	0.0	0.0	0.0	0.0	0.0	0.0	0.0	0.0	0.0	0.08333333333333333	0.0625	0.0	0.0	0.0	0.0	0.0	0.0	0.0	0.0	0.0	0.0	0.0	0.0	0.0	0.0	0.0	0.05263157894736842	0.0	0.0	0.0	0.0	0.0	0.07692307692307693	0.05263157894736842	0.0	0.0	0.0	0.0	0.0	0.0	0.0	0.0	0.0	0.0	0.0	0.0	0.0	0.0	0.045454545454545456	0.0	0.0
A[C>A]G	0.0	0.0	0.058823529411764705	0.0	0.0	0.0	0.0	0.0	0.0	0.0	0.0	0.0	0.0	0.0	0.0	0.0	0.0	0.0	0.0	0.0	0.0	0.0	0.0	0.0	0.0	0.0	0.0	0.0	0.0	0.0	0.0	0.0	0.0	0.0	0.0	0.041666666666666664	0.0	0.0	0.0	0.0	0.0	0.0	0.0	0.0	0.0	0.0	0.0	0.0	0.0	0.047619047619047616	0.0	0.0	0.0	0.0	0.0	0.0	0.0	0.0	0.0	0.0	0.0	0.0	0.0	0.0	0.0	0.0	0.0	0.0	0.0	0.0	0.0	0.0	0.0	0.0	0.0	0.0	0.0	0.045454545454545456	0.0	0.0
A[C>A]T	0.0	0.09090909090909091	0.0	0.0	0.058823529411764705	0.0	0.0	0.0	0.047619047619047616	0.0	0.0	0.0	0.0	0.0	0.0	0.0	0.0	0.0	0.0	0.0	0.0	0.0	0.0	0.0	0.0	0.0	0.0	0.0	0.0	0.0	0.0	0.0	0.0	0.0	0.0	0.0	0.0	0.0	0.0	0.0	0.0	0.0	0.0	0.0	0.0	0.0	0.0	0.0	0.0	0.047619047619047616	0.0	0.0	0.0	0.0	0.0	0.0	0.0	0.0	0.0	0.0	0.0	0.0	0.0	0.0	0.0	0.0	0.0	0.0	0.0	0.0	0.0	0.0	0.0	0.0	0.0	0.0	0.04	0.0	0.1111111111111111	0.0
A[C>G]A	0.0	0.0	0.0	0.0	0.0	0.0	0.0	0.0	0.0	0.14285714285714285	0.0	0.0	0.0	0.0	0.0	0.0	0.125	0.0	0.0	0.0	0.0	0.0	0.0	0.0	0.0	0.07142857142857142	0.0	0.0	0.0	0.0	0.0	0.0	0.0	0.0	0.0	0.0	0.0	0.0	0.0	0.0	0.0	0.0	0.0	0.0	0.0	0.0	0.0	0.0	0.0	0.0	0.0	0.0	0.0	0.0	0.0	0.0	0.0	0.0	0.0	0.0	0.0	0.0	0.0	0.0	0.0	0.0	0.0	0.0	0.0	0.0	0.0	0.0	0.0	0.0	0.0	0.0	0.0	0.0	0.0	0.0
A[C>G]C	0.0	0.0	0.058823529411764705	0.0	0.058823529411764705	0.0	0.0	0.0	0.0	0.0	0.0	0.125	0.0	0.0	0.0	0.0	0.0	0.0	0.0	0.0	0.0	0.0	0.08333333333333333	0.0	0.0	0.0	0.0	0.0	0.0	0.0	0.0	0.0	0.0	0.0	0.0	0.0	0.0	0.0	0.0	0.0	0.0	0.0	0.043478260869565216	0.0	0.0	0.0	0.0	0.0	0.0	0.0	0.0	0.07142857142857142	0.1	0.0	0.0	0.0	0.0	0.0	0.0	0.0	0.0	0.0	0.0	0.0	0.0	0.0	0.0	0.0	0.0	0.0	0.0	0.0	0.0	0.0	0.0	0.0	0.0	0.0	0.0	0.0
A[C>G]G	0.0	0.0	0.0	0.0	0.0	0.0	0.0	0.0	0.0	0.0	0.0	0.0	0.0	0.0	0.0	0.0	0.0	0.10526315789473684	0.0	0.0	0.0	0.0	0.0	0.0	0.0	0.0	0.0	0.0	0.0	0.1	0.0	0.0	0.0	0.0	0.0	0.0	0.0	0.0	0.0	0.0	0.0	0.0	0.0	0.0	0.0	0.0	0.0	0.07692307692307693	0.0	0.0	0.0	0.0	0.0	0.0	0.0	0.0	0.0	0.0	0.0	0.0	0.0	0.0	0.0	0.0	0.0	0.0	0.0	0.0	0.0	0.0	0.0	0.0	0.0	0.0	0.0	0.0	0.0	0.0	0.0	0.0
A[C>G]T	0.0	0.0	0.0	0.06666666666666667	0.058823529411764705	0.0	0.0	0.0	0.0	0.0	0.0	0.0	0.0	0.0	0.0	0.0	0.0	0.0	0.0	0.0	0.0	0.07692307692307693	0.0	0.0	0.0	0.0	0.0	0.0	0.1	0.0	0.1111111111111111	0.0	0.0	0.09090909090909091	0.0	0.0	0.0	0.0	0.0	0.0	0.0	0.0	0.0	0.0	0.0	0.0	0.0	0.07692307692307693	0.0	0.0	0.0	0.0	0.0	0.038461538461538464	0.0	0.0	0.0	0.047619047619047616	0.0	0.0	0.0	0.0	0.0	0.0	0.0	0.0	0.0	0.0	0.0	0.0	0.0	0.0	0.0	0.07142857142857142	0.043478260869565216	0.0	0.0	0.0	0.0	0.0017543859649122807
A[C>T]A	0.0	0.0	0.058823529411764705	0.0	0.0	0.0	0.0	0.0	0.0	0.0	0.09090909090909091	0.0	0.08333333333333333	0.07692307692307693	0.034482758620689655	0.05555555555555555	0.0	0.05263157894736842	0.0	0.0	0.0	0.07692307692307693	0.0	0.0	0.0	0.07142857142857142	0.0	0.038461538461538464	0.0	0.0	0.0	0.0	0.0	0.0	0.05555555555555555	0.0	0.0	0.07142857142857142	0.0	0.0625	0.08695652173913043	0.0	0.0	0.0	0.0	0.0	0.07692307692307693	0.0	0.0	0.0	0.05263157894736842	0.0	0.0	0.038461538461538464	0.1111111111111111	0.0	0.0	0.0	0.0	0.0	0.0	0.0	0.0	0.0	0.0	0.07692307692307693	0.0	0.06666666666666667	0.07692307692307693	0.0	0.0	0.0	0.0	0.0	0.0	0.0	0.0	0.0	0.2222222222222222	0.0035087719298245615
A[C>T]C	0.0	0.0	0.0	0.0	0.0	0.0	0.0	0.0	0.047619047619047616	0.0	0.0	0.0	0.0	0.0	0.0	0.05555555555555555	0.0	0.0	0.0	0.0	0.0	0.0	0.0	0.0	0.0	0.0	0.11764705882352941	0.0	0.0	0.1	0.0	0.0	0.047619047619047616	0.09090909090909091	0.05555555555555555	0.0	0.0	0.0	0.0	0.0	0.0	0.0	0.0	0.0	0.0	0.05	0.038461538461538464	0.0	0.0	0.0	0.05263157894736842	0.0	0.0	0.0	0.0	0.05263157894736842	0.0	0.0	0.06666666666666667	0.0	0.0	0.07692307692307693	0.10526315789473684	0.1	0.0	0.07692307692307693	0.07142857142857142	0.0	0.15384615384615385	0.0	0.0	0.0	0.058823529411764705	0.0	0.08695652173913043	0.0	0.04	0.0	0.0	0.0017543859649122807
A[C>T]G	0.11764705882352941	0.0	0.058823529411764705	0.0	0.0	0.0625	0.14285714285714285	0.0	0.047619047619047616	0.07142857142857142	0.045454545454545456	0.25	0.0	0.038461538461538464	0.13793103448275862	0.0	0.25	0.05263157894736842	0.05	0.0	0.08333333333333333	0.0	0.0	0.08333333333333333	0.07692307692307693	0.07142857142857142	0.0	0.23076923076923078	0.0	0.0	0.0	0.2727272727272727	0.09523809523809523	0.0	0.05555555555555555	0.0	0.0	0.0	0.0	0.0	0.08695652173913043	0.125	0.08695652173913043	0.0	0.05	0.1	0.11538461538461539	0.07692307692307693	0.0625	0.0	0.10526315789473684	0.14285714285714285	0.2	0.0	0.1111111111111111	0.10526315789473684	0.0	0.0	0.06666666666666667	0.0	0.17647058823529413	0.07692307692307693	0.05263157894736842	0.0	0.08333333333333333	0.0	0.14285714285714285	0.06666666666666667	0.07692307692307693	0.15384615384615385	0.08695652173913043	0.06666666666666667	0.17647058823529413	0.0	0.13043478260869565	0.08333333333333333	0.16	0.18181818181818182	0.0	0.2894736842105263
A[C>T]T	0.0	0.09090909090909091	0.0	0.0	0.058823529411764705	0.0	0.0	0.0	0.047619047619047616	0.0	0.0	0.0	0.0	0.038461538461538464	0.034482758620689655	0.0	0.0	0.0	0.0	0.0	0.0	0.0	0.0	0.08333333333333333	0.0	0.0	0.0	0.0	0.0	0.0	0.0	0.0	0.0	0.0	0.0	0.041666666666666664	0.14285714285714285	0.0	0.0	0.0	0.043478260869565216	0.0	0.043478260869565216	0.0	0.0	0.0	0.0	0.0	0.0	0.047619047619047616	0.05263157894736842	0.0	0.0	0.0	0.0	0.0	0.0	0.0	0.0	0.0	0.0	0.0	0.0	0.0	0.0	0.0	0.0	0.0	0.0	0.0	0.043478260869565216	0.0	0.0	0.07142857142857142	0.043478260869565216	0.0	0.04	0.045454545454545456	0.1111111111111111	0.0
A[T>A]A	0.058823529411764705	0.0	0.0	0.0	0.0	0.0	0.0	0.0	0.0	0.0	0.0	0.0	0.0	0.0	0.0	0.0	0.0	0.0	0.0	0.0	0.0	0.15384615384615385	0.0	0.0	0.0	0.0	0.0	0.0	0.0	0.0	0.0	0.0	0.0	0.0	0.0	0.0	0.0	0.0	0.0	0.0	0.0	0.0	0.0	0.0	0.05	0.0	0.0	0.0	0.0	0.0	0.0	0.0	0.0	0.0	0.0	0.0	0.0	0.0	0.0	0.0	0.0	0.0	0.0	0.0	0.0	0.0	0.0	0.0	0.0	0.0	0.0	0.0	0.0	0.0	0.0	0.0	0.0	0.0	0.0	0.0
A[T>A]C	0.0	0.0	0.0	0.0	0.0	0.0	0.0	0.0	0.0	0.0	0.0	0.125	0.0	0.0	0.0	0.0	0.0	0.0	0.0	0.0	0.0	0.0	0.0	0.0	0.0	0.0	0.0	0.038461538461538464	0.0	0.0	0.0	0.0	0.0	0.0	0.0	0.0	0.0	0.0	0.0	0.0	0.0	0.041666666666666664	0.0	0.0	0.0	0.0	0.0	0.0	0.0	0.0	0.0	0.0	0.0	0.0	0.0	0.0	0.0	0.0	0.0	0.0	0.0	0.0	0.0	0.0	0.08333333333333333	0.0	0.0	0.0	0.0	0.0	0.043478260869565216	0.0	0.0	0.0	0.0	0.0	0.0	0.0	0.0	0.0
A[T>A]G	0.0	0.0	0.0	0.0	0.0	0.0	0.0	0.0	0.0	0.0	0.0	0.0	0.0	0.038461538461538464	0.0	0.0	0.0	0.0	0.0	0.07692307692307693	0.0	0.0	0.0	0.0	0.0	0.0	0.0	0.0	0.0	0.0	0.0	0.0	0.0	0.0	0.0	0.0	0.0	0.07142857142857142	0.0	0.0	0.0	0.0	0.043478260869565216	0.0	0.0	0.0	0.0	0.0	0.0	0.047619047619047616	0.0	0.0	0.0	0.0	0.0	0.0	0.0	0.0	0.0	0.0	0.0	0.0	0.0	0.0	0.0	0.07692307692307693	0.0	0.0	0.0	0.0	0.0	0.0	0.0	0.0	0.043478260869565216	0.0	0.0	0.0	0.0	0.0
A[T>A]T	0.0	0.0	0.0	0.0	0.0	0.0	0.0	0.0	0.0	0.0	0.0	0.0	0.0	0.0	0.0	0.0	0.0	0.0	0.0	0.0	0.0	0.0	0.0	0.0	0.0	0.0	0.0	0.0	0.0	0.0	0.0	0.0	0.0	0.0	0.0	0.0	0.0	0.0	0.0	0.0	0.0	0.0	0.0	0.0	0.0	0.0	0.0	0.0	0.0	0.0	0.0	0.0	0.0	0.0	0.0	0.0	0.0	0.0	0.0	0.0	0.0	0.0	0.0	0.0	0.0	0.07692307692307693	0.0	0.06666666666666667	0.0	0.0	0.0	0.0	0.0	0.07142857142857142	0.0	0.0	0.0	0.0	0.0	0.0
A[T>C]A	0.0	0.0	0.0	0.06666666666666667	0.058823529411764705	0.0	0.0	0.0	0.047619047619047616	0.0	0.0	0.0	0.08333333333333333	0.0	0.0	0.0	0.0	0.0	0.0	0.0	0.0	0.0	0.0	0.08333333333333333	0.0	0.0	0.0	0.0	0.0	0.0	0.1111111111111111	0.0	0.0	0.0	0.0	0.041666666666666664	0.0	0.0	0.0	0.0625	0.0	0.0	0.08695652173913043	0.0	0.1	0.0	0.0	0.0	0.125	0.0	0.05263157894736842	0.0	0.0	0.0	0.0	0.0	0.05555555555555555	0.047619047619047616	0.0	0.0	0.0	0.0	0.0	0.0	0.0	0.0	0.0	0.06666666666666667	0.0	0.0	0.0	0.06666666666666667	0.058823529411764705	0.0	0.0	0.0	0.0	0.0	0.0	0.0017543859649122807
A[T>C]C	0.0	0.0	0.0	0.0	0.0	0.0	0.0	0.0	0.0	0.0	0.0	0.0	0.0	0.0	0.0	0.0	0.0	0.0	0.0	0.0	0.0	0.0	0.0	0.0	0.0	0.0	0.0	0.0	0.0	0.1	0.0	0.0	0.0	0.09090909090909091	0.0	0.041666666666666664	0.0	0.07142857142857142	0.0	0.0	0.0	0.0	0.043478260869565216	0.0	0.0	0.0	0.0	0.0	0.125	0.047619047619047616	0.0	0.0	0.0	0.038461538461538464	0.0	0.0	0.05555555555555555	0.0	0.0	0.0	0.0	0.0	0.05263157894736842	0.0	0.08333333333333333	0.0	0.0	0.0	0.0	0.0	0.0	0.0	0.0	0.0	0.0	0.0	0.0	0.0	0.0	0.0
A[T>C]G	0.0	0.09090909090909091	0.058823529411764705	0.0	0.0	0.0	0.0	0.0	0.047619047619047616	0.0	0.0	0.0	0.0	0.0	0.034482758620689655	0.0	0.0	0.0	0.0	0.15384615384615385	0.0	0.0	0.08333333333333333	0.0	0.07692307692307693	0.07142857142857142	0.0	0.0	0.1	0.0	0.0	0.0	0.0	0.0	0.05555555555555555	0.041666666666666664	0.0	0.0	0.0	0.0	0.0	0.0	0.0	0.0	0.1	0.0	0.038461538461538464	0.0	0.0	0.0	0.0	0.0	0.0	0.0	0.0	0.0	0.16666666666666666	0.0	0.0	0.0	0.11764705882352941	0.07692307692307693	0.0	0.0	0.08333333333333333	0.0	0.0	0.0	0.0	0.0	0.0	0.0	0.0	0.0	0.0	0.08333333333333333	0.0	0.045454545454545456	0.0	0.0035087719298245615
A[T>C]T	0.0	0.0	0.0	0.0	0.0	0.0625	0.0	0.06666666666666667	0.0	0.0	0.0	0.0	0.0	0.0	0.0	0.0	0.0	0.0	0.05	0.0	0.0	0.07692307692307693	0.0	0.0	0.0	0.0	0.0	0.0	0.0	0.0	0.0	0.0	0.0	0.09090909090909091	0.0	0.125	0.0	0.0	0.0	0.0	0.0	0.0	0.0	0.0	0.0	0.05	0.0	0.0	0.0	0.0	0.05263157894736842	0.0	0.0	0.038461538461538464	0.0	0.0	0.0	0.0	0.06666666666666667	0.0	0.0	0.0	0.0	0.0	0.0	0.0	0.0	0.0	0.0	0.0	0.043478260869565216	0.0	0.058823529411764705	0.0	0.0	0.08333333333333333	0.0	0.0	0.1111111111111111	0.0
A[T>G]A	0.0	0.0	0.0	0.0	0.0	0.0	0.07142857142857142	0.0	0.0	0.0	0.0	0.0	0.0	0.038461538461538464	0.0	0.0	0.0	0.0	0.0	0.0	0.0	0.0	0.0	0.0	0.0	0.0	0.0	0.0	0.0	0.0	0.0	0.0	0.0	0.0	0.0	0.0	0.0	0.0	0.0	0.0	0.0	0.0	0.0	0.0	0.0	0.0	0.0	0.0	0.0	0.0	0.0	0.0	0.0	0.0	0.0	0.0	0.0	0.0	0.0	0.0	0.0	0.0	0.0	0.0	0.0	0.0	0.0	0.0	0.0	0.0	0.0	0.0	0.0	0.0	0.0	0.0	0.0	0.0	0.0	0.0
A[T>G]C	0.0	0.0	0.0	0.0	0.0	0.0	0.07142857142857142	0.0	0.0	0.0	0.0	0.0	0.0	0.0	0.0	0.0	0.0	0.0	0.0	0.0	0.0	0.0	0.0	0.0	0.0	0.0	0.0	0.0	0.0	0.0	0.0	0.0	0.0	0.0	0.0	0.041666666666666664	0.0	0.0	0.0	0.0	0.0	0.0	0.0	0.0	0.0	0.0	0.0	0.0	0.0	0.0	0.0	0.0	0.0	0.038461538461538464	0.0	0.0	0.0	0.0	0.0	0.0	0.0	0.0	0.0	0.0	0.0	0.0	0.0	0.0	0.0	0.0	0.0	0.0	0.0	0.0	0.0	0.0	0.0	0.0	0.0	0.0
A[T>G]G	0.0	0.0	0.0	0.0	0.0	0.0	0.0	0.0	0.0	0.0	0.0	0.0	0.0	0.038461538461538464	0.0	0.0	0.0	0.0	0.0	0.0	0.0	0.0	0.0	0.0	0.0	0.0	0.0	0.0	0.0	0.0	0.0	0.0	0.0	0.0	0.0	0.08333333333333333	0.0	0.07142857142857142	0.0	0.0	0.0	0.0	0.0	0.0	0.0	0.0	0.0	0.0	0.0	0.0	0.0	0.0	0.0	0.038461538461538464	0.0	0.0	0.0	0.047619047619047616	0.0	0.0	0.0	0.0	0.05263157894736842	0.0	0.0	0.0	0.0	0.0	0.0	0.0	0.0	0.0	0.0	0.0	0.0	0.0	0.0	0.045454545454545456	0.0	0.0
A[T>G]T	0.0	0.0	0.0	0.0	0.0	0.0	0.0	0.0	0.0	0.0	0.0	0.0	0.0	0.0	0.0	0.0	0.0	0.0	0.0	0.0	0.0	0.0	0.0	0.0	0.0	0.0	0.0	0.0	0.0	0.0	0.0	0.0	0.0	0.0	0.0	0.0	0.0	0.0	0.0	0.0	0.0	0.0	0.0	0.0	0.0	0.0	0.0	0.0	0.0	0.0	0.0	0.0	0.0	0.0	0.0	0.0	0.0	0.0	0.0	0.0	0.0	0.0	0.0	0.0	0.0	0.0	0.0	0.0	0.0	0.0	0.0	0.0	0.0	0.0	0.0	0.0	0.0	0.0	0.0	0.0
C[C>A]A	0.0	0.0	0.0	0.0	0.0	0.0	0.0	0.0	0.0	0.0	0.0	0.0	0.08333333333333333	0.0	0.0	0.0	0.0	0.0	0.0	0.0	0.0	0.0	0.0	0.0	0.0	0.0	0.0	0.0	0.0	0.0	0.0	0.0	0.0	0.0	0.0	0.041666666666666664	0.0	0.0	0.0	0.125	0.0	0.041666666666666664	0.0	0.0	0.1	0.0	0.0	0.0	0.0	0.0	0.0	0.07142857142857142	0.0	0.0	0.0	0.0	0.0	0.0	0.0	0.0	0.0	0.0	0.0	0.0	0.0	0.0	0.07142857142857142	0.0	0.0	0.0	0.0	0.0	0.0	0.0	0.043478260869565216	0.0	0.0	0.0	0.0	0.0
C[C>A]C	0.058823529411764705	0.0	0.0	0.0	0.0	0.0625	0.07142857142857142	0.0	0.0	0.0	0.0	0.0	0.0	0.0	0.0	0.0	0.0	0.0	0.0	0.0	0.0	0.0	0.0	0.0	0.0	0.0	0.0	0.0	0.0	0.0	0.0	0.0	0.0	0.0	0.0	0.041666666666666664	0.0	0.0	0.08333333333333333	0.0	0.043478260869565216	0.0	0.0	0.0	0.0	0.0	0.0	0.0	0.0	0.0	0.0	0.0	0.0	0.038461538461538464	0.0	0.0	0.1111111111111111	0.0	0.0	0.0	0.0	0.0	0.0	0.1	0.0	0.0	0.0	0.06666666666666667	0.0	0.0	0.0	0.0	0.0	0.07142857142857142	0.0	0.0	0.0	0.0	0.0	0.0
C[C>A]G	0.0	0.0	0.0	0.0	0.0	0.0625	0.0	0.0	0.0	0.0	0.0	0.125	0.0	0.0	0.0	0.0	0.0	0.0	0.0	0.0	0.0	0.0	0.0	0.0	0.0	0.0	0.0	0.0	0.0	0.0	0.0	0.0	0.0	0.0	0.0	0.0	0.0	0.0	0.08333333333333333	0.0	0.0	0.0	0.0	0.0	0.0	0.05	0.0	0.0	0.0625	0.0	0.0	0.0	0.0	0.0	0.1111111111111111	0.0	0.0	0.0	0.0	0.0	0.0	0.0	0.0	0.0	0.0	0.0	0.0	0.0	0.0	0.0	0.0	0.0	0.058823529411764705	0.0	0.0	0.0	0.0	0.0	0.0	0.0
C[C>A]T	0.0	0.0	0.0	0.0	0.0	0.0	0.0	0.06666666666666667	0.0	0.0	0.0	0.0	0.0	0.0	0.034482758620689655	0.05555555555555555	0.0	0.0	0.0	0.0	0.0	0.0	0.0	0.0	0.0	0.0	0.0	0.0	0.0	0.0	0.0	0.0	0.0	0.0	0.0	0.0	0.0	0.0	0.0	0.0	0.0	0.041666666666666664	0.0	0.0	0.0	0.0	0.038461538461538464	0.0	0.0	0.0	0.0	0.0	0.0	0.0	0.0	0.0	0.0	0.0	0.0	0.0	0.0	0.0	0.0	0.0	0.0	0.0	0.07142857142857142	0.06666666666666667	0.0	0.0	0.0	0.06666666666666667	0.0	0.0	0.043478260869565216	0.0	0.0	0.0	0.0	0.0
C[C>G]A	0.0	0.0	0.0	0.0	0.0	0.0	0.0	0.0	0.0	0.0	0.0	0.0	0.0	0.0	0.0	0.0	0.0	0.0	0.0	0.0	0.0	0.0	0.08333333333333333	0.0	0.0	0.0	0.0	0.0	0.0	0.0	0.0	0.0	0.047619047619047616	0.0	0.0	0.0	0.0	0.0	0.0	0.0	0.0	0.0	0.0	0.1111111111111111	0.0	0.05	0.0	0.0	0.0625	0.0	0.05263157894736842	0.0	0.0	0.0	0.0	0.0	0.0	0.047619047619047616	0.0	0.0	0.0	0.0	0.0	0.0	0.0	0.0	0.0	0.0	0.0	0.0	0.0	0.0	0.0	0.14285714285714285	0.0	0.0	0.0	0.0	0.0	0.0
C[C>G]C	0.0	0.0	0.0	0.0	0.0	0.0	0.07142857142857142	0.0	0.047619047619047616	0.0	0.0	0.0	0.0	0.0	0.0	0.0	0.125	0.05263157894736842	0.05	0.0	0.0	0.07692307692307693	0.0	0.0	0.0	0.0	0.0	0.038461538461538464	0.0	0.0	0.0	0.0	0.0	0.0	0.0	0.0	0.0	0.0	0.08333333333333333	0.0	0.0	0.041666666666666664	0.0	0.0	0.0	0.0	0.0	0.0	0.0	0.0	0.10526315789473684	0.0	0.0	0.0	0.0	0.0	0.05555555555555555	0.0	0.0	0.0	0.0	0.07692307692307693	0.0	0.0	0.0	0.0	0.0	0.0	0.0	0.0	0.0	0.0	0.0	0.0	0.0	0.0	0.0	0.0	0.0	0.0
C[C>G]G	0.0	0.0	0.0	0.0	0.0	0.0	0.0	0.0	0.0	0.0	0.0	0.0	0.0	0.0	0.0	0.0	0.0	0.0	0.0	0.0	0.0	0.0	0.0	0.0	0.0	0.0	0.0	0.0	0.0	0.0	0.0	0.09090909090909091	0.0	0.0	0.0	0.0	0.0	0.07142857142857142	0.0	0.0	0.0	0.0	0.0	0.0	0.0	0.0	0.0	0.0	0.0	0.0	0.0	0.0	0.0	0.0	0.0	0.05263157894736842	0.0	0.0	0.0	0.0	0.0	0.0	0.0	0.0	0.0	0.07692307692307693	0.0	0.0	0.0	0.0	0.0	0.0	0.0	0.0	0.0	0.08333333333333333	0.0	0.0	0.0	0.0
C[C>G]T	0.058823529411764705	0.0	0.0	0.0	0.0	0.0	0.07142857142857142	0.0	0.0	0.0	0.0	0.0	0.0	0.0	0.0	0.0	0.0	0.0	0.05	0.0	0.0	0.0	0.0	0.0	0.0	0.0	0.0	0.0	0.0	0.0	0.0	0.0	0.0	0.0	0.0	0.0	0.0	0.0	0.0	0.0625	0.0	0.0	0.043478260869565216	0.0	0.0	0.0	0.038461538461538464	0.07692307692307693	0.0	0.0	0.0	0.0	0.0	0.0	0.0	0.0	0.05555555555555555	0.0	0.0	0.0	0.0	0.0	0.0	0.0	0.0	0.07692307692307693	0.14285714285714285	0.06666666666666667	0.0	0.07692307692307693	0.043478260869565216	0.0	0.0	0.0	0.0	0.0	0.0	0.045454545454545456	0.0	0.0
C[C>T]A	0.0	0.0	0.0	0.0	0.0	0.0	0.0	0.0	0.047619047619047616	0.0	0.09090909090909091	0.0	0.08333333333333333	0.0	0.0	0.05555555555555555	0.0	0.0	0.0	0.0	0.0	0.0	0.0	0.08333333333333333	0.0	0.0	0.0	0.0	0.1	0.0	0.0	0.0	0.0	0.0	0.0	0.041666666666666664	0.0	0.0	0.0	0.0	0.043478260869565216	0.0	0.0	0.0	0.05	0.05	0.038461538461538464	0.0	0.0	0.047619047619047616	0.05263157894736842	0.07142857142857142	0.0	0.0	0.0	0.05263157894736842	0.05555555555555555	0.0	0.0	0.125	0.0	0.0	0.05263157894736842	0.1	0.08333333333333333	0.07692307692307693	0.0	0.0	0.0	0.07692307692307693	0.0	0.0	0.0	0.0	0.0	0.0	0.04	0.0	0.0	0.0017543859649122807
C[C>T]C	0.0	0.0	0.0	0.0	0.0	0.0	0.0	0.0	0.0	0.0	0.0	0.0	0.0	0.0	0.0	0.0	0.125	0.0	0.0	0.0	0.0	0.0	0.0	0.0	0.07692307692307693	0.0	0.0	0.038461538461538464	0.0	0.0	0.0	0.0	0.0	0.0	0.0	0.041666666666666664	0.0	0.07142857142857142	0.0	0.0	0.08695652173913043	0.0	0.043478260869565216	0.0	0.0	0.05	0.038461538461538464	0.0	0.0	0.047619047619047616	0.0	0.0	0.0	0.0	0.0	0.0	0.0	0.0	0.06666666666666667	0.0	0.0	0.0	0.0	0.0	0.0	0.07692307692307693	0.0	0.0	0.0	0.0	0.0	0.0	0.0	0.07142857142857142	0.0	0.0	0.0	0.0	0.0	0.0
C[C>T]G	0.11764705882352941	0.0	0.11764705882352941	0.13333333333333333	0.11764705882352941	0.0625	0.0	0.3333333333333333	0.0	0.07142857142857142	0.09090909090909091	0.0	0.16666666666666666	0.038461538461538464	0.06896551724137931	0.1111111111111111	0.0	0.05263157894736842	0.0	0.07692307692307693	0.08333333333333333	0.0	0.0	0.0	0.15384615384615385	0.14285714285714285	0.0	0.07692307692307693	0.0	0.0	0.0	0.0	0.047619047619047616	0.09090909090909091	0.0	0.041666666666666664	0.0	0.07142857142857142	0.08333333333333333	0.125	0.043478260869565216	0.08333333333333333	0.0	0.0	0.05	0.1	0.038461538461538464	0.0	0.0	0.19047619047619047	0.05263157894736842	0.0	0.0	0.0	0.1111111111111111	0.05263157894736842	0.0	0.09523809523809523	0.2	0.125	0.11764705882352941	0.15384615384615385	0.05263157894736842	0.0	0.08333333333333333	0.0	0.0	0.06666666666666667	0.07692307692307693	0.0	0.043478260869565216	0.0	0.058823529411764705	0.07142857142857142	0.08695652173913043	0.0	0.12	0.0	0.1111111111111111	0.28596491228070176
C[C>T]T	0.058823529411764705	0.0	0.0	0.0	0.058823529411764705	0.0625	0.0	0.0	0.0	0.0	0.0	0.0	0.0	0.038461538461538464	0.034482758620689655	0.0	0.125	0.0	0.0	0.07692307692307693	0.08333333333333333	0.0	0.0	0.0	0.0	0.0	0.058823529411764705	0.0	0.0	0.1	0.0	0.0	0.0	0.0	0.0	0.0	0.0	0.0	0.0	0.0	0.0	0.041666666666666664	0.0	0.0	0.05	0.0	0.0	0.0	0.0	0.047619047619047616	0.05263157894736842	0.0	0.0	0.07692307692307693	0.0	0.0	0.0	0.0	0.0	0.125	0.0	0.0	0.0	0.0	0.0	0.07692307692307693	0.0	0.0	0.0	0.0	0.043478260869565216	0.06666666666666667	0.0	0.0	0.0	0.08333333333333333	0.0	0.0	0.0	0.0
C[T>A]A	0.0	0.0	0.0	0.0	0.0	0.0	0.0	0.0	0.0	0.0	0.0	0.0	0.0	0.0	0.0	0.0	0.0	0.0	0.0	0.0	0.0	0.0	0.0	0.0	0.0	0.0	0.0	0.0	0.0	0.0	0.0	0.0	0.0	0.0	0.0	0.0	0.0	0.0	0.0	0.0	0.0	0.0	0.0	0.0	0.0	0.0	0.0	0.0	0.0	0.0	0.0	0.0	0.0	0.0	0.0	0.0	0.05555555555555555	0.0	0.0	0.0	0.0	0.0	0.0	0.0	0.0	0.0	0.0	0.0	0.0	0.0	0.0	0.0	0.0	0.0	0.0	0.0	0.0	0.0	0.0	0.0
C[T>A]C	0.0	0.0	0.0	0.0	0.0	0.0	0.0	0.0	0.0	0.0	0.0	0.0	0.0	0.0	0.0	0.0	0.0	0.05263157894736842	0.0	0.0	0.0	0.0	0.0	0.0	0.0	0.0	0.0	0.0	0.0	0.0	0.0	0.0	0.0	0.0	0.0	0.0	0.0	0.0	0.0	0.0	0.0	0.041666666666666664	0.0	0.0	0.0	0.0	0.0	0.0	0.0	0.0	0.0	0.0	0.0	0.0	0.0	0.0	0.0	0.0	0.0	0.0	0.0	0.0	0.0	0.0	0.0	0.0	0.0	0.0	0.0	0.0	0.0	0.0	0.0	0.0	0.0	0.0	0.04	0.0	0.0	0.0
C[T>A]G	0.11764705882352941	0.09090909090909091	0.058823529411764705	0.0	0.058823529411764705	0.0625	0.0	0.0	0.0	0.07142857142857142	0.0	0.125	0.08333333333333333	0.07692307692307693	0.034482758620689655	0.05555555555555555	0.0	0.0	0.0	0.07692307692307693	0.0	0.07692307692307693	0.08333333333333333	0.16666666666666666	0.07692307692307693	0.0	0.0	0.0	0.0	0.0	0.0	0.09090909090909091	0.0	0.09090909090909091	0.05555555555555555	0.0	0.0	0.14285714285714285	0.0	0.0625	0.043478260869565216	0.0	0.0	0.1111111111111111	0.05	0.05	0.0	0.0	0.0	0.047619047619047616	0.0	0.0	0.0	0.0	0.1111111111111111	0.05263157894736842	0.05555555555555555	0.0	0.06666666666666667	0.0	0.058823529411764705	0.0	0.0	0.1	0.08333333333333333	0.0	0.07142857142857142	0.06666666666666667	0.0	0.07692307692307693	0.043478260869565216	0.06666666666666667	0.058823529411764705	0.07142857142857142	0.043478260869565216	0.08333333333333333	0.04	0.0	0.0	0.0
C[T>A]T	0.0	0.0	0.0	0.0	0.0	0.0	0.0	0.0	0.0	0.0	0.0	0.0	0.08333333333333333	0.038461538461538464	0.0	0.0	0.0	0.05263157894736842	0.0	0.0	0.08333333333333333	0.0	0.0	0.0	0.0	0.0	0.0	0.0	0.0	0.0	0.0	0.0	0.0	0.0	0.0	0.0	0.0	0.0	0.0	0.0	0.0	0.0	0.043478260869565216	0.0	0.0	0.0	0.0	0.0	0.0	0.0	0.0	0.0	0.0	0.0	0.0	0.0	0.0	0.0	0.0	0.0	0.0	0.0	0.0	0.1	0.0	0.0	0.0	0.0	0.07692307692307693	0.0	0.0	0.0	0.0	0.0	0.0	0.0	0.04	0.0	0.0	0.0
C[T>C]A	0.0	0.0	0.0	0.0	0.0	0.0	0.0	0.0	0.0	0.0	0.0	0.0	0.0	0.0	0.0	0.0	0.0	0.0	0.05	0.0	0.0	0.0	0.0	0.0	0.0	0.0	0.0	0.0	0.0	0.0	0.0	0.0	0.0	0.0	0.05555555555555555	0.0	0.0	0.0	0.0	0.0	0.0	0.0	0.0	0.0	0.0	0.0	0.038461538461538464	0.0	0.0625	0.0	0.0	0.0	0.0	0.0	0.0	0.0	0.0	0.0	0.0	0.0	0.0	0.0	0.0	0.0	0.0	0.0	0.0	0.0	0.0	0.0	0.0	0.0	0.0	0.0	0.0	0.0	0.0	0.0	0.0	0.0
C[T>C]C	0.0	0.0	0.058823529411764705	0.0	0.0	0.0	0.0	0.0	0.0	0.0	0.0	0.0	0.0	0.0	0.0	0.05555555555555555	0.125	0.0	0.05	0.0	0.0	0.0	0.0	0.0	0.0	0.0	0.0	0.0	0.0	0.0	0.0	0.0	0.0	0.0	0.0	0.0	0.0	0.0	0.0	0.0	0.0	0.0	0.0	0.0	0.0	0.0	0.0	0.0	0.0	0.047619047619047616	0.0	0.0	0.0	0.038461538461538464	0.0	0.0	0.0	0.0	0.06666666666666667	0.0	0.0	0.0	0.0	0.1	0.0	0.0	0.07142857142857142	0.0	0.0	0.0	0.0	0.0	0.0	0.0	0.0	0.0	0.0	0.0	0.0	0.0
C[T>C]G	0.0	0.0	0.058823529411764705	0.06666666666666667	0.0	0.125	0.0	0.0	0.047619047619047616	0.0	0.0	0.0	0.0	0.0	0.0	0.0	0.0	0.0	0.0	0.0	0.0	0.0	0.08333333333333333	0.0	0.07692307692307693	0.0	0.058823529411764705	0.0	0.0	0.0	0.0	0.0	0.047619047619047616	0.0	0.0	0.0	0.0	0.07142857142857142	0.0	0.0	0.0	0.041666666666666664	0.0	0.0	0.0	0.0	0.0	0.0	0.0	0.0	0.0	0.0	0.0	0.0	0.0	0.0	0.0	0.047619047619047616	0.0	0.0	0.058823529411764705	0.0	0.0	0.0	0.0	0.0	0.0	0.0	0.07692307692307693	0.0	0.0	0.0	0.0	0.0	0.0	0.0	0.0	0.0	0.0	0.005263157894736842
C[T>C]T	0.0	0.0	0.058823529411764705	0.0	0.0	0.0	0.0	0.0	0.0	0.0	0.0	0.0	0.0	0.038461538461538464	0.0	0.05555555555555555	0.0	0.05263157894736842	0.0	0.0	0.0	0.0	0.0	0.0	0.0	0.0	0.0	0.0	0.0	0.0	0.0	0.0	0.0	0.0	0.0	0.0	0.0	0.0	0.0	0.0	0.0	0.0	0.043478260869565216	0.0	0.0	0.0	0.0	0.0	0.0	0.0	0.0	0.0	0.0	0.038461538461538464	0.0	0.05263157894736842	0.0	0.0	0.06666666666666667	0.0	0.0	0.0	0.0	0.0	0.0	0.0	0.0	0.0	0.0	0.0	0.0	0.0	0.058823529411764705	0.0	0.043478260869565216	0.0	0.0	0.0	0.0	0.0
C[T>G]A	0.0	0.0	0.0	0.0	0.0	0.0	0.0	0.0	0.0	0.0	0.0	0.0	0.0	0.0	0.0	0.0	0.0	0.0	0.0	0.0	0.0	0.0	0.0	0.0	0.0	0.0	0.0	0.0	0.0	0.0	0.1111111111111111	0.0	0.0	0.0	0.0	0.0	0.0	0.0	0.0	0.0	0.0	0.0	0.0	0.0	0.0	0.0	0.0	0.0	0.0	0.0	0.0	0.0	0.0	0.0	0.0	0.0	0.0	0.0	0.0	0.0	0.0	0.0	0.0	0.0	0.0	0.0	0.0	0.0	0.0	0.0	0.0	0.0	0.0	0.0	0.0	0.0	0.0	0.0	0.0	0.0
C[T>G]C	0.0	0.0	0.0	0.0	0.0	0.0	0.0	0.0	0.047619047619047616	0.0	0.0	0.0	0.0	0.0	0.0	0.0	0.0	0.0	0.0	0.0	0.0	0.0	0.0	0.0	0.0	0.0	0.0	0.0	0.0	0.0	0.0	0.0	0.0	0.0	0.0	0.041666666666666664	0.0	0.0	0.0	0.0	0.0	0.0	0.0	0.0	0.0	0.0	0.0	0.0	0.0	0.0	0.0	0.0	0.0	0.0	0.0	0.0	0.0	0.047619047619047616	0.0	0.0	0.0	0.0	0.0	0.0	0.0	0.0	0.0	0.0	0.0	0.0	0.0	0.0	0.0	0.0	0.0	0.0	0.0	0.045454545454545456	0.0	0.0
C[T>G]G	0.0	0.0	0.0	0.0	0.0	0.0	0.0	0.0	0.0	0.0	0.0	0.0	0.0	0.0	0.0	0.0	0.0	0.0	0.0	0.0	0.0	0.0	0.0	0.0	0.0	0.0	0.0	0.0	0.0	0.0	0.0	0.0	0.0	0.0	0.0	0.0	0.0	0.0	0.0	0.0625	0.0	0.041666666666666664	0.0	0.0	0.0	0.0	0.0	0.07692307692307693	0.0	0.0	0.0	0.0	0.0	0.0	0.0	0.0	0.0	0.0	0.0	0.0	0.0	0.0	0.0	0.0	0.0	0.0	0.0	0.0	0.0	0.0	0.0	0.0	0.0	0.07142857142857142	0.0	0.0	0.0	0.045454545454545456	0.0	0.0
C[T>G]T	0.0	0.0	0.0	0.06666666666666667	0.0	0.0	0.0	0.0	0.0	0.0	0.0	0.0	0.0	0.038461538461538464	0.034482758620689655	0.0	0.0	0.0	0.0	0.0	0.0	0.0	0.0	0.0	0.0	0.0	0.058823529411764705	0.0	0.0	0.0	0.0	0.0	0.0	0.0	0.0	0.0	0.0	0.0	0.0	0.0	0.043478260869565216	0.0	0.043478260869565216	0.0	0.0	0.0	0.0	0.0	0.0	0.0	0.0	0.0	0.0	0.0	0.0	0.0	0.0	0.0	0.0	0.0	0.0	0.0	0.05263157894736842	0.0	0.0	0.0	0.0	0.06666666666666667	0.0	0.0	0.0	0.0	0.0	0.07142857142857142	0.0	0.0	0.04	0.0	0.0	0.0
G[C>A]A	0.0	0.09090909090909091	0.058823529411764705	0.06666666666666667	0.0	0.0	0.0	0.0	0.0	0.0	0.045454545454545456	0.0	0.08333333333333333	0.0	0.0	0.0	0.0	0.0	0.0	0.0	0.0	0.0	0.0	0.0	0.0	0.0	0.0	0.0	0.0	0.0	0.0	0.0	0.0	0.0	0.0	0.0	0.0	0.0	0.0	0.0625	0.08695652173913043	0.0	0.0	0.0	0.0	0.0	0.0	0.0	0.0	0.0	0.0	0.0	0.0	0.0	0.0	0.0	0.0	0.0	0.0	0.0	0.0	0.0	0.0	0.0	0.0	0.0	0.0	0.0	0.0	0.0	0.0	0.06666666666666667	0.0	0.0	0.0	0.0	0.0	0.0	0.0	0.0017543859649122807
G[C>A]C	0.0	0.0	0.0	0.0	0.058823529411764705	0.0	0.0	0.0	0.0	0.0	0.0	0.0	0.0	0.0	0.0	0.05555555555555555	0.0	0.0	0.0	0.07692307692307693	0.0	0.0	0.0	0.0	0.0	0.0	0.0	0.0	0.0	0.0	0.0	0.0	0.0	0.0	0.0	0.0	0.0	0.0	0.0	0.0	0.043478260869565216	0.041666666666666664	0.043478260869565216	0.2222222222222222	0.0	0.05	0.0	0.0	0.0	0.0	0.0	0.07142857142857142	0.2	0.0	0.0	0.0	0.0	0.0	0.0	0.0	0.058823529411764705	0.0	0.0	0.0	0.0	0.0	0.0	0.0	0.07692307692307693	0.0	0.0	0.0	0.0	0.0	0.0	0.0	0.0	0.045454545454545456	0.0	0.0
G[C>A]G	0.0	0.0	0.0	0.0	0.0	0.0	0.0	0.0	0.0	0.0	0.0	0.0	0.0	0.0	0.0	0.0	0.0	0.0	0.05	0.0	0.08333333333333333	0.0	0.0	0.0	0.0	0.0	0.0	0.0	0.0	0.0	0.0	0.0	0.0	0.0	0.0	0.0	0.0	0.0	0.0	0.0	0.0	0.0	0.0	0.0	0.0	0.0	0.0	0.0	0.0	0.0	0.0	0.0	0.0	0.0	0.0	0.0	0.0	0.0	0.0	0.0	0.058823529411764705	0.0	0.0	0.0	0.0	0.0	0.0	0.0	0.0	0.0	0.0	0.0	0.0	0.0	0.0	0.0	0.0	0.0	0.0	0.0
G[C>A]T	0.0	0.09090909090909091	0.0	0.0	0.0	0.0	0.0	0.0	0.0	0.0	0.0	0.0	0.0	0.0	0.0	0.0	0.0	0.0	0.0	0.0	0.0	0.07692307692307693	0.0	0.0	0.0	0.0	0.0	0.038461538461538464	0.0	0.0	0.0	0.0	0.0	0.0	0.16666666666666666	0.0	0.14285714285714285	0.0	0.0	0.0	0.0	0.0	0.0	0.0	0.0	0.0	0.0	0.0	0.0	0.047619047619047616	0.0	0.0	0.0	0.0	0.0	0.05263157894736842	0.0	0.0	0.0	0.0	0.0	0.0	0.0	0.0	0.0	0.0	0.0	0.0	0.0	0.0	0.0	0.06666666666666667	0.11764705882352941	0.0	0.0	0.0	0.0	0.0	0.0	0.0017543859649122807
G[C>G]A	0.0	0.0	0.0	0.0	0.0	0.0	0.0	0.0	0.0	0.0	0.0	0.0	0.0	0.0	0.0	0.0	0.0	0.05263157894736842	0.0	0.07692307692307693	0.08333333333333333	0.0	0.0	0.0	0.0	0.0	0.0	0.038461538461538464	0.0	0.0	0.0	0.0	0.047619047619047616	0.0	0.0	0.0	0.0	0.0	0.0	0.0	0.0	0.0	0.0	0.0	0.0	0.0	0.0	0.0	0.0	0.0	0.0	0.0	0.0	0.0	0.0	0.0	0.0	0.0	0.0	0.0	0.058823529411764705	0.0	0.0	0.0	0.0	0.0	0.0	0.0	0.0	0.0	0.0	0.0	0.0	0.0	0.043478260869565216	0.0	0.04	0.0	0.0	0.0
G[C>G]C	0.0	0.0	0.0	0.0	0.0	0.0	0.0	0.0	0.0	0.0	0.045454545454545456	0.0	0.08333333333333333	0.0	0.0	0.0	0.0	0.0	0.0	0.0	0.0	0.0	0.0	0.0	0.0	0.0	0.0	0.0	0.0	0.0	0.0	0.09090909090909091	0.0	0.0	0.0	0.0	0.0	0.0	0.0	0.0	0.0	0.0	0.0	0.0	0.0	0.0	0.0	0.0	0.0	0.0	0.0	0.0	0.0	0.038461538461538464	0.0	0.0	0.0	0.09523809523809523	0.0	0.0	0.0	0.0	0.0	0.0	0.0	0.07692307692307693	0.0	0.0	0.0	0.0	0.0	0.0	0.0	0.0	0.0	0.0	0.0	0.0	0.0	0.0
G[C>G]G	0.0	0.0	0.0	0.0	0.0	0.0	0.0	0.0	0.0	0.0	0.0	0.0	0.0	0.0	0.0	0.0	0.0	0.0	0.0	0.0	0.0	0.0	0.0	0.0	0.0	0.0	0.058823529411764705	0.0	0.0	0.0	0.0	0.0	0.0	0.0	0.0	0.0	0.0	0.0	0.0	0.0	0.0	0.0	0.0	0.0	0.05	0.0	0.0	0.0	0.0	0.0	0.0	0.07142857142857142	0.0	0.0	0.0	0.0	0.0	0.0	0.0	0.0	0.0	0.0	0.0	0.0	0.0	0.0	0.0	0.0	0.0	0.0	0.0	0.0	0.058823529411764705	0.0	0.0	0.0	0.0	0.0	0.0	0.0
G[C>G]T	0.0	0.0	0.0	0.0	0.0	0.0	0.0	0.0	0.0	0.0	0.0	0.0	0.0	0.0	0.0	0.0	0.0	0.05263157894736842	0.0	0.0	0.0	0.0	0.0	0.0	0.0	0.07142857142857142	0.0	0.0	0.0	0.0	0.0	0.0	0.0	0.0	0.0	0.0	0.0	0.0	0.0	0.0	0.0	0.0	0.0	0.0	0.0	0.0	0.038461538461538464	0.0	0.0	0.0	0.0	0.14285714285714285	0.0	0.038461538461538464	0.0	0.05263157894736842	0.0	0.0	0.0	0.0	0.0	0.0	0.0	0.0	0.0	0.0	0.07142857142857142	0.0	0.0	0.0	0.0	0.0	0.058823529411764705	0.0	0.0	0.08333333333333333	0.04	0.0	0.0	0.0
G[C>T]A	0.058823529411764705	0.0	0.0	0.0	0.0	0.0625	0.0	0.0	0.0	0.0	0.0	0.0	0.0	0.038461538461538464	0.0	0.0	0.0	0.05263157894736842	0.05	0.0	0.0	0.07692307692307693	0.08333333333333333	0.08333333333333333	0.07692307692307693	0.0	0.0	0.0	0.0	0.0	0.1111111111111111	0.09090909090909091	0.0	0.0	0.1111111111111111	0.0	0.0	0.0	0.0	0.0	0.0	0.0	0.0	0.0	0.1	0.0	0.0	0.07692307692307693	0.0625	0.0	0.05263157894736842	0.0	0.0	0.0	0.0	0.0	0.0	0.0	0.06666666666666667	0.0	0.058823529411764705	0.0	0.0	0.0	0.08333333333333333	0.0	0.0	0.06666666666666667	0.0	0.0	0.08695652173913043	0.0	0.0	0.0	0.0	0.08333333333333333	0.0	0.045454545454545456	0.0	0.007017543859649123
G[C>T]C	0.0	0.0	0.0	0.0	0.058823529411764705	0.0	0.0	0.0	0.09523809523809523	0.0	0.045454545454545456	0.0	0.0	0.07692307692307693	0.06896551724137931	0.0	0.0	0.0	0.0	0.0	0.0	0.07692307692307693	0.16666666666666666	0.08333333333333333	0.07692307692307693	0.0	0.0	0.15384615384615385	0.2	0.0	0.0	0.0	0.047619047619047616	0.09090909090909091	0.0	0.08333333333333333	0.0	0.0	0.08333333333333333	0.0	0.043478260869565216	0.0	0.0	0.1111111111111111	0.1	0.0	0.038461538461538464	0.0	0.0	0.047619047619047616	0.0	0.0	0.1	0.038461538461538464	0.1111111111111111	0.05263157894736842	0.1111111111111111	0.09523809523809523	0.06666666666666667	0.0	0.0	0.07692307692307693	0.15789473684210525	0.0	0.16666666666666666	0.07692307692307693	0.0	0.0	0.07692307692307693	0.0	0.043478260869565216	0.06666666666666667	0.058823529411764705	0.07142857142857142	0.0	0.0	0.08	0.0	0.1111111111111111	0.0017543859649122807
G[C>T]G	0.11764705882352941	0.0	0.0	0.06666666666666667	0.17647058823529413	0.0	0.0	0.2	0.0	0.14285714285714285	0.045454545454545456	0.125	0.08333333333333333	0.038461538461538464	0.10344827586206896	0.0	0.0	0.10526315789473684	0.05	0.07692307692307693	0.0	0.07692307692307693	0.16666666666666666	0.08333333333333333	0.07692307692307693	0.0	0.17647058823529413	0.0	0.1	0.2	0.1111111111111111	0.09090909090909091	0.047619047619047616	0.0	0.1111111111111111	0.0	0.2857142857142857	0.07142857142857142	0.0	0.0	0.043478260869565216	0.041666666666666664	0.043478260869565216	0.1111111111111111	0.0	0.1	0.038461538461538464	0.07692307692307693	0.0625	0.09523809523809523	0.15789473684210525	0.07142857142857142	0.0	0.11538461538461539	0.1111111111111111	0.15789473684210525	0.05555555555555555	0.047619047619047616	0.0	0.125	0.0	0.0	0.05263157894736842	0.0	0.08333333333333333	0.0	0.14285714285714285	0.06666666666666667	0.0	0.15384615384615385	0.0	0.06666666666666667	0.0	0.07142857142857142	0.08695652173913043	0.08333333333333333	0.0	0.045454545454545456	0.1111111111111111	0.22280701754385965
G[C>T]T	0.0	0.09090909090909091	0.0	0.0	0.058823529411764705	0.0	0.0	0.0	0.0	0.07142857142857142	0.045454545454545456	0.0	0.0	0.038461538461538464	0.034482758620689655	0.0	0.0	0.0	0.1	0.07692307692307693	0.0	0.0	0.0	0.08333333333333333	0.0	0.07142857142857142	0.0	0.11538461538461539	0.0	0.0	0.1111111111111111	0.0	0.0	0.09090909090909091	0.0	0.0	0.0	0.0	0.16666666666666666	0.0	0.043478260869565216	0.08333333333333333	0.0	0.0	0.0	0.05	0.07692307692307693	0.0	0.0625	0.0	0.0	0.14285714285714285	0.1	0.0	0.0	0.0	0.0	0.0	0.0	0.0	0.0	0.0	0.10526315789473684	0.0	0.0	0.0	0.0	0.0	0.0	0.07692307692307693	0.0	0.0	0.0	0.0	0.043478260869565216	0.08333333333333333	0.04	0.0	0.0	0.0
G[T>A]A	0.0	0.0	0.0	0.0	0.0	0.0	0.0	0.0	0.0	0.0	0.0	0.0	0.0	0.0	0.0	0.0	0.0	0.0	0.0	0.0	0.0	0.0	0.0	0.0	0.0	0.0	0.0	0.0	0.0	0.0	0.0	0.0	0.0	0.0	0.0	0.0	0.0	0.0	0.0	0.0	0.0	0.0	0.043478260869565216	0.0	0.0	0.0	0.0	0.0	0.0	0.0	0.0	0.0	0.0	0.0	0.0	0.0	0.05555555555555555	0.0	0.0	0.0	0.0	0.0	0.0	0.0	0.0	0.0	0.0	0.0	0.0	0.0	0.0	0.0	0.0	0.0	0.0	0.0	0.0	0.0	0.0	0.0
G[T>A]C	0.0	0.09090909090909091	0.0	0.0	0.0	0.0	0.0	0.0	0.0	0.0	0.0	0.0	0.0	0.0	0.0	0.0	0.0	0.0	0.0	0.0	0.0	0.0	0.0	0.0	0.0	0.0	0.0	0.0	0.0	0.0	0.0	0.0	0.0	0.0	0.0	0.0	0.0	0.0	0.0	0.0	0.0	0.0	0.0	0.0	0.0	0.0	0.0	0.0	0.0	0.0	0.0	0.0	0.0	0.0	0.0	0.0	0.0	0.0	0.0	0.0	0.0	0.0	0.0	0.0	0.0	0.0	0.0	0.0	0.0	0.0	0.0	0.0	0.0	0.0	0.0	0.0	0.0	0.0	0.0	0.0
G[T>A]G	0.0	0.0	0.0	0.0	0.0	0.0	0.07142857142857142	0.0	0.0	0.0	0.0	0.0	0.0	0.0	0.0	0.0	0.0	0.0	0.0	0.0	0.0	0.0	0.0	0.08333333333333333	0.0	0.0	0.058823529411764705	0.0	0.0	0.0	0.0	0.0	0.0	0.0	0.0	0.041666666666666664	0.0	0.0	0.0	0.0	0.0	0.0	0.0	0.0	0.0	0.0	0.038461538461538464	0.0	0.0	0.0	0.0	0.0	0.0	0.0	0.0	0.0	0.0	0.0	0.0	0.0	0.0	0.0	0.0	0.0	0.0	0.0	0.0	0.0	0.0	0.0	0.0	0.0	0.0	0.0	0.043478260869565216	0.0	0.0	0.0	0.0	0.0
G[T>A]T	0.0	0.0	0.0	0.0	0.0	0.0	0.0	0.0	0.0	0.0	0.0	0.0	0.0	0.0	0.0	0.0	0.0	0.0	0.0	0.0	0.0	0.0	0.0	0.0	0.0	0.0	0.0	0.0	0.0	0.0	0.0	0.0	0.0	0.0	0.0	0.0	0.0	0.0	0.0	0.0	0.0	0.0	0.0	0.0	0.0	0.0	0.0	0.0	0.0	0.0	0.0	0.0	0.0	0.0	0.0	0.0	0.0	0.0	0.0	0.0	0.0	0.0	0.0	0.0	0.0	0.0	0.0	0.0	0.0	0.0	0.0	0.0	0.0	0.0	0.0	0.0	0.0	0.0	0.0	0.0
G[T>C]A	0.0	0.0	0.0	0.0	0.0	0.0	0.0	0.06666666666666667	0.0	0.07142857142857142	0.0	0.0	0.0	0.038461538461538464	0.0	0.0	0.0	0.0	0.0	0.0	0.0	0.0	0.0	0.0	0.0	0.0	0.0	0.0	0.0	0.0	0.0	0.0	0.0	0.0	0.0	0.0	0.0	0.0	0.08333333333333333	0.0	0.0	0.0	0.0	0.0	0.0	0.0	0.0	0.0	0.0625	0.0	0.0	0.0	0.0	0.0	0.0	0.0	0.0	0.0	0.0	0.0	0.0	0.0	0.0	0.0	0.0	0.0	0.0	0.0	0.07692307692307693	0.0	0.0	0.0	0.0	0.0	0.0	0.0	0.0	0.045454545454545456	0.0	0.0
G[T>C]C	0.0	0.0	0.0	0.0	0.0	0.0	0.0	0.0	0.0	0.0	0.0	0.0	0.0	0.0	0.034482758620689655	0.0	0.0	0.0	0.0	0.0	0.0	0.0	0.0	0.0	0.0	0.0	0.0	0.0	0.0	0.0	0.0	0.0	0.0	0.0	0.0	0.0	0.0	0.0	0.0	0.0	0.0	0.0	0.0	0.0	0.0	0.0	0.0	0.0	0.0	0.0	0.0	0.0	0.0	0.038461538461538464	0.0	0.0	0.05555555555555555	0.0	0.0	0.0	0.0	0.0	0.0	0.0	0.0	0.0	0.0	0.0	0.0	0.0	0.0	0.06666666666666667	0.0	0.0	0.0	0.0	0.04	0.0	0.0	0.0
G[T>C]G	0.0	0.0	0.0	0.06666666666666667	0.0	0.0	0.0	0.0	0.047619047619047616	0.0	0.09090909090909091	0.0	0.0	0.0	0.0	0.0	0.0	0.0	0.0	0.0	0.08333333333333333	0.0	0.08333333333333333	0.08333333333333333	0.0	0.0	0.058823529411764705	0.0	0.0	0.0	0.0	0.0	0.0	0.0	0.05555555555555555	0.0	0.14285714285714285	0.0	0.08333333333333333	0.0	0.0	0.0	0.0	0.0	0.0	0.0	0.038461538461538464	0.0	0.0	0.0	0.0	0.0	0.0	0.038461538461538464	0.0	0.0	0.0	0.0	0.0	0.0	0.0	0.0	0.0	0.0	0.0	0.0	0.07142857142857142	0.0	0.07692307692307693	0.0	0.0	0.0	0.0	0.0	0.0	0.0	0.0	0.0	0.0	0.0
G[T>C]T	0.0	0.0	0.0	0.0	0.0	0.0	0.0	0.0	0.0	0.0	0.0	0.0	0.08333333333333333	0.0	0.034482758620689655	0.0	0.0	0.0	0.0	0.07692307692307693	0.0	0.0	0.08333333333333333	0.0	0.0	0.0	0.058823529411764705	0.0	0.0	0.1	0.0	0.0	0.047619047619047616	0.0	0.0	0.0	0.0	0.0	0.0	0.0	0.043478260869565216	0.0	0.043478260869565216	0.0	0.0	0.0	0.07692307692307693	0.07692307692307693	0.0	0.0	0.0	0.0	0.1	0.0	0.0	0.0	0.0	0.0	0.06666666666666667	0.0	0.0	0.0	0.0	0.2	0.0	0.0	0.0	0.06666666666666667	0.0	0.0	0.043478260869565216	0.0	0.11764705882352941	0.0	0.043478260869565216	0.08333333333333333	0.0	0.0	0.0	0.0
G[T>G]A	0.0	0.0	0.0	0.0	0.0	0.0	0.0	0.0	0.0	0.0	0.0	0.0	0.0	0.038461538461538464	0.0	0.0	0.0	0.0	0.0	0.0	0.0	0.0	0.0	0.0	0.0	0.0	0.0	0.0	0.0	0.0	0.0	0.0	0.0	0.0	0.0	0.0	0.0	0.0	0.0	0.0	0.0	0.0	0.0	0.0	0.0	0.0	0.0	0.0	0.0	0.0	0.0	0.0	0.0	0.0	0.0	0.0	0.0	0.0	0.0	0.0	0.0	0.0	0.0	0.0	0.0	0.0	0.0	0.0	0.0	0.0	0.0	0.0	0.0	0.0	0.0	0.0	0.0	0.0	0.0	0.0
G[T>G]C	0.0	0.0	0.0	0.0	0.0	0.0	0.0	0.0	0.0	0.0	0.0	0.0	0.0	0.0	0.0	0.0	0.0	0.0	0.0	0.0	0.0	0.0	0.0	0.0	0.0	0.0	0.0	0.0	0.0	0.0	0.1111111111111111	0.0	0.0	0.0	0.0	0.0	0.0	0.0	0.0	0.0625	0.0	0.041666666666666664	0.0	0.0	0.0	0.0	0.0	0.0	0.0	0.0	0.0	0.0	0.0	0.0	0.0	0.0	0.0	0.0	0.0	0.0	0.0	0.0	0.0	0.0	0.0	0.0	0.0	0.0	0.0	0.0	0.043478260869565216	0.06666666666666667	0.0	0.0	0.0	0.0	0.0	0.0	0.0	0.0
G[T>G]G	0.058823529411764705	0.0	0.0	0.0	0.0	0.0	0.0	0.0	0.047619047619047616	0.0	0.0	0.0	0.0	0.0	0.034482758620689655	0.0	0.0	0.0	0.0	0.0	0.0	0.0	0.0	0.0	0.0	0.0	0.0	0.0	0.0	0.0	0.0	0.0	0.0	0.0	0.0	0.0	0.0	0.0	0.0	0.0	0.0	0.0	0.0	0.0	0.0	0.0	0.0	0.0	0.0	0.047619047619047616	0.0	0.0	0.0	0.0	0.0	0.0	0.0	0.0	0.0	0.0	0.0	0.0	0.0	0.0	0.0	0.07692307692307693	0.0	0.0	0.0	0.0	0.0	0.0	0.0	0.0	0.0	0.0	0.04	0.0	0.0	0.0
G[T>G]T	0.0	0.0	0.058823529411764705	0.0	0.0	0.0	0.0	0.0	0.0	0.0	0.0	0.0	0.0	0.0	0.0	0.0	0.0	0.0	0.0	0.0	0.0	0.0	0.0	0.0	0.0	0.0	0.0	0.0	0.0	0.0	0.0	0.09090909090909091	0.0	0.0	0.0	0.0	0.0	0.0	0.0	0.0	0.0	0.0	0.0	0.0	0.0	0.0	0.0	0.0	0.0	0.0	0.0	0.0	0.0	0.0	0.0	0.0	0.0	0.0	0.0	0.0	0.0	0.0	0.0	0.0	0.0	0.0	0.0	0.0	0.0	0.0	0.0	0.0	0.0	0.0	0.0	0.0	0.0	0.0	0.0	0.0
T[C>A]A	0.0	0.0	0.0	0.0	0.0	0.0	0.0	0.0	0.0	0.0	0.0	0.0	0.0	0.0	0.0	0.05555555555555555	0.0	0.0	0.0	0.0	0.0	0.0	0.0	0.0	0.0	0.0	0.0	0.038461538461538464	0.0	0.0	0.0	0.0	0.0	0.0	0.0	0.0	0.0	0.0	0.0	0.0625	0.0	0.041666666666666664	0.043478260869565216	0.1111111111111111	0.0	0.0	0.0	0.07692307692307693	0.0	0.0	0.0	0.0	0.0	0.0	0.0	0.05263157894736842	0.05555555555555555	0.0	0.0	0.125	0.0	0.07692307692307693	0.0	0.0	0.0	0.0	0.0	0.0	0.0	0.0	0.043478260869565216	0.0	0.0	0.0	0.0	0.0	0.0	0.0	0.0	0.0
T[C>A]C	0.0	0.0	0.0	0.0	0.0	0.0	0.07142857142857142	0.0	0.047619047619047616	0.0	0.0	0.0	0.0	0.0	0.0	0.0	0.0	0.0	0.05	0.0	0.0	0.0	0.0	0.0	0.0	0.0	0.0	0.038461538461538464	0.0	0.0	0.0	0.0	0.0	0.0	0.0	0.0	0.14285714285714285	0.07142857142857142	0.0	0.0	0.0	0.041666666666666664	0.0	0.0	0.05	0.0	0.038461538461538464	0.0	0.0	0.047619047619047616	0.0	0.0	0.0	0.038461538461538464	0.0	0.0	0.0	0.047619047619047616	0.0	0.0	0.0	0.0	0.0	0.0	0.0	0.0	0.0	0.0	0.0	0.0	0.0	0.0	0.0	0.0	0.0	0.0	0.0	0.0	0.1111111111111111	0.0
T[C>A]G	0.0	0.0	0.0	0.13333333333333333	0.0	0.0	0.0	0.0	0.047619047619047616	0.0	0.0	0.0	0.0	0.0	0.0	0.0	0.0	0.0	0.0	0.0	0.0	0.0	0.0	0.0	0.0	0.07142857142857142	0.0	0.0	0.0	0.0	0.0	0.0	0.0	0.0	0.0	0.0	0.0	0.0	0.0	0.0	0.0	0.041666666666666664	0.0	0.0	0.0	0.0	0.0	0.0	0.0625	0.0	0.0	0.0	0.0	0.0	0.0	0.0	0.0	0.0	0.0	0.0	0.0	0.07692307692307693	0.05263157894736842	0.0	0.0	0.0	0.0	0.0	0.0	0.0	0.0	0.0	0.0	0.0	0.0	0.0	0.0	0.0	0.0	0.0
T[C>A]T	0.058823529411764705	0.0	0.0	0.0	0.0	0.0	0.0	0.0	0.0	0.14285714285714285	0.0	0.0	0.0	0.0	0.034482758620689655	0.0	0.0	0.0	0.0	0.0	0.08333333333333333	0.0	0.0	0.0	0.0	0.0	0.058823529411764705	0.0	0.1	0.1	0.0	0.0	0.0	0.0	0.0	0.0	0.0	0.0	0.0	0.0	0.0	0.0	0.0	0.0	0.0	0.05	0.0	0.0	0.0	0.0	0.0	0.0	0.0	0.0	0.0	0.0	0.0	0.0	0.0	0.0	0.0	0.0	0.0	0.0	0.0	0.0	0.0	0.0	0.0	0.0	0.0	0.0	0.0	0.0	0.0	0.0	0.0	0.0	0.0	0.0
T[C>G]A	0.0	0.18181818181818182	0.0	0.0	0.0	0.0	0.0	0.06666666666666667	0.047619047619047616	0.0	0.0	0.0	0.0	0.0	0.0	0.0	0.0	0.0	0.05	0.0	0.08333333333333333	0.0	0.0	0.0	0.0	0.0	0.058823529411764705	0.0	0.1	0.0	0.0	0.0	0.047619047619047616	0.0	0.0	0.0	0.0	0.0	0.0	0.0	0.0	0.0	0.0	0.0	0.0	0.0	0.0	0.0	0.0625	0.0	0.0	0.0	0.0	0.0	0.0	0.0	0.0	0.0	0.0	0.0	0.0	0.0	0.0	0.0	0.0	0.0	0.0	0.0	0.0	0.0	0.0	0.0	0.0	0.0	0.0	0.0	0.0	0.045454545454545456	0.0	0.0
T[C>G]C	0.0	0.09090909090909091	0.0	0.0	0.0	0.0	0.07142857142857142	0.0	0.0	0.0	0.045454545454545456	0.0	0.0	0.0	0.0	0.05555555555555555	0.0	0.05263157894736842	0.05	0.0	0.0	0.0	0.0	0.0	0.0	0.0	0.0	0.0	0.1	0.1	0.0	0.0	0.0	0.0	0.0	0.0	0.0	0.0	0.0	0.0	0.0	0.0	0.0	0.0	0.0	0.0	0.0	0.0	0.0	0.0	0.0	0.0	0.0	0.0	0.0	0.0	0.0	0.0	0.0	0.0	0.0	0.0	0.0	0.0	0.0	0.0	0.0	0.0	0.0	0.0	0.0	0.0	0.0	0.0	0.0	0.0	0.0	0.0	0.0	0.0
T[C>G]G	0.0	0.0	0.0	0.0	0.0	0.0	0.07142857142857142	0.0	0.0	0.0	0.0	0.0	0.0	0.0	0.0	0.0	0.0	0.0	0.0	0.0	0.0	0.0	0.0	0.0	0.0	0.0	0.0	0.0	0.0	0.0	0.0	0.0	0.0	0.0	0.0	0.0	0.0	0.0	0.0	0.0	0.0	0.0	0.0	0.0	0.0	0.0	0.0	0.0	0.0	0.0	0.0	0.0	0.0	0.0	0.0	0.0	0.0	0.0	0.0	0.0	0.0	0.0	0.0	0.0	0.0	0.0	0.0	0.0	0.0	0.0	0.0	0.0	0.0	0.07142857142857142	0.0	0.0	0.0	0.0	0.0	0.0
T[C>G]T	0.0	0.0	0.058823529411764705	0.06666666666666667	0.0	0.125	0.0	0.0	0.0	0.07142857142857142	0.0	0.0	0.0	0.0	0.0	0.0	0.0	0.0	0.0	0.0	0.08333333333333333	0.0	0.0	0.0	0.0	0.07142857142857142	0.0	0.0	0.0	0.0	0.0	0.0	0.047619047619047616	0.0	0.0	0.0	0.0	0.0	0.0	0.0	0.0	0.041666666666666664	0.0	0.0	0.0	0.0	0.0	0.0	0.0	0.0	0.0	0.0	0.0	0.0	0.0	0.0	0.0	0.047619047619047616	0.0	0.0	0.058823529411764705	0.0	0.0	0.0	0.0	0.0	0.0	0.0	0.07692307692307693	0.0	0.043478260869565216	0.0	0.0	0.0	0.0	0.0	0.0	0.0	0.0	0.0
T[C>T]A	0.0	0.0	0.058823529411764705	0.0	0.0	0.0	0.0	0.06666666666666667	0.0	0.07142857142857142	0.09090909090909091	0.0	0.0	0.038461538461538464	0.0	0.05555555555555555	0.0	0.0	0.0	0.07692307692307693	0.08333333333333333	0.07692307692307693	0.0	0.0	0.07692307692307693	0.14285714285714285	0.0	0.0	0.0	0.0	0.0	0.0	0.0	0.0	0.0	0.041666666666666664	0.0	0.0	0.0	0.0	0.0	0.0	0.0	0.0	0.0	0.05	0.0	0.07692307692307693	0.0625	0.0	0.0	0.0	0.0	0.038461538461538464	0.1111111111111111	0.05263157894736842	0.0	0.0	0.0	0.0	0.11764705882352941	0.0	0.0	0.0	0.08333333333333333	0.0	0.0	0.0	0.0	0.07692307692307693	0.0	0.0	0.0	0.0	0.0	0.0	0.0	0.045454545454545456	0.0	0.0035087719298245615
T[C>T]C	0.0	0.0	0.0	0.0	0.0	0.0625	0.07142857142857142	0.0	0.0	0.07142857142857142	0.0	0.0	0.0	0.0	0.0	0.05555555555555555	0.0	0.05263157894736842	0.0	0.07692307692307693	0.0	0.0	0.0	0.0	0.0	0.0	0.058823529411764705	0.038461538461538464	0.0	0.0	0.1111111111111111	0.0	0.0	0.09090909090909091	0.0	0.0	0.0	0.0	0.0	0.0	0.0	0.0	0.043478260869565216	0.0	0.0	0.0	0.0	0.0	0.0	0.0	0.0	0.0	0.1	0.0	0.0	0.0	0.0	0.0	0.0	0.125	0.0	0.0	0.05263157894736842	0.1	0.0	0.0	0.0	0.0	0.0	0.07692307692307693	0.0	0.13333333333333333	0.0	0.0	0.043478260869565216	0.08333333333333333	0.04	0.0	0.0	0.0017543859649122807
T[C>T]G	0.0	0.0	0.058823529411764705	0.13333333333333333	0.0	0.0	0.0	0.0	0.14285714285714285	0.0	0.045454545454545456	0.0	0.0	0.038461538461538464	0.0	0.05555555555555555	0.0	0.0	0.0	0.0	0.08333333333333333	0.0	0.0	0.0	0.0	0.0	0.0	0.0	0.0	0.0	0.0	0.0	0.14285714285714285	0.0	0.0	0.08333333333333333	0.0	0.0	0.0	0.0625	0.0	0.041666666666666664	0.0	0.0	0.05	0.0	0.038461538461538464	0.07692307692307693	0.0	0.047619047619047616	0.0	0.07142857142857142	0.0	0.038461538461538464	0.0	0.0	0.0	0.047619047619047616	0.06666666666666667	0.0	0.0	0.07692307692307693	0.05263157894736842	0.0	0.0	0.0	0.0	0.06666666666666667	0.0	0.07692307692307693	0.08695652173913043	0.06666666666666667	0.0	0.0	0.043478260869565216	0.0	0.0	0.045454545454545456	0.0	0.1631578947368421
T[C>T]T	0.0	0.0	0.0	0.0	0.058823529411764705	0.0625	0.0	0.06666666666666667	0.0	0.0	0.0	0.0	0.0	0.07692307692307693	0.034482758620689655	0.1111111111111111	0.0	0.0	0.05	0.0	0.0	0.0	0.0	0.0	0.0	0.07142857142857142	0.0	0.0	0.0	0.0	0.0	0.0	0.047619047619047616	0.0	0.05555555555555555	0.0	0.0	0.0	0.0	0.0625	0.043478260869565216	0.041666666666666664	0.043478260869565216	0.1111111111111111	0.0	0.0	0.0	0.07692307692307693	0.0	0.0	0.0	0.0	0.0	0.0	0.0	0.05263157894736842	0.0	0.0	0.0	0.0	0.0	0.0	0.0	0.0	0.0	0.0	0.07142857142857142	0.06666666666666667	0.0	0.0	0.0	0.0	0.0	0.0	0.0	0.0	0.0	0.045454545454545456	0.0	0.0
T[T>A]A	0.058823529411764705	0.0	0.0	0.0	0.0	0.0	0.0	0.0	0.0	0.0	0.0	0.0	0.0	0.0	0.0	0.0	0.0	0.0	0.0	0.0	0.0	0.0	0.0	0.0	0.0	0.0	0.0	0.0	0.0	0.0	0.0	0.0	0.047619047619047616	0.0	0.0	0.0	0.0	0.0	0.0	0.0	0.0	0.0	0.0	0.0	0.0	0.05	0.0	0.0	0.0	0.0	0.0	0.0	0.0	0.0	0.0	0.0	0.0	0.0	0.0	0.0	0.0	0.0	0.0	0.0	0.0	0.0	0.0	0.0	0.0	0.0	0.0	0.0	0.0	0.0	0.0	0.0	0.0	0.0	0.0	0.0
T[T>A]C	0.0	0.0	0.0	0.0	0.0	0.0625	0.0	0.0	0.0	0.0	0.0	0.0	0.0	0.0	0.0	0.0	0.0	0.0	0.05	0.0	0.0	0.0	0.0	0.0	0.0	0.0	0.0	0.0	0.0	0.0	0.0	0.0	0.0	0.0	0.0	0.0	0.0	0.0	0.0	0.0	0.0	0.0	0.043478260869565216	0.0	0.0	0.0	0.038461538461538464	0.0	0.0	0.0	0.0	0.0	0.0	0.0	0.0	0.0	0.0	0.0	0.0	0.125	0.0	0.0	0.0	0.0	0.0	0.0	0.0	0.0	0.0	0.0	0.0	0.0	0.0	0.0	0.0	0.0	0.0	0.0	0.0	0.0
T[T>A]G	0.0	0.0	0.058823529411764705	0.0	0.058823529411764705	0.0	0.0	0.06666666666666667	0.0	0.0	0.0	0.0	0.0	0.0	0.0	0.0	0.125	0.05263157894736842	0.0	0.0	0.0	0.07692307692307693	0.0	0.0	0.0	0.0	0.0	0.0	0.1	0.0	0.1111111111111111	0.0	0.0	0.0	0.0	0.0	0.14285714285714285	0.07142857142857142	0.0	0.0	0.0	0.0	0.0	0.0	0.0	0.0	0.0	0.0	0.0	0.0	0.0	0.0	0.1	0.0	0.0	0.0	0.0	0.0	0.0	0.0	0.0	0.0	0.0	0.0	0.0	0.07692307692307693	0.0	0.0	0.0	0.0	0.0	0.0	0.0	0.0	0.043478260869565216	0.0	0.0	0.0	0.0	0.0
T[T>A]T	0.0	0.0	0.0	0.0	0.0	0.0	0.07142857142857142	0.0	0.0	0.0	0.0	0.0	0.0	0.0	0.0	0.0	0.0	0.0	0.0	0.0	0.0	0.0	0.0	0.0	0.0	0.0	0.0	0.038461538461538464	0.0	0.0	0.0	0.0	0.0	0.0	0.0	0.0	0.0	0.0	0.0	0.0	0.0	0.0	0.0	0.0	0.0	0.0	0.0	0.0	0.0	0.0	0.0	0.0	0.0	0.0	0.0	0.0	0.0	0.047619047619047616	0.0	0.0	0.0	0.0	0.0	0.1	0.0	0.0	0.0	0.0	0.0	0.0	0.0	0.0	0.0	0.0	0.0	0.0	0.0	0.0	0.0	0.0
T[T>C]A	0.0	0.0	0.0	0.0	0.0	0.0	0.0	0.0	0.0	0.0	0.045454545454545456	0.0	0.0	0.0	0.034482758620689655	0.0	0.0	0.05263157894736842	0.0	0.0	0.0	0.0	0.0	0.0	0.0	0.0	0.0	0.0	0.0	0.0	0.0	0.0	0.0	0.0	0.0	0.0	0.0	0.0	0.08333333333333333	0.0	0.0	0.0	0.0	0.0	0.0	0.0	0.0	0.0	0.0	0.0	0.0	0.0	0.0	0.0	0.0	0.0	0.0	0.0	0.0	0.0	0.0	0.0	0.0	0.0	0.0	0.0	0.0	0.0	0.0	0.0	0.043478260869565216	0.06666666666666667	0.0	0.0	0.0	0.0	0.04	0.0	0.0	0.0
T[T>C]C	0.0	0.0	0.0	0.0	0.0	0.0	0.0	0.0	0.0	0.0	0.045454545454545456	0.0	0.0	0.0	0.0	0.0	0.0	0.0	0.05	0.0	0.0	0.0	0.0	0.0	0.0	0.0	0.0	0.0	0.0	0.0	0.0	0.0	0.0	0.0	0.0	0.0	0.0	0.0	0.0	0.0	0.043478260869565216	0.0	0.0	0.0	0.0	0.0	0.0	0.0	0.0	0.0	0.0	0.0	0.0	0.07692307692307693	0.0	0.0	0.0	0.0	0.0	0.0	0.0	0.07692307692307693	0.0	0.0	0.0	0.0	0.0	0.0	0.0	0.0	0.0	0.0	0.0	0.0	0.0	0.0	0.04	0.0	0.0	0.0
T[T>C]G	0.0	0.0	0.0	0.0	0.0	0.0	0.0	0.0	0.0	0.0	0.0	0.0	0.0	0.0	0.0	0.0	0.0	0.0	0.0	0.0	0.0	0.0	0.0	0.0	0.0	0.0	0.0	0.0	0.0	0.0	0.0	0.09090909090909091	0.0	0.0	0.1111111111111111	0.0	0.0	0.0	0.0	0.0	0.0	0.0	0.0	0.0	0.0	0.0	0.0	0.0	0.0	0.0	0.0	0.0	0.0	0.0	0.1111111111111111	0.0	0.0	0.047619047619047616	0.0	0.0	0.0	0.0	0.0	0.0	0.0	0.0	0.0	0.0	0.0	0.0	0.0	0.0	0.0	0.0	0.0	0.0	0.0	0.0	0.0	0.0
T[T>C]T	0.0	0.0	0.0	0.0	0.0	0.0	0.0	0.0	0.0	0.0	0.045454545454545456	0.125	0.0	0.0	0.06896551724137931	0.0	0.0	0.05263157894736842	0.0	0.0	0.0	0.0	0.0	0.0	0.0	0.0	0.0	0.0	0.0	0.0	0.0	0.0	0.0	0.0	0.05555555555555555	0.0	0.0	0.0	0.0	0.0	0.0	0.0	0.0	0.0	0.0	0.0	0.038461538461538464	0.0	0.0	0.0	0.05263157894736842	0.0	0.0	0.0	0.0	0.0	0.0	0.0	0.0	0.0	0.058823529411764705	0.0	0.0	0.0	0.0	0.0	0.0	0.0	0.0	0.15384615384615385	0.08695652173913043	0.0	0.0	0.0	0.0	0.0	0.0	0.045454545454545456	0.0	0.0
T[T>G]A	0.0	0.0	0.0	0.0	0.0	0.0	0.0	0.0	0.0	0.0	0.0	0.0	0.0	0.0	0.0	0.0	0.0	0.0	0.0	0.0	0.0	0.0	0.0	0.0	0.0	0.0	0.0	0.0	0.0	0.0	0.0	0.0	0.0	0.0	0.0	0.0	0.0	0.0	0.0	0.0	0.0	0.0	0.043478260869565216	0.0	0.05	0.0	0.0	0.0	0.0	0.0	0.0	0.0	0.0	0.0	0.0	0.0	0.0	0.0	0.0	0.0	0.0	0.0	0.0	0.0	0.0	0.0	0.0	0.0	0.0	0.0	0.0	0.0	0.0	0.0	0.0	0.0	0.0	0.0	0.0	0.0
T[T>G]C	0.0	0.0	0.0	0.0	0.0	0.0	0.0	0.0	0.0	0.0	0.0	0.0	0.0	0.0	0.0	0.0	0.0	0.0	0.0	0.0	0.0	0.0	0.0	0.0	0.0	0.0	0.0	0.0	0.0	0.0	0.0	0.0	0.0	0.0	0.0	0.0	0.0	0.0	0.0	0.0	0.0	0.0	0.0	0.0	0.0	0.05	0.0	0.0	0.0	0.0	0.0	0.0	0.0	0.0	0.0	0.05263157894736842	0.0	0.0	0.0	0.0	0.0	0.0	0.0	0.0	0.0	0.0	0.0	0.0	0.0	0.0	0.0	0.0	0.0	0.0	0.0	0.0	0.0	0.0	0.0	0.0017543859649122807
T[T>G]G	0.0	0.0	0.0	0.06666666666666667	0.0	0.0	0.07142857142857142	0.0	0.047619047619047616	0.0	0.045454545454545456	0.0	0.0	0.0	0.034482758620689655	0.05555555555555555	0.0	0.0	0.05	0.0	0.0	0.0	0.0	0.0	0.07692307692307693	0.07142857142857142	0.11764705882352941	0.038461538461538464	0.0	0.1	0.0	0.0	0.09523809523809523	0.0	0.0	0.041666666666666664	0.0	0.0	0.08333333333333333	0.0	0.043478260869565216	0.0	0.043478260869565216	0.0	0.0	0.0	0.0	0.07692307692307693	0.0625	0.0	0.05263157894736842	0.07142857142857142	0.0	0.07692307692307693	0.0	0.0	0.0	0.047619047619047616	0.0	0.125	0.0	0.07692307692307693	0.05263157894736842	0.0	0.0	0.0	0.0	0.0	0.07692307692307693	0.0	0.043478260869565216	0.0	0.0	0.0	0.0	0.0	0.0	0.045454545454545456	0.0	0.0
T[T>G]T	0.0	0.0	0.0	0.0	0.0	0.0	0.0	0.0	0.0	0.0	0.0	0.0	0.0	0.0	0.034482758620689655	0.0	0.0	0.0	0.05	0.0	0.0	0.0	0.0	0.0	0.0	0.0	0.0	0.0	0.0	0.0	0.0	0.09090909090909091	0.0	0.09090909090909091	0.0	0.0	0.0	0.0	0.0	0.0	0.0	0.0	0.0	0.0	0.0	0.0	0.0	0.0	0.0	0.0	0.0	0.0	0.0	0.0	0.0	0.0	0.0	0.09523809523809523	0.06666666666666667	0.0	0.0	0.0	0.0	0.0	0.0	0.0	0.0	0.0	0.0	0.0	0.0	0.0	0.0	0.0	0.0	0.0	0.0	0.0	0.0	0.0
