MutationType	SBS96A	SBS96B	SBS96C	SBS96D	SBS96E	SBS96F	SBS96G	SBS96H	SBS96I	SBS96J	SBS96K	SBS96L	SBS96M	SBS96N	SBS96O	SBS96P	SBS96Q	SBS96R	SBS96S	SBS96T	SBS96U
A[C>A]A	6.411746036292243e-05	7.013037594845173e-05	0.028735558934567963	5.694504009170487e-05	7.920254811324411e-05	0.04964279320483911	7.716145300946664e-05	0.00012175789015600458	8.788501254457515e-05	8.510904062859481e-05	7.487235564865858e-05	5.856894340467988e-05	0.034802591921470595	8.579813002143055e-05	0.04809511983548873	7.517822901377258e-05	0.0016890361786408904	0.032344055700377794	7.600490478125721e-05	0.0006090428483730648	0.03266749458925915
A[C>A]C	6.084471841631967e-05	6.449413929772163e-05	0.001548448309546302	0.014413956102964675	8.31135424959939e-05	0.029028329821449005	0.048133703203711777	0.0012411209011133906	9.05647950276034e-05	0.04039340771050774	7.306652187253349e-05	7.095889218362572e-05	8.272506966022775e-05	0.011194473346040467	8.030081207834882e-05	8.528023508915794e-05	0.0011713822490492022	8.754726168263005e-05	0.20229464516160078	0.001127086848282488	8.252182633441407e-05
A[C>A]G	9.219450003001839e-05	9.226433612639085e-05	0.006484945314150536	8.943234352045692e-05	9.515152996755205e-05	0.00010213952336926013	9.622842917451635e-05	0.0016231541114393622	0.00010048141848528758	0.01662274835325661	0.008430364897867549	9.634493544581346e-05	9.942719334503636e-05	0.00010159368393942713	0.000100377148919506	9.867124899756163e-05	0.004075055903376779	9.745735296746716e-05	0.000101166214881232	0.0015543248351605143	9.78091724391561e-05
A[C>A]T	0.010127178163020289	8.512333151884377e-05	0.005355005827732384	8.499371833750046e-05	9.648842897149734e-05	9.855185126070865e-05	0.01266068722034106	0.0016233175811066758	0.00010025470401160419	9.354170761071146e-05	9.376224988955073e-05	9.214223973685876e-05	0.020529387851274804	9.808318573050201e-05	0.00010030442790593952	9.485441296419594e-05	0.004008509478808264	9.883896345854736e-05	9.923475518007763e-05	0.0015515742539719212	9.275051888835151e-05
A[C>G]A	7.979624298570798e-05	6.37175012229818e-05	0.055817176224809376	7.54051190597238e-05	9.033066889969632e-05	0.02688406841698452	9.260840015485882e-05	0.00013044039151282049	9.911910747177899e-05	8.664926326673594e-05	7.464434685182653e-05	7.491749809105386e-05	9.42566774028819e-05	9.691567538538948e-05	0.025811093589800292	0.06448705547337567	0.0027919355228732457	9.213601642841241e-05	8.866625794325955e-05	9.687918281997554e-05	8.328152063086236e-05
A[C>G]C	9.25832791836001e-05	9.264687760150992e-05	0.006483629338617902	7.727591937509715e-05	0.014534954452392413	0.00010144748230231926	8.942421809479128e-05	0.0016230444096436258	9.479791478952392e-05	9.014743845909834e-05	9.020254947245121e-05	9.47498447203543e-05	9.543450141791254e-05	9.841066203080118e-05	9.392928259330802e-05	0.032938349704636494	0.02362920118830516	9.910261869663372e-05	8.837319937811116e-05	9.272722190871719e-05	9.608716645743698e-05
A[C>G]G	8.07146840088535e-05	7.296719140867936e-05	0.004776873149967287	6.425554204274597e-05	0.01682500290335156	8.594515501840761e-05	0.06549488796426886	9.486887574894354e-05	0.011404549996950664	8.244207936058956e-05	8.463607373414561e-05	8.686615256010554e-05	0.04887178416756797	9.526519716018811e-05	9.09615060663782e-05	9.725897762109525e-05	0.019478898072702578	9.268128669646103e-05	9.327092993771657e-05	0.0013379358275415142	9.084053453989327e-05
A[C>G]T	7.128346369427163e-05	7.48814410826526e-05	0.033470342144232744	7.234644617710728e-05	7.473135842701595e-05	8.314075294038047e-05	7.704080123858149e-05	0.019917048943898407	0.011402040715620388	8.399716225540032e-05	7.222707083087698e-05	0.012778810001327657	0.15214607840389363	8.98094431249774e-05	9.374560031574219e-05	9.262008898076601e-05	0.0018715394032824406	8.908824529498815e-05	9.614636655896902e-05	7.924390283733373e-05	8.856606946210377e-05
A[C>T]A	4.9394660542390054e-05	3.916981955960352e-05	0.0003102107568338397	2.246552098625898e-05	6.6219105883647e-05	7.56521362291096e-05	6.607158943552349e-05	7.90363450505538e-05	7.998546425369568e-05	5.8848926110721676e-05	5.792050134303395e-05	6.786911867493473e-05	5.6517008124501446e-05	7.161226017160516e-05	8.922069391701371e-05	8.533256868759054e-05	7.336900673067248e-05	6.359815072300989e-05	7.031277091300581e-05	5.2510065562216826e-05	0.6495077222585678
A[C>T]C	0.006736075782737316	8.553873558412307e-05	0.005081959305971395	0.01539829477078456	9.51780610193964e-05	9.598907417966984e-05	0.012753223784966395	0.0011277212299319217	9.681224182713776e-05	9.476934937993064e-05	9.113182240980678e-05	0.02864195034781005	8.98622689419426e-05	9.753189951879903e-05	9.655649773776531e-05	9.505526577413548e-05	0.004145766099100001	9.763173147803172e-05	9.805455192690715e-05	0.050745269311300946	9.498055369476788e-05
A[C>T]G	7.060627528971963e-05	0.9427258193492889	6.03857033524946e-05	5.6258565974586935e-05	7.698136505496223e-05	5.8881228926566107e-05	8.597723845014116e-05	8.29380838695215e-05	7.841922188163153e-05	8.460591585617294e-05	4.202360285034956e-05	6.201853226457388e-05	8.048800700635183e-05	6.331129816317116e-05	7.019785536499512e-05	7.346082388721697e-05	8.642865941510536e-05	7.127691624191357e-05	7.96091435006474e-05	6.589198669644247e-05	7.291033952014914e-05
A[C>T]T	0.007163111569730063	6.792153789791993e-05	0.0012014210654115232	8.217008080464438e-05	7.437522312443434e-05	0.0357089942885068	0.042424113024117104	0.016932535050568732	8.506841440976131e-05	0.03313867257402307	5.06009566525023e-05	9.117086410697084e-05	0.020694219993310982	0.08100174115606933	8.863239709171467e-05	0.049631384939857526	0.0008826042988914651	8.081386340563768e-05	6.97738014650895e-05	0.0013932178222603397	7.281952548510162e-05
A[T>A]A	0.0071944098755921	8.91143994522281e-05	0.00503163280300214	7.540651022281963e-05	9.479667205596343e-05	9.600039193173871e-05	8.994539603008888e-05	0.001621774138766341	9.486776398262008e-05	9.319148884969763e-05	8.289886864076834e-05	9.635476526455022e-05	0.02053912935225526	9.362993405375164e-05	0.043547024696454176	9.238561251549982e-05	0.0029432382179948036	9.582105121808127e-05	0.00010017503445851617	0.001400059973821044	9.751079342095182e-05
A[T>A]C	7.287380931302323e-05	7.517774274674593e-05	0.00377893699114793	0.011804618284929092	7.749086616968271e-05	8.914786430977984e-05	8.297026543004903e-05	9.090139428735711e-05	0.04967834304479766	0.02873626687687647	9.139617250184529e-05	9.096578723983839e-05	8.747164592932677e-05	9.681929877842776e-05	0.015045095709137968	0.011260647937160684	0.002508343123918166	0.051923251045809596	0.010285856133123161	0.0008942971137003042	9.476166887907311e-05
A[T>A]G	7.392965708277188e-05	7.962514755490701e-05	0.003319679231481132	6.024148678349661e-05	7.363853583228775e-05	0.022066066925617633	0.022439834763827094	0.013140931102680043	0.11943187842771294	8.100342629404622e-05	7.487667878649517e-05	0.012773842336173402	8.008646636881167e-05	0.0496531369863078	7.94064071669709e-05	8.785231912042946e-05	0.0008252447480913361	0.02059912739387073	8.709745379746892e-05	8.25066663310281e-05	7.918222922853602e-05
A[T>A]T	9.278765573981219e-05	9.174834922305308e-05	0.005097435603966005	7.572081667603925e-05	9.560155594954268e-05	9.650500069255941e-05	9.452907615923323e-05	0.0016224531740590465	9.872723239823245e-05	0.011388067519510514	9.045211190823465e-05	9.717628054204397e-05	9.847020264714956e-05	9.733997576404363e-05	0.014627558680513176	9.663353048381396e-05	0.02408789556575357	9.553115123708266e-05	9.758402884472162e-05	0.001547043503524037	9.553643540129996e-05
A[T>C]A	5.658581610248348e-05	5.9592074057945867e-05	0.0014314448141924175	7.499781825970331e-05	0.018353215853416316	8.872726248227991e-05	7.08327829670452e-05	8.125313188429572e-05	8.623340181657113e-05	6.217732240543228e-05	7.040192410272539e-05	0.014251496322685853	7.251419228850863e-05	9.243872482329607e-05	8.044421847444027e-05	7.75519227318e-05	0.0009023191480904025	7.277731938302168e-05	6.335957712053642e-05	0.436677781205799	8.507221846230096e-05
A[T>C]C	8.396794605687319e-05	8.604959830336157e-05	0.006196405975788366	8.831826744426508e-05	8.553266882245225e-05	9.5617132683401e-05	8.876286537997657e-05	0.0016206592932576313	9.880063007585704e-05	0.016621694252535235	8.956570927693974e-05	0.010077436525170924	9.886012630886399e-05	0.0496337612028583	9.900270670186729e-05	9.847493056440726e-05	0.0029373611228947993	9.412914150743745e-05	9.958836017176509e-05	0.0015521865840128156	8.809288501652191e-05
A[T>C]G	0.01809299235843014	4.803541952469461e-05	0.0014889859285517558	6.195476444190718e-05	8.490899454045575e-05	8.452683978248388e-05	9.130503749474884e-05	8.743442595005035e-05	9.029002721945289e-05	6.6009029592351e-05	7.045866006407663e-05	8.309122167702299e-05	9.252060408471152e-05	8.201336525530678e-05	7.982079732755664e-05	9.148739191005007e-05	0.4141697851169738	8.16128874930655e-05	8.646477799629792e-05	8.800259329291293e-05	6.782777622902359e-05
A[T>C]T	4.724646727254367e-05	5.36142773611914e-05	0.001450565393474806	6.321904533876933e-05	0.018360487488598663	7.98999168125647e-05	5.5636937312897315e-05	0.06649062854939984	7.168695221366761e-05	6.806838134707505e-05	6.99111615745096e-05	6.890945867326082e-05	8.188783838249946e-05	7.643811952675605e-05	8.995998832688201e-05	5.2884882503789755e-05	0.000551679836587482	0.29297962275886674	0.020340914380972207	7.404668886010768e-05	8.586945768911392e-05
A[T>G]A	8.555946615160793e-05	8.07445016107522e-05	0.004919930679898243	7.265978529176209e-05	8.761143828905915e-05	9.132778468483594e-05	9.035014154505916e-05	0.0016206509761104825	9.994861102313735e-05	9.289679255743976e-05	9.551098191877827e-05	9.120427785092033e-05	9.242940286640078e-05	0.0830166859916062	0.022334823836717987	9.681910596555099e-05	0.002937251493858639	9.379966722917743e-05	9.389812730660196e-05	0.0015485340816667303	9.030710371007444e-05
A[T>G]C	9.438056004000828e-05	9.369215258629993e-05	0.00739408458903199	8.559270936530084e-05	9.72994057519827e-05	0.00010201423428952694	9.856173419393599e-05	0.0016244995829765684	0.00010045247472589836	9.766640432644636e-05	9.45095562201459e-05	9.746021460159682e-05	0.00010067881448776461	0.00010154305055039003	0.00010101116495206953	0.00010003863280871883	0.004292825450829696	0.00010041441928478889	0.00010120003134943545	0.0015543839588644914	9.879160643322393e-05
A[T>G]G	9.438056004000828e-05	9.369215258629993e-05	0.00739408458903199	8.559270936530084e-05	9.72994057519827e-05	0.00010201423428952694	9.856173419393599e-05	0.0016244995829765684	0.00010045247472589836	9.766640432644636e-05	9.45095562201459e-05	9.746021460159682e-05	0.00010067881448776461	0.00010154305055039003	0.00010101116495206953	0.00010003863280871883	0.004292825450829696	0.00010041441928478889	0.00010120003134943545	0.0015543839588644914	9.879160643322393e-05
A[T>G]T	9.066866041393951e-05	9.166697273030878e-05	0.007390680398384575	8.209823281504213e-05	9.717080320115201e-05	9.710518716019579e-05	9.674878165242263e-05	0.0006290367513429373	0.020195017405058024	9.441818838240579e-05	9.202493347402197e-05	9.186403258354403e-05	0.00010050967830466107	9.784125577425585e-05	0.00010072055010823533	9.900699224090204e-05	0.01887988600610697	9.661075819167309e-05	9.789607793209143e-05	0.000870010018843459	9.516405189060606e-05
C[C>A]A	0.011796188440803235	6.858293083364942e-05	0.011536788461853575	6.97872614409789e-05	0.02875715563786798	8.908640538720646e-05	8.216354908654466e-05	0.029896044346105554	9.623960213502868e-05	8.507485990776331e-05	7.660065266463789e-05	8.822767485980876e-05	9.019888020702637e-05	0.016616414993768557	8.383759759453824e-05	9.185107373923528e-05	0.011321367809432558	8.333137917304612e-05	8.68838767928537e-05	0.0015407274477183819	0.0649921207666921
C[C>A]C	9.025992258102634e-05	7.997689208423253e-05	0.005994222672325122	7.914832749520429e-05	9.080906711460557e-05	0.02208113774395315	9.184753434965387e-05	0.000627872296172427	9.23519408388529e-05	0.01838527595537016	8.682261359354016e-05	8.319806001964026e-05	0.020432073373376623	9.572544186084997e-05	9.377449896419421e-05	8.873115111782682e-05	0.0030319935789748344	0.033920663086610146	9.632949222577736e-05	9.013669332489372e-05	9.452480662730522e-05
C[C>A]G	0.015697229270881508	7.456480288965394e-05	0.056793380211456676	7.275974166986998e-05	8.976089338830207e-05	9.20174232305726e-05	9.186896604660433e-05	9.212551267410163e-05	9.875183895928785e-05	8.11527460882644e-05	7.81465474574361e-05	8.17157580058847e-05	9.45752199186245e-05	9.185097478621173e-05	9.939017836586572e-05	9.810680421651341e-05	0.031129447455668924	9.011317961267195e-05	0.02539214495627675	9.947883227141574e-05	9.118049601966049e-05
C[C>A]T	7.261016035045031e-05	6.996913398324978e-05	0.03229572417985764	7.922297772893217e-05	8.799448696663603e-05	0.014554345983924577	9.224555906257592e-05	0.03377382027438216	9.347280283691361e-05	8.581860529375263e-05	0.010331678444163116	7.938289563753642e-05	0.020432325122965268	9.493405668763444e-05	8.406297420151531e-05	0.033120849567785625	0.002110151847227826	9.092552645597606e-05	0.010298521944059757	0.0005535192802199162	8.359582752746065e-05
C[C>G]A	8.935316363931634e-05	7.490224091792897e-05	0.002622576314024627	8.918195126170759e-05	8.863914226822089e-05	0.025797870116730338	0.03712254640777246	0.000126958250257303	9.813940923777408e-05	7.740003147773677e-05	7.81106290560274e-05	8.227852854361117e-05	9.141158698184881e-05	0.017027436479838797	9.384290897287428e-05	8.346527135927317e-05	0.012518432074284647	9.310632303822785e-05	8.568353696318809e-05	0.016015290294853914	8.868497461662627e-05
C[C>G]C	7.560645635749098e-05	6.244733187941165e-05	0.012872412135766353	7.758491910863086e-05	8.963863001554273e-05	8.862606191541999e-05	0.0676755540400336	0.049178389817325294	9.144541108980775e-05	7.912642740848241e-05	7.265695203386712e-05	8.417122535320232e-05	9.113763881032355e-05	9.425303069292568e-05	9.371353880851529e-05	8.796853371677571e-05	0.00017843654245552898	0.017042071777541423	0.031026217944304334	0.035362721482852064	8.24105730885094e-05
C[C>G]G	8.002546638294917e-05	8.8402828987455e-05	0.006221928590457537	7.934904424473643e-05	0.01813217632807209	0.00010094318713527173	8.26737721581594e-05	0.0004919586797768715	0.014863304528262233	9.602816062397324e-05	9.243066961062141e-05	0.020125427930179286	0.014734431181204854	0.00010078290215460583	9.772589910426178e-05	9.206826071022079e-05	0.0029312658218259456	9.723459152155556e-05	9.485289774602279e-05	0.05063944944049581	9.840476341196335e-05
C[C>G]T	9.437356711714529e-05	0.013384509761817754	0.04644782340183155	7.809418129909318e-05	9.149359684670343e-05	9.991442566388286e-05	8.868823413195059e-05	0.0014730856455571484	0.0001004467463644687	9.77164127107244e-05	8.447298259852686e-05	9.33588275074726e-05	0.00010016471496783197	9.925246340571902e-05	9.205401674989843e-05	9.833380026975646e-05	0.0029317151915165597	9.862834049272351e-05	9.272649513150099e-05	0.001552663112670416	9.17319928703364e-05
C[C>T]A	0.01001718661545965	5.4971076224319404e-05	0.0019020409353288415	5.0095530332328055e-05	8.019615306693595e-05	0.02204947322738917	7.361909301835112e-05	0.2188339440166601	8.90482169779716e-05	0.018375708865005436	7.458010662730885e-05	7.979702618285956e-05	8.982652580016292e-05	7.190394089775509e-05	8.44691094243899e-05	7.80838166065223e-05	0.0013487147227237983	8.420403064519632e-05	7.868135307944612e-05	7.728009895799915e-05	7.185347021732014e-05
C[C>T]C	6.515668455548962e-05	7.202401829999871e-05	0.0021916686652986074	4.9199972681890356e-05	8.290565710922237e-05	0.025819387318006193	7.247305107966895e-05	0.00070876946192584	0.2432456136768451	8.788227496552281e-05	7.723879048171511e-05	7.416391209744689e-05	7.750097320240457e-05	0.017052091899313383	0.022316354825488816	8.738441792957019e-05	0.001431778966730235	0.039736784230626654	7.37749683851388e-05	7.365150865439319e-05	8.606227929703891e-05
C[C>T]G	6.445555075060839e-05	4.521212696459997e-05	0.0018926941477559467	0.9225346505641937	5.257815201389349e-05	5.0398350362712564e-05	5.713850007396104e-05	7.516845869304234e-05	6.984278363688645e-05	6.81949718625674e-05	6.356237570344092e-05	6.571881766674892e-05	4.864579013883485e-05	6.221552833238775e-05	7.266183205274501e-05	8.4637954205391e-05	6.228577972251514e-05	5.6940068815158894e-05	5.375187674871995e-05	3.1053495496280456e-05	7.961648550462997e-05
C[C>T]T	6.191990514707868e-05	5.759025929137351e-05	0.0016490240008465661	3.92225103009014e-05	0.00910335996595677	8.528392827429343e-05	5.906597784814949e-05	7.231300287457998e-05	8.873502520145848e-05	7.511986830053275e-05	6.408215906450465e-05	6.580121421393415e-05	7.321790072865043e-05	8.112592250313355e-05	0.4402357448285329	6.363400091089489e-05	7.02298590567807e-05	6.057267719370429e-05	7.813987067493145e-05	0.001521555060026003	5.796939617539465e-05
C[T>A]A	8.146102609316586e-05	8.999181118269916e-05	0.00541920342038793	7.602886653330642e-05	8.914253430702956e-05	0.06410742914304138	9.524730485281907e-05	0.0016241864250332583	9.83237383479718e-05	9.014778024720726e-05	0.010339385271072388	8.620999760751147e-05	9.741267931531183e-05	9.730154124554247e-05	9.75150083831977e-05	9.405086821061559e-05	0.002821157794292617	9.929375955834985e-05	9.383897013321984e-05	0.0015519049637077841	8.576214368076762e-05
C[T>A]C	7.243439895319171e-05	8.034271368160262e-05	0.004971313534042565	7.887614709716218e-05	9.185226408590098e-05	9.258790450985543e-05	9.538699232507497e-05	0.019915952580049634	9.91198503470514e-05	9.081145290110726e-05	9.47889253438916e-05	9.340154501842335e-05	9.486849885433912e-05	9.996285225497559e-05	9.939138326444663e-05	9.508933289907873e-05	0.004283963949274039	9.871582515188492e-05	0.1736558673546824	9.234835670213215e-05	9.698065550765023e-05
C[T>A]G	8.305605842906516e-05	6.91621217526972e-05	0.06802081958958298	7.391827457468026e-05	0.01835426940456273	9.100807401409838e-05	0.0572965129080103	8.781934986362155e-05	8.601136823926936e-05	0.014413173127104528	7.199074079835554e-05	8.566741780668963e-05	9.425260868738406e-05	9.258807185688056e-05	6.929287142156681e-05	8.626718663435895e-05	0.001027676566630234	0.025413000387015928	7.684537322347751e-05	0.0004087709228770109	8.788282721070573e-05
C[T>A]T	7.657072692381916e-05	7.219255320418671e-05	0.0026142844901199643	6.771298974399542e-05	7.979648435139098e-05	0.014869883517894778	0.00839313769392902	0.041277723234452425	8.98960126505699e-05	7.821965393759456e-05	7.346084043596823e-05	7.868213142501191e-05	0.03815394874436606	0.06659893717624073	8.200113543352928e-05	0.025811987532506464	0.0001360534835839644	8.231985575548605e-05	8.373019627470058e-05	0.0013370438769925385	8.591289515607059e-05
C[T>C]A	7.859484439904918e-05	8.328118028657627e-05	0.003057498425732774	9.074865702132228e-05	9.196400205837562e-05	9.875025061774067e-05	0.02245764176477678	0.03431809194444213	8.424436609857366e-05	9.189255943056195e-05	8.505379851158068e-05	8.558755525882589e-05	8.41262555695721e-05	9.382711486978223e-05	9.048142455867492e-05	8.96081455721287e-05	0.035487923014466106	9.616472889319993e-05	9.238545735570369e-05	0.016024457354069453	8.934620273066684e-05
C[T>C]C	0.011220218750167987	8.527274148946162e-05	0.005111809769005049	7.985586182641668e-05	8.966178247646895e-05	9.981940893339924e-05	9.541110121062957e-05	0.0011346090395818464	9.589510373189113e-05	0.027295701723051024	9.222010849043726e-05	0.014475997143017593	9.391026942466852e-05	0.011209313082508743	9.729094526846893e-05	0.00010007810633396729	0.004292361618718132	9.948523511411622e-05	9.484340844210238e-05	0.0011323381106194575	0.02489321492612362
C[T>C]G	0.028555824092609327	5.6504000326360744e-05	0.0020717446218441182	7.23798236492712e-05	8.026912964851363e-05	0.0146464002196808	0.022989630157826468	0.0016143480163009372	0.02018443500128342	8.189313328017533e-05	0.0103382558649173	0.05695102712561493	9.355248912470415e-05	8.705016698513645e-05	9.349033134640195e-05	7.714665453022463e-05	0.0014910460182363749	0.08116894490740378	7.58578278009736e-05	0.0008615264945547096	9.458842396270484e-05
C[T>C]T	6.588696075284783e-05	6.191536296569211e-05	0.0036227517128281763	8.15159841295099e-05	8.004054561752127e-05	0.014872279496194097	8.228406695707236e-05	8.902571207727305e-05	0.049618931701115795	8.372167410470865e-05	8.182118035620079e-05	0.03789463365283154	0.020524058178125415	9.119953829213045e-05	8.312939237384854e-05	8.568481607653666e-05	0.0015944306505843997	0.025417354083583633	0.049661023821681735	0.00041551952017471194	0.01121537220256812
C[T>G]A	9.006519539980217e-05	8.505118067319018e-05	0.006363978581794072	8.142538245010655e-05	9.687226774985902e-05	0.00010092059164890088	9.577286400599405e-05	0.001619422371368273	9.756872605066746e-05	9.022389131132513e-05	8.870709680195433e-05	9.317245530837681e-05	9.762112822500057e-05	9.838011392275803e-05	9.998501191148535e-05	9.509032097412273e-05	0.011824595499274438	9.582226084603462e-05	9.891452282317914e-05	0.021979770499456208	9.760704124346375e-05
C[T>G]C	9.06497793039307e-05	7.064959782283608e-05	0.003989682179962983	8.918002240534406e-05	0.01677105465576858	9.506962851446588e-05	9.493515535723418e-05	0.022095592282857977	9.38117314944975e-05	9.479582076892257e-05	7.781083741065231e-05	9.138935056398622e-05	0.00010015325751737692	9.818566104513593e-05	0.09930529580378789	9.437536646146327e-05	0.0029925776596484432	0.0174039518176869	8.801242511253804e-05	0.009613276875461452	9.679347567725927e-05
C[T>G]G	7.748758058490068e-05	6.415253987483993e-05	0.0028807844460970954	7.740333676338196e-05	7.727681391145325e-05	9.637520997785032e-05	7.52554315567977e-05	0.00010113085818375112	9.143611387116835e-05	8.633155739516951e-05	7.518943648392451e-05	6.765647285646991e-05	8.469626991427503e-05	8.340669583049021e-05	0.02581118199013872	0.2169377440768585	0.0012057368477599085	9.38988978305133e-05	0.03345077949616097	0.0015439259917911841	8.157431830086992e-05
C[T>G]T	8.16478506749263e-05	6.246043031410409e-05	0.014658873922599014	7.64129325034446e-05	8.144874243498634e-05	8.808658094494604e-05	0.012652961506682913	0.0006243041934794746	8.839611538178361e-05	7.006501000432764e-05	8.776998802204617e-05	0.020521932892370386	7.614876892603206e-05	0.02230630297890457	8.745405757508707e-05	0.03312126473938406	0.057194876578068946	0.03354430640829378	7.812780913809547e-05	0.0007036947921733372	8.400389378948603e-05
G[C>A]A	6.95050147442089e-05	5.564153809416439e-05	0.018000185127262574	5.2013581716892075e-05	7.786591773992769e-05	7.512889540066681e-05	7.17066870720373e-05	0.06840680458990392	7.996829772309866e-05	0.022624056242693768	7.060860467302809e-05	8.373693344765343e-05	7.596135446874541e-05	0.04884454361963435	8.769189807935617e-05	0.08270594257373887	0.02064509562769672	8.666818794154097e-05	7.721459896856687e-05	0.001534220484245452	0.07286266913363874
G[C>A]C	8.001450723895686e-05	7.809336060518035e-05	0.003228212460089708	8.911487202567514e-05	9.02186624443857e-05	9.018614637170685e-05	9.30822418013122e-05	0.02143184665574154	9.687028286862188e-05	9.643429948482662e-05	8.046173843467841e-05	8.434303545072908e-05	9.311598987551405e-05	9.442641458008438e-05	0.014623405566817382	0.03312933570232417	0.002808002883102745	9.87362305750139e-05	0.019917979835008738	0.001542710322246421	9.628015468479134e-05
G[C>A]G	8.426873828284442e-05	8.510217994626146e-05	0.002499797090422362	7.1842708348413e-05	0.016778470802728408	9.288766523241065e-05	8.438869063240873e-05	0.0016086181949503953	9.556533259456046e-05	8.404994875945703e-05	8.383316627629256e-05	8.415395932388492e-05	9.001182661450002e-05	0.03313831203049631	0.08129369708749437	0.034848888194392205	0.004293021259218222	8.381250736420043e-05	8.15077133665909e-05	8.857672489739343e-05	9.386165766045451e-05
G[C>A]T	8.036924227781129e-05	8.257978197434568e-05	0.12881447571483645	5.480137955800046e-05	7.246504204836413e-05	0.033124847230646993	6.60765481825365e-05	0.0016100762418318482	0.05639273483466241	9.467691270401702e-05	6.78209377166894e-05	7.560685853604809e-05	8.053459750509973e-05	7.261434260499299e-05	0.015042971231417823	8.044576643442269e-05	9.95806989067205e-05	8.927474154916127e-05	7.736369862243464e-05	7.540181786680478e-05	0.03954621614020652
G[C>G]A	8.062694656132407e-05	8.471210676783692e-05	0.005989757785573602	8.089844341157005e-05	9.389750121044927e-05	0.025808636433066568	9.805045483517461e-05	0.0016198533776332624	8.824239284876967e-05	9.609134649508632e-05	8.007488335053381e-05	9.610776323825121e-05	0.037911832330428295	0.00010003447314375081	9.70859415247105e-05	9.067998862519744e-05	0.002929857806520886	9.636198010412044e-05	9.854801173787564e-05	0.0015533532452536747	9.957013608072885e-05
G[C>G]C	8.121639657474589e-05	8.228395563492086e-05	0.0059941024366708005	7.59702479626867e-05	0.014537720275257016	0.014560887295374414	9.686686753411778e-05	0.0008209425337554421	9.907934509101324e-05	8.759223974266205e-05	8.645103334856686e-05	9.213159646606072e-05	9.4344715034822e-05	9.386605343024712e-05	9.656098118284717e-05	9.472339006606489e-05	0.0023286806884811996	9.883791790343821e-05	0.024865878036507638	0.026952216796053106	9.322768637503032e-05
G[C>G]G	8.448075532214716e-05	0.014386215084596189	0.006012858412577771	8.505750665790401e-05	9.493040124652907e-05	0.00010140942031284794	9.858513294602744e-05	0.0016198032200918533	0.00010005198055296205	9.807228489080443e-05	9.390707782586105e-05	9.18985180760501e-05	0.020525207957325618	0.00010016463638748974	0.022386467189062387	9.302235303039197e-05	0.002716737387527246	9.712230385048315e-05	9.986902732634917e-05	0.0015532327888649888	8.899813583411742e-05
G[C>G]T	8.25527573567797e-05	8.074249485616747e-05	0.004127997756131663	8.97143327165395e-05	8.808738020888995e-05	9.32134069444146e-05	9.700230511953123e-05	0.0016153242395375855	0.049206176150619285	9.535162753309123e-05	0.008426385177517658	9.499105726717971e-05	9.443301496503409e-05	0.017027840422633743	8.654748280605418e-05	9.512033720966428e-05	0.002713628302444704	9.438298584427685e-05	8.863009334163508e-05	0.016019438142029684	9.289212976000271e-05
G[C>T]A	7.353999867873995e-05	5.8825414889773775e-05	0.00036146587844996245	7.250603553643487e-05	0.028752576680926723	7.962308736750857e-05	7.999478730198461e-05	0.001611916973706684	9.226385336660314e-05	0.02264177809738612	0.011203581751594527	6.913449769854196e-05	0.22862484286451945	8.615948263468454e-05	0.04023132590550631	9.192381694447249e-05	0.0013057438988710146	8.921543958422262e-05	7.760105308989296e-05	0.00019957046848162463	8.08276162842958e-05
G[C>T]C	4.0215345000890744e-05	6.230523954400268e-05	4.3059595054728564e-05	6.615763808710553e-05	6.455036548231874e-05	0.3289354911321425	8.001404887636454e-05	0.001612492867570836	8.418332727160305e-05	7.195074076662422e-05	5.168995461679454e-05	8.14782724773977e-05	8.20739813207183e-05	6.732714973622933e-05	7.243466352520045e-05	8.601645859016572e-05	7.356992255722617e-05	7.217381662485422e-05	0.024841156150353073	8.32142426588689e-05	6.93606034815275e-05
G[C>T]G	0.8553890943527221	2.7842154514923224e-05	5.0243904252056384e-05	3.443236222335777e-05	7.487695129384519e-05	8.760924774833256e-05	6.46783393338346e-05	7.009634382484364e-05	6.533395556687082e-05	6.360669301841426e-05	6.78365685416793e-05	6.723492940352571e-05	7.695002504988224e-05	7.654451128473738e-05	5.838477512725149e-05	5.290141030087625e-05	7.817550722393208e-05	8.826631392366835e-05	5.713702152370104e-05	7.378629833212357e-05	6.240921262019583e-05
G[C>T]T	7.696856009715702e-05	7.672719954759169e-05	0.011840989284246461	6.16909069285243e-05	7.15963207767345e-05	8.067441231105477e-05	0.012562552006511397	0.00010690733979572542	9.440287831239403e-05	0.02844049828199786	7.638865272383555e-05	8.259320129582193e-05	9.649413914303295e-05	9.367545717395843e-05	9.17455221497221e-05	0.20215396692510695	0.02174944235230214	9.216514481522609e-05	0.024866813749997618	6.528225912916241e-05	8.233737789851148e-05
G[T>A]A	9.005363244796172e-05	8.743510970816714e-05	0.007030835835757898	8.231040483224206e-05	9.637372277211398e-05	9.876000985968858e-05	0.007729523385205539	0.001623349962028442	9.523942899249959e-05	9.310022396675776e-05	9.37043885642197e-05	9.100950446736534e-05	9.348363200842869e-05	9.912981549859978e-05	9.828967667999678e-05	9.78170384769328e-05	0.011848729265329894	9.897697091219016e-05	9.976397705031559e-05	0.0015530190510617103	9.034288514158107e-05
G[T>A]C	9.387730897287838e-05	9.343771744170226e-05	0.007031039123830851	8.559270936530084e-05	9.617853211238981e-05	0.0001005032769171521	9.765125942067243e-05	0.001624420805455884	0.0001004218494927045	9.743183109094389e-05	9.280249360017478e-05	9.670674990047701e-05	0.014276817607606063	0.0001007978520647157	9.905034385155886e-05	0.00010001131231547333	0.004292868987249676	0.00010040346169262193	9.930992746376432e-05	0.0015542772540356963	9.870972426142543e-05
G[T>A]G	0.0059380774619057775	8.960117920651101e-05	0.006184624615707434	7.72516261349665e-05	9.435359752387739e-05	9.255371114704757e-05	0.0210903190789395	0.042798656270315406	8.89058824213862e-05	9.249283175449818e-05	7.249006534948421e-05	8.672521435073576e-05	0.033784123883742724	9.06611008758773e-05	9.81888581009116e-05	8.673985648783855e-05	0.002791601388366871	9.575582516845316e-05	9.907583007588983e-05	0.000558807137713302	9.508369912509806e-05
G[T>A]T	0.005652384468339733	9.146297306870111e-05	0.006353239298914559	8.506729209329933e-05	9.494322366663255e-05	0.009231136365269777	9.769902535481379e-05	0.0016231428715400397	9.845093736657873e-05	9.546098008286207e-05	0.012598046599305236	0.020532879712118302	0.00010011132981162519	0.00010059633495984599	9.32913910219213e-05	0.00010036840831162408	0.0029448040651914196	9.861496073426679e-05	9.739855304360389e-05	0.0015537851912085898	9.327639636467211e-05
G[T>C]A	8.524368531652727e-05	6.545087566678376e-05	0.0034092176392732654	6.693751956277083e-05	8.686202621674966e-05	9.505796551820823e-05	8.517547266819747e-05	8.615041062967065e-05	0.09918081642099423	8.267491357401013e-05	0.010335131723081759	0.014247325481294837	8.475771583107416e-05	8.69630432134727e-05	9.296867865487002e-05	0.07093965157346246	0.01182667525645229	9.194928570650518e-05	9.01770783457323e-05	0.0015339811685667116	9.358136958326213e-05
G[T>C]C	7.449918985003023e-05	6.65851113747229e-05	0.013956698517904442	6.594973519895575e-05	8.08230775874108e-05	0.03933997545245802	8.222488067985979e-05	9.05937937204726e-05	9.764006681507453e-05	0.007362511676865325	7.848995301174e-05	0.012745413611128242	0.028266899043956073	0.09914955177519005	8.713074057595805e-05	8.818485548545141e-05	0.017135369480456575	9.248673341062385e-05	9.068668732652441e-05	0.0015436155801580754	8.062769084062892e-05
G[T>C]G	7.454946735379054e-05	8.527267709723674e-05	0.03322304511530092	7.181234415156723e-05	8.154024762916379e-05	8.772524470259668e-05	8.514331748301628e-05	0.04944519542477792	9.516739592072554e-05	9.371357591589913e-05	6.916493371704746e-05	0.010081640646239976	9.046447921718936e-05	9.661203948780894e-05	7.509316704954472e-05	8.337582512751851e-05	0.002778770369695849	9.60853103606496e-05	8.547490042474238e-05	0.028279873065912398	8.944999535742681e-05
G[T>C]T	8.32856385386549e-05	8.215949092118535e-05	0.01560944619923248	7.351008935074788e-05	8.648825205455068e-05	9.812936914386228e-05	0.021090040347189642	0.00011431628008722328	9.813216820475645e-05	9.423049923498183e-05	0.007715864173223963	0.010085638800956077	9.40834066568641e-05	9.542506668367424e-05	0.00010003443603636696	9.955562345567159e-05	0.002035333261301275	9.824456137721426e-05	0.010297602677019313	0.0015450376547960331	0.04039326696656644
G[T>G]A	8.936200974858366e-05	9.41690283070784e-05	0.005571820909972302	9.480618027737364e-05	9.547365843900479e-05	0.00010010033001890406	9.679873182903976e-05	0.0016220100333157461	0.00010035696686827578	9.697320856503212e-05	9.177170650218614e-05	9.463912138016895e-05	9.551259718136862e-05	0.00010129137081094086	9.622111429052893e-05	9.568173336447217e-05	0.003641808553948067	0.025194293148524595	9.846837274380959e-05	0.01602768662487506	9.618285694159567e-05
G[T>G]C	8.862764552759472e-05	8.331689992076008e-05	0.027118856621382293	7.990324634192803e-05	8.628386010514077e-05	9.845330059761181e-05	9.536351353744976e-05	0.0016214592898904812	9.381795098306611e-05	9.157747699646279e-05	8.815413893898949e-05	9.53740680415649e-05	9.382802636537235e-05	9.45554995269049e-05	9.478485080762766e-05	9.038677471835399e-05	0.02412365757045336	9.87495448498521e-05	9.171746896754484e-05	0.0015496276180783752	9.422974399058149e-05
G[T>G]G	8.138921693898738e-05	7.599002489655504e-05	0.005114819452046504	0.009135058024185128	9.245228429790586e-05	9.670563595136628e-05	9.143515708274209e-05	0.0016129329694194894	8.999475030577742e-05	0.01117968240864684	7.899300754274919e-05	8.250744649558328e-05	0.014362421727128094	0.017053812556696357	9.523175467620603e-05	8.897061125026084e-05	0.018983834418577317	8.922588403947884e-05	9.476744889980182e-05	0.040889297755347796	8.78661685874249e-05
G[T>G]T	8.895450991985854e-05	7.979349296078908e-05	0.00483121401121025	7.468161711585709e-05	8.911922632250934e-05	0.025834821237367578	9.632247456465848e-05	0.0016174676293303492	9.506108181085437e-05	9.444352908758447e-05	8.875251696736087e-05	9.301082864112686e-05	9.682939999038354e-05	0.017031682366359747	9.927446371875704e-05	9.790514159249141e-05	0.011826442292658612	9.017542797664646e-05	9.341741642856504e-05	0.001548128546710359	9.352225533802994e-05
T[C>A]A	7.407991212531329e-05	0.016818431330255783	0.0022849668913295317	7.490657771995757e-05	8.309360564453527e-05	8.283003796805133e-05	0.012579466128590866	0.04192443144547724	8.6979327534209e-05	0.02264282713608736	8.258273010142148e-05	9.200398562825285e-05	0.10456845212283952	8.477910144222278e-05	8.525562261638698e-05	0.011250482427567477	0.0012884882187790935	8.64032466779463e-05	8.733408467378467e-05	0.015358744589684647	8.561617701161595e-05
T[C>A]C	6.847485755656635e-05	7.479983084976994e-05	0.0020945063985891464	0.01431967649316448	0.01255906662187769	8.860041220941639e-05	7.643838843023332e-05	9.997578672482632e-05	9.151737176580355e-05	7.38426360385347e-05	7.187170831457479e-05	7.389073723516049e-05	7.494462497561471e-05	0.2527091469466541	6.950145025257371e-05	8.252684419858269e-05	0.0033911202991930623	8.924382491386496e-05	0.024849775380698703	7.245383304744779e-05	0.02038046898887842
T[C>A]G	8.034253967483252e-05	7.806463869428626e-05	0.005137910363464471	7.666436340514338e-05	0.008404042001988899	9.451655350858345e-05	9.091527972486802e-05	0.04400908533934853	0.025761531706666573	0.056338089058044716	8.707884335308335e-05	8.968259862740524e-05	9.717438369989395e-05	9.519497034489177e-05	9.663483433541842e-05	9.801662890822627e-05	0.001526252481926349	9.613776055630296e-05	9.075044144992716e-05	0.0012621622685401236	9.458619824727066e-05
T[C>A]T	8.523865435563493e-05	0.005923313752757053	0.006131522580835736	6.869503158668522e-05	8.040923894441221e-05	8.737988828215748e-05	8.794807035883423e-05	7.737218647889677e-05	0.13814631731147528	8.80836689248099e-05	7.303854908968788e-05	8.139823094097665e-05	8.328263041903483e-05	9.575222647981719e-05	9.459789798711426e-05	8.578031438446487e-05	0.00010973393618769478	7.922775761812773e-05	0.04520280558535887	0.0015356533775047864	8.388739734073169e-05
T[C>G]A	7.07827681603899e-05	7.074630147103633e-05	0.002761732428734831	8.216569308387989e-05	0.02505462137814902	0.02579048051711652	8.898852283891756e-05	8.86255904333666e-05	7.394008143819519e-05	6.838112215241665e-05	6.882033449073788e-05	0.06937907544070185	9.0791331967921e-05	9.029020002344623e-05	0.025808825666172198	0.02580114172087633	0.01994732632265368	0.017012679085019043	8.532408282917459e-05	0.14850355875360038	7.564591683717481e-05
T[C>G]C	5.734869358153816e-05	8.376047735509928e-05	0.003258348510109954	6.961701183172408e-05	0.030623256262333597	7.897394316387363e-05	8.208054750866723e-05	7.328913488890976e-05	9.419172274647281e-05	0.011373640444799094	8.006845855561551e-05	7.969987836986547e-05	8.718692533875583e-05	8.366114025193383e-05	8.752787034609355e-05	8.549222038709559e-05	0.0008671324814862657	0.27901401644921864	6.505368946818635e-05	0.0012515776841610204	8.06523017672589e-05
T[C>G]G	8.799465394986328e-05	8.129517300403677e-05	0.0053772765866597185	6.69417577682907e-05	8.767456529312767e-05	0.04777871165861143	0.008394655945448904	0.03317081171335303	0.016622884286334738	7.906561713753036e-05	8.513052011949185e-05	0.012741768880313486	9.447168631595559e-05	8.916089427657425e-05	0.025216763088974404	9.075521993509028e-05	0.0029273080559505615	9.459098801016808e-05	9.235105171683245e-05	0.0013439944414130878	8.60043675857014e-05
T[C>G]T	4.831380977119437e-05	3.534398177293951e-05	6.884198428451782e-05	6.441094540718951e-05	5.407051139627583e-05	5.5435614740417805e-05	0.4775529311344144	0.0008414836282895522	7.210990838757425e-05	0.02842764420383901	6.910182726045377e-05	7.421638463256386e-05	7.88781680057582e-05	7.772927524456464e-05	7.63460509460856e-05	7.659441049985422e-05	6.256288163513091e-05	7.593881134653202e-05	8.066312984738034e-05	6.439542553380307e-05	7.905064308033616e-05
T[C>T]A	4.041522533064779e-05	3.6392149859132414e-05	5.6047118522428716e-05	5.087568186468161e-05	0.6756414830684662	7.404500374832423e-05	5.461088339870912e-05	7.6753561370424e-05	7.043057858027168e-05	7.381132236332633e-05	5.8837875740065174e-05	7.030380978063633e-05	8.27543615741888e-05	8.331769093956609e-05	5.822484883992729e-05	6.756677052273119e-05	4.818398996739859e-05	4.79067915421183e-05	5.441749478904967e-05	6.29310018035678e-05	6.744354870562575e-05
T[C>T]C	4.652258847653856e-05	5.226501406951911e-05	0.018724743194525217	4.7177048972457666e-05	5.850288678175275e-05	0.009207057435617116	5.499044110663931e-05	6.668474352409249e-05	7.602658918131056e-05	9.126737058977597e-05	7.162801628624038e-05	0.5497000500268768	8.989518610178494e-05	7.395009724859846e-05	7.97460545982176e-05	8.486853694193997e-05	5.1136157350129e-05	6.749346907497511e-05	7.28736824612497e-05	6.915466269674653e-05	7.15298123395769e-05
T[C>T]G	3.578215590067657e-05	6.162392892292701e-05	6.4344754688328e-05	3.486953989408903e-05	6.844758295301289e-05	8.620353287369653e-05	4.808548730856898e-05	6.51516751673853e-05	6.189544625598842e-05	7.010936765254883e-05	0.8577729046344758	5.530367935193681e-05	7.982589304447174e-05	8.76216116012074e-05	7.835282880250816e-05	5.7245222194524104e-05	5.0826296742556563e-05	4.728438850394312e-05	7.769749907993173e-05	7.889527096267557e-05	5.486614172696136e-05
T[C>T]T	5.221960893955213e-05	3.84725716912726e-05	5.007846469737842e-05	4.524073149951846e-05	5.597629831299855e-05	6.824988481639594e-05	7.632394263055176e-05	7.128455450242655e-05	7.411939641315257e-05	0.4983191357445321	0.03567272383744537	4.551986592105095e-05	6.653890675352158e-05	7.147178391733177e-05	8.505850091751199e-05	8.550728161935695e-05	0.0004350197559418789	9.029244647535961e-05	7.097085305076689e-05	8.669358285260387e-05	6.123478206063738e-05
T[T>A]A	8.590891666244715e-05	8.70658461280982e-05	0.005994907236163272	7.218483142423793e-05	8.92126732651377e-05	9.990636608563364e-05	8.884508497430943e-05	0.0001122578869399149	9.408560799784027e-05	9.242479245585855e-05	8.583201006544528e-05	8.55985843372764e-05	9.042077745107236e-05	0.049672330600151325	9.883670063572935e-05	0.020521916480356596	0.011840972073269996	9.573123534210027e-05	9.91588196484372e-05	0.0015476281558221671	8.571562361794349e-05
T[T>A]C	8.612867350166198e-05	8.389406029891688e-05	0.007389105506445048	8.239641319960356e-05	0.009347041040018666	0.00010034262813860551	9.603561775293202e-05	0.000751829343062127	9.565673535689711e-05	9.414473934157285e-05	9.428942430531607e-05	8.807088815956376e-05	9.109495003940537e-05	9.925916965585202e-05	0.011244362917204853	9.571075133862905e-05	0.011238463214976947	9.72857313172426e-05	9.67980085988529e-05	0.0015509131168073508	8.835115413603489e-05
T[T>A]G	8.46483904751949e-05	7.573187399430026e-05	0.006055476294568507	7.195322536972526e-05	8.836499182507396e-05	9.84771533694584e-05	9.659793431637809e-05	0.001623249307158403	0.025759163221664494	9.560825055814348e-05	9.264397885999642e-05	8.636582697363338e-05	9.546942601446062e-05	9.60042561928276e-05	9.779572137631476e-05	9.137857468886069e-05	0.002799744247022318	9.85810016572941e-05	0.06949136648472631	9.423833034816198e-05	9.809172915993258e-05
T[T>A]T	8.718939134269021e-05	8.67764338181587e-05	0.006177640811074525	8.587643216202423e-05	0.012567740035592578	0.0001003108591248747	9.665158140705898e-05	0.0016224426726694219	9.663373566581868e-05	9.738277367432602e-05	9.321870020357892e-05	0.020532003686821555	9.53123060753569e-05	9.846981192822568e-05	9.450346769881434e-05	9.985006909118965e-05	0.0026252466632286087	9.848823101492599e-05	9.734867344377563e-05	0.0015532845587586052	0.024886474238155643
T[T>C]A	9.18430378078483e-05	8.431899136382981e-05	0.0073930042439315	8.463141712127254e-05	9.77122770564165e-05	9.909569562296383e-05	9.390880368300713e-05	0.0013856022334948648	9.610657325538341e-05	0.049656264747318345	0.010087550930893485	8.760426019307487e-05	9.448771816096268e-05	0.00010057071558549069	0.00010085698959301226	9.734905979712494e-05	0.0042845343893532116	9.836726530920714e-05	9.881085134111345e-05	0.00010088401759276167	9.110426017286955e-05
T[T>C]C	8.404710424656515e-05	6.598538789328035e-05	0.004260685187909985	6.573933701474744e-05	9.131747210631148e-05	9.113012347370387e-05	8.729209348530275e-05	0.001611703772812234	9.38628083531512e-05	7.849934645491885e-05	7.036088895802095e-05	0.010072951256734086	0.020531629632750993	9.211016840708908e-05	9.68416701653041e-05	9.315906172560062e-05	0.0015715321641039282	9.242002270184457e-05	0.1726054698054213	0.0015453867792530219	9.756790532264859e-05
T[T>C]G	9.311129033449106e-05	9.17192803171929e-05	0.007254189748346107	0.005946162963664392	9.54397844907362e-05	0.00010188978922087699	9.521605607005767e-05	0.0011258055143116507	9.945279671228491e-05	0.0092459458297526	9.209191703121177e-05	9.532430412946269e-05	9.868755587376654e-05	0.00010130980590474791	9.843143270700238e-05	0.011261509655741974	0.004291525742883095	9.968950544134714e-05	9.772002304089255e-05	0.0008964253043814097	9.764150163391606e-05
T[T>C]T	7.875646700341576e-05	7.982119313965086e-05	0.0037650815189408603	7.683800176891964e-05	8.563761948607863e-05	9.267477071261965e-05	9.219621351803653e-05	0.06702093355816033	0.04168835318450874	7.819204913630528e-05	9.280431331717409e-05	0.025131260421039768	0.014257623594994584	8.800764117040671e-05	9.295510753872804e-05	0.03313051166805962	0.0036685064465928007	9.029048051161226e-05	7.876777253841283e-05	8.206525417335797e-05	8.414530974505396e-05
T[T>G]A	9.225063840858638e-05	9.459694192628376e-05	0.007391220120189246	8.59036787005607e-05	9.494587648077868e-05	0.014879631070652977	9.507633294560946e-05	0.0016244216065388172	0.00010105581313837319	9.812003481783904e-05	9.095339846680872e-05	9.696388733573257e-05	0.00010117428755620494	9.97561335680075e-05	9.875230607576668e-05	9.970851024263539e-05	0.002963074449507985	9.861661528702826e-05	9.774751597433352e-05	0.0015528381132753565	9.831170973484404e-05
T[T>G]C	9.01577586773783e-05	8.662693435326218e-05	0.013128841026627924	7.801900828781072e-05	9.153502505796496e-05	0.025804300449817675	9.615408489480615e-05	0.0001318196431384422	9.82969329925254e-05	9.018375421874226e-05	8.97889127372764e-05	9.17587571166223e-05	9.706993077998049e-05	9.701757880975492e-05	9.867711996776052e-05	9.493449360888916e-05	0.004292522407195065	9.952662003342994e-05	9.24280466279015e-05	0.0015513924481638242	0.011233552693011007
T[T>G]G	9.438056004000828e-05	9.369215258629993e-05	0.00739408458903199	8.559270936530084e-05	9.72994057519827e-05	0.00010201423428952694	9.856173419393599e-05	0.0016244995829765684	0.00010045247472589836	9.766640432644636e-05	9.45095562201459e-05	9.746021460159682e-05	0.00010067881448776461	0.00010154305055039003	0.00010101116495206953	0.00010003863280871883	0.004292825450829696	0.00010041441928478889	0.00010120003134943545	0.0015543839588644914	9.879160643322393e-05
T[T>G]T	7.485162427656178e-05	6.795651429243321e-05	0.04596425746203749	6.862826126052823e-05	7.770948668621714e-05	0.011311135370488046	8.22378511657007e-05	8.191494980565039e-05	9.408412370248698e-05	8.573272716603242e-05	9.091070023714565e-05	0.010053048766084061	0.06442870859536924	0.03313269565987866	8.169532266038005e-05	8.45167504849087e-05	0.0028036332667397803	8.235423956648447e-05	0.01990714730673062	0.0006308263647952117	9.246753033949062e-05
