MutationType	SBS96A	SBS96B	SBS96C	SBS96D	SBS96E	SBS96F	SBS96G	SBS96H	SBS96I
A[C>A]A	0.022194240737538676	1.2598241471798409e-20	0.05227785847423103	0.03624197619818313	0.11553498340237511	0.07483039658730489	0.15454582253252835	4.3079575453655735e-09	0.049092891714342654
A[C>A]C	0.008733662518672355	0.002810284591623662	0.004622586023171776	0.002768593593994605	0.0072480028838893835	0.004342629758584131	0.012931275024570303	1.4833214489059075e-19	0.003098472673948065
A[C>A]G	0.005613268235325019	0.00043346827148179793	0.0024192102084516754	0.0009971145109315754	0.005839035650298544	0.0006254824998552114	0.008475173489504148	0.004752513806090394	0.00240706060260699
A[C>A]T	0.010272575554366946	0.007816128407171838	0.024996503004947705	0.013652823995069112	0.027575569218794248	0.006400614633156572	0.01657552410837216	1.790620251261544e-05	0.03108725472914254
A[C>G]A	0.008350403567819542	0.0022813020819685273	0.0015931077506747937	0.003183607885853263	0.0007958455597266414	0.002370370569129141	0.01250062760264833	0.00018867135693314624	0.00020850812295089352
A[C>G]C	0.004946554469277468	0.00042599232210630716	0.0014830628810373263	0.0020593489935198826	9.60109289373361e-05	0.0036641083730652715	0.008135811443446132	0.0002741399707980682	0.0029663370305294165
A[C>G]G	0.014006461839596923	0.0002678027023617157	0.0007678993208530387	0.0018659692513817469	0.00016551309013727427	0.00048238588404528316	0.004214455112039206	5.4e-323	0.0028323225446195643
A[C>G]T	0.017042252435113092	0.0049487309505325885	0.0021372474795272574	0.00043192190711246	0.0015024902768435667	0.005176448492544249	0.005039367966696878	3e-323	0.001453427568404541
A[C>T]A	0.02308123576917752	0.08678474419852385	0.03475740994411003	0.08232810122924134	1e-323	0.01053429577784263	0.013650738762009234	0.003232508167891283	0.05052244931752713
A[C>T]C	0.007498554913985991	0.021295424519289126	0.00441871064681827	0.042034832677593344	1e-323	0.008935147299536206	0.021832264410448613	0.024071824771764932	0.0001513142742848031
A[C>T]G	0.014179573320154104	0.02977552490495352	0.012769791720964077	0.014730052236686178	0.005442129950558936	0.013675567449555032	0.008654916178413265	0.030004081964537858	0.053749020232507806
A[C>T]T	0.013310032260574343	0.03935796460408999	0.003841837830149916	0.014088888172496705	0.0003071174839080535	0.0027534723812553314	0.02598463543410094	0.015088907791655823	0.0030753400286793802
A[T>A]A	0.005652351661949611	0.00039749730598716515	0.003294812905066017	0.0013047806285544571	0.0013995710509553466	0.004398926158988637	0.008303317154548847	0.00012319349199744453	0.0038149594434300055
A[T>A]C	0.0027814308721831192	0.0008017898502826692	0.001173129298237967	0.001082748099064663	0.0	0.002046141812515619	0.006009992842944861	1.2436541618746589e-292	0.001656040855799168
A[T>A]G	0.0030875057178425614	0.000268425896039586	0.00037595018400264825	0.003670817059385812	0.0018216611919816262	0.0007220100616927079	0.0020000098755574218	0.00016771517709042571	0.002727503722436339
A[T>A]T	0.01261083023211915	0.013230442202960426	0.004570166818563563	0.0029163480196451354	0.0010545772235844401	0.021057361635041412	0.0036082436351753404	0.0001520289443398478	0.0006391122724002009
A[T>C]A	0.05425293414576573	0.011132428087432665	0.005082551778491944	0.006752717637806539	0.003292220443501321	0.05824385931358465	0.006689074415352469	2.5e-323	0.001081297256304856
A[T>C]C	0.0068200078117971906	0.0051722279886507	0.0009971844937836955	5e-324	0.0002495056993289939	0.026414488598956593	9e-323	4.430867101940206e-05	0.0005491816662162972
A[T>C]G	0.01805675924153654	0.017498018184224105	0.0066748618421379035	0.0024598920324110686	0.0012808914650070664	0.07063629039050179	0.0016965560498440483	0.00336275747432759	0.0008070436612545003
A[T>C]T	0.017359008601192338	0.0037358097952697074	0.002795335051206587	0.012746565544740329	0.00025220678431220746	0.017494179204548217	0.00012548365383569944	0.01688204917956844	0.00277715093932775
A[T>G]A	0.0019034171205112589	0.00015235255027929733	0.004451927374189363	0.0	2e-323	2.442220727026773e-66	0.010334510151702133	0.007773418947722549	6e-323
A[T>G]C	0.001475422941085686	0.0001345628809576	0.0004174015026770925	0.0	1.1886472306123595e-05	0.0008376099752064022	0.0011313373499932374	0.00900111057866842	0.0006398936078921742
A[T>G]G	0.007090725669081044	0.0004151462601935923	0.00027384854841499835	5e-324	1.5e-323	0.0015302748669953614	0.0002360284288295221	0.0009615218846554889	0.0012614744689016335
A[T>G]T	0.005853869587697073	0.001264371782494504	0.0009960389654955367	0.004156004496772974	0.00104419064511789	0.00457404068117162	0.0070025400061163555	2e-323	0.00024260013251617014
C[C>A]A	0.017670026583029127	0.021843628451841422	0.0479099000162277	0.018843774609748527	0.041800657656047416	0.012190655486910546	0.0019830866563540937	0.06540662207747279	0.025240132173236497
C[C>A]C	0.00973702363682089	0.03760928311179745	0.0012862518222670123	0.001427682483680865	0.0012993020644621778	0.011648359517928688	0.00978100829257311	0.01915937240067477	1.3150011958417554e-24
C[C>A]G	0.005434719773715938	0.003129150844257244	0.004215114389678491	0.005838340538030409	0.0023569023617423706	0.008469755450130696	0.0004344147037902108	0.00525809649635067	0.0024531469882626313
C[C>A]T	0.016191263404809347	0.13385384561520433	0.016193553182290626	0.007176034372322854	0.01871505782770327	0.011873824068806405	0.0005177708679619941	3.5571457733067323e-158	0.011389176848995547
C[C>G]A	0.009526473364840216	0.00012736402564494	0.0021170555685721534	0.0024792091630515584	1.784264239033052e-05	0.0006908057740179698	0.0014491922892413635	5.5233548105432106e-05	0.0024060678292058832
C[C>G]C	0.0021129950934441833	0.0001386660345652922	0.0016220448089728247	0.004597332188113448	0.0	3.3e-322	0.003870316261649887	2.423201198812162e-193	0.000527412865087856
C[C>G]G	0.0047988208123452645	9.967588872395011e-05	0.0022289579378546773	7.4e-323	0.00012825347477804492	0.0013738221271069257	0.004033934707676456	5.876348810014496e-05	0.0022736404610208794
C[C>G]T	0.010163947125358699	0.0004572871798265197	0.0012991818408377084	0.0008418725303846472	0.0004294404179844501	0.0006260980400407126	0.0006540326751584607	0.0007374244067149685	0.0012026167789664292
C[C>T]A	0.010659521635087732	0.008054699169218502	0.02238024686623788	0.0526226851396402	0.00041716669420707915	0.009928160285038581	0.07756051386649992	0.030277015414405598	0.014159967335137604
C[C>T]C	0.005845182525442201	0.012146840015544348	0.008513884521526915	0.03596786214242223	0.0	0.006003398764694277	0.014984739985487256	0.036825552661872436	0.0079118092944158
C[C>T]G	0.006052143609184181	0.01567610241765559	0.007979356062480125	0.005648259239101189	1e-323	0.009266932363178838	0.037388196521777065	0.029343902639708833	0.029853113615631956
C[C>T]T	0.015098734601112515	0.01096119689879923	0.007084766151119899	0.03408170563959519	1.5e-323	0.0074757909765972574	0.006210897220622301	0.019414905266597355	0.0075659323742779
C[T>A]A	0.009582401483669822	0.00018764648636910357	0.0016253790671665303	0.002351993555390611	0.0009812058056430906	0.0008207324414805777	0.0005380540400976866	0.0008229322555199652	0.004134121222701445
C[T>A]C	0.005963597950248543	0.0019277812177492795	0.00033024250413576917	0.0015488137723817415	1.125227288924077e-06	0.0024067151839142218	0.0020557150186721568	0.007094504237323471	5e-323
C[T>A]G	0.009774956833257156	0.0005137515477285136	0.0018564307108240214	5.4e-323	0.0003075829221102259	0.0023892217916319423	0.00017247088095888641	0.0009533622928973214	0.001201457343936966
C[T>A]T	0.007050084638734233	0.0008239081998905616	0.0038061140676580126	0.0033341411904852726	9.006586345123989e-06	0.002086751751818692	0.0016389917768842301	3.5e-323	0.004480122055316281
C[T>C]A	0.013756597868601816	0.00982354681919649	0.006821986767802263	0.004183099348665961	0.0015437408998701407	0.03840097576639764	0.0025388610020258473	3e-323	0.0016140891438937196
C[T>C]C	0.006678832725477391	0.007021472033676823	0.0012276675700340581	8.084748561993269e-05	8.285633461579981e-05	0.028477252233148072	0.002648594316314584	3e-323	0.00015432391972130686
C[T>C]G	0.0031062015325195613	0.02293456207940598	0.004384081011762168	0.00017634918781159794	0.0026260361284938896	0.061945873946442895	0.0024034211561382323	1.5e-323	0.0016433047104626088
C[T>C]T	0.016618172304217478	0.007127322057230266	0.004313974862342733	2.3044402242798746e-05	0.0005811131624306568	0.02404756033819628	0.00038564460031202956	0.009462152129089558	0.002391529350075497
C[T>G]A	0.001143408982703571	0.0010228782069372036	0.0020551358333021083	0.0009053040090268117	1e-323	0.00031933869702058866	0.0012897961236824893	0.009419788185289279	0.0004403353929258655
C[T>G]C	0.00294179105723932	0.0025234990460348797	0.00012857761183199907	0.002084389789050734	1e-323	0.005540610849652584	0.0023883637777677973	0.00020209762071589664	7.4e-323
C[T>G]G	0.005348595552325994	0.0027519605226904143	0.0012687270435061638	0.0017001322885506279	1.5100576830231293e-229	0.006156150293676031	0.006588353031074359	2.077354560570719e-196	0.0008280044670462965
C[T>G]T	0.002358249599248576	0.004947106965567602	0.0031078993798420813	0.0034906143560705107	0.0	0.00702842132573576	0.0030669049771039135	5e-324	0.0010734302284291434
G[C>A]A	0.031281670768792735	1.5012246750154973e-20	0.1967985470269255	0.05745218713837175	0.4470243286845732	0.02101218161420637	0.011103093547459858	0.27832594802960076	0.0555137330912925
G[C>A]C	0.006729227953616598	0.003895675788897362	0.011959091892127585	0.0038022330708647363	0.018547203840809247	0.005180539798908186	0.003529746724175652	0.019304569647289656	0.00633483314494874
G[C>A]G	0.004337503869702259	0.0009743052131500453	0.0064560088655176515	0.0026728547102800107	0.012847604540325977	0.0029087354302005856	0.002645990626158308	3e-323	0.00828637230089979
G[C>A]T	0.017058608374074708	0.01277133106940083	0.05441083316696031	0.03092931431918539	0.09162451969511616	0.0020953454201210345	0.14048362627301442	0.05418398930103463	0.06894665408170053
G[C>G]A	0.006727821714872838	0.00018565774031020324	0.0028446033349913817	0.004635281941068087	0.0021454322319614818	0.0028822375183782142	0.005156075797974356	2.5e-323	0.0012483965575385168
G[C>G]C	0.0046103816067883845	0.0008305871611978149	0.001793123842002798	0.0008733078254896491	0.0014189928062395148	0.0038132243336475914	0.0003241998718930441	7.4e-323	0.0038117047522448393
G[C>G]G	0.0027122191956903776	2.741474165568831e-05	0.0009215200013584002	1.04e-322	1.0580932506165505e-05	0.00037303011814598686	0.00016746529539810775	0.0004464964017524977	0.001782724070929332
G[C>G]T	0.011375692883729296	0.0009573441643297032	0.0010482552768162124	0.0036209235146129606	5e-324	0.002186747867800295	0.005859660937307273	0.021887123727047653	0.00019493565106153536
G[C>T]A	0.01691568109082555	0.10371274086099322	0.005302858825691386	0.038484333255887265	5e-324	0.0028231283271310447	0.02924668639794548	0.023004197004859384	0.0074961554424851015
G[C>T]C	0.00634970345576028	0.07178329392685472	0.004856836545533557	0.0255077845880811	6.0990158241509855e-06	0.011981255018079059	0.0014309505077781178	0.0027706706275117364	0.002106044924494741
G[C>T]G	0.009404684210753094	0.03953385967199291	0.01370330301531556	0.004270817620406459	0.00780032598636993	0.024995093264090072	0.005103369119353072	0.04409386633341123	0.01776300962439197
G[C>T]T	0.015911423115684144	0.07488103467569798	0.0004688805777630071	0.02265105437103917	5e-324	0.002306213842546277	0.011068749168672636	0.006744326146013391	1e-323
G[T>A]A	0.004862595664829604	0.00011981194721980403	1.6e-322	1.614140834055211e-05	9e-323	0.0007327754240763282	0.0002623019618480995	0.00024783086289774126	2.77e-322
G[T>A]C	0.002972014041740796	0.00043616903084570536	0.001154121343023779	0.0009098897475925496	0.0009702636026680171	0.0021147295186929012	0.0009612375357107105	8e-323	0.0011567470381794202
G[T>A]G	0.006251023541163178	0.0004017127763253778	7.4e-323	0.0028482016000318158	3.1740773401299935e-06	0.001039835145875917	1.0054702932802151e-05	0.00044226570091427444	1.4e-322
G[T>A]T	0.0071822147249411775	0.0021548430997105532	0.0013936689142188322	0.0005436671122930753	0.0	0.0017204744574817802	0.00169728907542915	0.011294002983284809	0.0005670855657861414
G[T>C]A	0.007128064059130886	0.00716574556858994	1.5e-323	0.0024950093538708353	5e-324	0.030747252301540552	0.0013060915255824017	0.000391817911456653	2.5e-323
G[T>C]C	0.0030828439635597026	0.003637504483485976	0.0005901156938682424	0.0007533427606576949	0.001283054634056913	0.014668355818423151	0.0003855166874847429	8e-323	9.551495708312339e-05
G[T>C]G	0.005768508683222198	0.01398749987417801	0.0011182116175116822	0.0005950622654546717	0.00028844331515640346	0.023612791094566533	0.006554584501037373	0.0009182630291308753	0.002732486871430827
G[T>C]T	0.008771403287712056	0.003663331355147576	0.0017657747783961235	0.0006163391805188203	0.0005050566493855075	0.017726489702540416	0.0001021684493506566	1.4488226759739319e-11	0.0038612305362667855
G[T>G]A	0.0007837255797646413	0.00011671375872386708	0.0016355639505849222	1.2e-322	0.0006670060808187534	2.4121273124957558e-05	2.37e-322	7.172921952711136e-05	0.0012073592841042103
G[T>G]C	0.0007012439996326991	9.545497546087844e-05	0.0033715766996611253	0.0020510230610122186	2e-323	0.0006238158000977115	0.00023780184717061987	6.144279718504813e-05	0.0017270451370775485
G[T>G]G	0.006633339995650625	2.192384737681166e-06	0.0008270066093834999	0.0009874935649698841	4.4e-323	0.00038961385588195946	0.00010198154679374681	0.00018528983013555705	0.0018343897292660636
G[T>G]T	0.004314707674781792	0.0005007113203453141	0.0008395372156658227	0.0031467412227703306	0.0	0.0030637141882823567	0.003183819853539464	0.00016800639444861603	0.0011267686612939083
T[C>A]A	0.02777053832973852	0.000426244970215154	0.07487753987329114	0.0407727118537173	0.04234276619424504	0.022990335093726694	0.053977844510595056	0.0026175033395961257	0.06665952542603401
T[C>A]C	0.023348256718162666	0.0037566965166560043	0.024517939442063097	0.01016764500701821	0.010681764682592347	0.0039841062542825545	0.041849455649466995	0.01596081026124129	0.026203276495922155
T[C>A]G	0.005191450698784383	0.0009189983754509445	0.005030744864863525	0.00018248372984149125	0.005621939990385888	0.005233596108539008	0.011089172361178503	6.897797336789966e-16	0.008831604239909602
T[C>A]T	0.03578813398670718	0.015832388113558905	0.15067854037803	0.08723726247688592	0.09230435419108315	0.014352127053811	0.021197376147320954	0.01438525861053698	0.27966803923718003
T[C>G]A	0.014559180058935048	0.0004954583085650575	0.001303901536892004	0.00736733480821959	0.0	0.0005678182219609111	0.003151774832440317	3e-323	0.0010460343757592503
T[C>G]C	0.0042546826261247745	0.0004936674616045326	0.0015385101117257913	0.00299801575749053	8.432692809597455e-06	0.00022809886022762805	0.010680583879111723	0.006906376157327648	5.158854050617948e-21
T[C>G]G	0.0030441726377864516	5.4e-323	0.0016604056280551491	0.0008546094947435087	1e-323	7.203247633609552e-05	0.003980091059947964	4e-323	0.004235373638910183
T[C>G]T	0.016870212293536548	0.0015754462092915796	0.0066610807615475635	0.006173860754185574	0.0011557606272742057	0.001252827330036847	0.005762204994053011	0.029876639880837618	0.000580576977503587
T[C>T]A	0.01638961474769459	0.007172661315757693	0.015979471553901024	0.0605349798851674	1.5e-323	0.007883571948131291	0.014268920272663755	0.040648113735657077	0.015165093106510616
T[C>T]C	0.008907054165445261	0.010904457902814427	0.005185864541124824	0.03318897792303334	0.0002727841280581885	0.004202598743348674	0.03619298557713238	0.012639649659165156	0.002669400922228624
T[C>T]G	0.012316440228097433	0.011551328974956105	0.009507805307997764	0.004611363692259081	0.0016323936088176872	0.0037549486059566045	0.012746392717648177	0.01846513152021595	0.013786585242311078
T[C>T]T	0.017246363391963167	0.009064092762327372	0.005026445059034384	0.04354216836363201	1e-323	0.008799812765604573	0.0030837041685334208	2e-323	0.008408135598284489
T[T>A]A	0.017516131737335208	0.001487721112674566	0.004619009200666084	0.0027625533599374597	0.0032858162282087522	0.009902095484575336	0.008720638567643772	5e-323	0.004956580546586437
T[T>A]C	0.012141981087213007	7.083867003998391e-05	0.00018013248916078127	0.0025927237730833724	0.0010431558753024308	0.0009650509134684612	0.0024686298186938995	9.819768033406379e-05	0.001824781595964334
T[T>A]G	0.0074890300912565915	8.829427204434204e-05	0.0007755375224438678	0.0037601440462764007	0.0016792200080642777	0.000552011717790904	0.005033125613960079	0.00037220872093993027	0.003375689846561874
T[T>A]T	0.025183973851374098	0.0009757662488965377	0.010329133019950124	0.007069764145864073	0.000702278705623492	0.007042529734431107	0.0005951482649030675	0.004886029558255276	0.007836588580583717
T[T>C]A	0.03291131896673512	0.008696433721036559	0.014852280338189505	0.009739828224451583	0.00255741439457803	0.034470457576300254	0.0006147604564833736	0.0005032018644068676	0.0025537779466867985
T[T>C]C	0.00596655237983826	0.006040914733304362	9.93909274658824e-05	0.002042578993403823	0.00034054952107223803	0.029350185098693877	0.0016241152196953329	4e-323	0.000612645324111141
T[T>C]G	0.004806480512788969	0.014116623894759943	0.005353078863028616	0.0009115245356860212	0.0022672720265500663	0.025836541440308853	0.0016312817302651028	5e-323	0.0019904793692304234
T[T>C]T	0.012567092663125418	0.00597196863609108	0.0065411442346095874	0.013286571043674521	1.5e-323	0.029793356560495598	0.0012967200520487515	5.991821547846209e-25	0.011696972802943281
T[T>G]A	0.0028354116312514	6e-323	0.0025870527063697143	0.0017647240139050514	0.0003015983244440365	0.0005166979733807048	0.0002817597501608637	0.013733648386706342	0.002124617506847268
T[T>G]C	0.0018194342908300551	0.00030667683559900067	0.003173339970841825	0.0007112105244741934	7.4e-323	0.0017462252933802282	0.0012229673821409534	6e-323	0.0049712772835904745
T[T>G]G	0.002697341272872386	0.0009033716715027605	0.0011776101201208865	0.002608949964698108	4.126524487846787e-05	0.0021789192532579073	0.0014760465113086167	6e-323	0.0017809774335982975
T[T>G]T	0.012726026258186718	0.001211398529170854	0.004139638709831335	0.0063784183937204	0.0024084478351835453	0.004389044479472395	0.0018708581300920658	0.023775006852419314	0.0014443838154957055
