MutationType	SBS96A	SBS96B	SBS96C	SBS96D	SBS96E	SBS96F	SBS96G	SBS96H	SBS96I	SBS96J	SBS96K	SBS96L	SBS96M	SBS96N	SBS96O
A[C>A]A	1.06E-02	7.58E-06	4.75E-06	9.37E-04	2.12E-02	3.88E-06	5.01E-02	1.14E-02	3.27E-06	7.05E-06	1.48E-02	1.53E-02	5.32E-04	3.46E-06	1.05E-05
A[C>A]C	2.63E-02	9.67E-06	2.13E-06	1.30E-04	3.89E-02	4.47E-02	4.30E-02	7.07E-06	7.85E-06	9.30E-06	1.29E-02	3.82E-04	7.23E-06	1.30E-02	3.22E-02
A[C>A]G	2.65E-06	2.27E-06	2.36E-06	1.79E-03	2.01E-06	1.11E-06	1.27E-06	9.91E-04	2.89E-06	3.92E-06	1.08E-03	1.77E-03	3.98E-05	2.57E-02	1.30E-02
A[C>A]T	3.49E-06	6.06E-06	9.97E-06	1.56E-03	2.22E-06	3.19E-06	3.30E-02	9.91E-04	2.25E-06	1.44E-02	7.10E-03	1.77E-03	1.37E-03	1.92E-06	1.19E-03
A[C>G]A	3.73E-06	1.25E-02	2.19E-02	1.46E-03	2.68E-06	2.05E-06	3.66E-06	9.91E-04	1.92E-06	1.71E-06	1.08E-03	8.50E-04	1.68E-03	1.15E-02	1.19E-03
A[C>G]C	9.82E-06	5.57E-06	9.78E-06	1.79E-03	3.69E-06	4.64E-06	4.98E-02	9.91E-04	1.75E-06	6.92E-06	1.08E-03	1.47E-03	2.81E-05	3.15E-06	1.19E-03
A[C>G]G	6.61E-06	9.38E-06	7.96E-06	3.71E-04	3.42E-06	4.15E-06	9.04E-06	1.14E-02	2.86E-02	7.99E-06	1.28E-02	9.42E-03	1.37E-03	3.00E-02	1.32E-05
A[C>G]T	7.41E-06	7.00E-06	1.18E-02	6.76E-04	6.95E-06	2.64E-06	4.28E-02	2.83E-06	1.85E-02	5.46E-06	1.79E-02	8.40E-04	1.37E-03	1.41E-02	1.12E-02
A[C>T]A	1.26E-02	1.08E-05	1.12E-05	6.33E-06	8.92E-06	1.02E-05	8.89E-06	1.01E-05	1.11E-05	1.02E-05	5.18E-04	1.12E-05	1.26E-05	1.19E-05	6.44E-02
A[C>T]C	8.13E-06	8.14E-06	4.47E-06	1.27E-03	2.41E-02	3.12E-06	8.07E-06	1.02E-02	2.62E-06	5.65E-06	2.73E-02	7.63E-03	1.71E-02	6.02E-06	3.58E-04
A[C>T]G	7.91E-02	1.14E-05	1.45E-05	1.22E-05	1.19E-05	1.12E-05	8.24E-06	9.81E-06	8.43E-06	4.95E-02	7.75E-06	1.42E-05	1.34E-05	7.43E-06	8.49E-06
A[C>T]T	9.89E-06	1.34E-02	7.44E-06	1.08E-05	2.01E-02	3.64E-06	9.75E-06	2.77E-04	1.01E-05	8.13E-06	1.48E-05	6.53E-02	2.04E-02	7.38E-06	1.74E-02
A[T>A]A	6.28E-06	6.03E-06	5.01E-03	1.79E-03	5.88E-06	6.83E-06	2.52E-06	9.92E-04	2.24E-02	4.24E-06	3.92E-06	7.62E-03	1.59E-03	5.82E-06	1.19E-03
A[T>A]C	9.98E-06	9.09E-06	1.25E-02	8.31E-03	1.01E-05	3.34E-06	3.78E-06	1.14E-02	5.89E-02	4.98E-06	1.79E-02	4.59E-04	4.09E-05	1.15E-02	2.40E-02
A[T>A]G	4.59E-03	1.89E-02	1.13E-05	1.32E-02	1.05E-05	5.35E-06	1.10E-05	3.96E-05	4.81E-02	2.28E-02	5.28E-02	1.16E-03	8.20E-06	3.16E-06	1.15E-02
A[T>A]T	5.07E-06	6.71E-03	3.53E-06	1.79E-03	3.06E-06	3.70E-06	1.41E-06	8.35E-04	8.78E-03	1.71E-06	3.26E-05	1.77E-03	1.68E-03	1.73E-02	3.88E-05
A[T>C]A	7.83E-06	1.12E-05	1.18E-05	3.44E-06	7.80E-03	7.29E-06	1.05E-05	1.25E-04	1.98E-02	9.42E-06	3.30E-02	4.89E-02	8.47E-04	4.59E-06	1.29E-02
A[T>C]C	5.35E-06	1.64E-06	1.61E-06	1.56E-03	4.49E-06	9.17E-03	2.73E-06	8.87E-05	1.22E-06	2.54E-06	1.08E-03	1.11E-02	1.13E-03	3.42E-06	9.65E-03
A[T>C]G	2.09E-02	7.87E-06	1.18E-02	3.84E-04	7.75E-06	4.84E-06	5.72E-06	9.92E-04	9.95E-06	2.01E-02	5.11E-02	1.26E-03	1.13E-03	3.23E-02	2.01E-02
A[T>C]T	1.06E-02	3.12E-02	1.38E-05	8.85E-03	5.06E-06	2.26E-02	3.98E-02	9.54E-06	3.23E-02	1.18E-05	1.08E-03	4.88E-02	5.36E-04	8.76E-06	2.94E-02
A[T>G]A	3.65E-06	4.21E-06	3.20E-06	1.42E-03	7.77E-06	4.03E-06	7.29E-06	6.52E-03	2.89E-02	5.93E-06	1.08E-03	1.77E-03	1.68E-03	3.23E-02	1.42E-05
A[T>G]C	6.58E-07	1.38E-06	9.25E-07	1.79E-03	1.82E-06	8.92E-07	1.38E-06	9.91E-04	1.29E-06	1.42E-06	1.08E-03	1.77E-03	1.68E-03	1.44E-06	1.19E-03
A[T>G]G	6.58E-07	1.38E-06	9.25E-07	1.79E-03	1.82E-06	8.92E-07	1.38E-06	9.91E-04	1.29E-06	1.42E-06	1.08E-03	1.77E-03	1.68E-03	1.44E-06	1.19E-03
A[T>G]T	6.06E-06	3.61E-06	2.52E-06	1.26E-03	1.95E-06	1.02E-06	2.82E-02	9.91E-04	1.29E-06	2.93E-06	1.08E-03	1.46E-03	1.68E-03	2.65E-06	1.19E-03
C[C>A]A	7.14E-03	9.61E-06	7.90E-06	7.01E-04	1.24E-05	4.00E-06	3.30E-02	3.91E-02	2.51E-06	9.37E-03	3.34E-06	2.14E-02	1.55E-03	1.14E-05	1.23E-05
C[C>A]C	6.99E-06	5.01E-03	2.37E-06	1.06E-03	6.51E-06	8.34E-06	3.75E-06	4.77E-02	4.54E-06	4.30E-06	2.13E-02	1.47E-03	1.68E-03	5.41E-06	2.19E-02
C[C>A]G	4.32E-06	1.24E-05	5.01E-03	1.71E-02	6.27E-03	1.03E-05	1.45E-02	3.80E-06	2.32E-06	1.86E-06	1.08E-03	1.34E-03	3.19E-02	3.11E-06	1.19E-03
C[C>A]T	1.02E-05	7.86E-06	5.56E-03	6.73E-04	6.25E-06	2.10E-02	4.91E-02	9.93E-04	4.38E-06	6.31E-06	1.47E-02	7.67E-03	1.15E-03	7.09E-06	1.19E-03
C[C>G]A	3.94E-06	2.43E-06	4.49E-06	3.30E-04	2.16E-06	1.02E-02	6.02E-06	9.91E-04	6.10E-06	7.11E-06	3.29E-02	1.60E-03	1.49E-02	2.96E-06	1.14E-02
C[C>G]C	9.84E-06	1.35E-05	1.33E-02	1.15E-02	1.01E-05	9.19E-06	1.28E-05	9.86E-06	4.71E-02	5.29E-06	1.30E-02	1.72E-02	5.87E-02	7.03E-06	8.42E-04
C[C>G]G	5.11E-06	3.06E-06	6.08E-06	1.27E-03	2.18E-02	1.72E-06	4.85E-06	5.55E-04	1.03E-05	9.37E-03	1.08E-03	1.09E-03	2.48E-02	2.63E-06	1.19E-03
C[C>G]T	4.72E-06	9.40E-06	3.33E-06	1.56E-03	2.20E-06	9.14E-07	2.12E-06	2.02E-02	8.09E-06	6.71E-03	1.08E-03	3.27E-02	1.37E-03	2.42E-06	3.00E-06
C[C>T]A	2.05E-02	1.30E-05	1.05E-05	2.31E-02	9.76E-06	2.85E-06	1.24E-05	3.12E-04	9.50E-06	4.90E-06	3.55E-06	1.05E-05	1.37E-03	8.28E-02	8.62E-06
C[C>T]C	8.61E-06	7.10E-06	1.01E-02	1.29E-02	1.88E-02	9.00E-06	7.31E-06	2.20E-02	4.90E-02	4.72E-06	4.19E-06	4.60E-04	1.13E-03	4.99E-06	4.58E-04
C[C>T]G	1.42E-05	1.08E-05	4.57E-02	1.09E-05	9.17E-06	1.26E-05	1.26E-05	5.23E-06	6.96E-06	7.19E-06	1.16E-05	1.30E-05	1.37E-05	3.71E-06	1.14E-05
C[C>T]T	1.14E-05	1.25E-05	1.22E-05	5.63E-06	6.29E-06	2.05E-02	1.48E-02	2.99E-04	1.05E-05	4.00E-02	6.32E-02	1.26E-03	4.86E-02	5.97E-06	5.65E-06
C[T>A]A	5.68E-06	7.06E-06	5.35E-06	1.79E-03	2.99E-06	2.86E-06	5.00E-02	9.91E-04	3.10E-06	6.14E-06	2.38E-06	1.26E-03	1.68E-03	3.43E-06	1.17E-02
C[T>A]C	6.20E-06	6.70E-03	2.11E-06	8.32E-04	3.10E-06	3.16E-06	3.71E-06	9.91E-04	2.95E-06	1.44E-02	1.08E-03	8.17E-03	1.46E-03	4.03E-06	2.19E-02
C[T>A]G	9.60E-06	1.24E-05	7.02E-06	1.27E-03	4.50E-06	4.02E-02	1.89E-06	1.02E-02	1.74E-02	7.70E-03	3.16E-06	3.70E-02	1.92E-02	2.44E-02	1.19E-03
C[T>A]T	9.22E-06	4.28E-06	3.50E-06	1.63E-02	7.42E-06	4.08E-06	3.24E-06	2.67E-02	3.70E-06	5.62E-06	1.08E-03	2.09E-02	7.44E-03	7.19E-06	5.19E-04
C[T>C]A	9.91E-06	3.98E-06	5.51E-06	1.42E-03	9.59E-06	4.31E-06	4.67E-06	4.25E-02	5.63E-06	9.51E-06	2.57E-02	1.62E-03	1.13E-03	1.99E-02	1.19E-03
C[T>C]C	1.03E-05	5.31E-06	5.88E-03	8.51E-04	2.03E-02	1.63E-06	2.48E-02	8.40E-03	1.97E-06	6.00E-06	1.08E-03	2.09E-02	1.13E-03	6.79E-06	1.19E-03
C[T>C]G	2.51E-02	7.69E-03	7.49E-03	1.41E-03	2.32E-02	3.19E-02	5.58E-06	2.03E-02	3.22E-02	1.28E-05	4.43E-06	1.11E-03	2.80E-02	6.08E-06	6.03E-06
C[T>C]T	6.95E-06	5.89E-06	1.46E-02	6.71E-04	9.41E-03	3.45E-06	3.32E-02	1.38E-05	1.48E-02	6.68E-06	1.47E-02	1.47E-03	1.05E-05	5.39E-06	2.00E-02
C[T>G]A	3.57E-06	3.35E-06	3.70E-06	1.79E-03	3.65E-06	1.21E-06	2.08E-06	5.61E-06	2.86E-06	1.39E-06	1.29E-02	1.77E-03	1.68E-03	2.50E-06	1.19E-03
C[T>G]C	5.28E-06	3.25E-06	2.47E-06	1.50E-03	5.20E-06	5.50E-06	2.93E-06	2.65E-02	2.71E-06	5.66E-06	1.28E-02	1.47E-03	7.44E-03	3.86E-06	1.13E-02
C[T>G]G	4.00E-06	9.93E-06	9.45E-06	3.34E-04	5.03E-06	9.16E-06	7.37E-06	1.02E-02	4.23E-02	6.73E-03	9.40E-03	1.62E-03	3.26E-02	2.11E-06	1.17E-02
C[T>G]T	3.41E-06	8.21E-06	1.11E-02	2.45E-04	1.85E-02	3.60E-06	3.30E-02	6.52E-03	3.77E-02	1.07E-05	1.73E-05	1.03E-03	1.13E-02	5.54E-06	8.80E-06
G[C>A]A	8.23E-06	1.05E-05	9.44E-06	1.74E-05	8.05E-06	1.07E-05	9.23E-06	2.51E-02	8.80E-06	1.86E-02	1.30E-04	3.29E-02	2.71E-05	6.41E-02	4.35E-02
G[C>A]C	1.73E-06	3.48E-06	3.43E-06	1.41E-03	1.42E-06	3.30E-06	3.27E-06	9.91E-04	5.95E-06	3.34E-06	8.96E-06	1.61E-03	1.56E-02	1.06E-02	1.19E-03
G[C>A]G	1.17E-05	1.15E-05	7.96E-06	1.41E-03	1.12E-05	3.68E-06	1.45E-02	1.88E-02	5.54E-06	7.16E-06	1.08E-03	1.03E-03	1.14E-02	4.25E-02	9.81E-06
G[C>A]T	1.25E-02	8.91E-06	4.91E-06	1.81E-02	9.29E-06	2.57E-02	1.03E-05	1.03E-02	5.55E-02	7.57E-06	3.12E-02	3.46E-04	1.40E-03	1.11E-05	1.12E-05
G[C>G]A	5.34E-06	1.26E-06	1.00E-02	1.79E-03	2.28E-06	2.68E-06	1.96E-06	9.91E-04	1.42E-06	4.95E-06	1.28E-02	1.77E-03	1.52E-03	3.12E-06	1.16E-05
G[C>G]C	1.49E-02	5.51E-06	4.86E-06	9.23E-03	2.82E-06	3.70E-06	4.21E-06	9.91E-04	2.43E-06	2.23E-06	7.10E-03	9.31E-03	1.37E-03	2.36E-06	1.19E-03
G[C>G]G	3.99E-06	5.02E-06	3.18E-06	1.26E-02	8.93E-06	9.70E-06	3.78E-02	7.06E-06	3.99E-06	4.40E-06	6.41E-04	1.62E-03	1.68E-03	2.73E-02	1.19E-03
G[C>G]T	1.01E-05	8.61E-06	4.65E-06	1.79E-03	5.52E-02	7.17E-03	2.47E-06	5.83E-06	7.53E-06	1.04E-05	2.03E-02	1.77E-03	1.05E-03	4.17E-06	7.78E-03
G[C>T]A	6.93E-02	5.01E-03	9.81E-06	2.48E-02	2.03E-02	4.00E-02	5.03E-06	7.98E-06	2.92E-06	8.92E-06	2.38E-02	1.53E-02	3.93E-04	1.48E-02	8.96E-06
G[C>T]C	1.06E-05	8.96E-06	9.37E-06	7.49E-02	9.70E-06	4.68E-06	5.94E-02	3.81E-06	4.11E-06	2.02E-02	6.42E-04	3.31E-05	3.16E-04	2.16E-02	2.55E-02
G[C>T]G	1.10E-05	6.61E-02	9.65E-06	1.33E-05	1.24E-05	1.01E-05	1.07E-05	1.01E-05	9.43E-06	1.05E-05	1.01E-05	6.92E-06	1.34E-05	7.98E-06	1.12E-05
G[C>T]T	1.54E-02	1.02E-05	3.39E-06	2.50E-05	1.88E-02	4.13E-06	7.48E-06	3.22E-02	4.38E-02	5.34E-06	1.08E-03	1.13E-02	3.08E-04	8.18E-06	9.65E-03
G[T>A]A	5.08E-06	2.87E-06	4.74E-06	1.79E-03	5.21E-06	2.33E-06	2.22E-06	1.02E-02	1.03E-06	6.01E-06	2.03E-02	1.77E-03	8.06E-06	2.69E-06	1.19E-03
G[T>A]C	5.29E-06	1.36E-06	9.07E-07	1.79E-03	4.20E-06	9.23E-07	1.68E-06	9.91E-04	1.12E-06	2.63E-06	1.08E-03	1.11E-02	1.13E-03	3.57E-06	1.19E-03
G[T>A]G	4.53E-03	9.66E-06	6.58E-06	9.24E-03	3.85E-06	3.49E-06	1.45E-02	9.91E-04	3.22E-02	9.53E-06	1.22E-05	1.13E-03	1.68E-03	3.47E-02	1.19E-03
G[T>A]T	3.73E-06	2.05E-06	9.14E-03	1.56E-03	3.90E-06	9.17E-03	2.35E-06	5.23E-06	8.78E-03	1.56E-06	1.16E-02	1.67E-03	1.68E-03	2.38E-06	1.19E-03
G[T>C]A	3.28E-06	1.00E-05	7.98E-06	8.31E-03	1.09E-05	5.21E-06	9.69E-06	9.84E-06	2.74E-02	1.25E-02	2.56E-02	7.57E-03	1.13E-03	1.48E-02	9.10E-04
G[T>C]C	3.45E-06	5.25E-06	2.08E-02	3.70E-04	4.20E-06	1.48E-02	1.48E-02	3.55E-04	1.74E-02	9.39E-06	1.08E-03	1.26E-03	7.44E-03	1.72E-02	7.78E-03
G[T>C]G	5.75E-06	4.41E-06	3.69E-06	6.11E-04	9.36E-06	2.79E-06	3.96E-02	1.88E-02	1.45E-02	1.06E-05	1.08E-03	6.72E-03	3.98E-05	6.35E-06	1.31E-02
G[T>C]T	4.08E-06	6.27E-06	5.56E-03	1.27E-03	3.24E-06	3.59E-06	1.45E-02	6.14E-06	3.19E-06	5.05E-03	1.15E-02	1.95E-02	7.40E-03	5.50E-06	1.19E-03
G[T>G]A	5.29E-06	1.82E-06	1.03E-02	1.79E-03	4.20E-06	9.15E-07	1.65E-06	9.91E-04	9.88E-07	2.64E-06	1.08E-03	1.12E-02	1.13E-03	3.55E-06	1.19E-03
G[T>G]C	4.77E-06	4.54E-06	4.87E-06	1.79E-03	3.81E-06	2.20E-06	1.72E-06	2.24E-02	3.60E-06	4.10E-06	1.08E-03	1.54E-03	1.13E-03	2.94E-02	3.88E-05
G[T>G]G	6.22E-06	4.71E-06	2.27E-06	1.47E-02	1.01E-02	7.82E-06	4.47E-06	6.96E-06	1.63E-02	8.63E-06	3.52E-06	1.26E-03	1.49E-03	2.14E-02	7.78E-03
G[T>G]T	3.55E-06	1.54E-06	3.05E-06	1.79E-03	2.85E-06	1.70E-02	2.66E-06	6.52E-03	1.77E-06	3.33E-06	1.08E-03	1.54E-03	1.68E-03	2.89E-06	6.59E-04
T[C>A]A	1.20E-05	6.70E-03	1.46E-02	5.54E-02	2.99E-06	1.11E-02	2.42E-06	1.57E-05	2.38E-02	1.43E-02	5.71E-06	9.71E-04	1.28E-03	1.99E-02	1.18E-02
T[C>A]C	2.27E-02	9.28E-06	6.97E-06	1.65E-05	5.84E-06	9.75E-06	6.64E-06	9.62E-03	4.92E-06	9.10E-06	9.28E-06	1.13E-02	9.89E-02	9.90E-06	1.04E-05
T[C>A]G	7.14E-03	9.36E-06	9.84E-06	1.79E-03	2.24E-06	3.91E-02	6.30E-06	9.93E-04	8.42E-06	1.25E-05	1.18E-05	1.16E-03	4.87E-02	5.69E-06	3.44E-02
T[C>A]T	4.77E-06	1.08E-05	1.00E-05	4.76E-02	1.09E-05	4.49E-06	7.64E-06	8.45E-03	8.79E-03	5.67E-06	3.47E-05	2.63E-02	1.37E-03	5.03E-06	1.81E-02
T[C>G]A	6.81E-06	1.12E-05	7.89E-03	2.56E-02	6.27E-02	3.31E-02	6.50E-06	1.11E-05	9.71E-06	1.06E-05	1.50E-05	1.73E-02	6.46E-02	4.32E-06	1.01E-03
T[C>G]C	2.28E-02	1.02E-05	1.18E-05	1.33E-02	4.08E-02	1.11E-02	6.75E-06	4.16E-05	4.23E-02	9.45E-06	9.79E-06	3.48E-02	1.37E-03	2.37E-06	1.12E-05
T[C>G]G	4.82E-06	9.69E-06	1.79E-06	4.28E-02	7.57E-06	2.33E-06	2.65E-06	1.49E-02	6.80E-06	4.22E-06	1.08E-03	8.17E-03	9.35E-06	2.44E-02	8.21E-04
T[C>G]T	1.11E-05	1.24E-05	1.22E-05	2.72E-04	7.43E-02	1.05E-05	5.98E-06	5.90E-06	7.25E-06	1.31E-05	8.89E-06	1.06E-05	8.68E-06	6.53E-06	2.66E-02
T[C>T]A	1.09E-05	3.85E-02	8.17E-06	1.10E-05	6.31E-06	7.88E-02	9.53E-06	1.08E-05	8.05E-06	1.17E-05	9.76E-06	1.17E-05	1.38E-05	1.23E-05	1.12E-05
T[C>T]C	3.48E-02	1.08E-05	1.01E-05	8.62E-02	3.05E-02	1.09E-05	6.40E-06	2.16E-02	7.50E-06	1.04E-05	1.02E-05	1.19E-05	9.79E-06	1.15E-05	1.17E-04
T[C>T]G	1.16E-05	1.24E-05	1.08E-05	1.11E-05	1.14E-05	8.86E-06	1.28E-05	1.09E-05	7.37E-06	3.81E-02	9.40E-06	1.07E-05	1.21E-05	6.84E-06	1.21E-05
T[C>T]T	8.61E-06	4.05E-02	1.02E-05	1.83E-02	2.71E-02	6.82E-06	3.37E-06	7.92E-02	9.20E-06	1.06E-05	6.48E-06	1.38E-05	7.28E-04	7.69E-06	7.86E-06
T[T>A]A	5.83E-06	5.28E-06	4.90E-06	1.45E-03	1.88E-06	3.96E-06	2.18E-06	8.40E-03	4.50E-06	5.19E-06	2.04E-02	1.77E-03	1.37E-03	2.46E-06	1.73E-02
T[T>A]C	5.00E-03	2.52E-06	1.40E-06	1.66E-03	2.20E-06	4.25E-06	2.60E-06	9.91E-04	2.88E-06	1.50E-06	1.50E-02	1.60E-03	7.42E-03	2.83E-06	1.19E-03
T[T>A]G	5.89E-06	3.51E-06	1.91E-06	1.79E-03	4.82E-06	2.32E-06	3.63E-06	2.10E-02	1.87E-06	4.60E-06	2.52E-05	1.15E-03	1.68E-03	1.48E-02	1.19E-03
T[T>A]T	2.17E-06	5.27E-03	2.05E-06	1.79E-03	3.54E-06	1.26E-06	1.43E-06	4.78E-06	2.51E-06	1.33E-02	1.15E-02	1.73E-03	1.42E-03	2.43E-06	1.19E-03
T[T>C]A	6.98E-06	1.45E-06	1.73E-06	1.27E-03	2.51E-06	1.25E-06	2.84E-02	9.91E-04	1.51E-06	2.93E-06	9.34E-03	1.47E-03	1.68E-03	1.61E-06	1.19E-03
T[T>C]C	9.71E-06	9.13E-06	3.70E-06	4.74E-02	7.22E-06	5.51E-06	3.60E-06	6.25E-06	8.99E-06	1.15E-05	7.10E-03	1.77E-03	1.28E-02	4.41E-06	7.78E-03
T[T>C]G	1.24E-06	4.38E-06	5.88E-03	1.26E-03	1.82E-06	2.46E-06	3.72E-06	9.91E-04	1.79E-06	3.93E-06	9.26E-06	1.01E-02	1.02E-02	2.73E-06	1.19E-03
T[T>C]T	1.18E-02	1.11E-05	1.58E-06	1.79E-03	5.88E-06	6.73E-06	8.28E-06	5.55E-04	2.23E-02	1.09E-02	2.74E-02	1.03E-03	1.55E-03	2.81E-06	3.21E-02
T[T>G]A	1.79E-06	2.39E-06	2.06E-06	1.79E-03	1.82E-06	1.11E-06	1.25E-06	9.91E-04	2.92E-06	2.05E-06	1.08E-03	1.77E-03	1.37E-03	1.76E-06	1.30E-02
T[T>G]C	3.04E-06	5.38E-06	1.88E-06	2.64E-04	1.24E-06	2.63E-06	1.48E-06	9.91E-04	3.35E-06	1.39E-06	1.30E-02	1.52E-03	1.13E-02	1.30E-02	1.19E-03
T[T>G]G	6.58E-07	1.38E-06	9.25E-07	1.79E-03	1.82E-06	8.92E-07	1.38E-06	9.91E-04	1.29E-06	1.42E-06	1.08E-03	1.77E-03	1.68E-03	1.44E-06	1.19E-03
T[T>G]T	7.22E-06	4.41E-06	1.11E-02	6.89E-04	1.72E-02	4.46E-06	2.44E-06	2.56E-02	5.25E-06	7.81E-06	3.41E-02	1.69E-02	1.39E-03	5.44E-06	1.19E-03
