MutationType	SBS96A	SBS96B	SBS96C	SBS96D	SBS96E	SBS96F	SBS96G	SBS96H	SBS96I	SBS96J	SBS96K	SBS96L	SBS96M	SBS96N	SBS96O
A[C>A]A	0.01071197581841261	6.70993451421964e-05	8.830813640088308e-05	0.0012418673053616659	0.02938066461501876	9.134873762377538e-05	0.06440371941935155	0.012564279209254892	9.354772701044566e-05	7.203751229098999e-05	0.014849005908763502	0.02351182200072799	0.0006536385626532137	9.527021902613341e-05	9.894346621877048e-05
A[C>A]C	0.026346497365739196	5.773800425625808e-05	9.034710310515948e-05	0.00019865436488544219	0.05845241587903729	0.04479743625582842	0.07514368309475686	8.512526874255854e-05	7.922076001705136e-05	7.847396364013548e-05	0.012947663078011828	0.0004648427930078469	8.82801574334735e-05	0.013086598309200781	0.03227716860637884
A[C>A]G	9.541781182633712e-05	9.128944948315621e-05	9.49695888266433e-05	0.0027812823362182828	9.857132245087996e-05	0.0001004245197691489	0.00010450910194776952	0.0010917006846284493	0.00010114586693816818	9.256872290279717e-05	0.0011838069956866093	0.003567498984921258	0.00015708821374573744	0.025846694008941996	0.014391036143933889
A[C>A]T	9.442434675293044e-05	8.56277172715636e-05	8.27747737929485e-05	0.0023459522672055755	9.773719211807475e-05	9.717864377307705e-05	0.03313066015180084	0.0010881597154366318	0.00010088126655318774	0.01450533375464147	0.0072048751928377895	0.0035618686604721008	0.0014701363950734958	0.00010218788520433009	0.0012863747040682938
A[C>G]A	9.344767750008032e-05	0.012617214828787837	0.030758040778164287	0.002252864939509891	9.77393014181871e-05	9.87712737696711e-05	0.0001012843829812482	0.0010913316560618113	0.0001012139859085437	9.669862920418382e-05	0.0011819449653557967	0.0012361942877760156	0.0026067890197737143	0.011589652718248545	0.0012852458319684956
A[C>G]C	8.822730902124931e-05	8.841561248118524e-05	8.573086852265987e-05	0.002778431405022275	9.4619960145792e-05	9.349960819236003e-05	0.08935509038565215	0.0010882319409574847	0.00010244859804515727	8.762103607296012e-05	0.0011829022238089236	0.0022987087275396336	0.00013023505453020335	0.00010068191477330402	0.0012875054133473895
A[C>G]G	8.179127326002344e-05	7.217769979206423e-05	8.09864253824344e-05	0.00046598495391663163	9.087247890420258e-05	8.777337716310285e-05	8.438014610874233e-05	0.011606610718172306	0.03932061541636358	7.886343264544849e-05	0.014038805199379566	0.010763110717380186	0.0016899802694751997	0.040600586085929535	0.00010543769676587544
A[C>G]T	7.868759512348333e-05	7.813531083229463e-05	0.011856675899616675	0.0007701948452449869	8.66746000610874e-05	9.322889527538792e-05	0.04291923443524866	9.748897718964145e-05	0.027729850717878434	8.59852232679259e-05	0.01918651070627675	0.0012276172681595198	0.0017708530955133027	0.02120971600525081	0.011892332255956716
A[C>T]A	0.012627040638017294	5.35040301429035e-05	4.969981246176758e-05	5.8935920242220165e-05	7.12969370852079e-05	6.50655535309852e-05	7.239932351694733e-05	6.960417122172657e-05	6.234806010070315e-05	6.947046758796205e-05	0.0005886314432956396	6.139528022686136e-05	5.952968741382847e-05	6.005061674159151e-05	0.3513318199919013
A[C>T]C	7.897827017586679e-05	7.638545666850405e-05	9.161330490314867e-05	0.0013664434423844795	0.03573483722320816	9.266202032449655e-05	9.39844801905565e-05	0.010450439735723193	9.741925896378234e-05	8.509446561220103e-05	0.02858388023742009	0.008802151038617012	0.018441709339094815	9.35684351134114e-05	0.0004554635401291307
A[C>T]G	0.6042930886333819	4.454616352553842e-05	5.66719295999718e-05	4.9163874791702256e-05	6.480563127695405e-05	6.461101163495187e-05	7.211416796053527e-05	6.205117310855712e-05	7.368011883954751e-05	0.04958230237378984	7.720446774328593e-05	5.6223595868232225e-05	5.6367203887930374e-05	7.718105171079514e-05	7.064176661515375e-05
A[C>T]T	7.730083991930314e-05	0.013459999712185321	7.647929196537006e-05	7.836920551653747e-05	0.020228842355356137	9.180835186270997e-05	8.355769487025099e-05	0.0003672796483442653	8.144619774839157e-05	7.771993732603732e-05	0.00010265066939609823	0.1251412740581145	0.02154675115889404	8.91123796463944e-05	0.01747480573321809
A[T>A]A	9.168065880658106e-05	8.424109000770841e-05	0.005097471350018168	0.0027796160320576746	9.073119035747368e-05	9.217554616043344e-05	0.00010092161755892448	0.001081432697174023	0.033656500672077524	8.975289310910738e-05	9.844403684837744e-05	0.00891810674147564	0.0024506664929504042	9.803838584048208e-05	0.0012859724964073393
A[T>A]C	7.674335544662902e-05	7.49782083403261e-05	0.012624523871636484	0.008392613675187021	7.938504836033645e-05	8.95739794941619e-05	9.374058136017993e-05	0.012566351606801618	0.05895322613068856	8.665568893775343e-05	0.01889078667736612	0.0006970158690819516	0.00012446137588995043	0.011579030826396775	0.03623482698749285
A[T>A]G	0.004666492796604871	0.01898305114664254	7.775062684851619e-05	0.015039475308731199	7.86418943789613e-05	8.638624094601255e-05	8.077038521605572e-05	0.00013397635993896983	0.048145459887291506	0.03406628336387598	0.07666405922645936	0.0018344590011110996	8.205835256376303e-05	9.696815977804363e-05	0.011832957469596294
A[T>A]T	9.155052684945985e-05	0.006798415647790534	9.441121874260716e-05	0.0027819046132208313	9.600419289199636e-05	9.645624159020372e-05	0.00010491264329175465	0.0009298735327320174	0.008887414814671502	9.647221449995413e-05	0.00013632837362820283	0.0035659816647239497	0.002607860659918515	0.017450904944416833	0.00014168615743983536
A[T>C]A	7.837123066565255e-05	4.74156366615297e-05	6.863610535674524e-05	9.259381113224663e-05	0.007871401649481413	7.922960321593564e-05	7.396922851512499e-05	0.00019470437873678748	0.029172210113028996	7.013602298684418e-05	0.03312445920237224	0.12710683130499092	0.0009309925651905359	8.922331944631879e-05	0.01293188376512262
A[T>C]C	9.216141552315094e-05	9.341281038359739e-05	9.595301089575514e-05	0.002337693360459525	9.406833414686844e-05	0.009275097656791331	0.00010192017507506534	0.00018850086271413602	0.00010282041403115727	9.460479413974099e-05	0.0011830718372948467	0.014951325057336363	0.0012442327177268453	9.9958035571035e-05	0.010999452912801643
A[T>C]G	0.021012725926581766	8.443344650004292e-05	0.011854193790350109	0.0004659973233628989	8.186209306586534e-05	9.065849553735461e-05	9.312705187767279e-05	0.0010796569866215577	8.777376424404793e-05	0.02019447019833933	0.07205268630132196	0.001966686769264925	0.0012256401518243366	0.03238553560090622	0.02024279512152134
A[T>C]T	0.010692369823891568	0.03122508799924617	6.558904117355268e-05	0.009002960152974993	8.516099333064631e-05	0.022663395567724363	0.059442222173674966	8.16631823681746e-05	0.03239502589131007	6.62495334246671e-05	0.0011694830114720388	0.04898092206485671	0.000610566610339447	8.648660950711928e-05	0.029499294938614185
A[T>G]A	9.289378358516842e-05	9.053205903910566e-05	9.084137782338076e-05	0.0015019997770195914	8.963527579908259e-05	9.523003827780486e-05	9.38699122343678e-05	0.006624450487288413	0.029024180056876504	8.811762418190484e-05	0.001178823479131097	0.0035652695391036105	0.0026042222074465827	0.03240134870029578	0.00011560790444491431
A[T>G]C	9.920274387695827e-05	9.46311600273475e-05	9.786593145690858e-05	0.0027829332706460264	9.95183909253683e-05	0.00010118061327375471	0.00010523066084715538	0.001091958017059369	0.0001034940592944622	9.792867786018178e-05	0.00118497339572059	0.0035677848318300676	0.0026090706036484335	0.00010418068050057627	0.0012892509505036287
A[T>G]G	9.920274387695827e-05	9.46311600273475e-05	9.786593145690858e-05	0.0027829332706460264	9.95183909253683e-05	0.00010118061327375471	0.00010523066084715538	0.001091958017059369	0.0001034940592944622	9.792867786018178e-05	0.00118497339572059	0.0035677848318300676	0.0026090706036484335	0.00010418068050057627	0.0012892509505036287
A[T>G]T	9.061414893949405e-05	9.204281304846518e-05	9.497755381744355e-05	0.001381729284184985	9.834565571509302e-05	0.00010083924789796583	0.040517007081507475	0.0010870738158700987	0.0001030771374644246	9.515920901321806e-05	0.0011844764318084343	0.0026841318904189393	0.002609183284221217	0.00010217193266726099	0.001286899430124322
C[C>A]A	0.007220947057942339	8.11814775062203e-05	8.314681781484978e-05	0.0010111950585269369	7.82273724731608e-05	9.385293924424332e-05	0.033136549340269994	0.04930833448888734	9.521148531348445e-05	0.009443417981282209	9.482083187322133e-05	0.04299245724469074	0.0024217772428528407	7.848920222386369e-05	8.019344409149198e-05
C[C>A]C	8.660435232741293e-05	0.005094292421563296	9.297091528424062e-05	0.001148679613470449	8.876524552761111e-05	8.911084914871026e-05	0.00010006209267885425	0.0477558369639155	9.61895228101639e-05	9.020917495945468e-05	0.022606657118012664	0.0022961398204643046	0.0025999382720328867	9.476649538555648e-05	0.023291027308732736
C[C>A]G	9.231980693584774e-05	7.427634168626906e-05	0.005094733682562946	0.018522086424491137	0.006366417483513942	8.427785087405937e-05	0.014560205126690562	9.42240068980027e-05	9.914278343785554e-05	9.514350531389937e-05	0.0011774912680266425	0.002105602584197186	0.034612571389152434	9.847428445937112e-05	0.0012834586857934482
C[C>A]T	7.682145624272607e-05	7.121822254703147e-05	0.005642531241755932	0.0007591277731989976	8.682328771101311e-05	0.021084430647169937	0.07662791220500367	0.0010748635410209317	9.384644981764722e-05	8.134559066093061e-05	0.015929623762713164	0.007817995190271177	0.0013066777712083422	9.01063653145684e-05	0.0012786645791493356
C[C>G]A	8.948978211265057e-05	9.158655157079921e-05	8.756133611313999e-05	0.0004275529056030791	9.617436007829383e-05	0.010268057948997012	9.369911531393882e-05	0.00108618119120365	9.74584629148012e-05	8.466274812235497e-05	0.034220183156139686	0.0028914235503179953	0.023294035463186445	9.881724035949446e-05	0.012245433471980505
C[C>G]C	7.293349035535357e-05	6.068572702483399e-05	0.013421123211810482	0.01725956581067294	7.95154447303048e-05	8.256200044343132e-05	7.666193309887603e-05	8.241231404326754e-05	0.06796763637903495	8.344347843376454e-05	0.01314591059272061	0.019109364658106642	0.06033604625190492	8.941680534917396e-05	0.000936096825171262
C[C>G]G	8.9942925478681e-05	8.836035267449916e-05	8.721264493942727e-05	0.0013716086315980647	0.030872734802687773	9.992279374273493e-05	9.69236803939566e-05	0.000652281668590149	9.224088695418687e-05	0.009467917596339248	0.0011816100035503042	0.0019801434726105073	0.03836761097772978	9.951466272468678e-05	0.0012848186124756467
C[C>G]T	9.119955357164144e-05	8.33965138742343e-05	9.4351549341809e-05	0.002436372341617243	9.70459368545562e-05	0.00010080722058773972	0.00010237547248834745	0.02137306698241446	9.354711492051137e-05	0.006803966219740687	0.0011812281336460728	0.036578485860081854	0.0014858714057481848	0.00010169456290896051	9.987379307858646e-05
C[C>T]A	0.02658089068042955	5.595692471556113e-05	6.124342646103287e-05	0.035947107195534046	7.448139049301972e-05	8.990305213956163e-05	7.676505047129467e-05	0.000391459158527141	7.564550014649285e-05	8.080435000010767e-05	9.466731789871119e-05	9.663120072218589e-05	0.0014576853143807966	0.20607569172716467	8.25477338366909e-05
C[C>T]C	7.678967194806319e-05	8.217110371333547e-05	0.01021062706131488	0.01528037224743457	0.01890281777086784	8.072983218880836e-05	9.385801167809405e-05	0.032767762632101946	0.08930281619177549	8.389231079490856e-05	9.259758589905687e-05	0.0007645500623766566	0.0012400658626575023	9.37517423153622e-05	0.0005517966063052881
C[C>T]G	3.95862254446655e-05	2.9243386428845497e-05	0.7410751342773437	6.352992877509678e-05	6.388266862131787e-05	4.7988754016614624e-05	5.41594246897148e-05	7.935593239380979e-05	7.141654896258842e-05	7.906318696768722e-05	5.577986728724227e-05	5.4301904765452494e-05	4.902389259768825e-05	8.577491025789641e-05	6.411795649725604e-05
C[C>T]T	5.349418505815606e-05	5.54030948343609e-05	6.819685949117565e-05	8.621844172012061e-05	8.134880517900456e-05	0.02052228518623451	0.014861571517030825	0.0003808908335486194	7.80733381589016e-05	0.04004387452710034	0.16330209400111925	0.0013508711293980014	0.048707855505563204	8.334352933161426e-05	8.279603462142404e-05
C[T>A]A	9.075314956135117e-05	8.449109354842221e-05	8.952272291935514e-05	0.0027736560714402003	9.523979970254004e-05	9.571966511430219e-05	0.06409859429477364	0.0010857238157768734	9.763270936673507e-05	9.115343818848487e-05	0.00010144992702407763	0.0013927326057455503	0.0025975823340559146	9.867834087344818e-05	0.013055379876459484
C[T>A]C	9.074862355191726e-05	0.00678632037670468	9.444500246900134e-05	0.000930480924580479	9.503136534476653e-05	9.74614842562005e-05	9.962938056560234e-05	0.0010879421613935846	9.889980719890445e-05	0.01450722943409346	0.0011801724976976402	0.010586719483399065	0.0022755622907425278	9.847572218859568e-05	0.023294927014649146
C[T>A]G	7.16933267767672e-05	5.828346633478532e-05	8.036927665671101e-05	0.0013500983724952676	8.77778929861961e-05	0.05392964712627872	9.765908471308649e-05	0.01029916380502982	0.017462533719481144	0.0077555118701013726	9.315124843851663e-05	0.03830779806958162	0.01929546513747482	0.02445753241663624	0.0012781775571056643
C[T>A]T	8.073147440654794e-05	8.626362468930893e-05	8.531093480996787e-05	0.0254259270219336	8.390806015086127e-05	9.203629233525134e-05	9.492137833149173e-05	0.04692663261957932	9.31246337131597e-05	8.207884457078762e-05	0.0011720562986738514	0.02284074858907843	0.0075303201323549725	8.523008546035271e-05	0.00061394574076985
C[T>C]A	8.156227424933604e-05	9.122410883719568e-05	8.949700932134875e-05	0.0015092888184881303	8.313121852552286e-05	9.360140466014854e-05	9.585932930349373e-05	0.0621838335726352	9.380433912156149e-05	7.899402944531176e-05	0.025824900957377394	0.002524222910142271	0.0012428081456164364	0.01999624098352797	0.0012752352248980969
C[T>C]C	8.064286388389518e-05	8.65965361299459e-05	0.005977938908472424	0.0009453358539758483	0.020375688651074596	9.828027759795077e-05	0.024908223157399333	0.009538968603737884	0.00010156302232644521	8.817814305075444e-05	0.0011795263118983712	0.02326907692986424	0.0012244317702425178	9.376841007906478e-05	0.0012815609934477834
C[T>C]G	0.025133203610675992	0.007746288629141418	0.007565404604611104	0.0016306918787449831	0.023258350818650797	0.04483116034061822	8.997521472338121e-05	0.020724661884014495	0.03225206132592575	7.309662753414159e-05	9.526005414954853e-05	0.0012080010499630589	0.028115597758005605	8.959267615864519e-05	9.108373960771132e-05
C[T>C]T	8.506126323482022e-05	7.83291892730631e-05	0.014701727986727064	0.0007845410371373873	0.009503705696988617	9.257332058041357e-05	0.041576608422838036	0.00010728424203989561	0.01486974048166303	8.170510627678596e-05	0.015294748662563506	0.0023366249737591716	0.00010165543826587964	9.615890921850223e-05	0.02142816406994825
C[T>G]A	9.434538515051827e-05	9.142956550931559e-05	9.33314033318311e-05	0.0027788491352112032	9.411112187081016e-05	9.993359199143015e-05	0.00010336967898183502	0.00010293513187207282	9.881150472210721e-05	9.651137152104639e-05	0.018786493056541075	0.0035627968187327496	0.002604072283429559	9.90739070402924e-05	0.001284483110794099
C[T>G]C	9.018319142342079e-05	9.055756745510735e-05	9.252503004972824e-05	0.0021896145117352717	9.122292358370032e-05	8.775108362897299e-05	0.00010005037038354203	0.03702110426311265	0.00010053659207187593	8.862450376909692e-05	0.0140396865142975	0.0023213847664010244	0.007549193524755538	9.742366819409654e-05	0.011386256788682658
C[T>G]G	9.021926161949523e-05	7.406184116013591e-05	8.332617069299886e-05	0.0004195074045128422	9.070628293557092e-05	8.315351069541066e-05	9.512037941021845e-05	0.010304499510675668	0.04238039089468657	0.006802416988648474	0.00949779600664442	0.002561571374099003	0.04350532098033	9.476456689299085e-05	0.01305372614879161
C[T>G]T	8.924832873162814e-05	7.391094768536278e-05	0.011193212822263376	0.00036307338596088814	0.018624987232033163	8.982735816971399e-05	0.03312960713737993	0.0066063017356185584	0.06952074209402781	7.113979589234987e-05	0.00011081900374847465	0.001127883499430027	0.013613171142424108	9.08821606572019e-05	8.185524138752953e-05
G[C>A]A	6.599726257263682e-05	6.316574153970577e-05	6.773510747279943e-05	8.103905574898817e-05	7.912407581898152e-05	7.533330804108119e-05	8.003091243153903e-05	0.025140845280475332	7.90422323916573e-05	0.018687217434853666	0.00021685883548343553	0.0343540779169416	0.00010219013593086857	0.17621707703765424	0.04358664287792635
G[C>A]C	9.561794431647285e-05	8.906995062716306e-05	9.249707800336182e-05	0.0017570179217727855	9.897761556203477e-05	9.553171184961684e-05	9.932778120855801e-05	0.0010863443312700838	9.530125207675155e-05	9.316522555309348e-05	0.00011115013840026222	0.0026212601085717326	0.03207234912115382	0.010724464253144106	0.0012826620775740593
G[C>A]G	7.408077606189112e-05	7.537821103573706e-05	7.912721412139945e-05	0.001758809352031676	7.929637176857795e-05	9.232494776370003e-05	0.01455483512831961	0.019973840874990857	9.643421544751618e-05	8.891744964785175e-05	0.0011768604068493004	0.001126568282779772	0.012675591031074874	0.06385397717604065	8.355484369531041e-05
G[C>A]T	0.012617636498180217	7.650845263924566e-05	8.178000171028543e-05	0.020450246423934004	8.141715297824704e-05	0.025749899819129497	8.762660809793487e-05	0.010408287923655734	0.06718195430621562	8.345454261871055e-05	0.03243903273687465	0.0005589541084191296	0.0019197935733245685	7.940604241412075e-05	8.308016859359668e-05
G[C>G]A	9.275328011426609e-05	9.405651289853267e-05	0.010114134727336932	0.002782925520295976	9.719171357573942e-05	9.877387637970969e-05	0.00010403492051409557	0.0010903518443228677	0.0001029641971399542	9.409723024873528e-05	0.01404620145840454	0.0035669948789291083	0.0022902280568814605	0.00010178687007282861	0.00011533224605955183
G[C>G]C	0.015000830241478979	8.259294882009271e-05	8.697409575688652e-05	0.010654168123437557	9.391392522957176e-05	9.651161526562646e-05	9.68433749221731e-05	0.0010847087622096296	9.929208681569435e-05	9.457387932343408e-05	0.007201630150666461	0.012395172286051092	0.0017019500679452903	0.00010065156675409526	0.0012816719121474308
G[C>G]G	9.411434366484173e-05	8.858311193762347e-05	9.22320075915195e-05	0.015540088442685373	8.551715345674892e-05	8.823559874144848e-05	0.03785533787631721	9.057135284820105e-05	9.68339947576169e-05	9.145934309344739e-05	0.0007322979547552677	0.0025247137156839015	0.002604348541353829	0.027438001517293743	0.0012821717631595676
G[C>G]T	8.343764129676856e-05	7.752494984742952e-05	9.099709095607977e-05	0.0027724754138034767	0.05525781379910768	0.00726523252633342	0.00010105510809808039	9.24073472560849e-05	9.437934768357082e-05	7.908617021712416e-05	0.021602750656165882	0.003559077431782498	0.0011531414675118867	9.568460518494248e-05	0.007877044731503701
G[C>T]A	0.06939283736972471	0.005074814161525864	8.122093939846308e-05	0.02757311829052469	0.020354010368100715	0.05833000404309132	8.854813568177633e-05	8.804250574030447e-05	9.48468514252454e-05	7.801101314726111e-05	0.024264407760711038	0.015384935753718309	0.0004875327529589413	0.01486208674396039	8.198298764909851e-05
G[C>T]C	6.519103344544419e-05	5.9925858684550805e-05	7.28837722562048e-05	0.1167795917022886	8.054467605234095e-05	8.591658115619794e-05	0.10162220475067443	8.537837711628527e-05	9.212150325765833e-05	0.020249156018326175	0.0007221876823678031	0.0001161685393526568	0.00040045620298769793	0.021698951314010628	0.025599101194529794
G[C>T]G	6.2730885218798e-05	0.7819197744131088	6.635817988325244e-05	6.613469712419828e-05	6.780887983950378e-05	7.060277787900305e-05	6.811643434048164e-05	4.5891536137787627e-05	8.1626115907385e-05	5.754978517416021e-05	7.50946610494907e-05	8.279074263555231e-05	5.8485134331931476e-05	8.054153422563105e-05	7.114289151104458e-05
G[C>T]T	0.02087215605752135	7.58866492709287e-05	8.581313231843523e-05	0.00010887072967307177	0.018898545288539025	9.211222204612568e-05	8.580232861277182e-05	0.032364389538997784	0.07074192783111358	7.873285430832766e-05	0.0011739352044969563	0.012238510176450746	0.00040746867925918196	9.04402839296381e-05	0.010846657951333327
G[T>A]A	9.271484195778612e-05	9.14685551833827e-05	9.270557966374326e-05	0.0027825346223835368	9.38662629778264e-05	9.811241179704666e-05	0.00010259904884151183	0.011303733621753053	0.00010377777070971205	8.896168692444917e-05	0.021605180390179158	0.0035665298179083037	0.00011368404302629642	0.00010106434056069701	0.001285893254680559
G[T>A]C	9.4037353846943e-05	9.458393469685689e-05	9.79218391876202e-05	0.0027807232945633586	9.5601768407505e-05	0.00010107238122145646	0.00010452463466208428	0.0010912157398706769	0.00010373160766903311	9.560225371387787e-05	0.0011840036691864952	0.014955283616291126	0.0012457821278076154	0.0001008273677143734	0.0012892006445326843
G[T>A]G	0.004616450696266839	7.516256546296063e-05	8.320484921569005e-05	0.010653942864155396	9.080825038836338e-05	9.595356677891687e-05	0.014555557551284437	0.0010870837300899438	0.03225826375237375	8.690268225564068e-05	0.00011199603104614653	0.0012271540374058532	0.0025943819502572294	0.034836859499773706	0.001280177556691342
G[T>A]T	9.302575417677872e-05	9.266940978704951e-05	0.009232587826409145	0.002336165682936553	9.36149779590778e-05	0.009270722595101689	0.00010334476901334711	0.00010336041814298368	0.008884153473627521	9.544361382722855e-05	0.011716644534317311	0.0033538226802193095	0.0026082441770995503	0.00010013907085522078	0.0012857866131525952
G[T>C]A	9.026035622810014e-05	7.782549400872085e-05	8.202570497815032e-05	0.008394422998389928	7.433102771301492e-05	8.942275089793839e-05	8.580865815019934e-05	8.995748830784578e-05	0.02747046765834966	0.012583933278801852	0.026907142870186362	0.010066144140000687	0.0012376680078887148	0.014876008182181977	0.0010061603687063325
G[T>C]C	8.60598127474077e-05	8.323698421008885e-05	0.027824069387861528	0.0005609823072518338	8.928186107368675e-05	0.014874134396086447	0.014876306445512456	0.0004457302627997706	0.01747678633983014	7.578181543976825e-05	0.0011744255643861834	0.0013734388310695067	0.007562315180985024	0.017336059033550556	0.00788025055808248
G[T>C]G	8.384747306990902e-05	8.417632052442059e-05	8.748152322368696e-05	0.0007242485371534713	8.904635574253916e-05	9.593287031748333e-05	0.05888474090534146	0.01997431664567557	0.014622488654276821	7.262949521873452e-05	0.0011736839420336763	0.009326310092001222	0.0001322627991612535	9.032678717630915e-05	0.013187013211154407
G[T>C]T	8.998648372653406e-05	8.611361481598578e-05	0.005647268491884461	0.0013594512027339078	9.293810944654979e-05	9.417671462870203e-05	0.014556653193358216	0.00010043712245533243	9.644907986512407e-05	0.005138779075423372	0.01275785374637053	0.021829688983416418	0.008694450531038456	9.100995812332258e-05	0.001279240585063235
G[T>G]A	9.404618394910358e-05	9.332079280284233e-05	0.010386963052587817	0.002779787145118462	9.5609176059952e-05	0.00010103059030370787	0.0001044640208419878	0.0010912956007814501	0.00010348603827878833	9.57262222073041e-05	0.0011833330514491535	0.014489304049493511	0.001245784776256187	0.00010069092531921342	0.0012892027814814355
G[T>G]C	9.064393707376439e-05	8.780813332123216e-05	9.001109465316404e-05	0.0027803793527709786	9.360389231005684e-05	9.788698589545675e-05	0.00010334074686397798	0.0236225631335401	9.987312223529443e-05	9.204273883369751e-05	0.0011824554996564985	0.0024084725584543774	0.001247593646257883	0.043195145326899366	0.00014232463581720367
G[T>G]G	8.761913522903342e-05	8.794775858405046e-05	9.318133743363433e-05	0.023507689316465984	0.010225315977004356	8.540418748452794e-05	9.65366380114574e-05	9.498235376668163e-05	0.01641456289435155	7.93072115357063e-05	9.477137209614738e-05	0.00173834241941222	0.002232689549418865	0.03212177203677129	0.007879619851883036
G[T>G]T	9.344745412818157e-05	9.318533266196027e-05	9.226245820173062e-05	0.002778517304977868	9.594725706847384e-05	0.02506015288963681	0.00010104419125127606	0.006622593574138591	0.00010099399587488733	9.359968462376855e-05	0.0011810239382612053	0.0024047316357609814	0.0026025013568869325	9.878408745862543e-05	0.0007605119491927326
T[C>A]A	7.240076028598441e-05	0.006764617336355627	0.014698829439390344	0.0576667818131682	8.971283969003708e-05	0.011218741527445886	9.774408244993538e-05	9.607094725652132e-05	0.023896207768848397	0.020223472969883007	9.313929149357136e-05	0.0010955463683785637	0.0019951488888182213	0.019983655402756994	0.01186577607950312
T[C>A]C	0.02273380373553664	6.079659979150165e-05	8.60394324263325e-05	8.12103919031415e-05	8.544168595108204e-05	7.430232294609595e-05	9.187616451526992e-05	0.009719285450410097	8.720483565411996e-05	7.154790708909786e-05	0.00010737900593085214	0.012261791061609984	0.24362037976825376	8.426104224099618e-05	9.003303733550183e-05
T[C>A]G	0.007216743771539314	7.839347588287638e-05	7.96178431755834e-05	0.0027712627073924524	9.73022950347513e-05	0.03914380845581036	9.214584097207989e-05	0.0010728942384957917	9.198317093250807e-05	7.442621934501403e-05	0.0001035870434861863	0.00137602383219928	0.060541357511101526	9.674772663856857e-05	0.03577103288625949
T[C>A]T	8.838390349410474e-05	7.602615299333593e-05	7.73499039496528e-05	0.0590649127283541	8.120569498144547e-05	8.966048553702422e-05	9.200554395647487e-05	0.00854130038715084	0.008882532990537585	8.537938701920211e-05	0.00012490046574384906	0.027867271536842965	0.0014668210984382312	9.503506698820275e-05	0.01947733520028123
T[C>G]A	7.839127465558704e-05	6.76918582890984e-05	0.011746818936116643	0.02569295294888434	0.06278723926770909	0.03315439230682386	8.871549289324321e-05	8.742076279304456e-05	8.68244074354152e-05	7.404650084481545e-05	0.00010126358647539746	0.01862708682506309	0.11427794999435718	9.293179609812797e-05	0.0011113373577245512
T[C>G]C	0.022815621621293757	5.856793891325651e-05	6.761690403891407e-05	0.013427674908530206	0.05800711490910544	0.011228258945629932	8.4168015018804e-05	0.0001210042872116901	0.04237403526058188	7.099878093868029e-05	8.547445336262171e-05	0.06103932967307628	0.0016948292213783134	9.66541665547993e-05	9.144343275693245e-05
T[C>G]G	9.072261200344655e-05	8.011325072629916e-05	9.385242592543363e-05	0.04327742479654262	8.39426018501399e-05	9.640811622375622e-05	0.00010041427813121118	0.029920630809647263	9.127674202318304e-05	8.743785656406544e-05	0.0011737901164451613	0.010577320950687863	0.0001048949641699437	0.024457583703770068	0.0009173286824079696
T[C>G]T	4.869375745499838e-05	5.184510419411481e-05	4.9098972155547926e-05	0.0003517546487273648	0.4133799839597486	6.912905380431766e-05	7.509599417971913e-05	7.651339547010139e-05	7.734188802714926e-05	4.9142108229260906e-05	7.34857661427668e-05	6.72526370635751e-05	6.284913688432425e-05	8.24090457172133e-05	0.02661954361136054
T[C>T]A	4.5058609359150366e-05	0.03851005811291088	6.967745102883782e-05	5.810741663481167e-05	6.752648223482539e-05	0.5303497661807342	6.43661647245608e-05	6.103365861918064e-05	7.667856407351792e-05	4.810348526689268e-05	7.093397534845281e-05	4.07521248860121e-05	7.865514526201877e-05	4.573409781301052e-05	7.323929553422203e-05
T[C>T]C	0.052222842534865775	5.889290375762357e-05	7.163974250943284e-05	0.24570812380588905	0.03054679737840047	7.285544246884434e-05	8.710791553312447e-05	0.021709561247189414	6.441797704610508e-05	6.565732171575057e-05	8.013327829985429e-05	6.686768141674903e-05	7.297330674020941e-05	7.385890004633217e-05	0.00019783864700002597
T[C>T]G	2.740795293334486e-05	4.154540408194407e-05	3.073599101703906e-05	5.76391638333007e-05	6.330075164555638e-05	7.865987900004256e-05	6.0140970884958736e-05	6.391400797838287e-05	7.933070701255928e-05	0.6739325225353241	7.6915514182474e-05	6.382416377164191e-05	5.1843480696334156e-05	6.831672562839231e-05	5.6331447024149386e-05
T[C>T]T	6.651511257587117e-05	0.05323309843279276	3.086425124934067e-05	0.018331537353606108	0.027145880475563898	7.971071609063074e-05	8.007873911992646e-05	0.278630287872511	6.455739712691866e-05	5.6430435465204545e-05	7.993055951374117e-05	7.481860120606143e-05	0.0007867242572274335	7.830870963516645e-05	6.872125959489495e-05
T[T>A]A	9.047693201864604e-05	8.600017499702517e-05	9.206083341268822e-05	0.0022158358136948665	9.882503873086535e-05	9.552433839417062e-05	0.00010264371740049682	0.009541529267880832	9.85426886472851e-05	9.219476887665224e-05	0.020538139671407406	0.0035664154500409497	0.0014774148468859494	0.00010095393663505093	0.01866565430391347
T[T>A]C	0.00509673161941464	9.135990767390467e-05	9.662440934334881e-05	0.0025941791347577235	9.810162882786244e-05	9.47011292737443e-05	0.00010230292245978489	0.0010880763504246716	9.837896068347618e-05	9.702616807771847e-05	0.01624735461518867	0.0027576528482313734	0.008917816796747502	0.00010076818434754387	0.0012877026965725236
T[T>A]G	8.873757615219801e-05	9.163500581053086e-05	9.516719801467843e-05	0.0027803692981251517	9.306906285928562e-05	9.816901074373163e-05	0.00010026762247434817	0.022133702271821674	0.00010028375836554915	9.25841541175032e-05	0.00012969922026968562	0.001509349507978186	0.0026069517218274994	0.022211545868776737	0.0012810681248083711
T[T>A]T	9.702181632746943e-05	0.0053630377631634476	9.511946846032515e-05	0.0027790507265308406	9.383626820635982e-05	9.97315968561452e-05	0.00010494140151422471	0.0001051028142683208	0.00010078591876663267	0.0134239629835065	0.012765829749696422	0.003452453573117964	0.0022294808586593717	0.00010076136459247209	0.0012849919250584208
T[T>C]A	9.00964379979996e-05	9.50559500779491e-05	9.669673672760837e-05	0.0016995446261717007	9.690585502539762e-05	0.0001004108475171961	0.028505879626027308	0.0010915640814346261	0.00010257236863253638	9.497676801402122e-05	0.010583905573002993	0.0023045788366289344	0.002606021711108042	0.00010345623886678367	0.0012885509422631003
T[T>C]C	8.409648681890758e-05	7.650376751371369e-05	8.931080665206537e-05	0.04935334414658428	8.774013203947107e-05	8.897336592781358e-05	9.666474215919152e-05	8.789998282736633e-05	8.853160570652108e-05	7.98854401182325e-05	0.00719908180180937	0.0035570860040024855	0.02035670562145242	9.206894974340684e-05	0.00787252185473335
T[T>C]G	9.811276322579943e-05	8.792862136033363e-05	0.005980716905469308	0.0015918803321255837	9.891643276205286e-05	9.81940480414778e-05	0.00010103183376486413	0.0010882986069191247	0.00010139298829017206	9.123564668698237e-05	0.00011046486033592374	0.013733510032034246	0.012984053962281906	0.00010052711004391313	0.0012850959617935586
T[T>C]T	0.011846217206402799	7.065258614664671e-05	9.521725951344706e-05	0.002768881334850448	9.24503921851283e-05	9.093108747038059e-05	9.069983643712476e-05	0.0006517075977171771	0.022437193279256463	0.016126172526855952	0.02750394235699787	0.0011316924486891367	0.0024164555645256767	9.963998527382501e-05	0.0331715271124267
T[T>G]A	9.74879010755103e-05	9.195725069730543e-05	9.600363482604734e-05	0.002781204725761199	9.956264984793961e-05	0.00010044648588518612	0.00010458723045303486	0.0010919501728494652	0.00010102950473083183	9.622278157621622e-05	0.001184776981244795	0.0035677662752277685	0.0015143569857173135	0.00010348210635129363	0.014392178342677652
T[T>G]C	9.43221544730477e-05	8.756761635595467e-05	9.55598610744346e-05	0.0004739961077575572	9.97188275505323e-05	9.876804397208616e-05	0.00010486592509550974	0.0010912507175817154	9.839963167905808e-05	9.708806828712113e-05	0.014222868908109376	0.0026825615852430927	0.014060826678178272	0.013103166210930795	0.0012867110905062872
T[T>G]G	9.920274387695827e-05	9.46311600273475e-05	9.786593145690858e-05	0.0027829332706460264	9.95183909253683e-05	0.00010118061327375471	0.00010523066084715538	0.001091958017059369	0.0001034940592944622	9.792867786018178e-05	0.00118497339572059	0.0035677848318300676	0.0026090706036484335	0.00010418068050057627	0.0012892509505036287
T[T>G]T	8.084008368314244e-05	8.6775179443066e-05	0.011207844498130726	0.0007810277274984401	0.017266290299448882	9.256546218239237e-05	0.00010065137830679305	0.026809304786729625	9.358093484479468e-05	8.713286406418775e-05	0.05248402401412022	0.017566156497923657	0.002161805846935749	9.538674639770761e-05	0.0012862761373980901
