MutationType	SBS96A	SBS96B	SBS96C	SBS96D	SBS96E	SBS96F	SBS96G	SBS96H	SBS96I
A[C>A]A	3.83E-03	1.10E-28	2.50E-03	3.86E-03	3.93E-03	3.30E-03	5.50E-03	2.12E-03	1.70E-03
A[C>A]C	1.13E-03	8.17E-04	9.91E-04	7.10E-04	5.24E-04	5.68E-04	7.15E-04	4.50E-04	1.95E-04
A[C>A]G	5.31E-04	2.07E-04	2.24E-04	5.13E-04	3.55E-04	1.92E-04	4.47E-04	4.20E-04	3.45E-04
A[C>A]T	1.09E-03	1.16E-03	1.14E-03	1.26E-03	2.55E-04	6.67E-04	1.36E-03	1.38E-03	6.07E-04
A[C>G]A	6.92E-04	3.89E-04	1.71E-04	5.52E-04	2.23E-04	3.48E-04	3.99E-04	3.12E-04	2.61E-04
A[C>G]C	4.97E-04	4.93E-04	7.06E-04	5.13E-04	2.86E-04	2.82E-04	2.63E-04	2.69E-04	1.71E-04
A[C>G]G	6.70E-04	3.75E-04	2.01E-04	5.82E-04	0.00E+00	4.94E-04	7.84E-04	1.09E-03	4.80E-04
A[C>G]T	9.74E-04	5.76E-04	6.04E-04	1.06E-03	0.00E+00	5.30E-04	1.12E-03	1.12E-03	6.33E-04
A[C>T]A	3.24E-03	1.53E-03	2.40E-03	1.98E-03	6.17E-22	2.55E-03	1.92E-03	2.04E-03	1.25E-03
A[C>T]C	1.09E-03	1.35E-03	1.93E-03	1.88E-03	0.00E+00	1.69E-03	1.49E-03	1.08E-03	6.07E-04
A[C>T]G	1.40E-03	9.36E-04	7.98E-04	2.11E-03	5.74E-04	6.73E-04	1.23E-03	1.62E-03	1.27E-03
A[C>T]T	5.97E-04	8.17E-04	1.04E-03	1.13E-03	0.00E+00	9.39E-04	5.88E-04	7.38E-04	7.32E-04
A[T>A]A	5.92E-04	3.15E-04	3.25E-04	7.04E-04	5.42E-04	2.89E-04	3.92E-04	3.02E-04	1.46E-04
A[T>A]C	2.87E-04	2.89E-04	3.05E-04	2.61E-04	1.53E-04	1.63E-04	9.48E-05	1.43E-04	4.91E-05
A[T>A]G	3.73E-04	3.00E-04	2.65E-04	3.79E-04	8.81E-05	1.67E-04	2.37E-04	1.97E-04	1.36E-04
A[T>A]T	8.05E-04	1.12E-03	9.05E-04	8.90E-04	0.00E+00	5.81E-04	9.11E-04	5.19E-04	4.75E-04
A[T>C]A	3.08E-03	1.95E-03	1.84E-03	2.47E-03	0.00E+00	2.02E-03	3.69E-03	3.05E-03	1.62E-03
A[T>C]C	8.45E-04	9.42E-04	4.86E-04	7.52E-04	0.00E+00	5.06E-04	7.78E-04	6.16E-04	3.62E-04
A[T>C]G	1.82E-03	2.30E-03	1.45E-03	2.11E-03	0.00E+00	1.46E-03	1.93E-03	1.67E-03	9.83E-04
A[T>C]T	7.55E-04	2.73E-04	3.64E-04	1.41E-03	0.00E+00	5.98E-04	6.04E-04	7.85E-04	3.76E-04
A[T>G]A	3.58E-04	1.31E-04	4.52E-04	5.24E-04	1.24E-04	2.56E-04	7.84E-04	3.36E-04	2.83E-05
A[T>G]C	1.58E-04	7.46E-05	1.13E-04	3.65E-04	0.00E+00	6.04E-05	3.64E-04	1.45E-04	9.45E-05
A[T>G]G	4.65E-04	2.46E-04	2.35E-04	3.74E-04	0.00E+00	1.80E-04	4.27E-04	4.90E-04	2.89E-04
A[T>G]T	2.47E-04	1.45E-04	7.76E-05	3.63E-04	2.29E-04	1.50E-04	3.22E-04	2.63E-04	1.68E-04
C[C>A]A	1.64E-03	1.35E-03	2.21E-03	2.58E-03	1.36E-03	1.16E-03	2.37E-03	1.05E-03	9.33E-04
C[C>A]C	6.33E-04	1.61E-03	1.23E-03	8.06E-04	0.00E+00	1.02E-03	7.95E-04	6.03E-04	6.66E-04
C[C>A]G	3.09E-04	2.99E-04	4.02E-04	3.85E-04	3.37E-04	3.41E-04	1.11E-04	2.75E-04	2.31E-04
C[C>A]T	2.43E-03	6.25E-03	4.82E-03	2.74E-03	2.30E-03	3.35E-03	2.47E-03	2.75E-03	2.30E-03
C[C>G]A	7.47E-04	5.54E-04	7.90E-04	7.68E-04	1.59E-04	2.45E-04	4.76E-04	5.01E-04	3.39E-04
C[C>G]C	2.09E-04	2.19E-04	2.46E-04	3.99E-04	6.59E-119	1.12E-04	3.57E-04	3.44E-04	1.87E-04
C[C>G]G	1.80E-04	1.46E-04	9.44E-05	2.03E-04	2.05E-04	2.39E-04	2.44E-04	3.37E-04	7.57E-05
C[C>G]T	7.71E-04	4.61E-04	5.61E-04	7.25E-04	0.00E+00	2.24E-04	5.36E-04	6.07E-04	2.91E-04
C[C>T]A	1.60E-03	3.29E-03	4.47E-03	5.14E-03	1.78E-03	2.28E-03	2.84E-03	2.02E-03	7.08E-04
C[C>T]C	1.16E-03	1.54E-03	1.64E-03	1.99E-03	0.00E+00	8.48E-04	1.99E-03	8.11E-04	4.93E-04
C[C>T]G	9.27E-04	9.46E-04	1.50E-03	1.26E-03	0.00E+00	7.99E-04	8.16E-04	9.69E-04	1.02E-03
C[C>T]T	3.88E-04	1.21E-03	1.04E-03	1.68E-03	0.00E+00	8.40E-04	1.01E-03	6.21E-04	3.24E-04
C[T>A]A	6.52E-04	5.31E-04	8.04E-04	7.93E-04	2.77E-04	2.78E-04	4.22E-04	5.10E-04	2.00E-04
C[T>A]C	4.44E-04	4.36E-04	6.60E-04	6.26E-04	0.00E+00	2.07E-04	2.47E-04	2.08E-04	1.68E-04
C[T>A]G	6.72E-04	3.72E-04	4.22E-04	5.23E-04	6.42E-152	1.95E-04	4.61E-04	4.94E-04	2.25E-04
C[T>A]T	5.10E-04	4.29E-04	6.48E-04	5.44E-04	2.06E-04	2.75E-04	5.90E-04	4.29E-04	2.44E-04
C[T>C]A	1.09E-03	1.06E-03	7.59E-04	1.57E-03	6.18E-133	8.91E-04	9.17E-04	6.93E-04	5.25E-04
C[T>C]C	7.92E-04	8.53E-04	7.19E-04	5.13E-04	0.00E+00	5.56E-04	6.94E-04	6.76E-04	3.49E-04
C[T>C]G	1.50E-03	2.87E-03	1.65E-03	2.09E-03	7.98E-04	1.36E-03	1.35E-03	2.37E-03	8.30E-04
C[T>C]T	1.03E-03	7.81E-04	6.21E-04	9.37E-04	0.00E+00	7.80E-04	1.22E-03	9.40E-04	4.43E-04
C[T>G]A	1.19E-04	1.18E-04	1.49E-04	1.86E-04	7.17E-05	1.30E-04	2.80E-04	2.50E-04	1.22E-04
C[T>G]C	2.23E-04	1.43E-04	2.56E-04	2.07E-04	0.00E+00	1.42E-04	1.62E-04	1.09E-04	9.61E-05
C[T>G]G	3.97E-04	3.31E-04	6.03E-04	4.36E-04	0.00E+00	2.64E-04	2.90E-04	2.33E-04	1.79E-04
C[T>G]T	2.42E-04	2.22E-04	4.55E-04	4.56E-04	0.00E+00	2.35E-04	2.39E-04	4.34E-04	2.66E-04
G[C>A]A	7.88E-03	0.00E+00	4.96E-03	1.27E-02	1.45E-02	8.44E-03	1.05E-02	5.75E-03	6.19E-03
G[C>A]C	1.02E-03	8.29E-04	1.35E-03	1.74E-03	5.40E-04	2.87E-04	9.69E-04	4.78E-04	5.11E-04
G[C>A]G	2.82E-04	1.97E-04	2.91E-04	3.82E-04	2.55E-04	2.89E-04	3.08E-04	3.53E-04	1.93E-04
G[C>A]T	2.43E-03	1.76E-03	2.26E-03	5.07E-03	1.79E-03	2.78E-03	3.13E-03	2.25E-03	1.92E-03
G[C>G]A	5.79E-04	4.74E-04	6.01E-04	6.56E-04	2.66E-04	2.36E-04	2.95E-04	3.24E-04	3.22E-04
G[C>G]C	2.79E-04	1.16E-04	8.96E-05	3.45E-04	0.00E+00	2.25E-04	3.78E-04	2.04E-04	1.92E-04
G[C>G]G	9.88E-05	8.41E-05	7.35E-05	1.40E-04	2.70E-05	1.05E-04	2.10E-04	2.77E-04	1.46E-04
G[C>G]T	7.34E-04	6.10E-04	9.41E-04	1.21E-03	0.00E+00	4.81E-04	7.60E-04	9.01E-04	5.04E-04
G[C>T]A	2.06E-03	2.03E-03	3.11E-03	2.18E-03	0.00E+00	2.33E-03	1.69E-03	2.00E-03	1.28E-03
G[C>T]C	1.27E-03	2.66E-03	2.67E-03	1.63E-03	3.23E-05	2.05E-03	1.25E-03	1.49E-03	8.94E-04
G[C>T]G	1.88E-03	2.12E-03	1.61E-03	2.68E-03	1.54E-03	1.09E-03	9.95E-04	1.31E-03	1.26E-03
G[C>T]T	1.18E-03	1.86E-03	2.53E-03	1.01E-03	0.00E+00	1.75E-03	1.15E-03	1.32E-03	1.10E-03
G[T>A]A	5.62E-04	2.69E-04	3.02E-04	3.57E-04	0.00E+00	6.13E-05	2.51E-04	2.87E-04	1.72E-04
G[T>A]C	4.66E-04	2.90E-04	3.65E-04	4.26E-04	6.34E-05	1.28E-04	2.99E-04	2.22E-04	1.18E-04
G[T>A]G	5.31E-04	3.18E-04	3.17E-04	5.31E-04	0.00E+00	2.44E-04	3.56E-04	4.12E-04	2.75E-04
G[T>A]T	4.47E-04	1.36E-04	1.90E-04	5.05E-04	0.00E+00	2.33E-04	4.14E-04	4.78E-04	2.80E-04
G[T>C]A	7.17E-04	9.56E-04	6.45E-04	4.75E-04	0.00E+00	6.14E-04	7.92E-04	9.38E-04	4.57E-04
G[T>C]C	2.98E-04	5.67E-04	3.02E-04	3.28E-04	1.66E-04	3.45E-04	4.52E-04	5.60E-04	2.39E-04
G[T>C]G	7.40E-04	1.23E-03	7.33E-04	5.15E-04	0.00E+00	7.07E-04	6.03E-04	4.53E-04	2.48E-04
G[T>C]T	6.54E-04	5.81E-04	4.65E-04	5.66E-04	0.00E+00	4.96E-04	7.64E-04	6.88E-04	3.19E-04
G[T>G]A	1.74E-04	5.80E-05	8.15E-05	2.61E-04	1.58E-04	1.70E-04	8.96E-05	1.75E-04	9.18E-05
G[T>G]C	3.03E-04	9.97E-05	1.74E-04	4.61E-04	0.00E+00	1.96E-04	7.61E-04	4.81E-04	1.51E-04
G[T>G]G	2.90E-04	2.78E-04	3.76E-04	4.45E-04	5.48E-05	1.93E-04	3.24E-04	4.40E-04	1.90E-04
G[T>G]T	1.84E-04	1.35E-04	6.81E-05	2.67E-04	0.00E+00	1.36E-04	1.93E-04	1.89E-04	1.17E-04
T[C>A]A	2.40E-03	1.21E-03	2.99E-03	6.08E-03	3.34E-03	3.10E-03	2.18E-03	2.56E-03	1.16E-03
T[C>A]C	1.17E-03	1.04E-03	1.26E-03	1.79E-03	2.10E-03	1.04E-03	1.11E-03	1.17E-03	8.51E-04
T[C>A]G	2.47E-04	2.31E-04	2.41E-04	3.02E-04	4.39E-04	3.96E-04	4.09E-04	3.76E-04	1.81E-04
T[C>A]T	5.59E-03	3.91E-03	5.08E-03	1.08E-02	5.14E-03	4.92E-03	5.70E-03	4.97E-03	3.36E-03
T[C>G]A	6.26E-04	7.74E-04	9.92E-04	1.14E-03	0.00E+00	4.63E-04	5.03E-04	8.52E-04	4.82E-04
T[C>G]C	4.20E-04	3.12E-04	3.63E-04	5.07E-04	1.80E-04	2.42E-04	3.69E-04	3.22E-04	2.31E-04
T[C>G]G	2.47E-04	1.84E-04	3.03E-04	2.39E-04	1.68E-04	3.21E-04	1.23E-04	2.28E-04	1.19E-04
T[C>G]T	8.50E-04	9.35E-04	1.31E-03	1.95E-03	1.25E-04	4.48E-04	8.61E-04	1.15E-03	5.64E-04
T[C>T]A	1.14E-03	2.89E-03	2.69E-03	3.24E-03	6.68E-04	1.63E-03	2.19E-03	9.32E-04	6.13E-04
T[C>T]C	8.06E-04	1.81E-03	1.78E-03	1.78E-03	9.67E-04	9.05E-04	1.29E-03	4.19E-04	3.65E-04
T[C>T]G	7.16E-04	5.96E-04	1.18E-03	6.68E-04	0.00E+00	2.91E-04	9.03E-04	7.62E-04	2.21E-04
T[C>T]T	9.72E-04	1.57E-03	1.38E-03	2.25E-03	0.00E+00	1.14E-03	1.42E-03	7.37E-04	5.96E-04
T[T>A]A	6.76E-04	5.99E-04	4.39E-04	4.86E-04	8.27E-04	6.14E-04	6.21E-04	8.27E-04	4.89E-04
T[T>A]C	1.11E-03	6.32E-04	6.96E-04	9.00E-04	0.00E+00	3.16E-04	5.11E-04	6.68E-04	3.90E-04
T[T>A]G	8.63E-04	4.88E-04	5.32E-04	6.66E-04	2.71E-04	2.65E-04	4.22E-04	3.73E-04	2.24E-04
T[T>A]T	1.09E-03	1.02E-03	1.14E-03	1.96E-03	0.00E+00	8.12E-04	1.22E-03	1.38E-03	7.98E-04
T[T>C]A	1.61E-03	7.31E-04	6.53E-04	2.27E-03	0.00E+00	1.25E-03	1.95E-03	1.23E-03	1.22E-03
T[T>C]C	8.79E-04	1.01E-03	5.71E-04	7.07E-04	4.50E-17	6.01E-04	7.06E-04	7.30E-04	4.00E-04
T[T>C]G	6.62E-04	1.06E-03	9.35E-04	1.16E-03	5.44E-04	6.92E-04	6.02E-04	7.61E-04	5.31E-04
T[T>C]T	7.16E-04	4.46E-04	4.51E-04	1.73E-03	7.81E-17	6.08E-04	1.32E-03	9.41E-04	7.99E-04
T[T>G]A	1.50E-04	1.58E-04	1.60E-04	2.70E-04	7.98E-05	1.33E-04	1.49E-04	3.02E-04	1.53E-04
T[T>G]C	2.85E-04	1.85E-04	2.39E-04	2.29E-04	3.49E-05	9.03E-05	2.13E-04	2.39E-04	1.54E-04
T[T>G]G	2.57E-04	1.76E-04	1.33E-04	2.39E-04	2.07E-05	2.45E-04	2.21E-04	1.59E-04	1.43E-04
T[T>G]T	7.83E-04	5.52E-04	4.74E-04	1.41E-03	0.00E+00	4.10E-04	9.91E-04	6.95E-04	5.71E-04
