MutationType	SBS96A	SBS96B	SBS96C	SBS96D	SBS96E	SBS96F	SBS96G	SBS96H	SBS96I
A[C>A]A	0.03138551667230868	1.1041896089509511e-28	0.02927454223530184	0.05972825599961542	0.15668007898941583	0.04603810817318689	0.056005369182466215	0.044441879842445825	0.028655869547440208
A[C>A]C	0.008177992649114185	0.002328648693577225	0.006095383913576788	0.004985952204992216	0.006021375297856027	0.005302229136337786	0.004036051248547595	0.004927295539540471	0.003236276765719076
A[C>A]G	0.005556770760533467	0.0007046032024864178	0.0023827498455113246	0.003809277295231863	0.0036626273001169997	0.004547613426709214	0.005210059926925812	0.002341453511863776	0.002681648849919134
A[C>A]T	0.012424771358788092	0.004119159484406864	0.01484236995642865	0.020669216443463558	0.024322429474055846	0.012205369322304283	0.02216598777317475	0.014476727493130859	0.011238239639667223
A[C>G]A	0.006667579590780159	0.0027772623593415925	0.004595874323756595	0.0035940049223149666	0.00022269880156760934	0.00530828562850551	0.0027760784686770073	0.0034743787766081504	0.0032031724042439497
A[C>G]C	0.00478223866054582	0.0015369404795861023	0.0036057344556570106	0.0021367937427148836	0.0002858477365952121	0.0012402615030301931	0.0011096298513150102	0.0039886621113872	0.003886103943193971
A[C>G]G	0.012065898096088714	0.0020532182963716563	0.0018057320912210086	0.0020521704823570374	0.0	0.003264772369884606	0.004421318923967265	0.0064406915000804876	0.007653163970351059
A[C>G]T	0.016282851251175227	0.00610917842536976	0.002458877736100256	0.0033598058537363125	0.0	0.0012199494917220232	0.008583557386623355	0.008344528863483362	0.009111319328913483
A[C>T]A	0.018220250127399258	0.05929389015061087	0.06294421238773551	0.03695480941293673	6.170147333890898e-22	0.04502532720919246	0.02415764505482361	0.03018793320973497	0.038270186471620296
A[C>T]C	0.006635821160111815	0.01822299448809427	0.028854251698292484	0.01893606793920225	5e-324	0.023447520512626826	0.01044454794355229	0.008211976881924207	0.007981681753307584
A[C>T]G	0.0173239335137291	0.028311660024757657	0.015799519096002544	0.009287783102250256	0.0005735919457158766	0.0123093877854798	0.013260871062131339	0.02000620157272199	0.026798240952320238
A[C>T]T	0.010581264327932768	0.029308605005801503	0.017657309950962492	0.0059762867393365875	5.836046303643172e-234	0.013286055028763684	0.00664123930944205	0.008204830152837623	0.012063653339328006
A[T>A]A	0.005960452845286268	0.0008949710622451762	0.0032000751765934405	0.004097985919725226	0.0013153984554072637	0.004889275127643659	0.0024205944153418008	0.004328017257568778	0.0030289793990985
A[T>A]C	0.002256279505449872	0.0014435235078921185	0.002553622198934864	0.0012821514643144279	0.00015319259782040488	0.0014413594629001764	0.00018994048824789853	0.0016487835468808568	0.0016481803370107003
A[T>A]G	0.002500020765772073	0.0008527324338912922	0.0031780356403843654	0.0015733611461139253	0.0009093387598940105	0.0014326593803220932	0.0013827361974122546	0.0007203241896006383	0.0013743672660133383
A[T>A]T	0.012419419502752462	0.018791082062577635	0.005778577457743508	0.0030725679026467802	0.0	0.007871406332291246	0.00674645915257813	0.010158957290742319	0.010863674732350902
A[T>C]A	0.05228135839091528	0.03135842527971382	0.012518963943699654	0.008364190540439404	0.0	0.010006747544503626	0.01962577145673839	0.032189211603175914	0.03453541517161285
A[T>C]C	0.00804631926912883	0.01285916398370758	0.0022065136822570913	0.00127417424280133	0.0	0.002019688867411419	0.0029560967163864	0.00826261691345095	0.010064127617441805
A[T>C]G	0.0215530669102969	0.036957133769612543	0.009795386413464963	0.004294516642281335	0.0	0.007943833778933972	0.009999899013098081	0.02253083462380109	0.02580157954962437
A[T>C]T	0.01673963076984765	0.010489067479713902	0.009970469190424412	0.006562732766044813	0.0	0.007871397241485426	0.010041172135630872	0.010657524617343133	0.012797880395708307
A[T>G]A	0.0017359995655557778	0.00016588321242376288	0.0013998611193639671	0.004352870353504351	0.00021504188853557066	0.004073355070752913	0.004165098937203239	0.0013474639726351856	4.027900010218097e-05
A[T>G]C	0.0015493848521763985	0.0005942603724740325	0.0004576397401622254	0.0009328897631193317	1.5e-323	0.00015745546002342907	0.002077206425060328	0.0006198859781103209	0.0012542840715923363
A[T>G]G	0.006394650656040656	0.0014471224391508363	0.0009398514104031507	0.0009482694940906728	0.0	0.00027324705306037555	0.0022632549836293587	0.002526488879124708	0.0025539707426545056
A[T>G]T	0.005197287755236797	0.0025656217458872223	0.003316335861995866	0.0026132697856529625	0.0003347521826311877	0.003611148954608702	0.002184576999931874	0.003974374632212691	0.004198782021480556
C[C>A]A	0.0218831420162768	0.013545684867309612	0.01992495319815811	0.03709514864946278	0.03211946165024511	0.035008515523489256	0.038871124276599174	0.030142418997439087	0.026538903072390072
C[C>A]C	0.010061875570905083	0.030588224554418602	0.008790833485001164	0.0018712239967633116	0.0	0.006958795306450802	0.006911063417144589	0.006422392444224698	0.008704487681266984
C[C>A]G	0.006134769603063356	0.005082508545441294	0.005600644251178751	0.004049459965008317	0.0010091621233852812	0.0047542210309883546	0.004202452512214526	0.004868690527885164	0.0036956839074564103
C[C>A]T	0.015020557615594727	0.09643956077609706	0.02696540476915769	0.006774064569026529	0.0034433696728807125	0.0321734447377282	0.011275519798848034	0.019558370885511746	0.026241513612491427
C[C>G]A	0.00864963122150805	0.0010880987225076499	0.003463589646648431	0.0017631933831982335	0.00015889039792907589	0.0006968880629437062	0.002566485706513759	0.004246898935307417	0.004221302514318651
C[C>G]C	0.0014015347964716522	0.0004015658462227221	0.0036465907533052523	0.0034875117700630745	6.590065799681467e-119	0.002584021672329422	0.002161092773918185	0.0011592510249165495	0.0006697648015197454
C[C>G]G	0.003824904317701802	0.000491135759264173	0.0006738782649072738	0.001139661784702162	0.0003072263585023852	0.0013880289980109557	0.001235011548632817	0.0031424330639545895	0.0034611779573716444
C[C>G]T	0.008894429804309678	0.0013122446914932988	0.0024132180899537545	0.0017331153512390996	0.0	0.000902011492387353	0.0035407243910399546	0.003097039759571226	0.003137524901554777
C[C>T]A	0.010503890419675952	0.006283788534409881	0.040569106426447316	0.04360607978176815	0.002611568866473115	0.048538963639254314	0.020304605802032524	0.020266125515766772	0.01719970812004339
C[C>T]C	0.005463072175370084	0.008817969575344389	0.025259060729241677	0.01788131477628112	5e-324	0.014808694260036647	0.012743697307822608	0.00740695076380167	0.008798577682175422
C[C>T]G	0.007052861896425226	0.0174658499252781	0.010495909549243223	0.008681978457870767	5e-324	0.01350987755945738	0.008434258909955366	0.01030492103213873	0.016627329529307167
C[C>T]T	0.012443776093956973	0.0108657456348803	0.022920268383799937	0.01488276363397886	5e-324	0.016328915974675718	0.009931888655483247	0.0096252842010798	0.011014598612314103
C[T>A]A	0.00815592589629702	0.0011834139533623033	0.0035878003182336477	0.002094191521719701	0.0002766588695375407	0.0011589981813506954	0.0027889748384516437	0.004098145811258226	0.004163548053564528
C[T>A]C	0.004802785552909635	0.0024763605936119325	0.0035543630469381956	0.0015887316528491134	0.0	0.0007803319265178069	0.002549207544950876	0.0014785090222105193	0.001920391924851246
C[T>A]G	0.007914459275149997	0.0018248722308965126	0.0017388991943944245	0.0015600961187202458	6.423229996646282e-152	0.0008011423383838955	0.0032156766985107386	0.003365785372456219	0.0037663552997853726
C[T>A]T	0.00691606592106272	0.001062578393882426	0.0028311027575037215	0.0030627565652499565	0.00020557031607985698	0.0015836524689616259	0.00347534038250756	0.0055407826277439325	0.0038767113284465843
C[T>C]A	0.014090685763847158	0.02150278813994144	0.008125280243324597	0.0040695452768091155	6.181744525861459e-133	0.008482286007636664	0.006598890326537664	0.014079078804182136	0.01577388750185277
C[T>C]C	0.007501451536233064	0.01491805396220296	0.004361705951143244	0.0011603023098474257	0.0	0.0027472164123456973	0.0035215944040406164	0.006776790113204624	0.007147909358506333
C[T>C]G	0.007902897039139654	0.040527321503970606	0.008812917148926026	0.004312902905359276	0.001190420756494392	0.006211563662150165	0.00799245689086445	0.01492934784328973	0.014354657736311918
C[T>C]T	0.015595303660443016	0.015337609967418836	0.00442540080686383	0.0031700339175107705	0.0	0.0036224793217353077	0.008714778372721211	0.010495780889303138	0.014642364267516098
C[T>G]A	0.0011964311286630836	0.00046748949381611	0.001119333536870984	0.0014875313627928828	0.00010684643332451432	0.0012178249568716522	0.0016956502187955198	0.001509199838171147	0.002438318411675536
C[T>G]C	0.002103979420764141	0.004111892718204027	0.0026478425760281827	0.0005546757688328992	0.0	0.0012597147415862261	0.0003521081838744234	0.001743623889525097	0.002330888495299611
C[T>G]G	0.004552972767543543	0.004598402647541952	0.0035131640807296743	0.0019520602894187863	8.2233412121e-313	0.0015544717510428744	0.002747773396677633	0.003384668866876736	0.004019144754428885
C[T>G]T	0.002622468034087219	0.00601852264438643	0.003968605471430615	0.0020573905890270247	5e-324	0.0018142933252158831	0.002152496284135246	0.0036821344839257524	0.004561811955854354
G[C>A]A	0.052553195131381555	4.57198630399664e-193	0.046238374934982895	0.1385243801724277	0.44609417880516633	0.09396934748026443	0.16020534176547802	0.08112280805622693	0.04961210690880624
G[C>A]C	0.00825953970446483	0.0025559234682608805	0.006733449722919861	0.008594290684987243	0.01625420064363298	0.003633541815119896	0.013260107824387806	0.005907069631572721	0.006526989546876098
G[C>A]G	0.0037169133925937237	0.0010470470308109915	0.002889029874392971	0.00503789811123075	0.012142106109899126	0.0047267706739629375	0.005017495424387181	0.004892225136943013	0.0050436966904477895
G[C>A]T	0.020372649674038006	0.004663172054820807	0.03440840615396251	0.059134792463472405	0.11024125913376814	0.05442960666647821	0.051085664500459996	0.0347314646103581	0.027933277173725478
G[C>G]A	0.006784408817021782	0.0008427605445168018	0.004122144353446698	0.004044738522280767	0.0003561148259045156	0.0020516017761922664	0.00504707064363578	0.0040871795439765424	0.0034058319246284205
G[C>G]C	0.004350473936906843	0.0021205926359257722	0.0016004235085162774	0.002173002737780797	1e-323	0.0023690788881106295	0.003581007374282608	0.0026353151415652457	0.0021766562852562022
G[C>G]G	0.0025641996307251133	0.00027072566802502113	0.00025320095672365134	0.00038411518962850954	2.7047143575003795e-05	0.00018583227864659598	0.0009588397486515035	0.0020706777328395776	0.002801248019597328
G[C>G]T	0.010181175567283322	0.0022758672777392366	0.0045458217323448655	0.0032206715454438355	0.0	0.0012949291073518826	0.00607247458911063	0.004370013080582734	0.00727179934984341
G[C>T]A	0.012057533325924196	0.07027901861276367	0.04123284955800372	0.009467705256771146	0.0	0.02095647935739049	0.011544488852395883	0.009698666876763724	0.01682144253611775
G[C>T]C	0.0034777637245961245	0.053734471593528746	0.024622875169463914	0.004214644084699192	3.229113993421535e-05	0.019962894979829168	0.004839399719802331	0.0063937554674663695	0.009403453701442997
G[C>T]G	0.011719193271733153	0.036605927695707904	0.012994562333565874	0.008706335289221788	0.002306974369035994	0.016049343726007297	0.012924781356104528	0.018640906222938947	0.02525711134716585
G[C>T]T	0.010176656760806764	0.052061524338116005	0.025564131946260737	0.0029926414231543205	0.0	0.010541728361397645	0.005090103015123793	0.004970113875897857	0.011414983472239628
G[T>A]A	0.004281880906139233	0.0007871102292660942	0.0012685304665373382	0.0007183576741380426	0.0	0.00010788257411925343	0.0014028056615683097	0.0006966884654085338	0.000551191402471106
G[T>A]C	0.002702790506354649	0.0009736431052953482	0.0019261993719592693	0.001534250496100328	6.340695692716768e-05	0.00039603274639683463	0.002446281620981845	0.0006692679372695241	0.0002867891540749254
G[T>A]G	0.005723938629403888	0.0012779283131234595	0.0022266732269298874	0.0011507226532183428	0.0	0.0006738440864326749	0.001930985954557235	0.0016386639767521846	0.0013743046886155802
G[T>A]T	0.006784422319103607	0.0029122879067768207	0.001492999540574262	0.0017857597588547317	0.0	0.002678128352984163	0.004093653096443115	0.003323549421048358	0.00348656599157747
G[T>C]A	0.008612499127618385	0.01603764770176814	0.005201738865071761	0.0011270717824371735	0.0	0.003318459517233048	0.0029687909207192524	0.007297789081379863	0.007479969496821215
G[T>C]C	0.0036299972261895318	0.008164852274374784	0.002467457212743913	0.0006310901537620288	0.00016606040603163298	0.003004908399107153	0.0013822870128028639	0.003694094378198185	0.0030424639411109327
G[T>C]G	0.005646322312282512	0.019443200356902068	0.004833034660336624	0.0013444055047461508	0.0	0.004495926633050059	0.004264875649688937	0.005649710656544829	0.008049254754739579
G[T>C]T	0.009098721290650685	0.008578413247287834	0.002297028075672294	0.0012544044233585806	0.0	0.002087819441658874	0.0031861935643454817	0.008138952984658119	0.009289458665946571
G[T>G]A	0.000490300823696474	0.00013463867422334157	0.00048658151014650244	0.0008192086364158924	0.0013127940942670208	0.001075971384357827	0.00015514121687308763	0.0008311590593288598	0.000537790084286434
G[T>G]C	0.0009480442486398451	0.00017689792293778926	0.0015621746891360364	0.003223094767242941	5e-324	0.0007983453848664334	0.003923864668096405	0.0014856645117091924	0.0007069061047654372
G[T>G]G	0.005768271012301601	0.0006194299505198097	0.0016263964441800434	0.0011728987826723322	5.475328279103503e-05	0.0003497827641579192	0.001979423586392531	0.0033013353697205782	0.003708918331137361
G[T>G]T	0.003058039554470108	0.0012803073870758523	0.002051513597611101	0.0016321926722308398	5.974e-319	0.00263654574385133	0.0010080085414076816	0.002048061184435276	0.002389568974973092
T[C>A]A	0.03061086978194747	0.002192946563046276	0.03341604722585899	0.060637255044793226	0.05713552449675756	0.05095155092182599	0.04138649283950335	0.05233908486195129	0.04320519612270557
T[C>A]C	0.02307864096460848	0.00266635845847814	0.013592192668253022	0.025057506201332812	0.006072025305341131	0.02546601656598371	0.023211214908842925	0.022215257376908295	0.01930383998341519
T[C>A]G	0.006663937989797125	0.0008954386101770023	0.0019197513634919307	0.005099986894489548	0.005150282001117489	0.00402090950525781	0.005693811276614489	0.006893680083075638	0.005124373483589556
T[C>A]T	0.04282280412791434	0.008537893495935086	0.06992004433009798	0.12133580714745822	0.10141101182208248	0.0993319008221125	0.08656112214174011	0.09404593360138742	0.08024366963959785
T[C>G]A	0.011387112202935184	0.001485161285795378	0.00628188944526204	0.0033130563472238573	0.0	0.0026151858216265753	0.003636481199173242	0.005793226347209655	0.0073378439960986265
T[C>G]C	0.0037502397926429424	0.0005394624481386086	0.0034791964163522677	0.0035649923177489898	0.00017975644729443594	0.0036221564301332143	0.003176968754221359	0.0017974930589619614	0.001493275763791374
T[C>G]G	0.0025956941214483626	0.0003276936872363619	0.0014776611049795696	0.0012831637264023932	0.0001676028066428837	0.001558253810289921	0.0005793481551465271	0.0022650817850818506	0.0024487788859512243
T[C>G]T	0.01630249535581481	0.0017634911958868081	0.006610365047387709	0.007070694992554571	0.0001251038808315869	0.0032180203651924156	0.012001997326058927	0.008885503373865102	0.009328674971247024
T[C>T]A	0.014643566778410458	0.006625486308209479	0.04096229661897243	0.030424872033808358	0.0006717049764001662	0.02381551225055835	0.018713662058089692	0.015832514724811186	0.017697713332308174
T[C>T]C	0.0076990595099779265	0.0064586927328825535	0.02420210064762235	0.0163830021538477	0.0013535763306977656	0.01460981667532217	0.008413564236795056	0.009560973130352132	0.010948037283722706
T[C>T]G	0.01287105863965601	0.0092943474055311	0.0072539010376115095	0.010652474188246525	5e-324	0.012236184289362163	0.012362414763427854	0.012653573909228766	0.01256983770064836
T[C>T]T	0.012510545879843144	0.009984935479336947	0.02605079106705132	0.015368087961968348	1.762903511992838e-217	0.01935712484120106	0.005149580574990667	0.01290186832419675	0.01565233100992074
T[T>A]A	0.014009140832938837	0.004301093283403752	0.006235861828822576	0.005792238700346523	0.0013660682970362472	0.006354152246226303	0.006519428555369554	0.009132938679951255	0.011237022219150303
T[T>A]C	0.010286297351807937	0.001577432175479098	0.00355231287908004	0.0020217141110112588	0.0	0.0011144512279854149	0.003582258772191887	0.0033332563745645132	0.003397593406267394
T[T>A]G	0.006454727052729291	0.0009635574244315382	0.004156912545232523	0.002484370037136207	0.0002714570562823623	0.002091556029639471	0.002397974277737171	0.0025224490233886217	0.0016623866098555349
T[T>A]T	0.02232147753411595	0.004016406663194366	0.00762175444639461	0.008286998731884796	5e-324	0.004289562294507695	0.013443337940938252	0.013113670603058028	0.013277668104256513
T[T>C]A	0.030308980399360107	0.019219681786565856	0.012772588421966513	0.012349648602616916	0.0	0.011838879097147459	0.022261607102010778	0.020164070426556605	0.020366244924284727
T[T>C]C	0.007143757341456132	0.013948933840267482	0.003733775146544284	0.0013188102758996975	4.502094444507679e-17	0.0038379631311625754	0.00247186488137158	0.007225171087731283	0.008261128692153745
T[T>C]G	0.006294568481458982	0.019455948735935397	0.006056534384148559	0.002610958923839308	0.000783770913665079	0.005083635710331085	0.004548020861122493	0.008764817165126266	0.010267118798519952
T[T>C]T	0.01393219574421771	0.014943606473097781	0.010893696528118056	0.00687524343460707	7.808460201634235e-17	0.008700141149213197	0.006510320034056582	0.014473646180582089	0.014326413326260508
T[T>G]A	0.003979455134252701	0.000282444655221606	0.0018562430599040243	0.002575230955447047	7.975448284075972e-05	0.002086339741986487	0.0031516887118005037	0.0026879325825932207	0.0029930265068704447
T[T>G]C	0.0018964967384190116	0.00041168891228433185	0.001283776963081643	0.0018614742985028354	3.4911377038079406e-05	0.0006081775290201638	0.0022190730097849855	0.001604316974924602	0.001148261196635546
T[T>G]G	0.0026706728003408012	0.001225742997904072	0.002436878910264913	0.0016536031698011766	2.0714020574978013e-05	0.0021310853463406545	0.0010350937230634296	0.002126797834276583	0.0020168948117947737
T[T>G]T	0.011378644065214476	0.0024413357501974625	0.006546067802614378	0.008194998406370413	5e-324	0.0055938148453758335	0.011755551893074458	0.006035942412481466	0.004873251933269569
