MutationsType	SBS96A	SBS96B	SBS96C	SBS96D	SBS96E	SBS96F	SBS96G	SBS96H	SBS96I
A[C>A]A	0.02587233	0.00483088	0.00207283	0.00696382	0.14545106	0.04290879	0.05414071	0.05955278	0.00977911
A[C>A]C	0.01219168	0.00204884	0.00296095	0.00389832	0.00700065	0.00337415	0.00405330	0.00592227	0.00368319
A[C>A]G	0.00698323	0.00063455	0.00058468	0.00122330	0.00549708	0.00206482	0.00148090	0.00467323	0.00140265
A[C>A]T	0.01393268	0.00821135	0.00833910	0.00744281	0.02687473	0.01448057	0.01838782	0.02181575	0.01048729
A[C>G]A	0.00978989	0.00147120	0.00313961	0.00288916	0.00103045	0.00447065	0.00079368	0.00329643	0.00295826
A[C>G]C	0.00708852	0.00069218	0.00202192	0.00276917	0.00014693	0.00252267	0.00488888	0.00235846	0.00181688
A[C>G]G	0.01106863	0.00046831	0.00027156	0.00166700	0.00015377	0.00465124	0.00297211	0.00186097	0.00196898
A[C>G]T	0.01434092	0.00385203	0.00369628	0.00629118	0.00084018	0.00282850	0.00323469	0.00353470	0.00538662
A[C>T]A	0.01774856	0.06694163	0.06456574	0.00880592	0.00331379	0.07213329	0.05248329	0.02389883	0.07039360
A[C>T]C	0.00715025	0.01952501	0.01807144	0.00945332	0.00425341	0.03696783	0.00460494	0.00817767	0.02091257
A[C>T]G	0.01058405	0.02813398	0.03202223	0.01388313	0.00341902	0.01010003	0.06186101	0.00951081	0.02731978
A[C>T]T	0.01524343	0.02801277	0.02985188	0.00938373	0.00153133	0.01248018	0.00919968	0.00714401	0.02829209
A[T>A]A	0.00747314	0.00058837	0.00142723	0.00375978	0.00134665	0.00200769	0.00471334	0.00519343	0.00150072
A[T>A]C	0.00455153	0.00095042	0.00153267	0.00212567	0.00000000	0.00134442	0.00189797	0.00224003	0.00148192
A[T>A]G	0.00471852	0.00037921	0.00116757	0.00084999	0.00174746	0.00366019	0.00209239	0.00056921	0.00125872
A[T>A]T	0.00940136	0.01488994	0.01854430	0.02255994	0.00056045	0.00189554	0.00287730	0.00376612	0.01238545
A[T>C]A	0.04777314	0.01833854	0.02241560	0.06112032	0.00079106	0.00992141	0.00460465	0.00706353	0.01841630
A[T>C]C	0.00636464	0.01037260	0.00913584	0.02669551	0.00000000	0.00000000	0.00183373	0.00000020	0.00583381
A[T>C]G	0.01589377	0.03080098	0.03069054	0.07029093	0.00000000	0.00055342	0.00358715	0.00342169	0.01778842
A[T>C]T	0.01762137	0.00741318	0.00677872	0.01791255	0.00076969	0.01356896	0.00606793	0.00480443	0.00824662
A[T>G]A	0.00248485	0.00023390	0.00022260	0.00034267	0.00016488	0.00033866	0.00019722	0.00604289	0.00045612
A[T>G]C	0.00185179	0.00049574	0.00034744	0.00199304	0.00000000	0.00019590	0.00123390	0.00128408	0.00058753
A[T>G]G	0.00565944	0.00060036	0.00072871	0.00212266	0.00000000	0.00071892	0.00246442	0.00069718	0.00142773
A[T>G]T	0.00574893	0.00171145	0.00166966	0.00421234	0.00183975	0.00388387	0.00061427	0.00177392	0.00219153
C[C>A]A	0.01540416	0.02135173	0.01992140	0.01084929	0.03762827	0.01803756	0.02730800	0.04504704	0.02132137
C[C>A]C	0.00999739	0.02894590	0.03159703	0.01852981	0.00037692	0.00101071	0.00657475	0.00252454	0.02514859
C[C>A]G	0.00677061	0.00483914	0.00403266	0.00748748	0.00317341	0.00561248	0.00165008	0.00469408	0.00485420
C[C>A]T	0.01268051	0.10335799	0.08660328	0.03192279	0.01290748	0.00464230	0.01325001	0.00892271	0.08611568
C[C>G]A	0.01063341	0.00015557	0.00021733	0.00135765	0.00001250	0.00344164	0.00162208	0.00319641	0.00177084
C[C>G]C	0.00274793	0.00017648	0.00008207	0.00000000	0.00000000	0.00503477	0.00021660	0.00273496	0.00075425
C[C>G]G	0.00433681	0.00027459	0.00008101	0.00111316	0.00003490	0.00070003	0.00316378	0.00252064	0.00090363
C[C>G]T	0.00943774	0.00025527	0.00043340	0.00100153	0.00010130	0.00203203	0.00265267	0.00204894	0.00165590
C[C>T]A	0.01715374	0.00914107	0.01163212	0.00431825	0.00932766	0.05367330	0.02240949	0.03225239	0.01578614
C[C>T]C	0.00697453	0.00986897	0.01522679	0.00708277	0.00065795	0.03293055	0.01522424	0.01084863	0.01391902
C[C>T]G	0.00771603	0.01612955	0.02369837	0.00794658	0.00000000	0.00551614	0.04712474	0.01023872	0.01714971
C[C>T]T	0.01603054	0.00979646	0.01515048	0.00780985	0.00197861	0.03100148	0.01323556	0.00753641	0.01488899
C[T>A]A	0.00913161	0.00029790	0.00069386	0.00169661	0.00040452	0.00286452	0.00243313	0.00201922	0.00174736
C[T>A]C	0.00694047	0.00157468	0.00215758	0.00352633	0.00002025	0.00233825	0.00041461	0.00179527	0.00244232
C[T>A]G	0.00911025	0.00062484	0.00128389	0.00283380	0.00001853	0.00114751	0.00145315	0.00213832	0.00191069
C[T>A]T	0.00670277	0.00115403	0.00076015	0.00241806	0.00000000	0.00387609	0.00298398	0.00390598	0.00212452
C[T>C]A	0.01473358	0.01885118	0.01681389	0.03808029	0.00022093	0.00264432	0.00146967	0.00387046	0.01293413
C[T>C]C	0.00669564	0.01404036	0.00931579	0.02860083	0.00000000	0.00005630	0.00035840	0.00071823	0.00776945
C[T>C]G	0.00421689	0.04060719	0.02926052	0.07074701	0.00118778	0.00009556	0.00000000	0.00233208	0.02016685
C[T>C]T	0.01332674	0.01165780	0.01195475	0.02670165	0.00000000	0.00046046	0.00503758	0.00340577	0.00872746
C[T>G]A	0.00143586	0.00081726	0.00084603	0.00073790	0.00000000	0.00102370	0.00222020	0.00223712	0.00109812
C[T>G]C	0.00269670	0.00290084	0.00377092	0.00567858	0.00000000	0.00141557	0.00017314	0.00037501	0.00253761
C[T>G]G	0.00673995	0.00340763	0.00375808	0.00930186	0.00000000	0.00206896	0.00099940	0.00198360	0.00309429
C[T>G]T	0.00352656	0.00579483	0.00613563	0.00884984	0.00000000	0.00193786	0.00252383	0.00284189	0.00476540
G[C>A]A	0.03479159	0.01120559	0.00703893	0.00294838	0.39324656	0.06192359	0.10074365	0.17148227	0.01996681
G[C>A]C	0.01063340	0.00390905	0.00441649	0.00662725	0.01603511	0.00446457	0.01010104	0.01215966	0.00535961
G[C>A]G	0.00468355	0.00200121	0.00063675	0.00108398	0.01124895	0.00407034	0.00338122	0.00619361	0.00258255
G[C>A]T	0.02271908	0.01680084	0.01409263	0.00771546	0.10202380	0.03463306	0.05941237	0.06174177	0.02086856
G[C>G]A	0.00810550	0.00051496	0.00076413	0.00203472	0.00303690	0.00581250	0.00079523	0.00318930	0.00164064
G[C>G]C	0.00478977	0.00152286	0.00156014	0.00375555	0.00068182	0.00179346	0.00331430	0.00165914	0.00180401
G[C>G]G	0.00264192	0.00015937	0.00000781	0.00041213	0.00000005	0.00057029	0.00147751	0.00109515	0.00046370
G[C>G]T	0.01056079	0.00125024	0.00167441	0.00433946	0.00000000	0.00514033	0.00192810	0.00366187	0.00256335
G[C>T]A	0.01667807	0.07122702	0.07907044	0.00770987	0.00000000	0.03204516	0.02472834	0.00465942	0.07191742
G[C>T]C	0.00555253	0.05536759	0.04898493	0.01961394	0.00068193	0.01613647	0.00156059	0.00185939	0.04875915
G[C>T]G	0.00697639	0.03630047	0.04193084	0.02911469	0.00491212	0.00210688	0.03437759	0.01151351	0.03002271
G[C>T]T	0.01534316	0.05189009	0.05546505	0.01279239	0.00000000	0.01683469	0.00501212	0.00201520	0.05074720
G[T>A]A	0.00552892	0.00011050	0.00041173	0.00140543	0.00000000	0.00060498	0.00028975	0.00064918	0.00088558
G[T>A]C	0.00437612	0.00071663	0.00073768	0.00259580	0.00039466	0.00129926	0.00095410	0.00170844	0.00112893
G[T>A]G	0.00586119	0.00047342	0.00077639	0.00115876	0.00006503	0.00285649	0.00039299	0.00067532	0.00127112
G[T>A]T	0.00588910	0.00180363	0.00225868	0.00326234	0.00000000	0.00212353	0.00134448	0.00230689	0.00214891
G[T>C]A	0.00732178	0.01355143	0.01127626	0.03417319	0.00000000	0.00149445	0.00159372	0.00000000	0.00778513
G[T>C]C	0.00246740	0.00816852	0.00551045	0.01584083	0.00082526	0.00026537	0.00017915	0.00019042	0.00475525
G[T>C]G	0.00424773	0.01787330	0.01793506	0.02559457	0.00000000	0.00020355	0.00413662	0.00004879	0.01213001
G[T>C]T	0.00721500	0.00649490	0.00567819	0.01815271	0.00000000	0.00045477	0.00305013	0.00143805	0.00413679
G[T>G]A	0.00143333	0.00016856	0.00005691	0.00020352	0.00063721	0.00009298	0.00004180	0.00165136	0.00028719
G[T>G]C	0.00096877	0.00034342	0.00004601	0.00027697	0.00011526	0.00223496	0.00012337	0.00411773	0.00047730
G[T>G]G	0.00591981	0.00015502	0.00009918	0.00119717	0.00000000	0.00175097	0.00171675	0.00111873	0.00103995
G[T>G]T	0.00374666	0.00089570	0.00095749	0.00320398	0.00000000	0.00291398	0.00229885	0.00096672	0.00120058
T[C>A]A	0.02847126	0.00472961	0.00488760	0.00447521	0.05216519	0.04540681	0.04767605	0.07068617	0.01057930
T[C>A]C	0.02138626	0.00472380	0.00486868	0.00520997	0.01264125	0.01485164	0.02515606	0.02997359	0.00749996
T[C>A]G	0.00458625	0.00152877	0.00088012	0.00154697	0.00663895	0.00119322	0.00870213	0.00588829	0.00187472
T[C>A]T	0.03547275	0.02815239	0.02010449	0.01573433	0.09338978	0.08501383	0.11800155	0.13343308	0.03604642
T[C>G]A	0.01284764	0.00053993	0.00030273	0.00196345	0.00000000	0.00871700	0.00193440	0.00258562	0.00255836
T[C>G]C	0.00567573	0.00042006	0.00044923	0.00188578	0.00020451	0.00382816	0.00057619	0.00392380	0.00127188
T[C>G]G	0.00408575	0.00004385	0.00001809	0.00056563	0.00000000	0.00154325	0.00236714	0.00196690	0.00070136
T[C>G]T	0.01603190	0.00131163	0.00222243	0.00313451	0.00132708	0.00873969	0.00378737	0.00818359	0.00368981
T[C>T]A	0.01797896	0.00798974	0.01208851	0.00366370	0.00497747	0.05694278	0.02386758	0.01678045	0.01614613
T[C>T]C	0.01253015	0.00719528	0.01152519	0.00424091	0.00500323	0.03259023	0.00878147	0.00953857	0.01242567
T[C>T]G	0.00845179	0.00856730	0.01107320	0.00292296	0.00127929	0.00575834	0.02334899	0.01217539	0.00980101
T[C>T]T	0.01581752	0.00739210	0.01271615	0.00606972	0.00266264	0.04036479	0.00584061	0.00347460	0.01308872
T[T>A]A	0.01663601	0.00270118	0.00270388	0.00914564	0.00271434	0.00496818	0.00472789	0.00645836	0.00423924
T[T>A]C	0.01317395	0.00026165	0.00057698	0.00193608	0.00033757	0.00355771	0.00157718	0.00188845	0.00222014
T[T>A]G	0.00923226	0.00036032	0.00081408	0.00113397	0.00205907	0.00516102	0.00380100	0.00191352	0.00190066
T[T>A]T	0.02095764	0.00278383	0.00278053	0.00696735	0.00023008	0.00888133	0.00501039	0.01032998	0.00568575
T[T>C]A	0.02648512	0.01642891	0.01031115	0.03718757	0.00077327	0.01174080	0.00280380	0.01278102	0.01394224
T[T>C]C	0.00519999	0.01189606	0.00840219	0.03074027	0.00018946	0.00113079	0.00228160	0.00000000	0.00619884
T[T>C]G	0.00598015	0.01749852	0.01731770	0.03173125	0.00129843	0.00004729	0.00197869	0.00355920	0.01087431
T[T>C]T	0.01352246	0.01152251	0.01190255	0.02871167	0.00004189	0.01164321	0.00890553	0.00478550	0.00931194
T[T>G]A	0.00367510	0.00004094	0.00019297	0.00003898	0.00072283	0.00258932	0.00231572	0.00400111	0.00061619
T[T>G]C	0.00249555	0.00049405	0.00072010	0.00182663	0.00000000	0.00108581	0.00214156	0.00249270	0.00065876
T[T>G]G	0.00358060	0.00091881	0.00156768	0.00266473	0.00026106	0.00261235	0.00213541	0.00153848	0.00148134
T[T>G]T	0.01059659	0.00197576	0.00250107	0.00404144	0.00239459	0.00917200	0.00454358	0.00674864	0.00368233
