MutationsType	SBS96A	SBS96B	SBS96C	SBS96D	SBS96E	SBS96F	SBS96G	SBS96H	SBS96I
A[C>A]A	0.02219424	0.00000000	0.05227786	0.03624198	0.11553498	0.07483040	0.15454582	0.00000000	0.04909289
A[C>A]C	0.00873366	0.00281028	0.00462259	0.00276859	0.00724800	0.00434263	0.01293128	0.00000000	0.00309847
A[C>A]G	0.00561327	0.00043347	0.00241921	0.00099711	0.00583904	0.00062548	0.00847517	0.00475251	0.00240706
A[C>A]T	0.01027258	0.00781613	0.02499650	0.01365282	0.02757557	0.00640061	0.01657552	0.00001791	0.03108725
A[C>G]A	0.00835040	0.00228130	0.00159311	0.00318361	0.00079585	0.00237037	0.01250063	0.00018867	0.00020851
A[C>G]C	0.00494655	0.00042599	0.00148306	0.00205935	0.00009601	0.00366411	0.00813581	0.00027414	0.00296634
A[C>G]G	0.01400646	0.00026780	0.00076790	0.00186597	0.00016551	0.00048239	0.00421446	0.00000000	0.00283232
A[C>G]T	0.01704225	0.00494873	0.00213725	0.00043192	0.00150249	0.00517645	0.00503937	0.00000000	0.00145343
A[C>T]A	0.02308124	0.08678474	0.03475741	0.08232810	0.00000000	0.01053430	0.01365074	0.00323251	0.05052245
A[C>T]C	0.00749855	0.02129542	0.00441871	0.04203483	0.00000000	0.00893515	0.02183226	0.02407182	0.00015131
A[C>T]G	0.01417957	0.02977552	0.01276979	0.01473005	0.00544213	0.01367557	0.00865492	0.03000408	0.05374902
A[C>T]T	0.01331003	0.03935796	0.00384184	0.01408889	0.00030712	0.00275347	0.02598464	0.01508891	0.00307534
A[T>A]A	0.00565235	0.00039750	0.00329481	0.00130478	0.00139957	0.00439893	0.00830332	0.00012319	0.00381496
A[T>A]C	0.00278143	0.00080179	0.00117313	0.00108275	0.00000000	0.00204614	0.00600999	0.00000000	0.00165604
A[T>A]G	0.00308751	0.00026843	0.00037595	0.00367082	0.00182166	0.00072201	0.00200001	0.00016772	0.00272750
A[T>A]T	0.01261083	0.01323044	0.00457017	0.00291635	0.00105458	0.02105736	0.00360824	0.00015203	0.00063911
A[T>C]A	0.05425293	0.01113243	0.00508255	0.00675272	0.00329222	0.05824386	0.00668907	0.00000000	0.00108130
A[T>C]C	0.00682001	0.00517223	0.00099718	0.00000000	0.00024951	0.02641449	0.00000000	0.00004431	0.00054918
A[T>C]G	0.01805676	0.01749802	0.00667486	0.00245989	0.00128089	0.07063629	0.00169656	0.00336276	0.00080704
A[T>C]T	0.01735901	0.00373581	0.00279534	0.01274657	0.00025221	0.01749418	0.00012548	0.01688205	0.00277715
A[T>G]A	0.00190342	0.00015235	0.00445193	0.00000000	0.00000000	0.00000000	0.01033451	0.00777342	0.00000000
A[T>G]C	0.00147542	0.00013456	0.00041740	0.00000000	0.00001189	0.00083761	0.00113134	0.00900111	0.00063989
A[T>G]G	0.00709073	0.00041515	0.00027385	0.00000000	0.00000000	0.00153027	0.00023603	0.00096152	0.00126147
A[T>G]T	0.00585387	0.00126437	0.00099604	0.00415600	0.00104419	0.00457404	0.00700254	0.00000000	0.00024260
C[C>A]A	0.01767003	0.02184363	0.04790990	0.01884377	0.04180066	0.01219066	0.00198309	0.06540662	0.02524013
C[C>A]C	0.00973702	0.03760928	0.00128625	0.00142768	0.00129930	0.01164836	0.00978101	0.01915937	0.00000000
C[C>A]G	0.00543472	0.00312915	0.00421511	0.00583834	0.00235690	0.00846976	0.00043441	0.00525810	0.00245315
C[C>A]T	0.01619126	0.13385385	0.01619355	0.00717603	0.01871506	0.01187382	0.00051777	0.00000000	0.01138918
C[C>G]A	0.00952647	0.00012736	0.00211706	0.00247921	0.00001784	0.00069081	0.00144919	0.00005523	0.00240607
C[C>G]C	0.00211300	0.00013867	0.00162204	0.00459733	0.00000000	0.00000000	0.00387032	0.00000000	0.00052741
C[C>G]G	0.00479882	0.00009968	0.00222896	0.00000000	0.00012825	0.00137382	0.00403393	0.00005876	0.00227364
C[C>G]T	0.01016395	0.00045729	0.00129918	0.00084187	0.00042944	0.00062610	0.00065403	0.00073742	0.00120262
C[C>T]A	0.01065952	0.00805470	0.02238025	0.05262269	0.00041717	0.00992816	0.07756051	0.03027702	0.01415997
C[C>T]C	0.00584518	0.01214684	0.00851388	0.03596786	0.00000000	0.00600340	0.01498474	0.03682555	0.00791181
C[C>T]G	0.00605214	0.01567610	0.00797936	0.00564826	0.00000000	0.00926693	0.03738820	0.02934390	0.02985311
C[C>T]T	0.01509873	0.01096120	0.00708477	0.03408171	0.00000000	0.00747579	0.00621090	0.01941491	0.00756593
C[T>A]A	0.00958240	0.00018765	0.00162538	0.00235199	0.00098121	0.00082073	0.00053805	0.00082293	0.00413412
C[T>A]C	0.00596360	0.00192778	0.00033024	0.00154881	0.00000113	0.00240672	0.00205572	0.00709450	0.00000000
C[T>A]G	0.00977496	0.00051375	0.00185643	0.00000000	0.00030758	0.00238922	0.00017247	0.00095336	0.00120146
C[T>A]T	0.00705008	0.00082391	0.00380611	0.00333414	0.00000901	0.00208675	0.00163899	0.00000000	0.00448012
C[T>C]A	0.01375660	0.00982355	0.00682199	0.00418310	0.00154374	0.03840098	0.00253886	0.00000000	0.00161409
C[T>C]C	0.00667883	0.00702147	0.00122767	0.00008085	0.00008286	0.02847725	0.00264859	0.00000000	0.00015432
C[T>C]G	0.00310620	0.02293456	0.00438408	0.00017635	0.00262604	0.06194587	0.00240342	0.00000000	0.00164330
C[T>C]T	0.01661817	0.00712732	0.00431397	0.00002304	0.00058111	0.02404756	0.00038564	0.00946215	0.00239153
C[T>G]A	0.00114341	0.00102288	0.00205514	0.00090530	0.00000000	0.00031934	0.00128980	0.00941979	0.00044034
C[T>G]C	0.00294179	0.00252350	0.00012858	0.00208439	0.00000000	0.00554061	0.00238836	0.00020210	0.00000000
C[T>G]G	0.00534860	0.00275196	0.00126873	0.00170013	0.00000000	0.00615615	0.00658835	0.00000000	0.00082800
C[T>G]T	0.00235825	0.00494711	0.00310790	0.00349061	0.00000000	0.00702842	0.00306690	0.00000000	0.00107343
G[C>A]A	0.03128167	0.00000000	0.19679855	0.05745219	0.44702433	0.02101218	0.01110309	0.27832595	0.05551373
G[C>A]C	0.00672923	0.00389568	0.01195909	0.00380223	0.01854720	0.00518054	0.00352975	0.01930457	0.00633483
G[C>A]G	0.00433750	0.00097431	0.00645601	0.00267285	0.01284760	0.00290874	0.00264599	0.00000000	0.00828637
G[C>A]T	0.01705861	0.01277133	0.05441083	0.03092931	0.09162452	0.00209535	0.14048363	0.05418399	0.06894665
G[C>G]A	0.00672782	0.00018566	0.00284460	0.00463528	0.00214543	0.00288224	0.00515608	0.00000000	0.00124840
G[C>G]C	0.00461038	0.00083059	0.00179312	0.00087331	0.00141899	0.00381322	0.00032420	0.00000000	0.00381170
G[C>G]G	0.00271222	0.00002741	0.00092152	0.00000000	0.00001058	0.00037303	0.00016747	0.00044650	0.00178272
G[C>G]T	0.01137569	0.00095734	0.00104826	0.00362092	0.00000000	0.00218675	0.00585966	0.02188712	0.00019494
G[C>T]A	0.01691568	0.10371274	0.00530286	0.03848433	0.00000000	0.00282313	0.02924669	0.02300420	0.00749616
G[C>T]C	0.00634970	0.07178329	0.00485684	0.02550778	0.00000610	0.01198126	0.00143095	0.00277067	0.00210604
G[C>T]G	0.00940468	0.03953386	0.01370330	0.00427082	0.00780033	0.02499509	0.00510337	0.04409387	0.01776301
G[C>T]T	0.01591142	0.07488103	0.00046888	0.02265105	0.00000000	0.00230621	0.01106875	0.00674433	0.00000000
G[T>A]A	0.00486260	0.00011981	0.00000000	0.00001614	0.00000000	0.00073278	0.00026230	0.00024783	0.00000000
G[T>A]C	0.00297201	0.00043617	0.00115412	0.00090989	0.00097026	0.00211473	0.00096124	0.00000000	0.00115675
G[T>A]G	0.00625102	0.00040171	0.00000000	0.00284820	0.00000317	0.00103984	0.00001005	0.00044227	0.00000000
G[T>A]T	0.00718221	0.00215484	0.00139367	0.00054367	0.00000000	0.00172047	0.00169729	0.01129400	0.00056709
G[T>C]A	0.00712806	0.00716575	0.00000000	0.00249501	0.00000000	0.03074725	0.00130609	0.00039182	0.00000000
G[T>C]C	0.00308284	0.00363750	0.00059012	0.00075334	0.00128305	0.01466836	0.00038552	0.00000000	0.00009551
G[T>C]G	0.00576851	0.01398750	0.00111821	0.00059506	0.00028844	0.02361279	0.00655458	0.00091826	0.00273249
G[T>C]T	0.00877140	0.00366333	0.00176577	0.00061634	0.00050506	0.01772649	0.00010217	0.00000000	0.00386123
G[T>G]A	0.00078373	0.00011671	0.00163556	0.00000000	0.00066701	0.00002412	0.00000000	0.00007173	0.00120736
G[T>G]C	0.00070124	0.00009545	0.00337158	0.00205102	0.00000000	0.00062382	0.00023780	0.00006144	0.00172705
G[T>G]G	0.00663334	0.00000219	0.00082701	0.00098749	0.00000000	0.00038961	0.00010198	0.00018529	0.00183439
G[T>G]T	0.00431471	0.00050071	0.00083954	0.00314674	0.00000000	0.00306371	0.00318382	0.00016801	0.00112677
T[C>A]A	0.02777054	0.00042624	0.07487754	0.04077271	0.04234277	0.02299034	0.05397784	0.00261750	0.06665953
T[C>A]C	0.02334826	0.00375670	0.02451794	0.01016765	0.01068176	0.00398411	0.04184946	0.01596081	0.02620328
T[C>A]G	0.00519145	0.00091900	0.00503074	0.00018248	0.00562194	0.00523360	0.01108917	0.00000000	0.00883160
T[C>A]T	0.03578813	0.01583239	0.15067854	0.08723726	0.09230435	0.01435213	0.02119738	0.01438526	0.27966804
T[C>G]A	0.01455918	0.00049546	0.00130390	0.00736733	0.00000000	0.00056782	0.00315177	0.00000000	0.00104603
T[C>G]C	0.00425468	0.00049367	0.00153851	0.00299802	0.00000843	0.00022810	0.01068058	0.00690638	0.00000000
T[C>G]G	0.00304417	0.00000000	0.00166041	0.00085461	0.00000000	0.00007203	0.00398009	0.00000000	0.00423537
T[C>G]T	0.01687021	0.00157545	0.00666108	0.00617386	0.00115576	0.00125283	0.00576220	0.02987664	0.00058058
T[C>T]A	0.01638961	0.00717266	0.01597947	0.06053498	0.00000000	0.00788357	0.01426892	0.04064811	0.01516509
T[C>T]C	0.00890705	0.01090446	0.00518586	0.03318898	0.00027278	0.00420260	0.03619299	0.01263965	0.00266940
T[C>T]G	0.01231644	0.01155133	0.00950781	0.00461136	0.00163239	0.00375495	0.01274639	0.01846513	0.01378659
T[C>T]T	0.01724636	0.00906409	0.00502645	0.04354217	0.00000000	0.00879981	0.00308370	0.00000000	0.00840814
T[T>A]A	0.01751613	0.00148772	0.00461901	0.00276255	0.00328582	0.00990210	0.00872064	0.00000000	0.00495658
T[T>A]C	0.01214198	0.00007084	0.00018013	0.00259272	0.00104316	0.00096505	0.00246863	0.00009820	0.00182478
T[T>A]G	0.00748903	0.00008829	0.00077554	0.00376014	0.00167922	0.00055201	0.00503313	0.00037221	0.00337569
T[T>A]T	0.02518397	0.00097577	0.01032913	0.00706976	0.00070228	0.00704253	0.00059515	0.00488603	0.00783659
T[T>C]A	0.03291132	0.00869643	0.01485228	0.00973983	0.00255741	0.03447046	0.00061476	0.00050320	0.00255378
T[T>C]C	0.00596655	0.00604091	0.00009939	0.00204258	0.00034055	0.02935019	0.00162412	0.00000000	0.00061265
T[T>C]G	0.00480648	0.01411662	0.00535308	0.00091152	0.00226727	0.02583654	0.00163128	0.00000000	0.00199048
T[T>C]T	0.01256709	0.00597197	0.00654114	0.01328657	0.00000000	0.02979336	0.00129672	0.00000000	0.01169697
T[T>G]A	0.00283541	0.00000000	0.00258705	0.00176472	0.00030160	0.00051670	0.00028176	0.01373365	0.00212462
T[T>G]C	0.00181943	0.00030668	0.00317334	0.00071121	0.00000000	0.00174623	0.00122297	0.00000000	0.00497128
T[T>G]G	0.00269734	0.00090337	0.00117761	0.00260895	0.00004127	0.00217892	0.00147605	0.00000000	0.00178098
T[T>G]T	0.01272603	0.00121140	0.00413964	0.00637842	0.00240845	0.00438904	0.00187086	0.02377501	0.00144438
