MutationsType	SBS96A	SBS96B	SBS96C	SBS96D	SBS96E	SBS96F	SBS96G	SBS96H	SBS96I
A[C>A]A	1.17E-03	1.26E-20	6.42E-03	2.59E-03	1.93E-02	6.02E-02	3.99E-02	4.31E-09	1.30E-02
A[C>A]C	8.10E-05	1.83E-04	4.49E-04	3.20E-04	8.26E-04	1.15E-03	2.01E-03	1.48E-19	8.87E-04
A[C>A]G	7.70E-05	1.09E-04	4.29E-04	1.76E-04	3.69E-04	1.58E-04	1.95E-03	9.60E-04	1.35E-03
A[C>A]T	4.40E-04	5.81E-04	1.51E-03	1.46E-03	1.79E-03	1.18E-03	6.69E-03	1.79E-05	6.35E-03
A[C>G]A	8.44E-05	2.81E-04	5.27E-04	8.65E-05	2.18E-04	8.06E-04	2.89E-03	1.89E-04	2.09E-04
A[C>G]C	7.40E-05	1.59E-04	4.35E-04	2.41E-04	5.51E-05	4.01E-04	1.78E-03	1.83E-04	7.13E-04
A[C>G]G	9.78E-05	1.10E-04	2.23E-04	1.49E-04	6.47E-05	2.85E-04	1.07E-03	0.00E+00	6.13E-04
A[C>G]T	5.93E-05	1.40E-04	2.86E-04	6.33E-05	2.67E-04	7.95E-04	1.14E-03	0.00E+00	6.37E-04
A[C>T]A	4.52E-04	7.60E-03	2.28E-03	2.01E-03	0.00E+00	7.33E-03	9.32E-03	1.83E-03	9.87E-03
A[C>T]C	3.38E-04	1.38E-03	1.69E-03	1.08E-03	0.00E+00	1.77E-03	8.53E-03	4.72E-03	1.22E-04
A[C>T]G	1.67E-04	1.49E-03	7.57E-03	4.46E-04	7.26E-04	1.08E-02	7.65E-03	9.20E-03	1.06E-02
A[C>T]T	2.43E-04	3.36E-03	1.26E-03	6.14E-04	1.38E-04	1.44E-03	6.18E-03	3.13E-03	1.06E-03
A[T>A]A	6.45E-05	1.65E-04	3.07E-04	1.19E-04	2.58E-04	8.67E-04	1.78E-03	8.64E-05	6.33E-04
A[T>A]C	5.83E-05	2.26E-04	3.11E-04	1.32E-04	0.00E+00	4.55E-04	1.55E-03	0.00E+00	4.48E-04
A[T>A]G	1.20E-05	7.32E-05	2.63E-04	3.86E-05	1.15E-05	2.21E-04	2.97E-04	1.13E-04	3.57E-04
A[T>A]T	1.03E-04	1.76E-03	5.25E-04	1.98E-04	1.96E-04	2.96E-03	1.15E-03	1.52E-04	6.39E-04
A[T>C]A	4.13E-04	4.07E-03	6.75E-04	3.63E-04	5.68E-04	8.93E-03	1.99E-03	0.00E+00	1.08E-03
A[T>C]C	1.35E-04	1.94E-03	1.86E-04	0.00E+00	8.35E-05	4.54E-03	0.00E+00	4.43E-05	2.73E-04
A[T>C]G	3.31E-04	5.96E-03	9.10E-04	3.80E-04	2.28E-04	1.16E-02	1.70E-03	8.04E-04	8.07E-04
A[T>C]T	1.10E-04	1.30E-03	4.62E-04	3.02E-04	9.76E-05	2.83E-03	1.25E-04	2.12E-03	1.45E-03
A[T>G]A	1.12E-04	7.11E-05	8.11E-04	0.00E+00	0.00E+00	2.44E-66	2.73E-03	1.67E-03	0.00E+00
A[T>G]C	4.18E-05	7.17E-05	2.13E-04	0.00E+00	1.19E-05	1.85E-04	6.75E-04	9.35E-04	2.09E-04
A[T>G]G	3.83E-05	1.13E-04	2.74E-04	0.00E+00	0.00E+00	3.89E-04	2.36E-04	5.35E-04	4.22E-04
A[T>G]T	7.69E-05	2.71E-04	3.34E-04	1.36E-04	1.97E-04	6.84E-04	1.78E-03	0.00E+00	2.43E-04
C[C>A]A	3.11E-04	7.96E-04	3.35E-03	7.58E-04	3.21E-03	2.98E-03	1.98E-03	6.84E-03	1.21E-02
C[C>A]C	2.48E-04	1.95E-03	8.47E-04	4.43E-04	2.40E-04	2.42E-03	4.98E-03	4.18E-03	1.32E-24
C[C>A]G	4.65E-05	7.15E-04	4.13E-04	7.94E-05	1.95E-04	1.44E-03	4.34E-04	5.47E-04	1.49E-03
C[C>A]T	2.07E-04	9.64E-03	1.99E-03	1.50E-03	1.12E-03	6.10E-03	5.18E-04	3.56E-158	7.00E-03
C[C>G]A	6.89E-05	7.84E-05	1.68E-04	2.82E-04	1.78E-05	1.83E-04	1.32E-03	5.52E-05	6.25E-04
C[C>G]C	5.94E-05	5.23E-05	2.50E-04	1.91E-04	0.00E+00	0.00E+00	1.17E-03	0.00E+00	5.27E-04
C[C>G]G	4.43E-05	3.94E-05	1.61E-04	0.00E+00	5.72E-05	3.44E-04	9.31E-04	5.88E-05	4.40E-04
C[C>G]T	5.18E-05	7.79E-05	1.28E-04	2.60E-05	7.39E-05	4.16E-04	2.85E-04	3.52E-04	4.02E-04
C[C>T]A	6.57E-04	1.51E-03	3.35E-03	1.60E-03	3.22E-04	1.54E-03	1.62E-02	6.34E-03	4.08E-03
C[C>T]C	4.33E-04	1.12E-03	1.51E-03	1.19E-03	0.00E+00	2.24E-03	7.72E-03	4.75E-03	2.65E-03
C[C>T]G	2.35E-04	9.74E-04	5.74E-03	3.57E-04	0.00E+00	7.68E-03	6.78E-03	9.32E-03	9.44E-03
C[C>T]T	9.37E-05	5.83E-04	9.48E-04	4.78E-04	0.00E+00	1.25E-03	2.84E-03	1.08E-03	2.15E-03
C[T>A]A	4.80E-05	4.21E-05	3.22E-04	3.11E-05	6.58E-05	5.68E-04	4.01E-04	4.25E-04	4.87E-04
C[T>A]C	5.22E-05	1.19E-04	2.20E-04	1.82E-04	1.13E-06	4.21E-04	1.09E-03	9.57E-04	0.00E+00
C[T>A]G	4.91E-05	1.50E-04	7.85E-05	0.00E+00	4.76E-05	3.26E-04	1.72E-04	2.75E-04	2.79E-04
C[T>A]T	9.54E-05	1.61E-04	3.30E-04	3.88E-04	9.01E-06	3.13E-04	1.51E-03	0.00E+00	1.20E-03
C[T>C]A	1.69E-04	3.15E-03	7.90E-04	2.86E-04	2.33E-04	5.83E-03	1.14E-03	0.00E+00	1.61E-03
C[T>C]C	1.25E-04	2.43E-03	2.28E-04	4.31E-05	4.67E-05	4.67E-03	8.17E-04	0.00E+00	1.54E-04
C[T>C]G	2.66E-04	6.67E-03	7.20E-04	8.39E-05	4.31E-04	1.25E-02	1.03E-03	0.00E+00	1.64E-03
C[T>C]T	1.24E-04	2.12E-03	2.67E-04	2.30E-05	1.18E-04	3.76E-03	3.86E-04	1.07E-03	8.67E-04
C[T>G]A	5.22E-05	1.26E-04	2.88E-04	9.27E-05	0.00E+00	2.11E-04	6.20E-04	9.83E-04	1.53E-04
C[T>G]C	2.60E-05	3.89E-04	6.93E-05	4.78E-05	0.00E+00	9.38E-04	6.59E-04	1.52E-04	0.00E+00
C[T>G]G	9.18E-05	6.87E-04	3.02E-04	2.03E-04	0.00E+00	1.35E-03	1.78E-03	0.00E+00	5.97E-04
C[T>G]T	1.40E-04	7.19E-04	3.83E-04	4.04E-04	0.00E+00	1.55E-03	1.84E-03	0.00E+00	9.30E-04
G[C>A]A	7.05E-04	1.50E-20	1.09E-02	6.49E-03	3.00E-02	1.76E-02	1.11E-02	2.80E-02	1.85E-02
G[C>A]C	2.33E-04	4.11E-04	8.23E-04	4.71E-04	1.32E-03	1.09E-03	2.83E-03	2.43E-03	1.69E-03
G[C>A]G	6.14E-05	1.76E-04	4.81E-04	2.19E-04	2.51E-04	4.80E-04	1.03E-03	0.00E+00	2.00E-03
G[C>A]T	8.38E-04	2.00E-03	4.50E-03	2.20E-03	1.11E-02	1.40E-03	2.12E-02	1.26E-02	2.57E-02
G[C>G]A	1.32E-04	9.52E-05	3.57E-04	4.99E-04	3.22E-04	8.39E-04	2.04E-03	0.00E+00	9.42E-04
G[C>G]C	3.36E-05	3.00E-04	1.43E-04	6.06E-05	7.57E-05	6.67E-04	2.29E-04	0.00E+00	8.63E-04
G[C>G]G	1.19E-05	1.43E-05	9.03E-05	0.00E+00	8.32E-06	1.18E-04	1.30E-04	1.66E-04	5.80E-04
G[C>G]T	1.24E-04	3.95E-04	6.17E-04	2.61E-04	0.00E+00	6.11E-04	3.89E-03	3.67E-03	1.11E-04
G[C>T]A	1.05E-03	1.12E-02	1.71E-03	3.04E-03	0.00E+00	1.94E-03	1.49E-02	5.30E-03	2.69E-03
G[C>T]C	1.10E-04	4.66E-03	6.31E-04	1.14E-03	6.10E-06	3.73E-03	9.77E-04	8.34E-04	1.41E-03
G[C>T]G	1.18E-04	6.50E-04	2.74E-03	4.08E-04	7.37E-04	3.96E-03	3.58E-03	4.01E-03	5.93E-03
G[C>T]T	5.78E-04	7.28E-03	3.13E-04	1.77E-03	0.00E+00	1.54E-03	8.07E-03	2.49E-03	0.00E+00
G[T>A]A	1.29E-05	4.68E-05	0.00E+00	1.08E-05	0.00E+00	1.77E-04	2.17E-04	8.05E-05	0.00E+00
G[T>A]C	6.93E-05	1.74E-04	1.57E-04	1.04E-04	5.33E-05	4.94E-04	9.04E-04	0.00E+00	5.15E-04
G[T>A]G	3.28E-05	7.60E-05	0.00E+00	6.11E-05	3.17E-06	1.85E-04	1.01E-05	1.09E-04	0.00E+00
G[T>A]T	6.59E-05	1.17E-04	4.05E-04	1.23E-04	0.00E+00	3.96E-04	1.14E-03	1.27E-03	4.07E-04
G[T>C]A	1.63E-04	2.56E-03	0.00E+00	2.72E-04	0.00E+00	5.36E-03	1.18E-03	1.72E-04	0.00E+00
G[T>C]C	7.10E-05	1.25E-03	1.22E-04	5.02E-05	1.54E-04	2.55E-03	2.85E-04	0.00E+00	9.55E-05
G[T>C]G	8.84E-05	2.12E-03	4.08E-04	1.03E-04	1.08E-04	3.32E-03	1.04E-03	6.26E-04	8.67E-04
G[T>C]T	1.06E-04	1.34E-03	2.37E-04	1.01E-04	8.58E-05	2.76E-03	1.02E-04	1.45E-11	9.22E-04
G[T>G]A	8.70E-06	2.95E-05	1.96E-04	0.00E+00	6.57E-05	1.66E-05	0.00E+00	7.17E-05	5.80E-04
G[T>G]C	1.88E-05	3.90E-05	3.99E-04	6.09E-05	0.00E+00	1.40E-04	2.38E-04	6.14E-05	8.41E-04
G[T>G]G	3.95E-05	2.19E-06	8.20E-05	2.23E-05	0.00E+00	1.79E-04	1.02E-04	8.29E-05	3.88E-04
G[T>G]T	4.60E-05	1.82E-04	2.15E-04	9.55E-05	0.00E+00	5.76E-04	1.01E-03	1.27E-04	2.72E-04
T[C>A]A	6.09E-04	2.34E-04	3.90E-03	1.31E-03	4.99E-03	1.18E-02	1.31E-02	2.62E-03	1.50E-02
T[C>A]C	3.17E-04	5.86E-04	1.47E-03	4.80E-04	1.30E-03	2.32E-03	5.82E-03	4.07E-03	5.90E-03
T[C>A]G	9.07E-05	1.33E-04	7.05E-04	8.35E-05	9.55E-04	3.19E-03	2.54E-03	6.90E-16	1.71E-03
T[C>A]T	1.04E-03	2.71E-03	7.82E-03	2.71E-03	4.83E-03	3.26E-03	1.43E-02	8.91E-03	5.66E-02
T[C>G]A	4.53E-05	1.62E-04	1.70E-04	1.37E-04	0.00E+00	1.74E-04	1.02E-03	0.00E+00	4.25E-04
T[C>G]C	1.12E-04	1.56E-04	5.65E-04	3.29E-04	8.43E-06	1.17E-04	2.45E-03	1.62E-03	5.16E-21
T[C>G]G	4.02E-05	0.00E+00	3.13E-04	1.05E-04	0.00E+00	4.93E-05	1.13E-03	0.00E+00	7.28E-04
T[C>G]T	2.23E-04	5.68E-04	1.04E-03	7.19E-04	2.45E-04	3.82E-04	3.82E-03	3.38E-03	2.15E-04
T[C>T]A	3.37E-04	1.04E-03	2.15E-03	1.15E-03	0.00E+00	4.37E-03	7.11E-03	2.70E-03	5.06E-03
T[C>T]C	3.79E-04	1.28E-03	1.32E-03	1.26E-03	2.06E-04	6.60E-04	6.52E-03	3.03E-03	9.21E-04
T[C>T]G	1.20E-04	8.99E-04	1.38E-03	2.70E-04	2.81E-04	2.54E-03	1.87E-03	1.89E-03	2.80E-03
T[C>T]T	2.03E-04	5.74E-04	3.82E-04	9.23E-04	0.00E+00	1.05E-03	1.20E-03	0.00E+00	2.14E-03
T[T>A]A	1.34E-04	5.38E-04	3.70E-04	1.73E-04	4.95E-04	1.03E-03	1.97E-03	0.00E+00	1.04E-03
T[T>A]C	2.70E-05	3.76E-05	1.67E-04	9.41E-05	4.80E-05	1.49E-04	3.84E-04	6.93E-05	3.16E-04
T[T>A]G	4.24E-05	3.76E-05	2.08E-04	2.25E-04	2.20E-04	1.67E-04	8.62E-04	1.58E-04	7.44E-04
T[T>A]T	1.46E-04	3.42E-04	6.76E-04	1.81E-04	9.62E-05	9.76E-04	4.77E-04	1.11E-03	1.43E-03
T[T>C]A	2.54E-04	2.83E-03	1.72E-03	3.34E-04	3.33E-04	5.92E-03	6.15E-04	5.03E-04	2.55E-03
T[T>C]C	1.33E-04	2.22E-03	9.94E-05	1.96E-04	1.16E-04	4.78E-03	6.04E-04	0.00E+00	3.52E-04
T[T>C]G	1.19E-04	2.62E-03	6.46E-04	1.39E-04	2.57E-04	4.96E-03	9.87E-04	0.00E+00	1.52E-03
T[T>C]T	1.74E-04	2.15E-03	6.87E-04	4.21E-04	0.00E+00	4.68E-03	9.12E-04	5.99E-25	2.97E-03
T[T>G]A	5.40E-05	0.00E+00	3.94E-04	8.71E-05	1.05E-04	5.17E-04	2.20E-04	1.63E-03	8.28E-04
T[T>G]C	5.77E-05	1.29E-04	1.94E-04	9.27E-05	0.00E+00	3.75E-04	7.74E-04	0.00E+00	9.96E-04
T[T>G]G	1.81E-05	2.11E-04	9.82E-05	6.38E-05	1.74E-05	4.15E-04	4.29E-04	0.00E+00	3.81E-04
T[T>G]T	7.81E-05	2.22E-04	6.24E-04	1.17E-04	3.46E-04	5.64E-04	1.12E-03	2.72E-03	4.97E-04
