MutationType	SBS96A	SBS96B	SBS96C	SBS96D	SBS96E	SBS96F	SBS96G	SBS96H	SBS96I	SBS96J	SBS96K
A[C>A]A	4.05E-03	1.18E-02	3.40E-06	2.21E-05	1.82E-02	7.91E-04	5.90E-06	6.94E-03	2.22E-02	7.15E-03	1.01E-03
A[C>A]C	9.25E-06	6.32E-03	8.03E-06	1.40E-02	8.65E-06	1.76E-02	1.48E-02	1.29E-02	5.94E-02	7.48E-06	1.31E-05
A[C>A]G	5.61E-03	1.83E-06	1.28E-06	1.37E-03	4.18E-06	1.27E-02	2.44E-06	1.06E-03	1.13E-03	5.25E-06	1.20E-03
A[C>A]T	1.35E-06	4.86E-03	4.97E-06	1.15E-03	1.34E-06	1.27E-03	5.59E-03	6.35E-04	1.13E-03	1.09E-03	1.49E-02
A[C>G]A	5.05E-06	4.03E-06	3.08E-06	9.45E-04	1.18E-02	1.50E-05	2.63E-06	1.33E-02	1.13E-03	2.01E-02	1.33E-02
A[C>G]C	5.72E-03	7.93E-06	8.22E-06	1.22E-03	4.10E-06	1.00E-02	3.23E-06	3.61E-02	1.13E-03	5.51E-04	1.14E-03
A[C>G]G	5.62E-03	6.14E-06	5.28E-03	1.02E-03	1.11E-02	8.91E-04	3.97E-03	6.09E-02	9.62E-04	1.09E-03	9.20E-04
A[C>G]T	6.13E-06	6.96E-03	3.78E-06	2.04E-02	8.11E-03	2.57E-02	5.50E-06	1.09E-04	1.76E-02	1.09E-03	1.02E-03
A[C>T]A	2.54E-02	1.60E-02	8.39E-06	9.35E-03	3.48E-02	6.37E-06	3.89E-02	5.48E-06	2.52E-02	1.65E-02	2.24E-02
A[C>T]C	5.64E-06	5.33E-03	5.95E-03	1.31E-02	7.59E-06	1.08E-02	9.49E-06	1.06E-03	8.35E-06	7.93E-04	1.32E-03
A[C>T]G	1.30E-05	3.69E-02	7.60E-02	1.16E-05	1.02E-05	1.23E-05	1.35E-05	1.11E-05	1.33E-05	1.20E-05	1.43E-05
A[C>T]T	5.91E-03	6.35E-06	5.23E-06	2.63E-02	1.55E-02	2.13E-05	5.10E-06	5.53E-06	7.66E-06	1.83E-02	2.23E-02
A[T>A]A	3.51E-06	1.12E-02	3.70E-06	6.35E-04	2.27E-06	1.27E-03	2.82E-06	1.33E-02	1.13E-03	1.09E-03	9.76E-03
A[T>A]C	1.78E-02	5.20E-06	1.48E-02	2.05E-05	1.82E-02	5.65E-04	6.40E-06	6.94E-04	1.87E-02	3.83E-06	9.46E-03
A[T>A]G	1.14E-02	8.83E-06	5.94E-03	8.42E-06	4.28E-06	4.35E-02	7.05E-06	1.06E-03	8.31E-06	2.06E-02	3.13E-02
A[T>A]T	2.23E-06	4.13E-06	4.37E-03	1.29E-03	2.35E-06	9.40E-03	2.89E-06	1.04E-02	6.31E-05	1.09E-03	1.16E-03
A[T>C]A	4.23E-06	8.10E-06	1.79E-02	1.57E-04	5.70E-06	9.52E-03	1.53E-02	5.17E-05	1.14E-02	3.60E-02	2.11E-02
A[T>C]C	4.25E-06	2.44E-06	3.61E-06	1.37E-03	1.78E-06	1.27E-03	3.45E-06	2.10E-02	1.13E-03	7.15E-03	8.69E-03
A[T>C]G	1.24E-05	1.11E-05	9.86E-06	1.04E-02	1.52E-02	8.92E-04	1.27E-05	1.12E-02	5.39E-02	1.35E-05	1.46E-03
A[T>C]T	1.01E-05	2.86E-02	6.99E-03	1.03E-02	9.70E-06	3.73E-04	1.12E-02	8.95E-06	9.87E-06	6.38E-06	6.42E-02
A[T>G]A	1.94E-06	7.01E-06	3.14E-06	1.37E-03	1.55E-02	9.40E-03	4.82E-06	1.28E-02	7.72E-06	1.09E-03	1.16E-03
A[T>G]C	7.13E-07	1.64E-06	8.08E-07	1.37E-03	1.33E-06	1.27E-03	1.21E-06	1.06E-03	1.13E-03	1.09E-03	1.45E-03
A[T>G]G	7.13E-07	1.64E-06	8.08E-07	1.37E-03	1.33E-06	1.27E-03	1.21E-06	1.06E-03	1.13E-03	1.09E-03	1.45E-03
A[T>G]T	3.50E-06	5.94E-03	2.92E-06	1.22E-03	1.24E-06	8.87E-04	3.71E-06	1.06E-03	1.13E-03	1.09E-03	9.39E-03
C[C>A]A	1.36E-02	5.94E-03	8.74E-03	1.01E-03	4.74E-06	5.07E-05	3.74E-06	1.31E-02	1.98E-02	2.78E-05	2.12E-02
C[C>A]C	6.64E-06	3.05E-06	5.04E-06	1.22E-03	2.18E-02	8.91E-04	1.14E-02	5.39E-04	2.06E-02	1.09E-03	1.17E-03
C[C>A]G	3.26E-06	3.14E-06	4.07E-06	1.49E-02	8.56E-03	8.90E-04	3.59E-06	1.06E-03	1.13E-03	1.84E-02	9.48E-03
C[C>A]T	2.50E-06	6.32E-06	5.31E-03	9.59E-03	1.23E-06	1.86E-05	5.36E-03	2.37E-02	7.88E-03	7.29E-03	1.04E-03
C[C>G]A	2.32E-06	1.51E-02	4.87E-06	9.19E-03	2.52E-06	2.96E-05	4.17E-06	1.35E-02	8.52E-06	3.53E-04	1.45E-03
C[C>G]C	4.62E-06	8.75E-06	3.55E-06	3.52E-02	1.55E-02	9.39E-03	5.86E-06	4.75E-04	1.09E-05	1.09E-03	1.05E-05
C[C>G]G	6.13E-06	6.40E-03	2.54E-06	9.41E-04	6.72E-03	2.45E-02	6.51E-03	1.06E-03	1.13E-03	3.92E-06	1.25E-03
C[C>G]T	2.19E-06	5.91E-03	2.72E-06	1.64E-02	1.74E-06	9.00E-04	3.28E-06	1.06E-03	9.21E-04	9.57E-03	1.01E-03
C[C>T]A	7.66E-06	1.17E-05	2.03E-02	3.32E-02	2.54E-06	8.47E-03	1.21E-02	6.20E-04	6.66E-06	1.09E-03	1.40E-02
C[C>T]C	8.80E-03	5.94E-03	1.21E-05	2.75E-02	6.72E-03	5.42E-04	7.17E-06	3.61E-02	9.12E-06	8.49E-06	2.79E-02
C[C>T]G	1.20E-05	5.82E-02	1.44E-05	1.02E-05	7.47E-06	1.15E-05	1.18E-05	1.04E-05	9.51E-06	1.10E-05	9.44E-06
C[C>T]T	5.72E-03	2.54E-02	9.63E-06	3.16E-02	2.87E-02	7.49E-06	8.56E-06	1.77E-05	1.03E-05	5.52E-04	1.53E-02
C[T>A]A	3.15E-06	3.67E-06	1.06E-06	8.44E-04	1.78E-06	5.84E-03	1.06E-02	1.06E-03	1.13E-03	1.09E-03	1.45E-03
C[T>A]C	3.72E-06	1.10E-02	2.04E-06	1.22E-03	2.60E-06	9.60E-03	3.10E-06	6.94E-03	1.13E-03	7.15E-03	1.46E-03
C[T>A]G	3.64E-06	6.32E-03	9.03E-06	2.78E-02	4.72E-06	3.23E-05	6.70E-03	1.06E-03	1.13E-03	2.42E-02	7.07E-06
C[T>A]T	7.61E-06	1.07E-02	7.72E-06	1.22E-03	4.70E-06	1.02E-03	9.66E-06	5.39E-06	9.51E-03	9.17E-03	3.83E-02
C[T>C]A	1.20E-02	6.35E-06	1.38E-02	1.16E-03	2.63E-06	1.01E-03	4.01E-06	3.34E-04	7.42E-03	3.19E-04	2.78E-02
C[T>C]C	2.82E-06	1.44E-02	3.19E-06	9.78E-04	1.05E-02	6.65E-03	4.23E-06	1.12E-02	1.13E-03	8.24E-06	1.33E-02
C[T>C]G	8.57E-06	5.14E-06	2.37E-02	1.24E-04	2.33E-02	4.08E-02	5.36E-03	2.23E-02	6.38E-05	2.33E-02	1.60E-02
C[T>C]T	3.56E-06	4.49E-06	1.26E-02	1.12E-02	8.53E-03	8.89E-04	5.10E-06	2.01E-04	7.88E-03	1.34E-02	8.71E-03
C[T>G]A	3.48E-06	3.80E-06	3.67E-06	1.15E-03	2.32E-06	1.66E-02	3.33E-06	1.06E-03	1.13E-03	1.09E-03	1.16E-03
C[T>G]C	1.46E-06	3.83E-06	6.29E-03	1.22E-03	8.11E-03	9.53E-03	3.76E-06	7.78E-03	1.23E-04	8.69E-04	7.39E-03
C[T>G]G	1.79E-02	5.33E-03	3.78E-06	1.04E-02	2.23E-06	2.07E-05	1.28E-02	1.24E-02	1.06E-02	7.93E-04	7.49E-04
C[T>G]T	5.98E-03	5.94E-03	1.02E-05	1.48E-02	2.93E-06	8.88E-04	8.62E-06	6.95E-04	3.86E-04	3.16E-02	1.75E-02
G[C>A]A	8.31E-06	1.61E-02	6.43E-06	3.70E-02	1.25E-02	9.93E-06	1.12E-02	2.19E-02	1.31E-02	9.66E-06	7.45E-03
G[C>A]C	2.43E-06	2.31E-06	2.23E-06	1.14E-03	7.85E-03	1.01E-03	2.37E-06	1.50E-02	1.16E-02	6.74E-04	1.45E-03
G[C>A]G	8.86E-06	5.06E-06	8.09E-06	5.79E-03	3.88E-06	1.28E-03	9.96E-06	1.12E-02	1.17E-02	6.98E-06	2.76E-02
G[C>A]T	7.15E-06	1.90E-02	1.06E-02	1.03E-03	5.90E-06	1.02E-03	5.36E-03	3.79E-02	1.98E-02	1.09E-03	7.51E-04
G[C>G]A	1.15E-06	2.73E-06	3.52E-06	9.19E-03	2.64E-06	1.27E-03	1.12E-02	1.06E-03	7.37E-06	1.09E-03	1.10E-03
G[C>G]C	5.62E-03	7.68E-03	3.66E-06	1.29E-03	1.57E-06	3.16E-05	5.32E-06	1.06E-03	1.13E-03	1.09E-03	2.02E-02
G[C>G]G	5.41E-06	2.75E-06	4.34E-06	1.15E-03	1.82E-02	1.02E-03	5.68E-06	1.06E-03	1.48E-02	1.09E-03	1.17E-03
G[C>G]T	8.67E-06	4.10E-06	7.05E-06	1.37E-03	9.86E-06	1.27E-03	6.70E-03	1.06E-03	7.44E-03	8.88E-04	2.39E-02
G[C>T]A	9.97E-06	7.39E-06	1.02E-05	1.72E-04	1.68E-02	2.79E-02	7.92E-03	1.95E-02	5.44E-02	7.29E-03	4.95E-05
G[C>T]C	6.03E-06	1.21E-05	5.09E-06	2.28E-02	1.22E-02	3.09E-02	2.49E-02	2.32E-02	2.59E-05	8.69E-06	3.19E-05
G[C>T]G	4.57E-02	1.12E-05	1.46E-05	8.81E-06	1.10E-05	9.13E-06	1.05E-05	1.04E-05	1.02E-05	1.07E-05	7.32E-06
G[C>T]T	7.76E-03	8.16E-03	6.31E-06	9.49E-04	1.05E-05	6.69E-03	7.79E-06	7.54E-06	2.56E-02	5.51E-04	3.29E-02
G[T>A]A	5.72E-03	3.72E-06	1.48E-02	1.37E-03	1.52E-06	1.27E-03	3.67E-06	1.06E-03	1.13E-03	5.50E-04	1.01E-03
G[T>A]C	1.01E-06	3.66E-06	1.01E-06	7.80E-03	1.51E-06	1.27E-03	1.22E-06	1.06E-03	1.13E-03	8.56E-06	1.45E-03
G[T>A]G	5.03E-03	6.22E-06	4.42E-06	1.29E-02	4.24E-06	9.39E-03	4.84E-06	1.28E-02	1.13E-03	1.09E-03	1.46E-03
G[T>A]T	5.91E-03	2.85E-06	3.94E-06	8.48E-04	1.85E-06	1.62E-02	3.06E-06	6.18E-04	1.13E-03	1.19E-02	1.36E-03
G[T>C]A	2.70E-06	3.49E-06	2.52E-06	9.71E-03	6.72E-03	1.23E-02	1.25E-02	4.73E-04	8.42E-04	7.02E-03	1.16E-03
G[T>C]C	6.38E-06	5.91E-03	1.48E-02	9.12E-03	3.28E-06	3.71E-06	5.40E-06	1.00E-04	2.17E-02	9.78E-06	2.04E-02
G[T>C]G	1.36E-02	3.27E-06	4.13E-06	1.37E-03	8.11E-03	5.86E-03	3.08E-06	1.08E-04	1.75E-02	5.74E-06	1.04E-03
G[T>C]T	1.63E-06	3.14E-06	3.62E-06	5.74E-03	7.85E-03	1.12E-02	1.42E-06	1.06E-03	1.13E-03	1.90E-02	6.63E-04
G[T>G]A	1.78E-06	2.56E-06	6.29E-03	1.37E-03	2.03E-06	5.84E-03	1.64E-06	1.06E-03	1.13E-03	8.69E-04	1.45E-03
G[T>G]C	6.82E-03	1.03E-05	1.71E-06	7.88E-03	1.97E-06	1.72E-02	1.79E-06	1.06E-03	6.09E-04	1.21E-05	1.46E-03
G[T>G]G	2.37E-06	5.31E-06	5.98E-03	8.56E-04	2.10E-06	9.32E-03	6.42E-03	1.04E-02	7.92E-03	2.53E-02	6.41E-04
G[T>G]T	1.87E-06	2.59E-06	3.30E-06	1.20E-03	2.70E-06	1.27E-03	2.33E-06	1.06E-03	7.06E-03	1.19E-02	7.44E-03
T[C>A]A	6.87E-06	6.57E-06	4.11E-06	9.83E-03	8.56E-03	3.51E-02	1.44E-02	4.02E-02	3.92E-06	1.51E-05	1.53E-02
T[C>A]C	1.40E-02	1.10E-02	6.99E-03	2.61E-02	9.79E-06	1.28E-02	6.42E-03	3.87E-06	1.14E-04	6.23E-02	1.24E-03
T[C>A]G	7.24E-03	5.86E-06	3.48E-06	6.14E-03	1.80E-06	1.02E-03	2.15E-02	1.06E-03	1.53E-02	8.88E-04	1.01E-03
T[C>A]T	5.04E-03	8.90E-06	3.98E-02	1.09E-03	2.79E-02	5.59E-04	6.51E-03	1.06E-03	1.13E-03	1.09E-03	1.73E-04
T[C>G]A	6.44E-06	5.58E-03	4.83E-06	1.79E-02	8.55E-03	5.93E-02	1.91E-02	5.32E-06	7.44E-03	1.18E-05	9.95E-04
T[C>G]C	1.43E-02	8.24E-06	4.55E-06	1.14E-02	1.69E-02	3.71E-04	6.68E-06	1.62E-05	1.98E-02	2.15E-02	3.19E-02
T[C>G]G	1.68E-02	2.77E-06	2.37E-06	1.22E-03	4.93E-06	8.90E-04	5.24E-06	1.04E-02	1.98E-02	1.09E-02	2.10E-02
T[C>G]T	1.15E-05	1.13E-05	2.11E-02	6.67E-06	3.12E-02	2.14E-05	3.39E-02	8.29E-02	4.53E-04	6.37E-06	7.22E-06
T[C>T]A	1.08E-05	1.10E-05	8.57E-06	9.80E-06	6.90E-02	9.28E-06	3.14E-02	1.07E-05	1.04E-05	9.12E-06	1.21E-05
T[C>T]C	2.02E-02	1.35E-05	3.31E-02	4.95E-06	7.59E-06	5.39E-02	2.80E-02	2.16E-02	1.66E-02	8.65E-06	8.77E-06
T[C>T]G	1.07E-05	1.22E-05	1.40E-05	9.44E-06	1.21E-05	8.68E-06	5.89E-02	9.90E-06	3.68E-06	8.51E-06	9.15E-06
T[C>T]T	2.65E-02	1.23E-05	1.31E-02	4.79E-04	1.22E-05	7.79E-06	7.80E-06	6.94E-06	3.57E-06	7.33E-02	1.24E-05
T[T>A]A	2.64E-06	4.21E-06	1.49E-02	1.29E-03	1.34E-06	8.89E-04	3.62E-06	1.28E-02	1.13E-03	1.09E-03	1.01E-03
T[T>A]C	1.02E-06	6.32E-03	1.54E-06	1.03E-02	1.60E-06	2.98E-05	1.89E-06	1.06E-03	1.13E-03	9.16E-03	1.17E-03
T[T>A]G	2.23E-06	7.81E-03	5.34E-06	1.03E-03	1.31E-06	1.01E-03	3.77E-06	1.06E-03	1.06E-02	1.30E-02	1.45E-03
T[T>A]T	6.37E-06	1.69E-06	2.76E-06	1.37E-03	7.49E-06	2.37E-02	4.56E-06	1.06E-03	1.06E-02	4.37E-06	6.61E-03
T[T>C]A	2.33E-06	2.30E-06	3.01E-06	1.22E-03	2.06E-02	8.85E-04	1.46E-06	1.06E-03	1.13E-03	1.09E-03	8.12E-03
T[T>C]C	2.49E-06	3.70E-03	7.94E-06	6.76E-03	7.43E-06	1.27E-03	4.17E-06	1.39E-02	6.32E-05	2.56E-02	1.02E-03
T[T>C]G	1.91E-06	2.13E-06	1.28E-06	9.73E-04	2.73E-06	6.65E-03	4.88E-03	1.06E-03	1.13E-03	8.85E-03	1.45E-03
T[T>C]T	7.55E-06	5.05E-06	1.14E-02	3.18E-04	4.34E-06	1.27E-02	7.92E-03	2.10E-02	2.05E-02	8.88E-06	1.16E-03
T[T>G]A	1.14E-06	3.20E-06	9.83E-07	8.40E-03	1.43E-06	1.27E-03	1.90E-06	1.06E-03	1.13E-03	1.09E-03	1.03E-03
T[T>G]C	3.16E-06	2.98E-06	2.79E-06	5.74E-03	1.18E-02	8.88E-04	2.62E-06	2.01E-04	1.13E-03	1.09E-03	8.63E-03
T[T>G]G	7.13E-07	1.64E-06	8.08E-07	1.37E-03	1.33E-06	1.27E-03	1.21E-06	1.06E-03	1.13E-03	1.09E-03	1.45E-03
T[T>G]T	2.44E-06	8.74E-03	3.91E-06	1.08E-03	4.24E-06	2.34E-02	9.17E-06	6.36E-04	1.43E-02	1.35E-05	1.46E-03
