MutationType	SBS96A	SBS96B	SBS96C	SBS96D	SBS96E	SBS96F	SBS96G	SBS96H	SBS96I	SBS96J	SBS96K
A[C>A]A	0.004129201257092064	0.011892468613950768	8.925944857764989e-05	0.00012120642531954218	0.018248598883656087	0.000884383189259097	7.885354898462538e-05	0.007036063171835849	0.05323857039329596	0.0072386936459224675	0.0011041639096220023
A[C>A]C	7.008437514741673e-05	0.006379987126410924	6.551181413669838e-05	0.02096399018810189	7.576129610242788e-05	0.017757345581048866	0.014838150890398083	0.012944884436001303	0.11950059674309159	7.606561539432732e-05	7.116257929737913e-05
A[C>A]G	0.005709477300115395	9.898409043671564e-05	9.849350681179203e-05	0.002788872031669598	9.915736663970164e-05	0.014877743400575127	9.616704264772124e-05	0.0011600004079809878	0.0012358823893009684	0.0001081595582945738	0.0018906280267401599
A[C>A]T	9.646502367104404e-05	0.004960775261861272	9.430992540728766e-05	0.0018770285925711506	0.00010364240952185356	0.0020099787259823644	0.005689968472142937	0.0007398391324386466	0.0012378279214317444	0.001189359271666035	0.017045994293584953
A[C>G]A	8.609285432612524e-05	9.161482448689639e-05	9.267368222936057e-05	0.00107381819980219	0.011876858303003246	0.00011791581491706892	9.253860262106172e-05	0.014504947913519573	0.001233044893888291	0.02136515254896949	0.01574103588136495
A[C>G]C	0.005804684157374141	8.927475901145953e-05	9.129996851697797e-05	0.0019309772025735584	9.957358270185068e-05	0.012172150922197034	9.457287524128333e-05	0.03732382092057378	0.0012319439563725609	0.0006441646175517235	0.0017655515737715177
A[C>G]G	0.005697538291255385	8.668700829730369e-05	0.005365857041761046	0.00155295452059363	0.016756364981119987	0.0009867597284028307	0.004052997484541266	0.08279821525065927	0.0010587088589090853	0.0011748519227694487	0.0014640893154137303
A[C>G]T	8.584106763009913e-05	0.01009789913791792	8.793085289653391e-05	0.03574114012299105	0.008195680900826119	0.02584517478790076	8.263865383923985e-05	0.00020183848901069723	0.01772377372763003	0.0011758538319554645	0.0011144808173412456
A[C>T]A	0.03732055116341826	0.016062375326509937	7.322098481381545e-05	0.009881978999510465	0.03489830539838294	7.106243610905949e-05	0.05749488894193931	9.170372431981378e-05	0.025327446176379453	0.016818214720478862	0.022486624365410535
A[C>T]C	8.991904978756793e-05	0.0054148872110090455	0.0060430659825215114	0.020842968708166154	9.123806721618166e-05	0.017069587796140696	8.198131381504936e-05	0.001151855938951485	0.00010669064140529372	0.0008824962958897231	0.0020278080737625714
A[C>T]G	3.660191439500693e-05	0.036921152266856085	0.6203990770532982	4.2356084213679425e-05	5.436568044387968e-05	4.830926076238029e-05	6.182926570943436e-05	6.720710191530089e-05	4.893322952739254e-05	6.902273771629553e-05	6.913523591265403e-05
A[C>T]T	0.006000075527845183	8.266329859907273e-05	8.514118962921202e-05	0.0424668003921397	0.015632534573524027	0.0001003287652565632	8.229483173636254e-05	8.676337311044335e-05	0.00010128667199751362	0.03529301986527571	0.023688236311318178
A[T>A]A	9.149637771770358e-05	0.01125526100222487	9.326121944468469e-05	0.0008707398257683963	9.966499783331528e-05	0.0020072242252354043	9.499720617895946e-05	0.014505295731578372	0.0012340971014054957	0.0011836789686640258	0.01592010067179217
A[T>A]C	0.030857229096363882	8.510046063747723e-05	0.014872855055727996	0.00012546079815365375	0.018255271930684103	0.0006633532058913261	7.950281506055034e-05	0.000790932375821285	0.028732809619395994	0.00010063341687782668	0.010648178365954664
A[T>A]G	0.01146737101553299	6.994104769546539e-05	0.006015806218510988	8.9609605493024e-05	9.119849637500011e-05	0.07449289312717156	7.899075753812213e-05	0.0011466633677628124	8.844473904900951e-05	0.027349061996937964	0.045909890618349894
A[T>A]T	9.513732366031035e-05	9.362160199088976e-05	0.004465321461611893	0.0026319074240745977	0.00010122227540705353	0.01153350742024486	9.61055229709018e-05	0.01165745070320554	0.00016734076853026637	0.001188686346722534	0.0012846614947193303
A[T>C]A	8.151042347890325e-05	7.673562267882517e-05	0.017963743477594107	0.000328381094004726	8.754002519708592e-05	0.00965267755309469	0.022716808284530998	0.00014423646935028954	0.017203687381697818	0.03646351743300329	0.035175961137429115
A[T>C]C	8.983794250525535e-05	9.698897192720324e-05	9.37111966777593e-05	0.0027874349209014325	0.00010289540878147819	0.0020060304348589854	9.292382019339129e-05	0.02137121785635827	0.0012351664910966065	0.007248152650572592	0.010035237119882367
A[T>C]G	6.0774744241598455e-05	6.509338136311271e-05	7.332872646657052e-05	0.010492571513896109	0.015299755580508645	0.0009729762463393854	5.976239994929244e-05	0.011331333121779608	0.1207487977866549	8.620559237897396e-05	0.0022589648420762386
A[T>C]T	7.017687737096885e-05	0.04204005907831743	0.007055106606821937	0.01179388097843912	7.665853263461031e-05	0.00045638151968887544	0.011245130517545476	7.53989331315097e-05	8.678220540900839e-05	8.478323361487128e-05	0.13842981066482024
A[T>G]A	9.492089739069343e-05	8.978226396720857e-05	9.488304203841835e-05	0.0027804176905192437	0.01564095805879333	0.011525418756355066	9.223656707035843e-05	0.012922141386661678	0.0001073715444363188	0.0011875443058670498	0.0012818792718462646
A[T>G]C	9.821962885325775e-05	9.945491547114216e-05	9.951688625733368e-05	0.002789758711878676	0.00010386963913333602	0.0020109794568270445	9.890514484141022e-05	0.0011612699927354697	0.0012378163344692438	0.001190607251919573	0.0022827210785180798
A[T>G]G	9.821962885325775e-05	9.945491547114216e-05	9.951688625733368e-05	0.002789758711878676	0.00010386963913333602	0.0020109794568270445	9.890514484141022e-05	0.0011612699927354697	0.0012378163344692438	0.001190607251919573	0.0022827210785180798
A[T>G]T	9.341624318039976e-05	0.006036721293639857	9.690258302725851e-05	0.001937965044635348	0.0001029589882818982	0.0010252170410240068	9.608274340280331e-05	0.0011598250028328038	0.001234072987426771	0.0011900143756065518	0.011801158723392291
C[C>A]A	0.013702016711613396	0.006026914662652416	0.008824409326916794	0.001585692904336611	8.689503483765293e-05	0.000166820410231594	8.587399133830331e-05	0.018990745633345796	0.02003546852429281	0.00011990403763775248	0.028980411073280265
C[C>A]C	8.501442534907256e-05	9.450461730011738e-05	9.031684057845269e-05	0.0019278155974461696	0.02192181959253503	0.000983585061840131	0.011504735132257337	0.0006344569705106551	0.03201359829763532	0.0011840749240946025	0.0012646494142245501
C[C>A]G	9.286922140745446e-05	9.142075505224057e-05	9.067878272617236e-05	0.021359756449965062	0.008655434899264947	0.0009918970448779874	9.24703992495779e-05	0.0011523295153892832	0.0012256216614332516	0.01970425791150774	0.010069339989422587
C[C>A]T	9.136414300883188e-05	8.57591465319274e-05	0.00539475505684095	0.01654510218941141	9.945301644620486e-05	0.00011508153329486959	0.005455402064399095	0.024515850879834034	0.009150052028417122	0.0073904017914173895	0.0014924261478881818
C[C>G]A	9.302400794695132e-05	0.02083681526055443	8.729214678169229e-05	0.012171974549710285	9.790913172764703e-05	0.0001351637503830716	9.17823548661545e-05	0.018763897699682276	0.00010790755331981927	0.00044838725989393424	0.0022786150759202426
C[C>G]C	8.670049501233735e-05	7.254924512380966e-05	8.68130890012253e-05	0.09364540176902665	0.015632154911145335	0.00948704728307348	8.2646875307546e-05	0.000556374038433205	9.462607267778367e-05	0.0011671049788219534	8.275620707536291e-05
C[C>G]G	8.783191224210895e-05	0.006493788352963747	9.418754198122769e-05	0.0011154175786941777	0.0068170473397913154	0.03490931018604897	0.006601796645554714	0.0011559266145923174	0.0012344366128672845	9.69765824265778e-05	0.0018662954365026962
C[C>G]T	9.512664109934121e-05	0.005998640505640651	9.522333348286339e-05	0.019443316054093884	0.00010192722766078077	0.001255900003525312	9.570292822900229e-05	0.0011597487340623048	0.0010244777644402348	0.010816029122361214	0.0011177253756613937
C[C>T]A	7.499560779251624e-05	7.633552688171008e-05	0.0298042212434666	0.05609502859224449	9.388124672113918e-05	0.00921679478851729	0.01812451775185764	0.0007055001813569106	8.589333083364181e-05	0.0011812106145953293	0.014446426452013838
C[C>T]C	0.008871875146087404	0.006014050258636416	7.446418640029151e-05	0.05344770149895339	0.006813394642813364	0.0006518079502711771	8.508898245054297e-05	0.03730669177330128	8.186258455680217e-05	7.892323410487733e-05	0.029252727371567745
C[C>T]G	3.856651126090682e-05	0.5942205578088761	5.2267674242045814e-05	6.101119042796199e-05	5.957137200311991e-05	6.53305217781508e-05	5.9966230952568364e-05	5.618552850137348e-05	6.133946470754381e-05	6.196890967657964e-05	6.593080033781006e-05
C[C>T]T	0.005805671762209386	0.0370184780924319	7.341936316151987e-05	0.06137849202823418	0.04202677867288003	8.2120279330411e-05	7.292616119229934e-05	9.261754094040953e-05	7.513232287124084e-05	0.0006314436426691827	0.015451161040982698
C[T>A]A	9.423909505130723e-05	9.384966033394448e-05	9.833828298724256e-05	0.0012105537614843342	0.00010115250988746993	0.006988048133644042	0.015205083422915776	0.001157423153927084	0.00123439426679397	0.0011888077395269647	0.002279346756404266
C[T>A]C	9.041490993695333e-05	0.011120246480277273	9.605310624465347e-05	0.0019406078565225471	9.806033631321043e-05	0.010648308763484238	9.363605931866914e-05	0.007040064549073577	0.0012296014276216738	0.007246169415157056	0.0022756957907404283
C[T>A]G	9.079158116946928e-05	0.006397250628288021	7.8520512516711e-05	0.06885074814490508	8.940991137933452e-05	0.00011406190860725473	0.0067806555929564635	0.001134620097855077	0.0012202696332678897	0.025259843427920713	9.272643947042525e-05
C[T>A]T	7.995597861736315e-05	0.01074077824687265	8.405469870922388e-05	0.0019336467863467987	9.271331582567654e-05	0.0011064521371736192	7.77350964199286e-05	9.319733435404487e-05	0.009743802227603737	0.00981233074926422	0.06934106450135005
C[T>C]A	0.012053263493726263	9.28070759982802e-05	0.013841742674412672	0.0018350035690673395	9.946830032276921e-05	0.0011409594953875057	9.21237216971349e-05	0.0004365870852780063	0.0086945613817079	0.0004167285464063752	0.03027656211706926
C[T>C]C	8.932997370720841e-05	0.014516909036319702	9.162225032923743e-05	0.0014191801754350308	0.010545436202664859	0.007685333020344842	8.928968527470716e-05	0.011358598600781988	0.0012297437839151825	0.00010507254701224156	0.015744626236119073
C[T>C]G	7.644759161848925e-05	8.73816643434111e-05	0.029585068226435852	0.00021138415213499683	0.02343333093376714	0.04198995321239636	0.005434734690697951	0.022352689615701138	0.0001499420422987896	0.02344761101885524	0.024501743939617883
C[T>C]T	9.06707537069451e-05	8.792372827883809e-05	0.012670547172092483	0.01769405472514336	0.008618428369300091	0.000998181696922984	8.649407500342932e-05	0.000299035004718462	0.009156817823532037	0.014156313089915783	0.009228995501325698
C[T>G]A	9.40892394282855e-05	9.61937868851237e-05	9.564555366523564e-05	0.0018808964428899343	0.00010175179995712824	0.026596061789314264	9.568534151185303e-05	0.0011609979497734456	0.0012345033734163734	0.0011892587572219782	0.0012844522840168792
C[T>G]C	9.480476874159648e-05	9.307685686508194e-05	0.006387020126567222	0.0019477003464999144	0.008209799877658953	0.011667673860210925	9.192632423946634e-05	0.00799905414460227	0.00022714235310559162	0.0009720947731693741	0.009356033067888347
C[T>G]G	0.017965455487137662	0.005419319616339635	9.081655880436302e-05	0.012558150880795437	9.771314507815987e-05	0.00013164330084691755	0.01291146966686938	0.018444529527187115	0.011928531637386186	0.0008874054336047265	0.0009864524312433788
C[T>G]T	0.0060658425685687686	0.006022940691764234	7.422357011765968e-05	0.014873002791136968	9.536765064694918e-05	0.001012751515736454	7.984912444953806e-05	0.0007828515109395085	0.00047468792035942897	0.0692698266946536	0.01908823575868155
G[C>A]A	7.010142471699509e-05	0.016173983213229805	7.793570694047958e-05	0.05658107769995695	0.012619152176193893	7.475492774631221e-05	0.011275010622193804	0.03135724815656431	0.013369705276636524	9.631871835154015e-05	0.008149873644106265
G[C>A]C	9.306827923865058e-05	9.686587800388225e-05	9.564261708874255e-05	0.002029799135925714	0.0079498144245008	0.0011626186344074086	9.575375806889497e-05	0.022665494089596904	0.01295249445392983	0.0007759050036838744	0.0022799300357291942
G[C>A]G	8.283472761831945e-05	8.894513957784511e-05	8.331430144608021e-05	0.006853029059058713	9.420770584256388e-05	0.0019988796942925547	8.244639772756565e-05	0.011442077465471812	0.01180629545233387	0.00010633441925165244	0.0420484241185477
G[C>A]T	8.629732001281809e-05	0.01904235209003673	0.010699023504821525	0.0017189826607136639	9.021461119118612e-05	0.0011101054078608286	0.005442057899085739	0.058225172902893974	0.019928932803304635	0.001172239182778867	0.0008669074581121094
G[C>G]A	9.707427088869735e-05	9.774889622349292e-05	9.662277007009834e-05	0.012175339570239885	0.00010159883677260951	0.002007370747742243	0.01128184636545484	0.001159527366689872	0.00011333151196595282	0.0011876323020260315	0.0016901925555430353
G[C>G]C	0.005706932695466094	0.011610423236561473	9.541614563204348e-05	0.0026349198175012133	0.00010033040816779249	0.00013536752958316357	9.307446962338872e-05	0.0011569325397431385	0.0012344939867034554	0.0011890861729625612	0.02230549161176896
G[C>G]G	8.960585546446964e-05	9.490084339631721e-05	9.33455245103687e-05	0.002110067586909281	0.018256446609302656	0.0011193353137059602	8.88856542587746e-05	0.0011582599159737582	0.02309730846682214	0.0011868788344145287	0.0012675702128035482
G[C>G]T	8.450759833067423e-05	9.185365997836925e-05	8.657241633045488e-05	0.0027837984081998	9.13355410375516e-05	0.0020019531239086064	0.006784553987426989	0.0011431268621322488	0.0075341088799177666	0.0009824404427490664	0.031263594779738925
G[C>T]A	7.269926704793761e-05	8.079871313384501e-05	6.825868608757446e-05	0.00026184268026554494	0.01684691384339203	0.029128577838855564	0.007990664645876677	0.020297600809135473	0.10842494363896549	0.007366051626127046	0.00013704905378517652
G[C>T]C	8.406019987887703e-05	5.92913700430131e-05	8.441717509413137e-05	0.03260474832932232	0.0183770239511432	0.06065875717504241	0.024929637396053295	0.02335434620254091	0.00010595533058221918	7.446933686878765e-05	0.00011310608279018197
G[C>T]G	0.6525427013635635	4.496367650403954e-05	5.494078329348895e-05	4.484798816974944e-05	6.350267218522277e-05	5.160299215276609e-05	4.44145536945939e-05	6.97837209258978e-05	5.375964810809819e-05	4.68950605579721e-05	6.982745435379911e-05
G[C>T]T	0.011703390361435594	0.012309820737573317	8.514710170857143e-05	0.0010321179521270095	8.145278347555518e-05	0.006816490112396423	7.213950357254362e-05	8.215633934014477e-05	0.026717543351696803	0.0006395607681042748	0.05871920292702271
G[T>A]A	0.005812263931147754	9.552438277751207e-05	0.014880324922705768	0.002788856963888975	0.00010319288339815103	0.0020090660254936665	9.475475671933964e-05	0.0011603492792346514	0.0012370099466352258	0.0006530986145662609	0.0011378790266462601
G[T>A]C	9.732306352816522e-05	9.622985162422992e-05	9.888626518659294e-05	0.01077611610016902	0.00010340462758904324	0.002007511218835134	9.878656346700155e-05	0.0011605355342908298	0.0012349351280136033	0.00011205344417248852	0.002281252217653673
G[T>A]G	0.0051235909297247416	8.534394983144012e-05	9.024021201184951e-05	0.01890030868089525	9.546830551698804e-05	0.009490233124233782	9.167673997581005e-05	0.014014773571398109	0.0012280862276384142	0.001176155019493308	0.0022718682848790195
G[T>A]T	0.006004624010529369	9.602906793588772e-05	9.413539955858142e-05	0.001043845098320162	0.0001017600909108296	0.025590561665740096	9.400990020367317e-05	0.0007226504407299217	0.0012336900988884735	0.013135855953441933	0.002113911756168818
G[T>C]A	9.173282160190865e-05	9.297691431129352e-05	9.401252027601004e-05	0.016823849241336574	0.0068202289810869845	0.013347011968289735	0.012607306370409788	0.0005715348313970025	0.0009415255670319311	0.007127603012486361	0.0014785811101319269
G[T>C]C	8.071683078014757e-05	0.00598721863789251	0.014869963766977889	0.01570264849360683	9.16118391614873e-05	9.463560782023706e-05	8.210877749661449e-05	0.00019547892443370075	0.03962901849008631	0.00010449770561535843	0.020576969654939603
G[T>C]G	0.013702589244348928	9.218631457770243e-05	8.880334135028534e-05	0.0027853388099174483	0.008204124801704894	0.005996986345417099	9.01799663552083e-05	0.00020943400595569984	0.0332421598941437	0.00010372911929152906	0.0014878987240081187
G[T>C]T	9.376062371302396e-05	8.857760185492225e-05	9.066217171493918e-05	0.007718914707947988	0.007946576329413802	0.016140513688878855	9.445360556128434e-05	0.0011543576343683525	0.0012282091549423058	0.026315151520248038	0.0009660606090619694
G[T>G]A	9.590308400220238e-05	9.561804763507098e-05	0.006389652017969638	0.002787702396744862	0.00010115459153894334	0.006988246854598401	9.746683645062149e-05	0.0011591545997362118	0.001234590930835111	0.0009713526560517494	0.0022792204727011267
G[T>G]C	0.0069166429871984295	8.639971536155145e-05	9.733179686008953e-05	0.009890124497906072	0.00010090473879245109	0.019369087889208457	9.596452946425416e-05	0.001157963309378829	0.0007094188593327999	0.00010354492460464825	0.0022728880552676856
G[T>G]G	9.453312959522009e-05	8.639110310468823e-05	0.006065805839608451	0.0009577690121659544	9.78501746430993e-05	0.010592680688569089	0.006507580800098367	0.01128863348021696	0.008088529900851427	0.03622014374777791	0.0010388880356913433
G[T>G]T	9.489669173490256e-05	9.728646182338707e-05	9.377394962939434e-05	0.001951744523103116	0.00010089264251291751	0.00200838192467927	9.482339810347184e-05	0.0011591206632147078	0.0072980224576895125	0.013137633908627322	0.008806815230491339
T[C>A]A	7.939015813462902e-05	7.331659944611601e-05	8.99239461432444e-05	0.014791948955098633	0.008652190964494367	0.06000316392965033	0.014463535611139378	0.04145162037020782	9.053278554347344e-05	8.876543940496972e-05	0.015887389041745338
T[C>A]C	0.018727510885946687	0.01110871263762796	0.007062796954539863	0.027023479372564906	7.683383778953612e-05	0.01332601464309846	0.006502093341987347	9.260355000151321e-05	0.000200864875841944	0.09230982838853379	0.0017955520149712356
T[C>A]G	0.007329518791812007	8.986796383396723e-05	9.20043392397929e-05	0.007865476227743784	0.00010136096316273324	0.0011247958216699771	0.02799896903707122	0.001155544440553058	0.01664024076744681	0.0009811440111661795	0.0011156279033457395
T[C>A]T	0.0051109976108364204	8.898952564777574e-05	0.04703964353611809	0.0017208211713295896	0.04122100316599244	0.0009188140016703983	0.006593967083585994	0.001146909407361818	0.001233671525551472	0.0011819557286798954	0.0002718870844546473
T[C>G]A	7.321924858842977e-05	0.005656323972527843	8.351578071597032e-05	0.01984790651476942	0.008636177011430846	0.0959995914134197	0.02452330090527539	8.665337481943425e-05	0.007522222134502954	8.668992691127642e-05	0.001534537284601356
T[C>G]C	0.020501543082900753	8.132082120937412e-05	8.509739927831106e-05	0.012236816950007778	0.02418126666725584	0.00046103412605589254	7.554013209301046e-05	9.690776896604802e-05	0.019918184565176487	0.02278683207478025	0.039197943681210747
T[C>G]G	0.016890041915758047	9.249433933291584e-05	9.470387813053094e-05	0.0019527214608388022	8.933144854381681e-05	0.0009881915051664692	8.655653655296192e-05	0.01122778936769464	0.019987174148991472	0.016317557341972135	0.02223806691399659
T[C>G]T	4.349283643270141e-05	6.24051792328828e-05	0.02116254937815256	8.043986999837217e-05	0.05810723962258635	8.439099347015144e-05	0.0339744574258475	0.2368673971064709	0.0005259469215161516	7.881134915805887e-05	7.452445242961403e-05
T[C>T]A	4.577748055680786e-05	5.851944251844543e-05	5.723880022117101e-05	6.335228764555722e-05	0.4164202614258102	6.513897610602726e-05	0.03141411156460059	5.916666750636068e-05	7.388649637505296e-05	6.966612281757988e-05	5.429935717344847e-05
T[C>T]C	0.020207007907720252	5.16808631922494e-05	0.03322188767815533	8.245798926509451e-05	7.118795183487236e-05	0.12934599176442135	0.028025037228587735	0.021752848029518646	0.02495065464676145	7.540745900769252e-05	7.304588716579019e-05
T[C>T]G	4.521724295045715e-05	4.815014319241584e-05	4.214361429148994e-05	5.473343009043674e-05	6.762612771380461e-05	5.58706537958642e-05	0.5231404483318329	6.702762311761035e-05	8.297216045320966e-05	6.122855311332386e-05	7.472916931874351e-05
T[C>T]T	0.026571109650555515	5.616150965579436e-05	0.01316447933630518	0.0005653050847058694	4.8695011264499045e-05	7.416607222694438e-05	6.715915657196092e-05	8.138823159242747e-05	7.35585723305121e-05	0.3227323204788263	5.184005274647685e-05
T[T>A]A	9.40613514103461e-05	9.226151960319839e-05	0.019245823458550148	0.002630652488733176	0.00010210025720880367	0.0009960112787666731	9.459792927373201e-05	0.01402217911745538	0.0012338461070612538	0.0011857721056003356	0.001137052084231982
T[T>A]C	9.739042361616157e-05	0.00641355400584871	9.669633946032263e-05	0.013316911002038977	0.00010062535511679016	0.0001445972862711642	9.652013541199267e-05	0.0011587858622078783	0.0012359602791548242	0.010401353351335274	0.0018349963494983968
T[T>A]G	9.611746136215516e-05	0.00791253606294049	9.363858735014218e-05	0.0016436031015473417	0.00010266192621202208	0.0011401784540794324	9.333299458376132e-05	0.0011564169821213	0.011932025710848393	0.01428771132705151	0.002280401042662561
T[T>A]T	8.766226346779149e-05	9.646834078012035e-05	9.541623439872638e-05	0.0027863432966114487	9.341709774162155e-05	0.02493684634901001	9.055376431206241e-05	0.0011555188699276186	0.011928932117007207	9.599589830031619e-05	0.007901738412891745
T[T>C]A	9.536809011478908e-05	9.636145405238495e-05	9.659368224674836e-05	0.0019601857471570837	0.020729919281438924	0.0010462171128892805	9.835062228376046e-05	0.001160074767540209	0.001237041635613423	0.0011878412158694118	0.010518427736678859
T[T>C]C	9.413180523552001e-05	0.0037981344095896928	8.772931287239771e-05	0.00891228310210863	9.365761416120222e-05	0.0020026932968903568	9.371438500238582e-05	0.02157920783283771	0.0001671714438998606	0.026907778367603895	0.001118964995657734
T[T>C]G	9.635686583351344e-05	9.648291306803003e-05	9.820219420362264e-05	0.0015372027359262575	9.99657262582332e-05	0.007686710754933301	0.004976450774847763	0.0011569580514333212	0.001233917960053077	0.010088960513166967	0.0022785596571338828
T[T>C]T	7.790209365339251e-05	9.317150579590816e-05	0.011461555912319454	0.0005649261409416794	9.457757478230633e-05	0.014870258641167311	0.00800016259036056	0.022220602093875642	0.03064827797061298	0.0001004763620585436	0.001279153467839933
T[T>G]A	9.724846531753429e-05	9.707824065117166e-05	9.846682223724201e-05	0.0113771893978992	0.00010349613148719072	0.0020088249242689927	9.768521922524088e-05	0.0011607590873609296	0.0012371414348308462	0.0011908395557838959	0.001479172911058413
T[T>G]C	9.237175690941512e-05	9.511685202596709e-05	9.416866960236803e-05	0.007722723991901148	0.011883457135263597	0.001007388857397018	9.324787679361179e-05	0.0003007667422934901	0.0012347073905402794	0.0011889737055753359	0.011026139250316192
T[T>G]G	9.821962885325775e-05	9.945491547114216e-05	9.951688625733368e-05	0.002789758711878676	0.00010386963913333602	0.0020109794568270445	9.890514484141022e-05	0.0011612699927354697	0.0012378163344692438	0.001190607251919573	0.0022827210785180798
T[T>G]T	9.134837819146924e-05	0.012764458378235588	9.063430916285142e-05	0.0016815122195112052	9.294271112594287e-05	0.041362724549981064	8.29976415730016e-05	0.0007317214251088445	0.015655683270597364	8.814166853987615e-05	0.002265219006585539
