MutationType	SBS96A	SBS96B	SBS96C	SBS96D	SBS96E	SBS96F	SBS96G	SBS96H	SBS96I	SBS96J	SBS96K	SBS96L	SBS96M	SBS96N	SBS96O	SBS96P	SBS96Q	SBS96R	SBS96S	SBS96T	SBS96U	SBS96V	SBS96W	SBS96X
A[C>A]A	1.04E-05	7.73E-06	1.13E-02	1.70E-02	1.02E-05	3.30E-02	7.41E-06	5.31E-06	3.16E-06	1.31E-03	7.67E-03	3.20E-02	1.24E-02	9.67E-06	8.17E-04	9.73E-04	3.33E-02	9.76E-06	3.35E-06	9.58E-06	6.99E-04	6.31E-06	4.84E-02	2.51E-02
A[C>A]C	7.11E-03	1.00E-05	1.34E-05	5.73E-06	9.61E-06	1.19E-05	1.35E-05	7.19E-06	2.37E-06	1.32E-05	1.14E-05	2.46E-04	1.11E-05	8.92E-06	6.53E-04	8.74E-02	1.34E-03	4.84E-06	1.05E-05	1.04E-02	1.25E-05	3.42E-02	8.06E-06	9.10E-06
A[C>A]G	7.02E-06	6.87E-06	1.02E-05	9.04E-06	5.11E-06	1.42E-02	9.29E-06	1.68E-06	1.71E-06	8.73E-04	8.11E-06	2.33E-03	4.95E-02	9.32E-06	1.64E-03	1.50E-03	1.85E-03	1.03E-06	2.51E-06	1.06E-06	1.42E-03	2.00E-06	1.12E-06	1.68E-06
A[C>A]T	4.44E-06	3.14E-06	1.01E-05	2.11E-06	9.61E-06	1.32E-06	3.18E-06	1.61E-06	2.01E-06	1.75E-03	1.67E-06	2.33E-03	1.44E-02	3.78E-06	1.64E-03	1.50E-03	1.71E-02	2.04E-02	8.72E-07	2.45E-06	6.43E-05	3.33E-06	1.09E-06	1.08E-06
A[C>G]A	1.31E-05	9.49E-06	7.49E-06	1.12E-06	1.24E-05	1.96E-06	1.14E-05	5.82E-06	8.29E-06	9.89E-02	7.67E-03	2.04E-03	9.62E-06	5.55E-06	8.82E-06	1.73E-04	6.57E-02	1.89E-06	9.92E-06	1.04E-02	1.42E-03	3.41E-06	6.73E-06	9.91E-06
A[C>G]C	6.18E-06	1.20E-05	1.29E-05	8.29E-06	2.48E-02	8.36E-06	1.21E-05	3.30E-02	4.95E-06	5.90E-02	1.65E-06	2.33E-03	9.72E-06	4.18E-06	1.64E-03	1.50E-03	1.26E-03	1.39E-06	8.62E-06	1.15E-05	1.42E-03	1.26E-05	8.89E-06	2.83E-06
A[C>G]G	1.25E-05	9.20E-06	9.46E-06	1.70E-02	9.32E-06	4.20E-06	1.03E-05	1.44E-02	7.44E-02	1.75E-03	5.14E-06	1.79E-03	2.04E-02	8.43E-06	9.32E-06	6.32E-06	1.31E-03	3.42E-06	3.91E-02	3.03E-06	6.99E-04	2.54E-02	9.00E-06	4.76E-06
A[C>G]T	1.32E-05	1.05E-05	6.54E-06	6.80E-06	1.21E-05	7.56E-06	9.88E-06	4.71E-06	3.22E-02	1.75E-03	7.89E-06	4.02E-02	1.35E-05	8.99E-06	8.55E-02	5.61E-06	1.25E-03	1.73E-02	6.93E-06	7.52E-06	3.68E-02	8.74E-06	6.32E-06	9.49E-06
A[C>T]A	1.34E-05	7.83E-06	1.08E-05	1.00E-05	1.30E-05	1.01E-05	1.15E-05	8.90E-06	1.16E-05	1.30E-05	7.72E-06	1.16E-04	4.00E-02	1.28E-05	1.38E-05	1.25E-05	1.23E-05	1.23E-05	4.88E-06	8.91E-06	8.43E-06	7.13E-06	1.19E-05	9.49E-02
A[C>T]C	7.52E-06	1.13E-05	1.01E-05	2.33E-06	1.27E-05	9.10E-06	3.23E-06	2.82E-02	3.28E-06	4.94E-02	2.07E-06	1.60E-03	1.24E-02	5.45E-06	1.23E-03	2.60E-06	4.93E-02	7.75E-06	3.13E-06	1.10E-02	1.42E-03	2.97E-06	3.22E-06	9.25E-06
A[C>T]G	1.44E-05	3.94E-02	1.20E-05	1.40E-05	9.19E-06	9.71E-06	1.34E-05	9.69E-06	1.33E-05	3.71E-05	1.05E-05	1.08E-05	8.73E-06	1.23E-05	4.44E-05	8.11E-06	7.15E-06	8.78E-06	9.56E-06	6.62E-06	6.07E-06	1.04E-05	1.51E-05	9.81E-06
A[C>T]T	1.44E-05	1.08E-05	6.23E-03	1.10E-06	1.12E-05	8.84E-06	1.11E-02	5.05E-02	1.25E-05	9.74E-06	9.58E-06	1.42E-03	4.91E-02	2.54E-02	7.03E-02	3.47E-02	1.51E-03	4.98E-06	1.39E-06	5.79E-06	7.40E-06	9.74E-06	1.04E-05	1.27E-05
A[T>A]A	8.97E-06	1.05E-05	1.15E-05	4.96E-02	2.48E-02	9.94E-06	9.92E-03	1.69E-06	1.15E-06	1.75E-03	7.67E-03	2.33E-03	9.49E-06	4.54E-06	1.37E-03	1.50E-03	1.27E-03	1.05E-06	7.11E-06	8.07E-06	1.42E-03	3.34E-06	9.68E-06	1.04E-06
A[T>A]C	1.09E-05	1.31E-05	9.29E-06	6.91E-06	4.98E-06	5.31E-06	1.33E-05	9.62E-06	4.00E-06	1.26E-05	1.38E-05	2.04E-03	9.17E-06	7.42E-06	8.18E-04	6.53E-06	7.37E-02	8.99E-06	9.10E-06	1.03E-05	6.83E-05	9.23E-06	1.32E-06	1.18E-05
A[T>A]G	1.07E-05	1.25E-02	2.00E-02	5.59E-06	9.45E-06	4.81E-06	1.19E-05	9.30E-06	9.11E-06	8.17E-06	1.34E-05	1.51E-03	4.76E-06	9.29E-06	1.23E-03	1.42E-04	1.23E-05	3.56E-06	2.09E-02	1.10E-02	1.42E-03	9.83E-06	1.36E-01	3.31E-06
A[T>A]T	9.60E-06	4.95E-06	1.01E-05	2.07E-06	9.73E-06	1.29E-06	9.59E-06	1.71E-02	5.39E-06	4.94E-02	2.08E-06	1.76E-03	6.58E-06	5.08E-06	1.64E-03	1.50E-03	2.10E-03	9.86E-07	6.27E-07	1.99E-06	1.42E-02	3.49E-06	1.46E-06	1.21E-06
A[T>C]A	1.16E-05	1.19E-05	1.26E-05	5.64E-02	1.29E-05	2.50E-02	9.93E-03	4.42E-02	8.81E-06	1.22E-05	3.41E-06	8.06E-04	9.29E-06	9.76E-06	1.37E-03	9.72E-06	1.70E-02	2.31E-06	7.02E-02	1.02E-05	5.54E-06	1.06E-05	1.20E-05	4.23E-02
A[T>C]C	3.94E-06	4.82E-06	9.76E-06	1.66E-02	6.58E-06	1.78E-06	4.08E-06	2.76E-06	2.43E-06	1.17E-03	3.01E-06	2.11E-03	2.55E-06	4.44E-06	1.64E-03	1.50E-03	1.95E-02	1.73E-02	7.09E-07	4.21E-06	6.60E-05	4.02E-06	2.45E-06	3.89E-06
A[T>C]G	1.37E-05	1.52E-05	1.53E-02	1.19E-05	8.65E-06	7.98E-06	1.26E-05	8.34E-06	1.11E-05	9.71E-06	7.68E-06	2.09E-03	5.44E-06	1.24E-05	1.30E-05	1.26E-05	1.90E-03	5.68E-06	7.65E-06	1.40E-01	4.57E-06	1.07E-05	1.19E-05	1.08E-05
A[T>C]T	9.33E-06	6.23E-03	2.87E-02	1.16E-05	4.39E-02	1.17E-05	9.74E-06	2.82E-02	4.25E-02	1.08E-05	1.24E-05	1.39E-03	1.11E-05	2.65E-06	1.28E-05	2.86E-02	1.40E-03	1.12E-05	1.01E-05	1.12E-06	1.13E-01	4.96E-06	3.13E-06	5.40E-06
A[T>G]A	3.84E-06	3.94E-06	9.69E-06	3.54E-06	1.55E-02	4.07E-06	5.23E-06	1.85E-06	1.42E-06	1.75E-03	2.48E-06	1.83E-03	1.69E-06	1.11E-02	1.64E-03	2.53E-02	2.26E-03	1.42E-06	3.68E-06	3.74E-06	2.18E-04	3.42E-06	1.24E-06	3.70E-06
A[T>G]C	6.66E-07	1.17E-06	9.57E-06	1.28E-06	9.84E-06	1.28E-06	1.75E-06	1.64E-06	1.50E-06	1.75E-03	2.19E-06	2.33E-03	1.01E-06	1.33E-06	1.64E-03	1.50E-03	2.26E-03	9.24E-07	6.35E-07	1.03E-06	1.42E-03	3.39E-06	1.25E-06	1.43E-06
A[T>G]G	6.66E-07	1.17E-06	9.57E-06	1.28E-06	9.84E-06	1.28E-06	1.75E-06	1.64E-06	1.50E-06	1.75E-03	2.19E-06	2.33E-03	1.01E-06	1.33E-06	1.64E-03	1.50E-03	2.26E-03	9.24E-07	6.35E-07	1.03E-06	1.42E-03	3.39E-06	1.25E-06	1.43E-06
A[T>G]T	8.59E-06	8.45E-06	1.24E-05	3.30E-02	1.02E-05	1.03E-06	5.96E-06	2.97E-06	1.68E-02	1.75E-03	3.03E-06	2.33E-03	3.07E-06	2.15E-06	1.64E-03	2.19E-06	1.98E-03	9.00E-07	5.89E-07	8.19E-07	1.42E-03	8.67E-06	1.94E-06	2.29E-06
C[C>A]A	9.66E-06	8.30E-06	4.81E-06	4.96E-02	7.85E-06	1.98E-02	1.11E-02	2.13E-06	3.70E-06	1.17E-03	2.91E-02	1.43E-03	6.80E-06	6.38E-06	2.50E-02	1.65E-02	2.02E-02	5.05E-06	8.17E-06	7.53E-06	3.37E-02	1.05E-05	6.06E-06	1.03E-05
C[C>A]C	1.15E-05	1.09E-05	1.19E-05	4.65E-06	1.26E-05	1.98E-02	6.97E-06	1.09E-05	6.70E-06	1.75E-03	9.61E-06	1.95E-03	9.82E-06	6.06E-06	1.12E-01	8.12E-06	1.96E-03	3.99E-02	8.77E-06	9.73E-06	6.50E-06	1.31E-05	7.00E-06	3.62E-06
C[C>A]G	9.62E-06	3.43E-06	7.14E-06	5.25E-06	9.91E-06	7.07E-06	6.23E-06	8.76E-06	2.48E-02	1.75E-03	6.47E-02	2.02E-03	2.21E-06	2.21E-02	1.23E-03	8.59E-06	9.71E-03	7.77E-06	3.20E-06	2.96E-06	1.42E-03	4.14E-06	6.20E-06	3.79E-06
C[C>A]T	1.24E-05	9.42E-06	6.18E-06	3.92E-06	1.09E-05	1.98E-02	1.21E-05	2.48E-02	3.40E-06	1.17E-03	9.97E-06	2.04E-03	6.72E-06	8.20E-06	8.17E-04	3.30E-02	1.07E-02	3.68E-06	3.30E-02	7.29E-06	6.26E-06	1.06E-05	3.33E-02	1.65E-02
C[C>G]A	5.45E-06	9.26E-06	1.01E-05	1.42E-02	8.58E-06	5.45E-06	8.68E-06	1.72E-02	2.75E-06	1.17E-03	2.92E-06	1.80E-03	9.78E-06	9.83E-06	1.64E-03	2.04E-02	4.67E-02	2.60E-06	9.11E-03	6.87E-06	9.93E-06	5.95E-06	4.23E-06	3.26E-06
C[C>G]C	1.23E-05	1.10E-05	1.01E-05	3.70E-06	1.08E-05	1.05E-05	9.97E-03	4.03E-06	5.25E-06	2.23E-02	2.56E-02	1.31E-03	9.33E-06	6.50E-06	1.23E-03	8.29E-06	1.49E-03	9.29E-06	5.58E-06	1.10E-02	6.42E-02	1.02E-05	4.86E-02	3.21E-06
C[C>G]G	5.47E-06	9.56E-06	1.01E-05	3.93E-06	4.24E-06	4.96E-02	1.14E-05	1.31E-06	2.06E-06	5.94E-06	3.02E-06	4.92E-02	5.77E-06	7.63E-06	8.16E-04	3.03E-02	1.99E-03	9.23E-07	3.08E-06	6.13E-07	1.42E-03	1.72E-06	2.48E-02	1.45E-06
C[C>G]T	9.37E-06	9.63E-06	1.26E-05	1.01E-06	9.57E-06	7.75E-02	9.18E-06	1.80E-06	3.82E-06	1.75E-03	8.03E-06	9.40E-03	1.88E-06	5.95E-06	1.64E-03	1.57E-06	1.85E-03	3.41E-06	9.84E-06	1.17E-06	1.42E-03	3.36E-06	6.64E-06	3.70E-06
C[C>T]A	1.17E-05	1.26E-05	1.37E-05	9.31E-06	1.39E-05	8.79E-06	1.83E-02	7.68E-02	1.16E-05	1.76E-03	5.75E-06	1.04E-05	1.17E-05	1.18E-05	1.28E-05	9.24E-04	9.45E-06	9.74E-06	1.09E-05	1.20E-05	9.32E-03	8.21E-06	9.97E-06	9.53E-06
C[C>T]C	1.16E-05	1.26E-05	1.27E-05	3.30E-02	1.99E-02	2.57E-06	1.02E-05	3.23E-06	1.02E-05	9.43E-06	8.97E-06	7.39E-02	7.79E-06	3.99E-06	1.13E-05	3.28E-06	1.65E-03	1.00E-05	9.75E-06	4.59E-06	1.42E-03	9.83E-06	8.21E-06	5.15E-06
C[C>T]G	1.36E-05	1.11E-05	3.85E-02	1.42E-05	1.20E-05	1.11E-05	1.04E-05	1.10E-05	1.27E-05	1.40E-05	1.21E-05	1.07E-05	9.48E-06	9.66E-06	1.59E-03	7.31E-06	1.23E-05	1.11E-05	1.17E-05	1.13E-05	1.12E-05	1.05E-05	1.01E-05	1.30E-05
C[C>T]T	1.09E-05	1.34E-05	1.12E-05	8.53E-06	1.33E-05	8.84E-06	1.18E-05	6.86E-06	1.24E-05	8.74E-04	3.99E-02	3.33E-04	2.90E-02	4.41E-02	3.23E-04	3.29E-04	1.52E-03	1.09E-01	3.35E-02	3.30E-02	1.09E-05	9.84E-06	1.09E-05	9.70E-06
C[T>A]A	7.86E-06	8.74E-06	9.53E-06	1.46E-06	1.10E-05	3.37E-02	1.79E-06	2.50E-06	5.39E-06	1.75E-03	5.13E-06	2.02E-03	1.42E-02	6.37E-07	1.38E-03	1.50E-03	2.10E-03	5.18E-06	4.96E-02	6.23E-06	1.42E-03	4.37E-06	3.55E-06	1.53E-06
C[T>A]C	1.01E-05	7.46E-06	1.05E-05	3.29E-06	5.88E-06	1.98E-02	1.06E-05	7.34E-06	3.98E-06	8.72E-04	4.56E-06	2.33E-03	1.62E-06	2.54E-02	1.64E-03	1.82E-02	1.94E-03	1.32E-06	2.48E-02	7.48E-06	1.83E-06	1.25E-05	7.27E-06	9.64E-06
C[T>A]G	6.62E-03	1.11E-02	1.36E-05	1.83E-06	1.04E-05	4.48E-06	6.57E-06	5.19E-06	4.88E-06	1.17E-03	8.76E-06	1.48E-03	9.67E-06	2.57E-06	1.53E-03	1.65E-02	3.36E-02	1.10E-01	8.47E-06	1.96E-02	1.42E-03	3.84E-06	1.38E-06	6.73E-06
C[T>A]T	6.63E-03	8.60E-06	9.86E-06	4.67E-06	3.39E-02	6.54E-02	9.07E-06	5.33E-06	2.83E-02	5.78E-04	7.11E-06	1.70E-03	2.60E-06	3.22E-06	1.64E-03	1.50E-03	1.56E-03	9.24E-06	3.30E-02	9.23E-06	7.64E-05	8.18E-06	1.67E-02	2.60E-06
C[T>C]A	1.32E-05	1.43E-05	1.45E-05	5.63E-06	1.23E-05	5.06E-06	1.17E-05	8.07E-06	2.25E-06	1.12E-05	9.64E-06	2.04E-03	9.99E-06	1.14E-05	1.64E-03	1.50E-03	2.10E-03	9.19E-06	9.64E-06	1.19E-05	1.11E-01	9.77E-06	2.85E-06	1.04E-05
C[T>C]C	9.57E-06	1.04E-05	9.50E-06	1.95E-06	6.37E-06	6.81E-02	1.06E-05	4.23E-02	5.70E-06	1.05E-03	1.99E-02	2.53E-02	6.46E-06	3.52E-06	9.32E-06	1.61E-05	1.94E-03	9.29E-06	7.02E-06	3.82E-06	8.22E-06	4.91E-06	1.00E-05	4.02E-06
C[T>C]G	1.26E-05	9.42E-06	8.31E-06	1.06E-05	7.98E-06	8.66E-06	1.08E-05	6.19E-06	5.18E-06	1.30E-05	8.72E-06	7.60E-04	9.71E-06	7.81E-02	6.52E-02	2.49E-02	5.13E-02	1.71E-06	1.82E-02	1.28E-05	9.82E-05	6.51E-06	9.38E-06	3.59E-02
C[T>C]T	4.63E-06	5.67E-06	9.27E-06	4.74E-06	7.31E-06	3.69E-06	6.48E-06	2.53E-02	1.31E-06	1.05E-03	1.99E-02	2.54E-02	7.06E-06	2.96E-06	1.64E-03	2.26E-02	1.24E-03	4.89E-06	4.30E-06	4.15E-06	2.84E-02	4.86E-06	2.87E-06	3.43E-06
C[T>G]A	9.41E-06	1.03E-06	1.10E-05	4.26E-06	1.06E-05	6.06E-06	1.37E-06	2.40E-06	3.11E-06	1.75E-03	2.13E-06	1.71E-02	1.70E-06	4.22E-06	1.64E-03	1.50E-03	2.09E-03	4.89E-06	3.30E-02	1.14E-06	1.42E-03	6.67E-06	1.16E-06	7.78E-06
C[T>G]C	5.00E-06	1.28E-05	1.03E-05	7.89E-06	8.13E-06	1.42E-02	1.02E-05	1.68E-06	3.38E-06	8.73E-04	6.60E-06	2.08E-03	5.03E-06	9.80E-06	5.66E-02	1.50E-03	1.30E-03	3.59E-06	4.80E-06	8.56E-06	4.94E-02	1.84E-06	6.31E-06	1.73E-06
C[T>G]G	1.14E-05	1.04E-05	1.15E-05	3.30E-02	1.02E-05	1.42E-02	1.06E-05	4.23E-02	6.87E-06	8.73E-04	1.43E-02	2.50E-02	4.82E-06	3.09E-06	1.64E-03	9.11E-06	1.65E-03	3.03E-06	3.23E-06	2.60E-06	7.85E-06	3.96E-02	6.95E-06	1.74E-02
C[T>G]T	7.54E-06	1.27E-05	1.26E-05	4.01E-06	4.00E-06	1.30E-01	1.99E-02	2.32E-06	2.77E-06	9.91E-06	1.14E-05	1.70E-03	9.68E-06	7.54E-06	1.09E-03	5.37E-04	1.65E-03	2.82E-06	8.70E-06	1.80E-06	6.35E-04	6.17E-06	1.66E-02	2.82E-02
G[C>A]A	1.28E-05	1.12E-05	1.09E-05	3.15E-06	1.30E-05	8.92E-06	1.02E-05	1.71E-02	1.20E-05	1.47E-05	1.35E-05	2.44E-04	5.04E-06	1.22E-05	1.46E-05	5.60E-06	1.49E-03	3.97E-02	1.26E-05	5.29E-06	8.93E-06	1.36E-01	4.96E-02	2.51E-02
G[C>A]C	6.06E-06	1.01E-05	1.29E-05	4.74E-06	9.55E-06	1.53E-06	8.96E-06	7.12E-06	8.85E-06	8.71E-04	6.24E-06	2.09E-03	4.28E-06	9.17E-06	1.02E-01	1.50E-03	2.09E-03	2.48E-06	3.91E-06	1.25E-02	4.26E-06	5.64E-06	2.78E-06	3.22E-06
G[C>A]G	9.04E-06	8.85E-06	1.40E-05	1.44E-06	9.92E-03	2.83E-02	9.19E-06	1.46E-02	3.44E-06	1.29E-05	9.43E-06	2.09E-03	9.74E-06	4.29E-06	1.23E-03	6.62E-02	1.97E-03	1.89E-06	9.13E-07	9.67E-06	6.35E-04	3.71E-06	1.97E-06	4.87E-06
G[C>A]T	1.25E-05	1.41E-05	1.23E-05	2.17E-06	1.33E-05	7.60E-06	7.00E-06	2.78E-02	3.81E-06	4.00E-02	9.09E-06	1.12E-05	6.95E-06	1.18E-05	8.19E-04	1.50E-03	1.25E-03	5.75E-06	9.66E-06	6.96E-06	2.04E-02	8.57E-06	1.12E-01	5.98E-06
G[C>G]A	2.56E-06	4.47E-06	1.22E-05	1.16E-06	9.68E-06	9.25E-06	2.55E-06	8.94E-06	1.62E-06	9.90E-02	2.01E-02	2.13E-03	2.30E-06	4.62E-06	1.64E-03	1.50E-03	1.84E-03	2.76E-06	6.72E-07	2.31E-06	1.42E-03	3.74E-06	1.95E-06	2.14E-06
G[C>G]C	7.02E-06	9.66E-06	9.60E-06	1.11E-06	9.95E-06	4.40E-06	7.14E-06	1.45E-02	2.07E-06	1.75E-03	5.98E-06	2.01E-03	5.46E-06	9.90E-02	3.46E-02	3.93E-05	1.49E-03	2.98E-06	7.92E-06	9.99E-06	1.42E-03	2.55E-02	3.11E-06	4.73E-06
G[C>G]G	9.25E-06	2.61E-06	1.00E-05	4.08E-06	1.26E-05	4.91E-02	4.85E-06	9.19E-06	1.06E-06	1.75E-03	5.36E-06	1.72E-02	2.68E-06	1.94E-06	1.64E-03	1.50E-03	2.09E-03	6.79E-06	4.14E-06	2.51E-02	1.42E-03	6.47E-06	6.67E-06	6.67E-06
G[C>G]T	5.37E-06	4.76E-06	1.09E-05	4.17E-06	7.66E-06	5.48E-06	1.01E-05	7.78E-07	3.80E-06	1.17E-03	5.04E-06	1.52E-03	2.85E-06	4.99E-06	1.64E-03	1.64E-02	1.83E-03	8.97E-06	4.00E-06	8.26E-02	4.94E-02	7.35E-06	3.15E-06	5.49E-06
G[C>T]A	6.62E-06	1.30E-05	8.31E-06	6.99E-06	1.11E-05	9.12E-06	9.74E-06	4.62E-06	1.20E-06	1.87E-04	1.21E-05	1.22E-03	1.03E-05	1.11E-02	1.31E-05	1.50E-03	1.20E-05	1.73E-02	4.46E-02	9.64E-06	6.82E-05	1.15E-01	9.65E-06	1.23E-05
G[C>T]C	1.03E-05	1.28E-05	1.32E-05	1.11E-01	5.58E-06	8.42E-06	9.53E-06	3.40E-02	9.75E-06	1.21E-05	8.69E-06	3.90E-04	1.25E-05	1.16E-05	1.15E-05	1.50E-03	5.81E-04	1.07E-05	4.23E-02	9.12E-06	2.04E-02	9.34E-06	1.02E-05	1.19E-05
G[C>T]G	2.13E-02	1.39E-05	1.41E-05	1.21E-05	1.32E-05	1.24E-05	1.48E-05	1.27E-05	1.41E-05	3.05E-05	1.40E-05	9.66E-06	1.08E-05	1.21E-05	1.08E-05	1.36E-05	1.44E-05	9.98E-06	1.12E-05	1.40E-05	1.23E-05	1.34E-05	8.45E-06	9.93E-02
G[C>T]T	1.02E-05	1.24E-05	9.42E-06	4.26E-02	1.00E-05	3.38E-02	9.25E-06	4.52E-06	9.59E-06	6.60E-02	5.59E-06	1.14E-03	3.74E-02	5.24E-06	1.05E-05	9.84E-03	1.28E-03	3.21E-06	2.48E-02	9.27E-06	4.96E-02	8.17E-06	4.40E-06	1.28E-05
G[T>A]A	4.14E-06	9.03E-06	9.62E-06	8.30E-06	2.48E-02	2.13E-06	8.04E-06	1.65E-06	1.49E-06	1.40E-03	9.93E-03	2.33E-03	2.82E-06	4.04E-06	1.64E-03	1.50E-03	1.84E-03	9.01E-07	7.26E-06	8.05E-06	1.42E-03	3.88E-06	1.16E-06	1.15E-06
G[T>A]C	5.21E-06	1.89E-06	1.28E-05	1.21E-06	1.02E-06	1.80E-06	5.80E-06	3.30E-02	1.48E-06	9.26E-06	2.23E-06	2.33E-03	1.72E-06	1.32E-06	1.64E-03	1.50E-03	2.26E-03	1.45E-06	1.10E-06	1.04E-06	1.42E-03	9.82E-06	1.07E-06	2.93E-06
G[T>A]G	3.45E-06	1.25E-02	7.13E-06	3.52E-06	9.63E-06	1.68E-06	1.26E-02	4.34E-06	2.30E-06	1.75E-03	1.65E-02	2.15E-03	1.88E-06	1.70E-06	1.23E-03	9.83E-03	1.80E-03	4.25E-06	5.75E-06	2.33E-06	1.42E-03	3.37E-02	4.80E-06	5.70E-06
G[T>A]T	4.64E-06	4.55E-06	9.35E-06	6.99E-06	9.64E-06	3.46E-06	9.50E-06	1.18E-05	9.75E-06	1.75E-03	4.91E-06	3.32E-02	5.92E-06	3.34E-06	1.31E-03	1.10E-02	2.09E-03	2.65E-06	4.68E-06	3.64E-06	3.60E-06	1.74E-02	3.41E-06	3.31E-06
G[T>C]A	1.03E-05	5.72E-06	2.25E-02	3.93E-02	7.61E-06	2.96E-06	4.68E-06	3.01E-02	4.12E-06	1.31E-03	3.08E-06	1.71E-03	1.24E-02	1.03E-05	8.16E-04	4.51E-04	2.26E-03	6.15E-06	2.76E-06	3.20E-06	5.40E-05	4.29E-06	3.47E-02	3.67E-06
G[T>C]C	9.78E-06	6.84E-06	9.83E-06	4.40E-06	8.80E-06	2.50E-02	1.00E-05	9.55E-06	5.48E-02	1.17E-03	2.99E-06	6.01E-04	9.49E-06	1.11E-05	3.29E-02	7.01E-06	1.96E-02	4.72E-06	1.46E-02	1.96E-02	6.35E-04	6.71E-06	8.97E-06	9.61E-06
G[T>C]G	1.03E-05	5.91E-06	1.06E-05	2.83E-02	6.24E-06	5.18E-06	6.18E-06	4.74E-06	2.00E-06	5.20E-02	3.53E-06	1.59E-03	6.74E-06	1.00E-05	1.64E-03	4.38E-04	1.84E-03	2.04E-02	7.62E-06	6.28E-06	5.36E-06	8.20E-06	2.91E-02	5.34E-06
G[T>C]T	6.43E-06	8.71E-06	5.12E-06	9.21E-06	3.39E-02	2.16E-06	1.11E-02	1.45E-02	2.71E-02	1.17E-03	5.31E-06	4.92E-02	8.00E-06	7.89E-06	1.28E-05	5.21E-05	1.84E-03	4.99E-06	5.16E-06	3.61E-06	1.42E-03	6.12E-06	8.11E-06	4.64E-06
G[T>G]A	2.52E-06	9.16E-07	9.57E-06	1.42E-02	6.76E-06	1.32E-06	3.32E-06	2.43E-06	1.51E-06	1.17E-03	3.50E-06	2.09E-03	3.71E-06	2.25E-06	1.64E-03	1.50E-03	2.26E-03	3.45E-06	2.18E-06	1.25E-02	1.42E-03	5.42E-06	3.27E-06	2.89E-06
G[T>G]C	4.79E-06	1.18E-06	7.09E-03	2.05E-02	1.98E-02	1.47E-06	2.74E-06	2.18E-06	2.24E-06	1.61E-03	2.39E-06	2.05E-03	4.75E-06	5.34E-06	8.16E-04	1.50E-03	2.26E-03	3.97E-06	1.46E-06	1.20E-06	1.42E-03	4.93E-06	2.44E-06	1.45E-06
G[T>G]G	1.11E-02	1.21E-05	9.40E-06	3.30E-02	1.23E-05	1.98E-02	9.12E-06	1.56E-06	8.36E-06	1.75E-03	2.83E-06	7.04E-04	7.22E-06	6.66E-06	6.44E-02	1.50E-03	1.92E-03	1.25E-06	3.42E-02	1.08E-05	3.37E-06	3.67E-02	7.70E-06	1.02E-05
G[T>G]T	6.56E-06	9.41E-06	6.33E-06	1.32E-06	1.28E-05	4.06E-06	4.66E-06	3.71E-06	1.99E-06	1.75E-03	2.49E-06	1.52E-03	6.75E-06	3.24E-06	8.16E-04	2.03E-02	4.91E-02	3.30E-02	2.87E-06	5.88E-06	1.42E-03	4.42E-06	1.86E-06	9.42E-06
T[C>A]A	1.09E-05	1.01E-05	7.09E-03	3.18E-06	3.08E-02	1.10E-05	6.93E-06	9.81E-07	2.51E-02	1.04E-01	2.60E-06	8.50E-04	6.27E-06	9.54E-06	8.17E-04	6.79E-06	1.19E-03	4.31E-02	1.04E-05	9.60E-06	1.42E-03	5.40E-06	8.84E-06	7.14E-06
T[C>A]C	1.18E-05	9.76E-06	1.19E-05	8.06E-02	1.06E-05	9.34E-06	9.11E-06	5.45E-06	3.22E-02	1.17E-03	1.43E-02	1.51E-03	1.50E-05	2.48E-02	9.81E-06	5.51E-02	1.65E-03	5.11E-06	4.24E-06	1.99E-02	1.16E-05	1.74E-02	8.23E-06	2.94E-06
T[C>A]G	1.18E-05	1.21E-05	1.03E-05	7.58E-06	1.01E-05	1.28E-05	1.32E-05	1.69E-06	2.08E-06	8.84E-04	1.15E-05	2.04E-03	3.86E-06	4.30E-06	1.64E-03	1.50E-03	2.88E-05	1.98E-02	9.18E-06	7.72E-02	4.94E-02	3.90E-06	2.42E-06	1.74E-02
T[C>A]T	9.38E-06	9.46E-06	6.67E-03	1.76E-06	3.97E-02	1.59E-06	2.30E-02	3.06E-06	3.04E-06	1.75E-03	3.67E-06	1.68E-03	4.96E-02	4.25E-06	1.03E-05	1.73E-04	1.87E-03	2.00E-02	2.09E-06	1.04E-02	1.42E-03	7.93E-06	2.81E-06	2.80E-06
T[C>G]A	1.00E-05	1.77E-02	1.24E-05	9.84E-06	2.48E-02	4.09E-06	1.10E-05	2.14E-06	1.17E-01	1.17E-03	6.00E-06	9.38E-04	1.12E-05	9.64E-06	1.64E-03	2.03E-02	4.12E-04	2.58E-02	7.66E-06	1.20E-05	1.24E-05	5.55E-06	1.66E-02	1.01E-05
T[C>G]C	7.11E-03	1.13E-05	1.08E-05	4.51E-06	1.07E-05	9.86E-06	1.07E-05	1.67E-02	5.59E-06	1.75E-03	5.14E-06	7.40E-05	1.22E-05	1.24E-05	1.10E-05	7.94E-06	1.61E-03	2.22E-06	8.93E-02	9.39E-06	8.69E-06	1.01E-05	9.48E-06	1.11E-05
T[C>G]G	1.04E-05	1.25E-05	1.21E-05	6.74E-06	9.98E-03	3.17E-06	1.19E-05	9.00E-06	9.75E-06	8.74E-04	9.18E-06	8.39E-02	2.04E-02	5.74E-06	1.64E-03	4.55E-06	1.65E-03	1.06E-05	3.54E-06	2.89E-06	3.19E-06	1.01E-05	3.31E-02	4.80E-06
T[C>G]T	1.44E-05	1.24E-05	1.29E-05	1.39E-05	1.04E-05	5.45E-06	8.42E-06	1.10E-05	1.17E-05	1.27E-05	4.13E-02	1.31E-05	1.21E-05	1.20E-05	1.35E-05	4.01E-05	1.20E-05	1.25E-05	1.34E-05	9.53E-06	1.00E-05	1.01E-05	1.24E-05	1.13E-05
T[C>T]A	1.42E-05	1.31E-05	1.20E-05	9.55E-06	9.65E-02	1.19E-05	1.15E-05	1.16E-05	6.13E-06	1.54E-03	4.16E-02	1.19E-05	1.42E-05	1.02E-05	4.06E-04	1.22E-05	3.89E-05	9.76E-06	1.17E-05	3.38E-06	9.44E-06	1.00E-05	1.41E-05	1.41E-05
T[C>T]C	1.19E-05	1.19E-05	1.26E-05	9.02E-06	1.26E-05	1.29E-05	1.35E-05	2.08E-06	3.46E-06	9.91E-06	1.08E-05	1.29E-05	9.91E-02	4.43E-02	4.93E-05	1.33E-05	1.09E-05	8.56E-06	1.16E-05	1.44E-05	7.61E-04	4.29E-06	9.34E-06	4.79E-06
T[C>T]G	1.43E-05	1.30E-05	1.22E-05	1.09E-05	1.23E-05	1.09E-05	4.00E-02	9.69E-06	1.14E-05	9.66E-06	1.16E-05	8.47E-06	1.19E-05	1.43E-05	1.32E-05	1.08E-05	1.08E-05	1.09E-05	2.97E-06	8.00E-06	7.03E-06	8.57E-06	1.37E-05	9.62E-06
T[C>T]T	1.77E-02	1.26E-05	1.26E-05	1.01E-05	1.11E-05	1.01E-05	1.11E-05	3.91E-06	1.14E-05	5.80E-04	1.13E-05	1.28E-05	1.11E-05	1.16E-01	1.27E-05	1.03E-05	7.82E-04	6.67E-06	1.15E-05	9.94E-06	9.82E-06	5.91E-06	9.75E-06	3.30E-02
T[T>A]A	8.86E-06	7.58E-06	1.02E-05	8.95E-06	1.04E-05	2.43E-06	9.16E-06	4.26E-06	1.74E-02	1.75E-03	7.99E-06	2.33E-03	4.95E-02	9.20E-06	1.64E-03	3.81E-05	1.49E-03	1.15E-06	4.62E-06	4.12E-06	2.03E-02	5.14E-06	1.35E-06	2.71E-06
T[T>A]C	5.15E-06	5.39E-06	9.60E-06	1.83E-06	9.65E-06	2.68E-06	5.57E-06	2.56E-06	1.80E-06	1.75E-03	5.29E-06	2.01E-03	4.51E-06	5.41E-06	1.64E-03	5.71E-06	2.01E-02	2.45E-06	3.61E-06	4.99E-06	1.42E-03	5.46E-06	2.88E-02	5.34E-06
T[T>A]G	9.68E-06	6.23E-03	9.55E-06	1.32E-06	9.98E-03	6.29E-06	1.78E-06	1.61E-06	9.91E-02	1.75E-03	2.95E-06	2.23E-03	4.91E-06	1.45E-06	1.64E-03	1.50E-03	1.93E-03	8.64E-07	6.35E-07	1.04E-06	1.42E-03	3.48E-06	1.63E-06	1.78E-06
T[T>A]T	1.02E-05	7.32E-06	1.08E-05	5.94E-06	9.61E-06	1.12E-05	6.61E-06	2.53E-06	3.31E-06	1.22E-05	8.93E-06	1.45E-03	6.80E-06	8.46E-06	1.64E-03	3.29E-02	2.26E-03	1.08E-06	5.64E-02	2.00E-06	1.42E-03	1.10E-05	2.08E-06	8.43E-06
T[T>C]A	9.92E-06	9.53E-06	1.25E-05	2.56E-06	1.03E-05	1.37E-06	5.26E-06	3.60E-06	1.74E-02	1.75E-03	3.13E-06	2.33E-03	9.23E-06	1.31E-06	1.64E-03	3.79E-05	1.96E-03	4.88E-06	5.72E-07	9.91E-02	1.42E-03	5.27E-06	4.99E-06	1.40E-06
T[T>C]C	2.67E-06	8.12E-06	9.98E-06	4.44E-06	1.15E-05	3.85E-06	1.24E-05	8.79E-06	7.78E-02	1.75E-03	5.57E-06	1.52E-03	9.87E-06	1.39E-05	1.64E-03	1.50E-03	1.72E-02	6.59E-06	5.88E-07	5.12E-06	6.57E-05	6.13E-06	1.20E-05	1.74E-02
T[T>C]G	1.10E-05	9.46E-06	9.51E-06	2.59E-06	9.75E-06	4.45E-06	9.53E-06	1.73E-06	4.56E-06	6.58E-02	7.67E-03	2.33E-03	7.02E-06	4.78E-06	1.64E-03	8.01E-07	1.97E-03	4.18E-06	1.82E-06	7.99E-07	1.42E-03	3.29E-06	1.51E-06	1.66E-06
T[T>C]T	7.76E-06	8.28E-06	5.30E-06	9.49E-06	1.13E-05	5.18E-06	5.28E-06	3.91E-02	3.57E-02	1.31E-03	4.26E-06	1.79E-03	1.24E-02	4.61E-06	8.16E-04	1.50E-03	1.65E-03	4.03E-02	8.65E-06	2.20E-02	1.42E-03	6.91E-06	5.85E-06	5.99E-06
T[T>G]A	4.85E-06	1.78E-06	1.03E-05	1.29E-06	9.83E-06	2.68E-06	1.91E-06	1.65E-06	2.78E-06	1.75E-03	2.20E-06	2.33E-03	9.29E-07	2.54E-06	1.64E-03	1.50E-03	1.83E-03	4.74E-06	9.53E-07	1.74E-06	2.03E-02	3.41E-06	5.31E-06	1.12E-06
T[T>G]C	9.55E-06	4.81E-06	7.70E-06	1.80E-06	1.05E-05	2.50E-06	4.93E-06	3.74E-06	1.94E-06	4.94E-02	4.46E-06	2.33E-03	4.90E-06	8.93E-06	1.31E-03	5.54E-06	2.01E-02	4.26E-06	1.65E-02	2.26E-06	5.09E-06	6.44E-06	2.28E-06	2.26E-06
T[T>G]G	6.66E-07	1.17E-06	9.57E-06	1.28E-06	9.84E-06	1.28E-06	1.75E-06	1.64E-06	1.50E-06	1.75E-03	2.19E-06	2.33E-03	1.01E-06	1.33E-06	1.64E-03	1.50E-03	2.26E-03	9.24E-07	6.35E-07	1.03E-06	1.42E-03	3.39E-06	1.25E-06	1.43E-06
T[T>G]T	1.03E-05	1.25E-05	7.32E-06	7.89E-06	5.50E-06	2.54E-02	1.08E-05	9.67E-06	1.02E-05	1.00E-05	8.70E-06	3.26E-02	1.32E-05	8.87E-06	1.36E-05	1.11E-05	1.94E-03	8.62E-02	7.18E-06	1.20E-06	7.80E-06	1.66E-02	5.54E-06	7.01E-06
