MutationType	SBS96A	SBS96B	SBS96C	SBS96D	SBS96E	SBS96F	SBS96G	SBS96H	SBS96I	SBS96J	SBS96K	SBS96L	SBS96M	SBS96N	SBS96O	SBS96P	SBS96Q	SBS96R	SBS96S	SBS96T	SBS96U	SBS96V	SBS96W	SBS96X
A[C>A]A	6.68813599714017e-05	7.560146041214466e-05	0.01132537155162936	0.017088732043885103	7.058075279928744e-05	0.03312792465658276	7.600981516588944e-05	8.596798397775274e-05	9.327232037321664e-05	0.0014068546617636458	0.007754757861766848	0.033885415168697364	0.012488086291705258	7.945275215206493e-05	0.0009055085245563532	0.0010625854854879435	0.03510078349172545	7.975236503625638e-05	9.093001499422826e-05	8.295673328866382e-05	0.0007912556204246358	8.525632292730734e-05	0.04848444976960309	0.025210741779331802
A[C>A]C	0.00717969245043264	4.532488986797034e-05	4.3415349040287765e-05	8.924887588364072e-05	6.872373969599722e-05	6.059153334945222e-05	4.9101254973898945e-05	8.31330506116501e-05	9.293817274738103e-05	5.369949207952862e-05	7.437016315918754e-05	0.0003083825083933789	6.369853063006303e-05	7.530585626227548e-05	0.0007325496306293644	0.3610584783695231	0.001419168754364364	8.733592403586954e-05	7.564222255496134e-05	0.01050515808252328	6.550355396939267e-05	0.03429745247849496	8.279141329694539e-05	8.183450481737963e-05
A[C>A]G	9.022601989272516e-05	8.620842927484774e-05	8.204510261151654e-05	9.149705638265005e-05	9.289346853620372e-05	0.014265948303363984	8.159700364558375e-05	9.856093092821538e-05	9.998935638577677e-05	0.000961083847187183	8.685679076734232e-05	0.004675133473938331	0.04963017615955323	9.015713740154752e-05	0.0017418324008758646	0.0015951787325320765	0.002847658420796506	9.960190363926813e-05	9.745468196342699e-05	9.764651476871223e-05	0.0015188958292128517	9.75573762843851e-05	9.925212725647725e-05	9.861267972155474e-05
A[C>A]T	9.206682407238986e-05	9.053605099325068e-05	7.827762350700595e-05	9.882849553832784e-05	8.529992445573952e-05	0.000100446525902953	9.253693933715112e-05	9.854038580670021e-05	9.934441986843012e-05	0.001851251984044211	9.616751776775345e-05	0.004673877082677791	0.014531634726154152	9.621299759601242e-05	0.001739384665415855	0.0015934636088786648	0.019896487762889593	0.02049369662126992	9.835992095759138e-05	9.53009192016907e-05	0.00016509794586454517	9.550031318212859e-05	9.86815124633722e-05	9.841886931098998e-05
A[C>G]A	7.831307707772961e-05	8.109159597893267e-05	8.806100613583112e-05	9.76741750491783e-05	7.839410608312392e-05	9.89265667158179e-05	7.458866688807575e-05	8.86111447471194e-05	9.10843764359015e-05	0.10096171740660793	0.007762673521210672	0.003148043253167998	8.536514320667266e-05	9.327207772003021e-05	9.037554127644398e-05	0.0002718308322073426	0.07036637338533183	9.738318694871851e-05	8.846112991847121e-05	0.010518234761548229	0.0015187501412583515	9.620591154089198e-05	9.29691766941687e-05	8.732834169312697e-05
A[C>G]C	8.663726148370188e-05	7.608173568769416e-05	7.715389890847746e-05	9.2208999376453e-05	0.024870237914547032	9.130548914981773e-05	7.1064111225283e-05	0.03313061709050089	9.617125324439258e-05	0.05910294558752867	9.78357158601284e-05	0.004674400686053559	8.489799410256182e-05	9.40524900215678e-05	0.0017322924489235447	0.001594315676629776	0.001355102034722222	9.86185870715417e-05	8.606605842942372e-05	8.042335366553743e-05	0.001515190373174846	8.092799946552986e-05	9.06044474504597e-05	9.703190298750996e-05
A[C>G]G	7.438900911242996e-05	7.737119492503552e-05	7.685233313523555e-05	0.01708512541199525	7.022128701237307e-05	9.100752140511759e-05	7.259890667228319e-05	0.014516256914066616	0.09104288999078562	0.0018380967569100904	9.141067384916823e-05	0.0033388636042218423	0.020422619314621214	8.064816920523299e-05	8.912903194868704e-05	8.58612525917124e-05	0.002162121224682778	9.376002562930808e-05	0.03922442044204218	9.310305758845062e-05	0.000791531730646966	0.025530448901247383	8.503507169734802e-05	9.18152007216122e-05
A[C>G]T	5.124618014693549e-05	6.924581476255298e-05	7.240138947963714e-05	8.549379599571693e-05	7.273358822885711e-05	8.784657966316445e-05	7.147182732296642e-05	9.102637850446626e-05	0.032298293417261446	0.0018375406221821321	7.898968069639523e-05	0.04025528342790494	5.820114253083375e-05	8.457920366709005e-05	0.15775583811846444	9.049371401488315e-05	0.0015298522826924454	0.01742054479327635	8.507782877131831e-05	7.989403311512434e-05	0.05358807955549309	8.604776876381947e-05	8.588272612541914e-05	8.750249694458034e-05
A[C>T]A	6.095358656725836e-05	2.213972175937329e-05	4.961968443240039e-05	7.488472565455594e-05	5.3590503046052615e-05	6.835427307003706e-05	5.694156552920049e-05	7.68072206483339e-05	6.673153956171518e-05	6.05959954100399e-05	7.85744874519878e-05	0.00018221150403405773	0.04004137227002502	5.25646878954511e-05	6.120869163215304e-05	6.343414267178105e-05	6.888229797823442e-05	5.869609988167213e-05	8.276898006442934e-05	7.901694589236285e-05	6.781507154300926e-05	7.984429648786318e-05	5.421834762273647e-05	0.6076296269806335
A[C>T]C	8.065953879849985e-05	6.970335276719197e-05	6.968050511204637e-05	9.639328782213852e-05	7.117649965948658e-05	8.38952773847268e-05	8.875387429725378e-05	0.028334620701207312	9.543586711515672e-05	0.06221134932111454	9.530884708510711e-05	0.0023065723820764107	0.012486704540424397	8.769716696406249e-05	0.0013263463908515405	9.558605088386685e-05	0.052565553324166105	8.48770472657634e-05	9.280588419642299e-05	0.01110341216190136	0.0015126528774999314	9.493886245763861e-05	9.316002906416543e-05	8.485922044201288e-05
A[C>T]G	4.8733322016669686e-05	0.9268156945705414	5.539608470996882e-05	6.0132762223474855e-05	8.061908374656923e-05	8.755581552577496e-05	5.033694932332633e-05	8.06236123025883e-05	6.522875835699438e-05	9.834517359195161e-05	6.589243724874905e-05	7.686170288714322e-05	8.401345749007306e-05	6.977768650813232e-05	0.00011958997238536995	8.059449046413648e-05	8.746781277295668e-05	8.71842657943489e-05	7.202199576568091e-05	8.841955641401001e-05	8.896983927115798e-05	7.558876754956145e-05	5.935603826330293e-05	8.582438433846207e-05
A[C>T]T	5.0861226744203233e-05	6.997366214989142e-05	0.006281186106608061	9.67655832937453e-05	6.748150458406599e-05	8.161520536305033e-05	0.011157058453591162	0.06867991712861113	6.883925780130085e-05	8.037822618973678e-05	7.536902959373037e-05	0.002203973972063977	0.04918216897231105	0.025441458296154452	0.10087224767848965	0.03482271312823286	0.0019447978003881872	8.740148514334578e-05	9.8205148242414e-05	8.227459802583326e-05	8.677157748024911e-05	7.973239281113819e-05	7.329912923523808e-05	7.469235877124447e-05
A[T>A]A	8.446667006865028e-05	7.876836311879743e-05	7.754801048456272e-05	0.04968392358769051	0.02485813866504145	8.939097331222002e-05	0.01001100935454815	9.72154681221582e-05	9.917704373947344e-05	0.0018490567003027537	0.007765101005497854	0.004673530067520915	8.618653428129618e-05	8.978964324342087e-05	0.0014669567019154784	0.001594227669556858	0.0013690744592167903	9.805552836041897e-05	9.048833835549886e-05	8.999807596410392e-05	0.0015147813413932455	9.426027172594331e-05	8.915321513995878e-05	9.856459946604446e-05
A[T>A]C	6.952471224330736e-05	5.766121022017234e-05	6.652164311162778e-05	8.479849711875431e-05	8.15030769445002e-05	8.989685047708918e-05	4.760306532389791e-05	7.851042486208825e-05	8.733561771805398e-05	6.33555839328892e-05	6.477605179263656e-05	0.0031375203022435015	7.158269982028287e-05	7.372038053290452e-05	0.0009013307200802956	8.440374986093958e-05	0.24902995706506773	8.099995575321373e-05	7.243594227475114e-05	7.556989332897501e-05	0.00013870706678744681	8.051187460296205e-05	9.467628551647067e-05	7.032057492324384e-05
A[T>A]G	6.590237189811887e-05	0.012544393547432264	0.020023315907307195	9.275992524635513e-05	8.280734509753529e-05	9.405816381331533e-05	6.78520585069009e-05	8.33717896057351e-05	8.485990692861379e-05	8.579731311328942e-05	7.25176962760088e-05	0.003055757854599506	9.080924355657772e-05	7.539644579992454e-05	0.001316602718543436	0.00022740008789696732	7.802071400355714e-05	9.323118356405758e-05	0.020951443208195995	0.011112666025292128	0.0015141155752644408	8.042703477713075e-05	0.34686103991407435	9.051357847056352e-05
A[T>A]T	8.511381545304176e-05	8.841428898449521e-05	8.019837944459596e-05	9.812258940655738e-05	8.612710697661897e-05	0.00010124878608621656	7.999393695259371e-05	0.017202860643010354	9.164212679024786e-05	0.05140521665016422	9.588933899067343e-05	0.0029819876377587206	8.624982401670423e-05	9.333913367299828e-05	0.001741863246570574	0.0015964046768203843	0.00323783727872069	9.952702166629023e-05	9.944947305484675e-05	9.687575802672655e-05	0.015756657609017566	9.42383187066298e-05	9.77275354671292e-05	9.832778159761802e-05
A[T>C]A	5.016995344462316e-05	5.821649435802101e-05	3.9489539703296825e-05	0.08271138599520782	5.857503115294094e-05	0.02509889743032545	0.0099810774828196	0.06643758158134005	8.114063002722105e-05	6.779628547519679e-05	8.876191059243865e-05	0.001293026750227	7.676233283291368e-05	7.573649912728797e-05	0.0014557829603290885	8.561840777474572e-05	0.01704109352940577	9.14878401090391e-05	0.09888083296391414	7.88611610460066e-05	8.62344320921693e-05	6.777939699986746e-05	6.940187570307899e-05	0.042345289177330867
A[T>C]C	9.167150856228545e-05	8.961853854998481e-05	8.08994893674253e-05	0.016702397503104295	9.180723209283315e-05	0.00010048654730780982	8.774176967563108e-05	9.632137225707993e-05	9.946802165359259e-05	0.0012632413621759043	9.322489204350859e-05	0.004204968980775448	9.547420777380466e-05	9.396879031555727e-05	0.0017374062510498334	0.0015962938930897507	0.02432449944972177	0.017435516532714246	9.880407669697888e-05	9.206329923472367e-05	0.00016310433129547165	9.480392764089629e-05	9.658165945438668e-05	9.277353237848728e-05
A[T>C]G	5.8842748156351375e-05	5.049895363384849e-05	0.015402039289722325	7.547006158574732e-05	7.37832697268459e-05	8.457343501504511e-05	5.586530064647377e-05	7.98068238509586e-05	7.471091175363931e-05	7.891508690249793e-05	7.666976962354966e-05	0.0031897805258267907	9.145385920419357e-05	7.423429125310576e-05	7.856456413222191e-05	7.398273762646568e-05	0.002888831933887559	8.922909109969624e-05	8.821786159387556e-05	0.43641962921465166	9.258401514671278e-05	7.6733044716093e-05	6.937424906823253e-05	7.271357183071813e-05
A[T>C]T	7.627893475046222e-05	0.0062935993595601755	0.02874058624427107	7.249848060837394e-05	0.06462353470496965	7.797690573170257e-05	7.853464194909065e-05	0.028316529567064208	0.04257249893780681	6.119994751175514e-05	7.079428024070467e-05	0.002016170728347788	7.385814882567842e-05	9.298966033384204e-05	7.545150201337947e-05	0.02868059294045224	0.0020982924546842697	8.313247126352507e-05	8.233900834966334e-05	9.329179010819644e-05	0.1656649896140152	9.212992081302218e-05	9.53920985921286e-05	8.713417519174982e-05
A[T>G]A	9.327300722361542e-05	9.21349725103937e-05	8.10188422562419e-05	9.525457935524173e-05	0.015549192326204775	9.715125124785118e-05	8.497060880472418e-05	9.760381290107034e-05	0.0001004940815619193	0.0018464571090589742	9.439451605430804e-05	0.003415798787318636	9.613974616513587e-05	0.011157900460239034	0.0017399337324604859	0.026969587272469654	0.004502714662521612	9.887654159683734e-05	9.576515585649759e-05	9.443404851481319e-05	0.0003141648550808895	9.52973474340979e-05	9.935466150636784e-05	9.511652096989564e-05
A[T>G]C	9.734261984704063e-05	9.542554907966405e-05	8.603651834135917e-05	0.0001000749267404899	8.876098544305933e-05	0.00010186251311097294	9.404877564520576e-05	9.895834300550632e-05	0.00010105814944836312	0.0018512764530896676	9.660080468165688e-05	0.004674296372832032	9.828856709646062e-05	9.941089083440602e-05	0.0017424230369215365	0.0015972588589647785	0.004503085791657213	0.00010024923467426561	9.973272099159658e-05	9.787595772650092e-05	0.0015192530234344303	9.667830963735468e-05	9.931014210451394e-05	9.904248072416522e-05
A[T>G]G	9.734261984704063e-05	9.542554907966405e-05	8.603651834135917e-05	0.0001000749267404899	8.876098544305933e-05	0.00010186251311097294	9.404877564520576e-05	9.895834300550632e-05	0.00010105814944836312	0.0018512764530896676	9.660080468165688e-05	0.004674296372832032	9.828856709646062e-05	9.941089083440602e-05	0.0017424230369215365	0.0015972588589647785	0.004503085791657213	0.00010024923467426561	9.973272099159658e-05	9.787595772650092e-05	0.0015192530234344303	9.667830963735468e-05	9.931014210451394e-05	9.904248072416522e-05
A[T>G]T	8.552306553610833e-05	8.438471568297245e-05	7.706748045137602e-05	0.033117288163339254	8.41677512539718e-05	0.00010078604827867821	8.845673146424815e-05	9.607613974367268e-05	0.016870137626392535	0.0018505551153793931	9.32289840420708e-05	0.004669552330597071	9.411937062395737e-05	9.762799309100955e-05	0.0017411879423889331	9.809910479816609e-05	0.0037513326766202225	9.974463901016862e-05	9.955819332390093e-05	9.685306940809824e-05	0.0015185266267508269	8.711790051165735e-05	9.707384306238964e-05	9.704607437015511e-05
C[C>A]A	7.020256853138563e-05	8.044499336392618e-05	8.791719337750692e-05	0.04966542506299447	8.286894135380862e-05	0.01990355206253298	0.011150659812847153	9.459621433052234e-05	9.329454333055765e-05	0.001246993403401575	0.029141973484365737	0.002697259141859831	7.999987174116541e-05	8.633500729047228e-05	0.025037605840872945	0.016620918200715096	0.02389706521644257	8.410020673181862e-05	8.143872910295613e-05	8.782235890976153e-05	0.03384072007975192	8.201209877825021e-05	8.865343406796455e-05	8.118191223580596e-05
C[C>A]C	7.320345712287235e-05	7.729740204922563e-05	6.242047359563684e-05	9.056761773535982e-05	7.154380820111328e-05	0.019898702174941718	8.174302929546684e-05	8.41139748530395e-05	8.835111075313761e-05	0.001850363303674385	8.022006732062436e-05	0.0033980445841734763	8.799403388799476e-05	9.031105364556424e-05	0.16526109072074177	8.326128427142976e-05	0.003000312178846798	0.04000285423608148	8.314740898640594e-05	8.298773245769553e-05	9.344576683361084e-05	7.575888210311632e-05	8.693791933183093e-05	9.392432693857699e-05
C[C>A]G	8.426091528761943e-05	9.058239520527422e-05	8.479641983285546e-05	9.064470577868633e-05	7.749547838784566e-05	9.032017951540183e-05	8.685756292834413e-05	8.602160560258198e-05	0.024866527156700614	0.0018269049750415435	0.08104937746452379	0.0038969005181570537	9.441020592930727e-05	0.02220151219607942	0.0013146026343584083	8.125017138809199e-05	0.011129641147999792	8.826347020658431e-05	9.371979685965926e-05	9.195458187605254e-05	0.0015122598670131993	9.078409930225461e-05	9.131359693128615e-05	9.444535462534986e-05
C[C>A]T	6.589331700297407e-05	8.020323348318925e-05	7.676167879253626e-05	9.195589882438071e-05	7.67583319429832e-05	0.019893002716708	5.6929066369804106e-05	0.024885345607617636	9.393828077008948e-05	0.001251418029278284	8.569391320483178e-05	0.003141703709025023	8.708436362212524e-05	7.811769828549586e-05	0.0009040436718350975	0.033121676767405	0.012163792818319053	9.130950347753241e-05	0.033122990463016325	7.991689271875657e-05	9.03566789929755e-05	7.33590174093024e-05	0.033396339839237045	0.016610489361119106
C[C>G]A	8.73374334332766e-05	8.301556099468143e-05	7.617220439044558e-05	0.014260140188343939	8.013175975065678e-05	8.979266895039472e-05	7.836037402739749e-05	0.01731910211383365	9.697199639049358e-05	0.0012582044906594091	9.07403307792265e-05	0.002743418353202287	7.848871446185513e-05	8.201482498293444e-05	0.0017294290893914877	0.020960010812268594	0.05158750683258404	9.684491669759154e-05	0.009202523472777103	8.713137722224929e-05	8.84637146782552e-05	8.813282765913754e-05	9.120969698415138e-05	9.336646544397809e-05
C[C>G]C	6.848775814312091e-05	5.9276252204654154e-05	6.011192571122592e-05	8.9690150343813e-05	7.034975786837094e-05	7.777378240803046e-05	0.010026424559222013	9.4709019685979e-05	8.753531546972227e-05	0.02426356829590759	0.025714102855636155	0.0014299788974312833	8.038451529529117e-05	8.159733733918984e-05	0.001313530583266953	8.138772045640508e-05	0.0015714777010487069	8.421017469117942e-05	8.542507857782766e-05	0.011090904155935277	0.11547652643639594	7.818069921086134e-05	0.0486766497177733	9.251418086932972e-05
C[C>G]G	8.707550732651725e-05	7.99990748930668e-05	7.456954635927104e-05	9.29791982343886e-05	9.2012518143747e-05	0.04966304603149183	6.904604665578518e-05	9.864675957942382e-05	9.903218015097081e-05	8.892472578736488e-05	9.267102868761867e-05	0.05324993330577854	8.885121569619514e-05	8.460270146315452e-05	0.0009146628122834955	0.04523734439499094	0.0037874047193326987	9.978836314985528e-05	9.658984781708568e-05	9.753603007993661e-05	0.0015009243495114788	9.746661016833969e-05	0.024890377451083624	9.90614469628781e-05
C[C>G]T	8.337272981862043e-05	8.095915349253247e-05	7.555814939905759e-05	9.821762796491385e-05	8.465918471074474e-05	0.1149724972929107	8.531789358130481e-05	9.731929167173803e-05	9.458970671403222e-05	0.0018454884990205755	8.847419958328828e-05	0.012736183063680073	9.382969292346389e-05	9.24049596505938e-05	0.0017297618126804082	9.78229167230893e-05	0.0028396494002208782	9.495112462900578e-05	8.84806594768861e-05	9.56209194555413e-05	0.0015066525409565656	9.479144137003459e-05	9.10598519112682e-05	9.452601152588613e-05
C[C>T]A	6.627712927176589e-05	5.4705645561625714e-05	5.577726433898533e-05	8.698223682586103e-05	4.9139416240961964e-05	8.214432928070892e-05	0.01833685477486142	0.3022364997268596	7.639306552960079e-05	0.001819095068415777	8.790224310359918e-05	7.487767611564777e-05	5.080376915884699e-05	5.450675566294194e-05	7.196867073078206e-05	0.0010052079554725424	7.470832188118947e-05	6.751514997631603e-05	7.5363023825048e-05	6.481999224092761e-05	0.009378803047360407	7.406829099636525e-05	7.272947532328544e-05	7.338878740483778e-05
C[C>T]C	6.317998590930075e-05	4.8798943561223494e-05	5.674620897480054e-05	0.03308070680304809	0.019976614926508773	9.31814509385731e-05	5.867262503938325e-05	8.790394931565971e-05	7.848989722525346e-05	7.484350153390551e-05	7.897900422904058e-05	0.2272217658293812	8.164319224306383e-05	8.926144619181287e-05	7.008057382336119e-05	9.119200112763792e-05	0.001724913325460875	8.282314820462489e-05	8.682353350693006e-05	8.705098880454898e-05	0.0015038258257504822	7.594071539642754e-05	7.436165396939032e-05	8.555066342523787e-05
C[C>T]G	4.255091844171943e-05	5.0670366704252956e-05	0.868466067314148	6.346477083525315e-05	6.688359137596578e-05	6.840632377134171e-05	7.568307123619888e-05	7.786207524702604e-05	4.594908583612778e-05	4.471440948918826e-05	7.167685295144111e-05	6.557073629664956e-05	7.273141151031837e-05	8.153942566337946e-05	0.001670883330653794	8.343331464857328e-05	5.944372982789048e-05	7.218292912725133e-05	7.579762540217416e-05	6.495145196367957e-05	6.94675140266554e-05	6.896203093730291e-05	6.602942557947245e-05	5.969909265672868e-05
C[C>T]T	6.343844743241788e-05	4.1829208567278894e-05	5.930342846340864e-05	7.837263619876466e-05	6.302184865489835e-05	8.463429912808351e-05	6.273467577455616e-05	8.245847966463771e-05	7.67962480551887e-05	0.0009406888029388938	0.039993001428956634	0.0003982835878559854	0.029087001119060575	0.044159279683026395	0.00039511334853159497	0.0004075243810802931	0.002054108777133479	0.25846048831081136	0.03353507268766407	0.033121808940495615	7.303669559917125e-05	8.271531592036751e-05	6.862773357170226e-05	7.930891076100011e-05
C[T>A]A	8.912750636227428e-05	8.0654209068598e-05	8.490496837048056e-05	9.873178933048621e-05	7.826908075685424e-05	0.033822872344899224	9.191850185743533e-05	9.603967919247225e-05	9.285375926992856e-05	0.0018501439153624233	9.107346450036858e-05	0.003612143158898107	0.014271953316347208	9.819983242778107e-05	0.001476264947996242	0.0015880204246968787	0.003235058682184899	9.306147621828132e-05	0.04968504274365841	8.914073005144019e-05	0.0015189014447969384	9.271524104406125e-05	9.565160726197064e-05	9.701749731902965e-05
C[T>A]C	7.953167154255425e-05	8.806741134321782e-05	7.281756556096753e-05	9.369211111334152e-05	8.896831423044205e-05	0.019908292256877756	7.52624658730383e-05	9.032305970322341e-05	9.408959158463404e-05	0.0009672266933193896	8.972819268819876e-05	0.004664811616385123	9.652517328504474e-05	0.025444368485113954	0.0017341067003144417	0.01825549618479272	0.003313348122901516	9.706019991426729e-05	0.02486553899207138	8.407681198150386e-05	9.800795232877136e-05	7.377903250471718e-05	8.631548553239554e-05	8.701919684881432e-05
C[T>A]G	0.006681552632883836	0.011185489833223983	6.0682570933209834e-05	9.592220085323788e-05	7.46636624171515e-05	9.31591112021124e-05	8.124516207317357e-05	9.235869438271039e-05	8.982189247035422e-05	0.0012556222876810353	8.667128040542593e-05	0.0020024584599013908	7.87585914565625e-05	9.415498207090422e-05	0.0016121457047120202	0.016606424688870903	0.034817915242456365	0.1963777364609996	8.576008931413526e-05	0.01970410722642555	0.0015020486730008998	9.269590518670156e-05	9.582470956956968e-05	8.354854689969215e-05
C[T>A]T	0.006707846139579488	8.504618444931112e-05	7.445704362964988e-05	9.021473997563589e-05	0.04169123165615929	0.06547898046628689	7.660668635161017e-05	8.725037077965681e-05	0.028415733330834313	0.0006757023315003607	8.877680083969608e-05	0.002588816326169763	9.509234805591405e-05	9.37005774176214e-05	0.0017391564702847972	0.0015822633078641957	0.00241943385808554	8.626523463135527e-05	0.03312499845487764	8.44735497594229e-05	0.00017241836685570887	8.018172920856159e-05	0.016811488153325626	9.594334987923503e-05
C[T>C]A	7.296109299659292e-05	6.609725347485637e-05	6.770105364211077e-05	9.078491893887985e-05	7.904716928663902e-05	9.255910663341638e-05	6.905812880404482e-05	8.787766109890072e-05	9.783510031411425e-05	7.83643208706053e-05	8.117457150547125e-05	0.003136814122217402	7.671485327591654e-05	8.093905762507347e-05	0.001729628522677018	0.0015849373742980789	0.003230459525002516	8.653372669868986e-05	8.371040730708046e-05	7.978128008647722e-05	0.2196143090746773	8.758351589506219e-05	9.336763105238788e-05	8.174435594674343e-05
C[T>C]C	8.32081845146604e-05	7.526922524903057e-05	7.64632987738878e-05	9.669979626778514e-05	8.85607998498017e-05	0.09155479176333756	7.057581988192396e-05	0.04234771986302803	9.300841738877353e-05	0.001145597825961886	0.01994318687429768	0.030405194931518054	8.619353939138818e-05	9.315076531493104e-05	9.062932213055319e-05	9.962681783690642e-05	0.003312529629693017	8.541866736777592e-05	8.512730382790324e-05	9.200906279147603e-05	9.000251011457295e-05	8.890348581189756e-05	8.39354019262828e-05	9.118306115851738e-05
C[T>C]G	6.478500390301178e-05	7.213826397318712e-05	5.1831364726240284e-05	7.289609493454918e-05	7.537127276009414e-05	8.916826627682894e-05	4.6006578271473586e-05	8.757435898587573e-05	8.962479296314996e-05	7.637449357602576e-05	8.397656765737337e-05	0.0012276102221221662	7.138498694985174e-05	0.1079644592016848	0.06671315675721416	0.02660141160231433	0.07170295379942218	9.556952354614623e-05	0.018281888069100204	7.310560881776951e-05	0.00017521845456940354	8.677114892634563e-05	7.856754700696911e-05	0.0503322435211885
C[T>C]T	8.855935157043859e-05	7.772627905069384e-05	6.883757745583808e-05	9.413044572283979e-05	8.266336262749974e-05	9.49928980844561e-05	7.926719408715143e-05	0.03772717947795172	9.891481458907947e-05	0.0011397119829780421	0.019942468130102496	0.029439813389763002	7.852908129279967e-05	9.176919120363891e-05	0.0017375169620208908	0.03291781874577282	0.0020273836453270633	9.162308342638425e-05	9.057078095793258e-05	8.873749102349393e-05	0.029388075754104646	8.594738828833215e-05	9.443125745747238e-05	9.179990302072838e-05
C[T>G]A	8.75697320452673e-05	9.442109367228114e-05	7.486748502714136e-05	9.495851118117571e-05	7.991094643102769e-05	9.533307274978142e-05	9.531784962746315e-05	9.67217973084189e-05	9.812083881115541e-05	0.0018464016255165916	9.552433621138335e-05	0.02042521833864157	9.706219789222814e-05	9.524246743239929e-05	0.0017388714673870708	0.0015967847837600857	0.0032648408574459608	9.516254322079476e-05	0.03313199907715898	9.799976469366811e-05	0.0015180286281974986	8.763865298533347e-05	9.902057281578891e-05	8.938147911976557e-05
C[T>G]C	8.958419930422678e-05	6.938831621141616e-05	6.809529772056067e-05	8.802500706224236e-05	8.27260670121177e-05	0.014247645891646243	7.190896254822831e-05	9.671932784840464e-05	9.721095630084164e-05	0.0009567071672108796	8.77296526596183e-05	0.003218232728977455	9.01249182788888e-05	8.154968782037031e-05	0.08510335751907405	0.001595440164237516	0.001818071526577114	9.439047425985336e-05	9.226339316228404e-05	8.258919697254897e-05	0.058949976076110036	9.63850601692684e-05	8.76692938618362e-05	9.494932965026237e-05
C[T>G]G	7.226507004531868e-05	6.661061772774701e-05	6.626629804316054e-05	0.033113234624033795	7.452760410160408e-05	0.014260522287077037	6.361730856951908e-05	0.042353292112966304	8.397077253903262e-05	0.000955271330622054	0.014367649460473331	0.027838531940506072	8.831223349261563e-05	9.501907552476042e-05	0.0017291943770942452	8.6774968303871e-05	0.0025058271355192117	9.2004759790143e-05	9.437839617021382e-05	9.518479491816833e-05	9.149425277428236e-05	0.039657738044479626	8.493406094203237e-05	0.01746149349710322
C[T>G]T	8.75600506333285e-05	5.2543919987195476e-05	6.117514342918184e-05	9.152798738796264e-05	8.82613290741574e-05	0.2752096387361235	0.019929889406277112	9.522465770714917e-05	9.553849813528358e-05	8.595228950838418e-05	7.127696844690944e-05	0.0025518877584545406	8.603757217604118e-05	8.039344356802758e-05	0.0011833472388389054	0.0006338816921925173	0.0017348947523714742	9.562803970766253e-05	8.71239009029523e-05	9.432773731532507e-05	0.0007287060936505441	8.599620123277419e-05	0.016721928053448208	0.04042964431573637
G[C>A]A	3.714294123399834e-05	5.9746547367467426e-05	5.930755951339961e-05	9.166057861875743e-05	5.5011044443631364e-05	8.851507191138807e-05	5.418506498244824e-05	0.017197675564239033	6.869902185826504e-05	8.484711888741003e-05	5.810564742887436e-05	0.0003140848655220907	8.481814547849354e-05	5.904323797665256e-05	6.376461390686928e-05	8.478202871629038e-05	0.001857964695170722	0.03974826836602006	7.202032218174281e-05	9.084075245482381e-05	7.531874171036179e-05	0.35280668486229844	0.04967533619492315	0.02521659375561285
G[C>A]C	8.608726493548602e-05	7.816717538844387e-05	7.245564612423251e-05	9.527742440695874e-05	8.697287014456379e-05	9.992484483518637e-05	7.874041280047095e-05	9.128219735430321e-05	8.909631487767911e-05	0.0009672807755123358	8.494125904690009e-05	0.004079170751356287	9.161232956103049e-05	8.973751118901419e-05	0.16866675157580174	0.0015944487815431785	0.0032653098263836	9.757328953128309e-05	9.315239440184086e-05	0.012635556432542216	9.405075325048528e-05	9.11973613256123e-05	9.61221317993477e-05	9.394459266331978e-05
G[C>A]G	8.773198906055767e-05	8.109637328743702e-05	6.711398366259225e-05	9.859391720965505e-05	0.010005727371392447	0.02841310052458539	7.933434125462213e-05	0.01469742362969555	9.446781696169637e-05	7.702266432829674e-05	8.370134546566987e-05	0.0032030437265802903	8.584935588409336e-05	9.25500917219324e-05	0.0013217584890298894	0.09833925283601275	0.0029918755170754707	9.74774025962688e-05	9.717260181787423e-05	8.64767042472181e-05	0.0007287146141607082	9.271217350033112e-05	9.7094671218656e-05	9.200961867463774e-05
G[C>A]T	5.40986043136904e-05	5.9260930127247316e-05	5.645227360062677e-05	9.527567817713134e-05	6.498695933192522e-05	8.517615351593122e-05	8.324483169417363e-05	0.027937701501650737	9.421962749911472e-05	0.042044761757279045	8.545183245587396e-05	8.210474380803135e-05	8.067368653428276e-05	6.61579173993232e-05	0.0008899089205286259	0.00157828932076427	0.0015281993535609217	8.863940201990772e-05	7.52754107452347e-05	8.33584344945848e-05	0.02046455796662485	8.260097129095812e-05	0.23774712334488868	9.12404248083476e-05
G[C>G]A	9.373295251862146e-05	8.877285217749886e-05	7.511891906659684e-05	0.00010014424624387175	8.670518035387431e-05	9.270987820855225e-05	9.169451295747422e-05	8.954529712354998e-05	9.9342755129328e-05	0.10104361736011924	0.020238702480128268	0.004139003661111929	9.549473616061732e-05	9.501271415501833e-05	0.0017396842129528522	0.0015968596053426154	0.0028540609258925543	9.698993453639559e-05	9.896602714434266e-05	9.541482213535347e-05	0.0015175649386947043	9.374435685458594e-05	9.78030075202696e-05	9.642953882575967e-05
G[C>G]C	8.484395366394892e-05	8.145182366766645e-05	7.73479266442223e-05	9.766571456566453e-05	7.918907648445384e-05	9.397245048603509e-05	8.425811538472771e-05	0.014568972659253632	9.707552817417309e-05	0.0018401889245069469	8.653236254758667e-05	0.003534819813648937	8.824228279991075e-05	0.09912222262573778	0.03643826726571433	0.00013153238214727025	0.0018426376678689848	9.562297709635459e-05	8.602603666076902e-05	8.206628704932051e-05	0.0015078972046467243	0.025542511469029704	9.557373123243451e-05	9.443840681342409e-05
G[C>G]G	8.451014264210244e-05	9.124691714532674e-05	7.876302373972521e-05	9.622683719499037e-05	7.1521514826145e-05	0.04915646757435752	9.004743733385113e-05	8.94113667527563e-05	0.00010075227182824165	0.0018382770569353112	8.818755159154535e-05	0.01923200358366124	9.467379786656238e-05	9.683906828286126e-05	0.0017291302602404635	0.0015883591244346463	0.00326344115237589	8.725391526240856e-05	9.547500048938673e-05	0.02518088190290655	0.0015113842651771846	8.775449095992372e-05	9.300441051891539e-05	8.701178121555131e-05
G[C>G]T	8.807893755147234e-05	8.933813478506636e-05	7.306929368553484e-05	9.506734131718986e-05	8.844210460665636e-05	9.411074570380152e-05	7.758977337921636e-05	9.972637417376973e-05	9.734937339089811e-05	0.0012529887706477893	8.976779354270547e-05	0.0016184317144507076	9.501187087153084e-05	9.383046926814131e-05	0.0017254790522201803	0.018111988868076877	0.0033171059571031948	8.985929634945933e-05	9.216866601491347e-05	0.11317689422940021	0.05108224406649242	8.807377489574719e-05	9.550046816002578e-05	9.149960133072454e-05
G[C>T]A	8.641894419270102e-05	4.691983133007227e-05	7.336783032769744e-05	8.24691200250527e-05	6.71716260512767e-05	8.2458568704169e-05	5.977516742695088e-05	8.514491382811684e-05	9.665721518103965e-05	0.00027430254194769075	7.256585374761925e-05	0.0012840383911452591	7.209918851429631e-05	0.011125099217555423	5.060213966601168e-05	0.001573772495593495	6.131160823770187e-05	0.017412227097338473	0.04465340686479067	7.596263303639716e-05	0.00014522628371196333	0.3762508455754869	8.568320621975545e-05	6.156151976028923e-05
G[C>T]C	6.865339616979327e-05	6.542025171256683e-05	5.490821184537253e-05	0.27732539491553326	8.617444837000221e-05	8.029635937418788e-05	6.540471404150593e-05	0.046995627468641034	7.805261157045607e-05	6.516558977409659e-05	7.791928710503271e-05	0.000462472593289931	5.5941972630080275e-05	6.70471478770196e-05	6.995579665588158e-05	0.0015830450069188374	0.0006747287365215015	7.186247057688888e-05	0.04236133033441547	7.900321006673038e-05	0.020497338577479242	8.645690368211945e-05	7.572465265184291e-05	7.275610571149116e-05
G[C>T]G	0.9366078197956085	4.921273751044147e-05	5.9668604171747576e-05	7.004796610772246e-05	5.883678122700076e-05	7.432755622858168e-05	6.9399550790461e-05	5.919691857343423e-05	5.316520112046419e-05	0.00011080140247941018	6.474215352341162e-05	7.680162361793919e-05	7.365149397955406e-05	7.240774451986454e-05	7.577916827017361e-05	4.1224631304004336e-05	6.106935162506489e-05	7.028756540421455e-05	8.053736351101292e-05	6.0942083530335366e-05	7.357457109407051e-05	5.6160607118727055e-05	8.604116283095209e-05	0.09931319614265348
G[C>T]T	6.17764000171661e-05	6.777048950681319e-05	7.078710459609283e-05	0.07972669318478438	7.211111151264049e-05	0.03391333869076334	6.144913267718266e-05	9.088161095860414e-05	7.81434593591257e-05	0.06708177853215602	8.382778541999869e-05	0.0012271346931811422	0.03743909252189041	9.168198484985624e-05	7.468172475455503e-05	0.009919586030446226	0.0019510536105372012	9.260610095225274e-05	0.02485671845277011	8.173931182682281e-05	0.049662463170534465	8.299288601847366e-05	8.591738442191854e-05	6.092940996893503e-05
G[T>A]A	9.296507741964887e-05	8.619150880804228e-05	8.435892480491702e-05	9.239163882739377e-05	0.0248697892520795	0.00010022492933785543	8.552511108064209e-05	9.8689942387864e-05	0.00010062738510896452	0.0015002111416833942	0.010023970199108589	0.004673420559993246	9.423736846656539e-05	9.525295536150225e-05	0.001741802012838889	0.001594473335717339	0.0028527239126560746	9.993889761972241e-05	9.260224687750452e-05	8.977110483101569e-05	0.0015170271668466738	9.606489620637149e-05	9.94056295894552e-05	9.966877405531704e-05
G[T>A]C	9.234778917743824e-05	9.457246342208237e-05	7.66620548901642e-05	0.00010028924589278176	9.863490486168302e-05	0.00010109147187904454	8.797805385256652e-05	0.03312686303761438	0.00010112147283507511	9.027727928696549e-05	9.632938308641314e-05	0.004674283612985164	9.737657746882178e-05	9.953120461432263e-05	0.0017421122407540678	0.0015974497771821916	0.004500223820650717	9.95568945654668e-05	9.910159860737622e-05	9.79819436906837e-05	0.0015179198584519328	9.015386185637909e-05	9.958757655113005e-05	9.671105872257612e-05
G[T>A]G	8.950194824137725e-05	0.012544375942525221	8.406709875998785e-05	9.31866030441597e-05	8.570042808742073e-05	9.923471152433194e-05	0.012678036314537167	8.902878726075869e-05	9.493034667684697e-05	0.001847866000025533	0.016613724962371634	0.004245417179481592	9.507604845566675e-05	9.695949556771666e-05	0.0013224506848928286	0.009929619203467155	0.003157676608680049	9.256396951968781e-05	9.17844310606597e-05	9.252702293451875e-05	0.0015176748551311904	0.03381149240995	9.171820420306176e-05	9.152402162726503e-05
G[T>A]T	8.967081521404907e-05	8.904064416128676e-05	8.515607721619745e-05	9.01775412785355e-05	8.416153249299896e-05	9.480646476731636e-05	8.262384122303956e-05	8.130514788717846e-05	8.823890443636629e-05	0.001840135512179586	9.048613792401738e-05	0.04659605633642059	8.889313430699985e-05	9.343615820398555e-05	0.0014013020707352552	0.012611375639971811	0.0032572184209129773	9.580509358784184e-05	9.280124977522064e-05	9.544917629682459e-05	9.280959493480622e-05	0.017437258423433376	9.37315337068867e-05	9.214559540851041e-05
G[T>C]A	7.520701319663203e-05	8.387815178139136e-05	0.022582034191327694	0.039407606673194095	8.694212810951285e-05	9.597417811164632e-05	8.24851740617305e-05	0.04485828149045119	9.469064170843921e-05	0.001401863650244195	9.202988803735934e-05	0.0025762625017705433	0.012484011886226654	8.098982318500702e-05	0.0009101443636609474	0.0005424418446636992	0.004489434718107077	8.947420355980285e-05	9.435238825972192e-05	8.988723566289991e-05	0.00014862939569866286	9.05035158211831e-05	0.034769980080091044	9.491840755799785e-05
G[T>C]C	7.50132494886202e-05	7.527330235461705e-05	7.449193189614788e-05	8.983503612398635e-05	7.662817406526302e-05	0.025118469960580113	7.382483438114206e-05	7.996112190085114e-05	0.09920008908302407	0.0012454756829356484	8.981995706562884e-05	0.0006883321246277773	7.782501511428563e-05	7.627903178217821e-05	0.034213782509275606	8.301723974000197e-05	0.022673782451238366	9.091285173781216e-05	0.014709908857184928	0.019687593791240944	0.0007252588620758615	8.582015543652232e-05	8.345393880517804e-05	7.77039890863307e-05
G[T>C]G	7.130618374731056e-05	8.479437055939343e-05	7.705753422300176e-05	0.028431473087402993	8.835866501613054e-05	9.201923894579523e-05	8.222373653552495e-05	9.228950511896983e-05	9.649824278312735e-05	0.07264627469558035	9.39464385737665e-05	0.002033676780411042	8.719184952497017e-05	7.67442287724407e-05	0.0017315971046627965	0.0005366317003790755	0.002915359647704463	0.020482104772599995	8.70287050929619e-05	8.738356955291237e-05	9.478683641646057e-05	8.370271589228651e-05	0.042698355780157723	9.363709395984187e-05
G[T>C]T	8.561854774598032e-05	8.226307572840596e-05	8.518801441823599e-05	8.418767038165242e-05	0.03397981279049418	9.78629948804155e-05	0.011143828414424206	0.014561537959070846	0.03902282034514002	0.0012484666135605949	8.896011931938119e-05	0.05288068590089097	8.163870352291269e-05	8.542067207599758e-05	8.212839210415268e-05	0.00014169195128488354	0.002851667745562736	9.197212566505186e-05	9.135504769801628e-05	9.052649475052021e-05	0.0015161874071054626	9.097925685637165e-05	8.362258686247514e-05	9.157506210613064e-05
G[T>G]A	9.550916656735353e-05	9.554089992889204e-05	8.599992100215559e-05	0.014265987803810276	9.022937156260014e-05	0.0001018015667796135	8.897379302652553e-05	9.696515917312354e-05	0.00010103718159371056	0.0012623254682694097	9.277417411794886e-05	0.0040801546354487074	9.435646061319857e-05	9.717396096675657e-05	0.0017413551729987375	0.0015954842987412122	0.004502408995904261	9.604530423530377e-05	9.762093031895347e-05	0.012645523777609923	0.0015156902292801533	9.453359780309256e-05	9.724128976813517e-05	9.606788516975939e-05
G[T>G]C	9.18496516533196e-05	9.533256161375903e-05	0.0071722815277837524	0.020554724548128435	0.01992642635059383	0.00010109560826094821	8.99375620065257e-05	9.685938057373278e-05	9.855351454461925e-05	0.0017078239652619231	9.514700213912875e-05	0.003581493843375938	9.20130896702176e-05	9.325662649644073e-05	0.0009158600849332287	0.0015943629769026302	0.004498861707907054	9.484085312578827e-05	9.78963631496299e-05	9.683425378170796e-05	0.0015184088792011608	9.26997498027049e-05	9.698665453470313e-05	9.856477263383567e-05
G[T>G]G	0.011144899730995306	7.0228886033874e-05	7.2910756807687e-05	0.03311601608584169	7.09694741885869e-05	0.019909643940627574	7.185277572716587e-05	9.456520929234103e-05	8.422791397606488e-05	0.001845764760946622	9.087085418286733e-05	0.0010284962008881848	8.071400225162506e-05	8.641146087029483e-05	0.06536866441820166	0.0015892616342171096	0.002966582707085763	9.846667671808973e-05	0.034284842875604224	8.171389108611038e-05	9.478884167037904e-05	0.05315053307784297	8.344545531144832e-05	7.94233906788122e-05
G[T>G]T	8.500613512296695e-05	8.217236581913312e-05	8.545281452825293e-05	9.970902610803022e-05	7.475992387071529e-05	9.789861578610726e-05	9.040992372320034e-05	9.550192844471894e-05	9.961342657334171e-05	0.0018465528595697834	9.482345267315395e-05	0.0016340334070264362	8.778021947364323e-05	9.543260457576253e-05	0.000912715900267358	0.02201405575251556	0.05405665820399008	0.03314048155734781	9.654399764258415e-05	8.891346333257388e-05	0.0015188508878054563	9.363096542074345e-05	9.825632732827217e-05	8.421724241998163e-05
T[C>A]A	6.830105907434151e-05	6.766926832142417e-05	0.007157031549422754	9.522929758531973e-05	0.040367909174528906	7.938936124247675e-05	7.880942030169535e-05	9.888858694466763e-05	0.025209821275348078	0.17714314642071258	9.525938949082047e-05	0.0009430343638086924	8.239208691520616e-05	8.134803190387174e-05	0.0009026195901242317	9.567682063789107e-05	0.0015344566396379377	0.06079551251277735	8.246546048553682e-05	8.119297016264681e-05	0.0015089808432094288	8.696977020008489e-05	8.263358440672164e-05	8.68378843733808e-05
T[C>A]C	5.851176771667355e-05	7.950692844360674e-05	5.6613852028419845e-05	0.15366702768733376	7.195341926404807e-05	8.032426712816232e-05	6.907774662359145e-05	8.724845902179368e-05	0.03230034683801932	0.0012458444293315552	0.014360053809650709	0.0023423117881975486	5.9191729422991554e-05	0.024863979117350256	7.858728307361674e-05	0.055159486813525185	0.001750457956168816	8.504542674927506e-05	8.548496552975848e-05	0.020014755181910003	7.426203262639319e-05	0.017427518849444823	7.890666074672481e-05	8.777788243605756e-05
T[C>A]G	7.241784305733745e-05	7.156439908904134e-05	7.819236419877029e-05	9.028466101881349e-05	7.679097161599202e-05	7.80463516321106e-05	6.047413179786076e-05	9.694349500932731e-05	9.673538879724219e-05	0.0009557980738463812	7.822551843190695e-05	0.003143660362547962	9.364051402371842e-05	9.160535482806153e-05	0.0017267593042561203	0.0015878981812420534	0.00012098147053620777	0.0199162860017168	8.216544629249256e-05	0.114424881918967	0.05105198277851741	9.261214800062589e-05	9.587357053533196e-05	0.017449269264488976
T[C>A]T	8.421698157690116e-05	8.031780491322139e-05	0.006748151917184942	9.747278891154565e-05	0.03975451508302967	9.862302686087787e-05	0.023110710417677184	9.628138795960694e-05	9.667599879321642e-05	0.0018491963215637951	9.239125502062962e-05	0.0025716435255162652	0.04969924619545054	8.935200676205569e-05	9.1904264456244e-05	0.00027118005964439363	0.0036976497482100966	0.020119624090511934	9.738912194734439e-05	0.010510424081076053	0.0015181895250861999	8.712345934327458e-05	9.589792971382849e-05	9.541305698803625e-05
T[C>G]A	7.479385288284845e-05	0.017732656479821075	7.045444430389125e-05	7.894130212662275e-05	0.024851528445151417	9.06871195184067e-05	7.656294628759497e-05	9.393451327923685e-05	0.2364263537725492	0.001249786122571095	8.776951690379065e-05	0.0010443445902637905	6.764030863450898e-05	8.27097920137021e-05	0.0017247512467292836	0.0214525623915506	0.0004826358219361282	0.025915466944744447	8.564221516280668e-05	7.463705417194433e-05	7.361290600473857e-05	8.903813577489927e-05	0.01671401922289988	7.833918643882499e-05
T[C>G]C	0.007157972632765563	6.124930187070276e-05	6.330987812361855e-05	8.738590695429593e-05	6.254053658949488e-05	7.908902998678968e-05	6.19669837760739e-05	0.01679664035618771	8.65331709064776e-05	0.0018421042739646509	8.609180986240972e-05	0.00014547677355949417	6.494862117847333e-05	5.956970802856176e-05	6.908835039212135e-05	7.715412339166505e-05	0.0024970444836071694	9.40350721066352e-05	0.338960911394679	7.714660919191373e-05	8.236151243181666e-05	7.270163154089459e-05	8.489046908835007e-05	7.032989706203807e-05
T[C>G]G	7.038284179543553e-05	7.298897633774004e-05	6.755572442642687e-05	9.130199468927458e-05	0.010064800832697073	9.145948497462087e-05	7.398786798376022e-05	8.195129521482158e-05	8.2876809847221e-05	0.0009586068193470521	8.179997030310915e-05	0.15850588774555946	0.020429937862263613	8.806364967313129e-05	0.0017334155654680217	9.212695731548592e-05	0.002556846633524401	8.336623699847223e-05	9.519506565993651e-05	9.369196704938077e-05	9.524529377813451e-05	8.025823563002632e-05	0.03314142479466682	9.07779081899207e-05
T[C>G]T	4.33578604631002e-05	5.361774191010582e-05	4.246548116624282e-05	5.9063553476335076e-05	6.942499071556085e-05	8.468897904094775e-05	6.15948256381671e-05	6.761487982203107e-05	5.873241881317881e-05	3.9988135890706156e-05	0.6291567534208298	4.643347056401126e-05	6.797586702305125e-05	7.064862093386637e-05	6.157739805985329e-05	0.00010905649960477604	6.3263071547226e-05	4.762950482870565e-05	5.833941433479595e-05	8.436861331233559e-05	7.53640055336291e-05	7.739681044540702e-05	6.835225371446541e-05	5.920409669215587e-05
T[C>T]A	5.5147549957763905e-05	3.404817351650991e-05	3.181164180432461e-05	7.255142099893419e-05	0.5883330152555573	7.178196952821736e-05	5.2993310418969486e-05	6.931436809054503e-05	7.542654348071664e-05	0.0016040226749737484	0.04164010918835999	5.369160458030819e-05	5.389500913111078e-05	6.519017179016374e-05	0.00047743155280386416	7.162218939811282e-05	0.00011367496153980028	7.973974632022874e-05	7.183486709436693e-05	8.995293901534752e-05	8.275535947177559e-05	7.751210528113006e-05	6.180256182091171e-05	6.168191532075484e-05
T[C>T]C	4.3118834757847673e-05	2.4207928621233776e-05	4.250877088755739e-05	8.842250645102467e-05	6.688535431749187e-05	5.934749123639449e-05	5.9921567199339164e-05	9.466905030421912e-05	9.146488009719178e-05	8.27979066941431e-05	7.548507743422306e-05	6.0738714000763136e-05	0.5690186079329578	0.04437380008093803	0.00013542757487812197	7.102366678850558e-05	0.0001036713547364343	8.016183091967833e-05	6.469814161391696e-05	5.9741527164192124e-05	0.0008545307224267163	9.047084313351661e-05	7.953155252380384e-05	7.925552708911709e-05
T[C>T]G	2.925244250921229e-05	5.3186139473382356e-05	2.1891674853691258e-05	6.546183130922145e-05	6.124003659806476e-05	7.293599269360129e-05	0.8560097575187683	7.863492355681956e-05	7.103354860191758e-05	7.547183631686493e-05	6.149199543870054e-05	8.322340891027124e-05	7.034071913678553e-05	4.604503600944554e-05	6.636762003199292e-05	7.532251977796501e-05	7.539146884312231e-05	6.743537915099296e-05	8.945370864239521e-05	8.641382828500355e-05	8.645479501865339e-05	7.633194290974643e-05	5.854227617021479e-05	7.266713441822503e-05
T[C>T]T	0.017709926574286782	3.573479267657831e-05	3.852518761391366e-05	7.231489365153721e-05	5.652298715403958e-05	6.661218171188921e-05	7.52682719621589e-05	9.106298457481899e-05	7.611386272401432e-05	0.000654945954747177	7.308056419788044e-05	4.719943866868803e-05	6.320648009250363e-05	0.576902639988839	7.09044227767186e-05	7.538661047874484e-05	0.0008624647790512086	8.575870742788538e-05	7.993788390869838e-05	7.29859328075122e-05	7.069190667152725e-05	8.391944393224549e-05	8.529911160337633e-05	0.03313291734757513
T[T>A]A	7.985596712387633e-05	8.403795800404623e-05	8.015534433951643e-05	8.871035852280329e-05	8.274216160089053e-05	9.773545025382191e-05	7.964477299537975e-05	9.434100502403453e-05	0.01745793128720834	0.0018404022624508797	8.33732534374576e-05	0.004674039414385334	0.0496223683552671	8.960603954619729e-05	0.0017363674382067985	0.00012941125605721028	0.001588689212803729	9.812454445636831e-05	9.355698857689276e-05	9.374193323310464e-05	0.0219400209520245	9.153849132417235e-05	9.727710494189523e-05	9.637341281631961e-05
T[T>A]C	9.188877811538987e-05	8.763976402406115e-05	8.530282251655308e-05	9.817214158829302e-05	8.582006665847075e-05	9.854150484898128e-05	8.795289904810488e-05	9.720048619783483e-05	9.934174959198571e-05	0.0018453496049914975	8.971950883278623e-05	0.0034571086034702603	9.197662111546379e-05	9.059871626959648e-05	0.0017412039815098979	0.00010416883669677191	0.024349192970839796	9.696175475255586e-05	9.475850674789399e-05	9.250252805941273e-05	0.0015145816858421312	9.204553280142135e-05	0.04220487436687108	9.376555462949909e-05
T[T>A]G	8.576887796820642e-05	0.006314524030767643	8.49031768801467e-05	9.975835273507982e-05	0.010065417819339473	9.399127811775543e-05	9.329091990366578e-05	9.743269474711269e-05	0.09917648866976378	0.0018502448278013618	9.499841471551917e-05	0.004461732444178778	9.237957492587156e-05	9.635224560042844e-05	0.0017314146520220675	0.0015953698894008994	0.0029567332960141355	9.984429998439736e-05	9.944208650267684e-05	9.80211108981166e-05	0.0015183086652541533	9.361133343190886e-05	9.717726279632189e-05	9.596298623364419e-05
T[T>A]T	8.217715640057577e-05	8.815360743028578e-05	7.564574410920955e-05	9.299905614170711e-05	8.519824314134894e-05	8.521193431079154e-05	8.625851587567013e-05	9.712158789625392e-05	9.828794063651002e-05	7.787641304162208e-05	8.815607461656327e-05	0.0015455616819963324	9.031643712660297e-05	8.48918161864276e-05	0.0017411753440683241	0.03463088846692699	0.004491734109024037	0.00010007291130023077	0.082692511822097	9.605251034372486e-05	0.0015125283196539385	8.417118896204556e-05	9.797435632208362e-05	8.791855070739984e-05
T[T>C]A	8.290504042633984e-05	8.668299966529958e-05	7.549481727551211e-05	9.684118631412276e-05	8.481335388523802e-05	9.995280197472312e-05	8.645676316518803e-05	9.602068166714162e-05	0.017453050725271167	0.0018511253627366386	9.310619425377809e-05	0.004670622680714586	8.466141916869674e-05	9.919032308971509e-05	0.0017356189720885596	0.00013204186179791578	0.0030118322392809205	9.490753982390742e-05	9.975929642678239e-05	0.09921795557675069	0.0015181190668954515	9.238925376848783e-05	9.404902230016887e-05	9.93947840470355e-05
T[T>C]C	9.184398732031696e-05	7.776755173836137e-05	8.009882069899276e-05	9.100085298996419e-05	7.132000281444562e-05	9.52917085669469e-05	7.183714952354591e-05	9.021699670483941e-05	0.1403758841304807	0.0018388631310699566	9.008673587231896e-05	0.001612921004925738	8.477306529073303e-05	6.951047609859984e-05	0.0017265624222922327	0.0015887138113612309	0.01895118847623962	9.079002156795469e-05	9.776947481441312e-05	8.93896594789112e-05	0.00015561458822048734	8.88345304701943e-05	8.014744043975952e-05	0.017461122797976715
T[T>C]G	8.09730776154538e-05	8.603722252473745e-05	8.493075250015636e-05	9.474854668951593e-05	8.812407503455688e-05	9.548359812470154e-05	8.44319107113467e-05	9.66237006650772e-05	9.333812486147507e-05	0.10094193234690466	0.007763580507889856	0.004668835952907102	8.789439671090804e-05	9.325037499365862e-05	0.0017376032912579831	9.907939529512078e-05	0.0030186109528585804	9.4497607278754e-05	9.707378048915417e-05	9.694652253529057e-05	0.0015174409410974477	9.476017003180459e-05	9.7198759613093e-05	9.74064962065313e-05
T[T>C]T	8.010062301764265e-05	7.091672923706938e-05	8.603504466009326e-05	8.854731759129208e-05	7.053227245705785e-05	9.396928289788775e-05	8.443408733000979e-05	0.03917847190386965	0.050148490985884565	0.0014112066724919713	9.000799254863523e-05	0.0027722283572074956	0.012478425180506746	8.513333887094632e-05	0.0009109409547818359	0.0015915292759018484	0.0017798230106564005	0.04038573233119678	8.459334076178493e-05	0.02211715225421358	0.001508624735288322	8.454581002297346e-05	8.645518464618362e-05	8.600697547080926e-05
T[T>G]A	9.236903752025682e-05	9.359674877487122e-05	8.11669135515558e-05	0.00010006270385929384	8.869157135222849e-05	9.957341171684675e-05	9.379327311762609e-05	9.904219623422251e-05	9.845962049439549e-05	0.0018512410431867465	9.659408533480018e-05	0.004675200765632326	9.734821069287136e-05	9.739078086568043e-05	0.001742155252577504	0.0015961967714247295	0.002922754213795997	9.541684921714478e-05	9.91008389974013e-05	9.635207607061602e-05	0.021904941996763228	9.681478259153664e-05	9.415787026227918e-05	9.980981776607223e-05
T[T>G]C	8.484296145638837e-05	8.96686291525839e-05	8.892170462786453e-05	9.722146351123228e-05	8.08111442779591e-05	9.730057354317978e-05	8.685576503921765e-05	9.2869765649084e-05	9.873255112324841e-05	0.05138885962187487	9.062985009222757e-05	0.004672139073954895	9.098125228774734e-05	8.788401719357352e-05	0.0014089641597820445	0.00010474406444700435	0.02492602118963987	9.34623705688864e-05	0.016619089801679365	9.574928699294106e-05	9.504178851784672e-05	8.718399076315108e-05	9.626884711906314e-05	9.693644242361187e-05
T[T>G]G	9.734261984704063e-05	9.542554907966405e-05	8.603651834135917e-05	0.0001000749267404899	8.876098544305933e-05	0.00010186251311097294	9.404877564520576e-05	9.895834300550632e-05	0.00010105814944836312	0.0018512764530896676	9.660080468165688e-05	0.004674296372832032	9.828856709646062e-05	9.941089083440602e-05	0.0017424230369215365	0.0015972588589647785	0.004503085791657213	0.00010024923467426561	9.973272099159658e-05	9.787595772650092e-05	0.0015192530234344303	9.667830963735468e-05	9.931014210451394e-05	9.904248072416522e-05
T[T>G]T	7.686694930271187e-05	6.84808447431351e-05	8.406400520470925e-05	8.517248788848519e-05	9.067190439964179e-05	0.0254552846770963	7.389864440483506e-05	8.267040284408722e-05	7.903013083705445e-05	0.00010359181032981724	8.655628325868748e-05	0.03730131937800252	7.325442838954644e-05	8.024614744499559e-05	7.064701782173443e-05	8.328452913701767e-05	0.003305456615635194	0.16468401475649444	8.428109831584151e-05	9.53012982790824e-05	8.833994597807759e-05	0.016721724944272865	8.572893602831755e-05	8.640677733637859e-05
