MutationType	SBS96A	SBS96B	SBS96C	SBS96D	SBS96E	SBS96F	SBS96G	SBS96H	SBS96I
A[C>A]A	5.83E-06	2.76E-02	6.13E-04	1.04E-02	9.58E-03	9.96E-06	1.47E-02	9.78E-04	7.52E-06
A[C>A]C	3.09E-03	9.62E-06	3.19E-05	1.04E-05	9.80E-03	1.05E-05	5.40E-03	1.19E-02	3.92E-02
A[C>A]G	7.46E-03	1.02E-03	9.55E-04	2.33E-06	8.70E-05	2.13E-06	7.14E-03	1.44E-03	1.81E-06
A[C>A]T	3.25E-06	9.33E-03	3.74E-05	4.17E-06	9.08E-04	6.00E-03	8.17E-04	1.50E-03	1.31E-02
A[C>G]A	4.47E-06	7.64E-04	1.62E-02	5.39E-03	1.51E-02	4.44E-03	2.39E-04	1.42E-03	4.55E-06
A[C>G]C	2.46E-06	1.34E-02	6.31E-03	2.12E-06	7.86E-03	5.82E-06	8.18E-04	1.46E-03	2.41E-06
A[C>G]G	7.43E-06	1.69E-04	1.58E-02	5.48E-03	9.09E-04	6.49E-03	2.95E-02	8.48E-04	4.95E-06
A[C>G]T	5.25E-06	2.90E-02	9.57E-04	2.78E-06	9.09E-04	6.00E-03	1.35E-02	8.49E-03	1.57E-02
A[C>T]A	1.75E-02	8.53E-06	5.66E-06	1.51E-02	3.60E-02	2.53E-02	1.16E-05	1.75E-02	2.88E-02
A[C>T]C	3.78E-06	1.45E-02	6.24E-03	4.34E-06	1.12E-02	5.57E-06	3.92E-06	6.91E-03	5.11E-06
A[C>T]G	3.98E-02	1.12E-05	1.32E-05	1.18E-05	9.56E-02	4.40E-02	1.19E-05	1.13E-05	5.77E-06
A[C>T]T	1.13E-02	5.02E-03	2.12E-02	6.64E-03	1.92E-02	5.20E-06	1.50E-02	9.92E-04	3.91E-06
A[T>A]A	2.55E-06	7.51E-03	3.03E-05	4.05E-03	9.08E-04	2.18E-06	8.17E-04	1.17E-02	1.05E-02
A[T>A]C	7.72E-06	1.20E-02	2.12E-02	5.23E-06	6.71E-06	4.41E-06	1.31E-02	6.08E-03	3.83E-06
A[T>A]G	2.83E-02	8.53E-03	6.22E-03	2.90E-06	7.71E-03	1.62E-02	1.20E-02	1.30E-02	5.93E-03
A[T>A]T	5.01E-03	1.02E-03	8.05E-04	1.79E-06	9.08E-04	4.28E-03	8.17E-04	6.24E-03	2.77E-06
A[T>C]A	1.12E-02	1.29E-02	2.44E-02	5.24E-03	4.92E-03	6.76E-06	1.47E-05	4.39E-04	2.28E-02
A[T>C]C	5.98E-03	1.06E-02	9.55E-04	2.22E-06	1.07E-04	2.89E-06	8.17E-04	1.47E-03	5.42E-03
A[T>C]G	1.25E-05	4.01E-02	6.28E-06	1.83E-02	6.47E-06	7.38E-06	7.81E-06	1.40E-03	2.15E-02
A[T>C]T	9.74E-06	1.21E-05	1.41E-02	1.77E-02	1.13E-05	9.44E-06	2.16E-02	3.85E-02	1.03E-05
A[T>G]A	1.47E-02	7.55E-04	6.24E-03	9.44E-03	9.07E-04	2.05E-06	8.16E-04	1.38E-03	2.27E-06
A[T>G]C	1.38E-06	1.02E-03	9.55E-04	1.22E-06	9.07E-04	1.29E-06	8.16E-04	1.54E-03	1.77E-06
A[T>G]G	1.38E-06	1.02E-03	9.55E-04	1.22E-06	9.07E-04	1.29E-06	8.16E-04	1.54E-03	1.77E-06
A[T>G]T	2.50E-06	7.67E-04	7.51E-03	3.27E-06	9.08E-04	1.38E-06	6.05E-06	2.06E-02	1.80E-06
C[C>A]A	4.44E-03	2.61E-02	1.42E-02	8.06E-06	7.35E-05	9.79E-06	5.99E-06	1.09E-03	5.42E-03
C[C>A]C	3.95E-06	9.26E-03	9.56E-04	4.56E-06	9.08E-04	5.87E-06	9.97E-03	7.30E-03	1.10E-02
C[C>A]G	4.04E-03	7.67E-04	7.60E-03	1.26E-02	9.08E-04	5.37E-03	9.97E-03	1.25E-03	7.53E-06
C[C>A]T	3.18E-06	9.05E-03	8.75E-03	3.78E-06	1.20E-02	5.37E-03	6.33E-03	6.47E-03	4.13E-06
C[C>G]A	1.79E-02	1.36E-02	9.55E-04	5.24E-03	4.02E-04	5.59E-06	2.33E-06	1.45E-02	4.54E-06
C[C>G]C	9.55E-06	7.58E-04	7.85E-04	2.47E-02	9.09E-04	6.31E-06	2.37E-02	1.28E-02	5.43E-03
C[C>G]G	5.61E-06	7.63E-04	9.55E-04	8.99E-03	3.22E-06	7.09E-06	1.17E-02	6.28E-03	1.98E-02
C[C>G]T	2.48E-06	1.02E-03	7.51E-03	5.48E-03	9.08E-04	1.00E-02	6.65E-06	1.40E-03	2.34E-06
C[C>T]A	3.04E-02	8.64E-06	1.16E-02	2.46E-06	9.09E-04	1.35E-02	1.86E-02	7.56E-03	2.43E-02
C[C>T]C	4.43E-06	1.89E-02	6.24E-03	6.88E-06	9.88E-06	6.88E-06	1.72E-02	1.47E-02	2.05E-02
C[C>T]G	1.18E-05	9.66E-06	1.16E-05	2.30E-02	1.25E-05	1.24E-05	1.22E-05	1.15E-05	8.88E-06
C[C>T]T	1.06E-05	7.62E-04	2.09E-02	2.63E-02	5.99E-03	9.19E-06	5.98E-06	3.57E-02	6.81E-06
C[T>A]A	3.35E-06	1.02E-03	6.39E-04	2.95E-06	7.66E-03	1.97E-06	8.17E-04	1.41E-03	1.07E-02
C[T>A]C	6.51E-06	1.61E-02	9.56E-04	5.39E-03	5.99E-03	4.42E-06	3.87E-06	1.54E-03	7.22E-06
C[T>A]G	6.25E-03	8.02E-03	1.76E-02	4.04E-06	7.71E-03	4.29E-03	1.28E-05	1.19E-02	5.51E-06
C[T>A]T	5.61E-06	1.70E-04	6.64E-03	1.03E-02	3.37E-05	6.49E-03	5.53E-03	1.39E-02	1.46E-02
C[T>C]A	6.18E-03	8.04E-03	6.12E-04	9.12E-03	5.51E-06	1.11E-02	8.17E-04	1.49E-03	3.18E-06
C[T>C]C	1.13E-02	1.53E-02	1.31E-02	7.04E-06	7.31E-06	5.38E-06	2.83E-06	1.47E-03	7.71E-06
C[T>C]G	4.04E-06	9.02E-06	1.26E-02	1.37E-02	1.61E-02	9.70E-06	8.18E-04	4.42E-05	3.63E-02
C[T>C]T	6.19E-03	1.22E-02	4.48E-04	4.78E-06	1.11E-02	6.96E-06	1.07E-02	5.89E-03	5.31E-06
C[T>G]A	1.97E-06	1.02E-03	6.24E-03	1.18E-06	3.86E-03	1.95E-06	8.16E-04	1.45E-03	1.78E-06
C[T>G]C	6.18E-03	3.24E-04	9.55E-04	2.13E-06	7.18E-06	7.59E-03	8.17E-04	8.14E-03	3.55E-06
C[T>G]G	3.23E-03	7.60E-04	8.80E-03	6.32E-06	5.99E-03	4.84E-06	5.55E-03	1.24E-03	2.00E-02
C[T>G]T	5.06E-06	1.95E-02	9.12E-06	4.50E-06	1.34E-02	4.44E-03	2.40E-04	1.02E-02	5.82E-06
G[C>A]A	1.26E-02	7.62E-04	3.87E-02	9.70E-06	8.61E-06	2.13E-02	1.45E-02	1.30E-02	9.75E-06
G[C>A]C	2.21E-06	7.59E-04	7.97E-04	3.50E-06	3.85E-03	1.53E-06	1.41E-02	1.54E-03	7.89E-03
G[C>A]G	3.89E-06	1.36E-05	1.43E-02	4.29E-06	4.99E-06	1.20E-02	8.18E-04	1.28E-02	8.18E-03
G[C>A]T	4.41E-06	1.03E-05	9.57E-04	7.14E-06	1.99E-02	9.29E-03	2.42E-02	9.86E-03	1.61E-02
G[C>G]A	1.43E-06	1.02E-03	9.55E-04	2.85E-06	9.07E-04	1.00E-02	8.17E-04	1.40E-03	5.59E-03
G[C>G]C	5.08E-06	1.02E-03	6.27E-03	3.92E-06	9.08E-04	3.97E-06	5.40E-03	7.36E-03	5.92E-06
G[C>G]G	5.50E-06	1.02E-03	7.84E-04	4.56E-03	9.09E-04	2.33E-06	1.06E-02	1.42E-03	1.46E-02
G[C>G]T	6.78E-06	3.79E-02	6.64E-03	3.35E-06	9.54E-06	1.03E-05	5.54E-03	6.92E-03	8.41E-06
G[C>T]A	4.44E-03	4.32E-02	1.26E-02	9.24E-06	1.78E-02	9.91E-06	8.18E-04	7.18E-04	5.42E-03
G[C>T]C	1.22E-02	2.53E-02	2.65E-02	4.56E-03	7.41E-06	4.83E-06	2.67E-02	5.83E-04	9.45E-06
G[C>T]G	6.14E-02	1.32E-05	8.94E-06	3.19E-02	1.30E-05	9.77E-06	9.33E-06	1.33E-05	7.93E-06
G[C>T]T	9.74E-06	1.04E-05	2.40E-02	1.49E-02	8.11E-03	3.72E-06	5.53E-03	6.94E-03	2.93E-02
G[T>A]A	1.23E-06	1.02E-03	9.55E-04	1.81E-06	7.82E-03	3.76E-03	8.16E-04	1.46E-03	1.77E-06
G[T>A]C	5.98E-03	1.02E-03	9.55E-04	1.64E-06	1.07E-04	1.21E-06	8.16E-04	1.54E-03	1.74E-06
G[T>A]G	5.01E-03	1.19E-02	7.60E-03	4.65E-03	9.08E-04	4.89E-06	5.40E-03	1.42E-03	4.44E-06
G[T>A]T	5.49E-06	8.23E-04	6.27E-03	4.74E-03	8.13E-03	2.11E-06	8.17E-04	6.30E-03	3.40E-06
G[T>C]A	8.29E-03	7.48E-03	9.55E-04	6.64E-03	6.94E-04	3.76E-03	1.14E-05	1.15E-03	1.07E-02
G[T>C]C	6.26E-06	7.60E-04	8.31E-03	2.56E-06	7.37E-05	4.55E-03	5.31E-06	2.68E-02	5.80E-03
G[T>C]G	3.45E-06	9.34E-03	1.18E-02	1.09E-02	4.24E-06	3.27E-06	1.36E-02	5.28E-03	5.49E-06
G[T>C]T	6.25E-03	7.45E-03	9.55E-04	8.33E-03	4.01E-04	2.03E-06	1.29E-05	1.05E-03	7.89E-03
G[T>G]A	1.58E-06	1.02E-03	9.55E-04	1.21E-06	8.47E-03	3.76E-03	8.16E-04	1.49E-03	1.79E-06
G[T>G]C	3.75E-06	1.02E-03	9.55E-04	4.44E-06	1.54E-05	9.46E-03	8.17E-04	1.38E-03	1.07E-02
G[T>G]G	5.04E-06	1.63E-02	8.64E-03	3.85E-06	7.82E-03	1.43E-06	8.18E-04	8.65E-03	3.75E-06
G[T>G]T	3.09E-06	1.22E-02	9.55E-04	2.16E-06	9.08E-04	3.99E-06	8.17E-04	5.56E-03	4.20E-06
T[C>A]A	8.29E-03	9.30E-03	1.89E-05	4.70E-06	9.79E-03	1.08E-05	3.03E-02	1.21E-02	7.89E-03
T[C>A]C	1.47E-02	3.56E-02	5.00E-04	9.01E-06	1.33E-05	2.05E-02	1.57E-05	5.32E-03	5.93E-03
T[C>A]G	8.09E-06	2.29E-02	6.31E-03	2.37E-06	7.21E-05	6.82E-03	1.02E-02	1.45E-03	1.05E-02
T[C>A]T	7.31E-06	1.02E-03	7.51E-03	4.56E-03	1.21E-02	1.71E-02	7.97E-06	1.65E-02	9.43E-06
T[C>G]A	9.13E-03	8.09E-03	6.27E-03	6.64E-03	3.30E-02	6.76E-06	5.57E-03	5.64E-02	4.80E-06
T[C>G]C	1.79E-02	1.88E-02	2.75E-02	4.16E-06	8.34E-03	9.24E-06	4.06E-06	6.69E-04	1.71E-02
T[C>G]G	6.25E-03	8.08E-03	1.84E-02	7.24E-03	6.02E-06	3.79E-06	1.17E-05	7.33E-03	3.80E-06
T[C>G]T	8.88E-06	9.58E-06	1.03E-05	1.22E-05	1.15E-05	1.68E-02	4.97E-02	1.18E-05	4.45E-06
T[C>T]A	1.82E-02	8.73E-06	6.74E-02	1.08E-05	1.07E-05	1.98E-02	3.80E-02	1.21E-05	1.94E-02
T[C>T]C	9.62E-06	5.08E-03	5.14E-06	2.85E-02	1.08E-05	2.04E-02	4.80E-02	3.41E-02	4.12E-02
T[C>T]G	1.05E-05	1.02E-05	1.03E-05	1.18E-05	1.12E-05	3.67E-02	1.09E-05	5.33E-06	1.16E-05
T[C>T]T	3.67E-02	9.26E-03	8.25E-06	3.58E-02	9.11E-06	4.34E-02	7.76E-06	1.25E-05	5.46E-02
T[T>A]A	2.31E-06	1.02E-03	4.97E-04	2.40E-06	9.08E-04	6.82E-03	7.31E-03	1.50E-03	5.02E-06
T[T>A]C	3.94E-06	8.47E-03	9.55E-04	3.04E-06	9.08E-04	1.83E-06	8.82E-03	1.41E-03	4.19E-06
T[T>A]G	2.93E-06	7.92E-03	3.00E-04	3.53E-06	9.08E-04	5.82E-03	8.16E-04	2.07E-02	9.50E-07
T[T>A]T	1.13E-02	1.05E-02	8.75E-03	3.27E-06	3.50E-06	3.67E-06	8.17E-04	1.41E-03	2.55E-06
T[T>C]A	3.70E-06	7.68E-04	9.55E-04	1.02E-02	9.08E-04	2.20E-06	2.49E-06	1.43E-02	1.63E-06
T[T>C]C	3.52E-06	1.28E-02	3.96E-05	9.20E-06	4.93E-03	5.68E-06	5.54E-03	1.21E-03	2.36E-02
T[T>C]G	3.33E-06	8.84E-03	7.53E-03	2.22E-06	9.08E-04	2.78E-06	7.83E-06	1.54E-03	2.34E-06
T[T>C]T	5.98E-03	7.68E-04	7.48E-05	1.09E-02	1.07E-04	1.54E-02	8.17E-04	1.15E-03	1.97E-02
T[T>G]A	3.27E-06	9.27E-03	9.55E-04	4.18E-06	9.07E-04	1.26E-06	8.16E-04	1.50E-03	3.11E-06
T[T>G]C	1.93E-06	7.58E-04	8.86E-03	4.65E-03	9.08E-04	1.15E-06	7.86E-05	1.44E-03	7.74E-03
T[T>G]G	1.38E-06	1.02E-03	9.55E-04	1.22E-06	9.07E-04	1.29E-06	8.16E-04	1.54E-03	1.77E-06
T[T>G]T	7.35E-06	3.48E-04	2.03E-02	7.04E-03	4.37E-03	6.00E-03	5.80E-06	1.27E-02	1.52E-02
