MutationType	SBS96A	SBS96B	SBS96C	SBS96D	SBS96E	SBS96F	SBS96G	SBS96H	SBS96I
A[C>A]A	8.275882464658935e-05	0.05035701744200196	0.0007058543360471958	0.019326071177965788	0.014251180996507174	8.204904976594207e-05	0.014827942270494531	0.0011170326357387238	8.945554436650127e-05
A[C>A]C	0.003164416358958988	8.901890887500486e-05	0.00012366288356133737	7.020796274446184e-05	0.009865674353386566	6.879011635945176e-05	0.005476525747690175	0.012874347995239076	0.11852345826409874
A[C>A]G	0.007559662079438567	0.0016361258429242298	0.0010639779757184442	0.00010079161074827425	0.00018831458801287225	0.00010029796030721627	0.008104749697668012	0.004160781148675597	0.00010793084584292956
A[C>A]T	9.773412966751494e-05	0.010273349866474745	0.0001427467475878075	9.938705479726196e-05	0.0010051243290945422	0.006094773954100674	0.0009166636416921392	0.0037559180360403842	0.013186158509051893
A[C>G]A	9.556131917634047e-05	0.000999059514288092	0.017361689603421836	0.00548331369573134	0.016165768935752566	0.0045344364632910585	0.00033766347587516066	0.0028791780547180678	0.00010107877387781628
A[C>G]C	9.793065837584435e-05	0.014385732894879766	0.007406469402485527	9.951938627636992e-05	0.008039414721133653	9.566342814650852e-05	0.0009119417354668258	0.004367051751614781	0.00010444783038110472
A[C>G]G	8.718668104847893e-05	0.00028026112413499505	0.03023740742919472	0.005562804538021738	0.0009967962534574327	0.009752050419774606	0.029595897492254154	0.0014917397282260935	9.977884255931712e-05
A[C>G]T	8.567624172428623e-05	0.029087034023541493	0.0010446143816807308	9.24987623875495e-05	0.0009922746328811626	0.006074732203160238	0.019727868297559327	0.012901380128096208	0.022502748912302195
A[C>T]A	0.017604179231693707	9.858956182142719e-05	8.540093367628287e-05	0.015216366256208858	0.03611164697940694	0.05081402887808508	7.57233033709781e-05	0.01815639554442896	0.04328131312104233
A[C>T]C	9.178798063658178e-05	0.02234278367177467	0.007333193191880127	9.260382794309407e-05	0.016922481387882726	9.307785185228568e-05	0.0001001188218651805	0.00899972735060146	9.826035093283281e-05
A[C>T]G	0.039836385430407975	4.131244803318168e-05	5.6548001168721385e-05	5.4392321180785076e-05	0.5263567658657848	0.04400243221832216	4.619386759259214e-05	6.081458604967338e-05	8.012449470697902e-05
A[C>T]T	0.011339024821063503	0.005109093524151831	0.029913661742466503	0.006720802662675851	0.01926525291885355	8.281232185254339e-05	0.025634223962697433	0.001286402653931873	9.527174261165783e-05
A[T>A]A	9.927411156240851e-05	0.008436055330821545	0.00013671054693986662	0.004144468341110041	0.0010009964149503502	9.981486291508191e-05	0.0009162579684925731	0.015490132042759796	0.010635743589955383
A[T>A]C	7.344683690462262e-05	0.01207201395300217	0.05689509122748859	8.615453480160795e-05	8.497755370626692e-05	8.708835011930204e-05	0.013209829149855069	0.008127093382063322	9.101569303311407e-05
A[T>A]G	0.028391644321527566	0.00944243791163899	0.006992745060415473	8.918401581468061e-05	0.00779977881902596	0.02426993784647493	0.012070190776648814	0.01320728022401454	0.006020628672558814
A[T>A]T	0.005109779979829909	0.0016365121700800955	0.0009118882662733085	0.00010085941466968507	0.0010055173996079247	0.004381489063234767	0.0009202133296639659	0.009847907641960774	0.00010569326695986092
A[T>C]A	0.016361946694451034	0.0129651930394175	0.032493917085957946	0.005311682897126957	0.005429065076532425	8.384833818126935e-05	9.720516245579348e-05	0.0005676003034750466	0.038170602427817356
A[T>C]C	0.006079408455116208	0.011572080328915036	0.001062409066071268	9.956018984667026e-05	0.00020522289851214736	9.885336185107007e-05	0.0009194995691359509	0.0037506738677620887	0.00552849383384455
A[T>C]G	7.214693385435567e-05	0.07863549387257081	8.84367102116812e-05	0.01835591835588275	8.241064570029266e-05	8.163855454768054e-05	8.397840356337838e-05	0.0028303036488068756	0.03060863206992508
A[T>C]T	6.384755499198037e-05	7.331083066901556e-05	0.015193745928627322	0.024132181502864114	6.152184786287763e-05	7.903945962652869e-05	0.03060834260613774	0.09375889276561793	7.561844022347941e-05
A[T>G]A	0.014761578753677895	0.0009590769041096792	0.007338207688735565	0.009535634301573736	0.0010075971265905536	9.872939408523962e-05	0.0009209644631482661	0.0029673109056602698	0.00010718988123699091
A[T>G]C	0.00010179837481700815	0.0016380932334868702	0.0010642286979418714	0.00010297038170392625	0.001009033453738084	0.00010259230475639924	0.0009227093076333403	0.004691623074177187	0.00010855525761144236
A[T>G]G	0.00010179837481700815	0.0016380932334868702	0.0010642286979418714	0.00010297038170392625	0.001009033453738084	0.00010259230475639924	0.0009227093076333403	0.004691623074177187	0.00010855525761144236
A[T>G]T	9.828492693486623e-05	0.0008793943372438662	0.008619330776127754	9.756504005054012e-05	0.0010013365121267271	0.00010141992752323858	0.0001115468010539189	0.025757327568135223	0.00010649473842931912
C[C>A]A	0.004518359564826824	0.047248172229592454	0.02682592901910539	8.007992146303877e-05	0.00015546143586107065	8.477153950821048e-05	9.555914475640747e-05	0.0017123151155828964	0.005515491489495617
C[C>A]C	9.214134915964678e-05	0.009369597631302896	0.0010484612896107138	9.255364821001422e-05	0.0010032486068666912	9.02858573681442e-05	0.010062149317673175	0.011258040893881115	0.011120052190381102
C[C>A]G	0.004130137921310961	0.0008806502090010326	0.008697331617440796	0.012701234721316724	0.0010045421498944052	0.005459653883008286	0.010067994249402546	0.002664203133463161	9.850331225607079e-05
C[C>A]T	9.438515771762468e-05	0.013360039937106194	0.009859849535132525	9.351969056297094e-05	0.01210981737167458	0.005457162427046569	0.006825945213495288	0.008594739637919702	9.766001312527806e-05
C[C>G]A	0.01796025418298086	0.02000364845589502	0.0010577421278867404	0.005332179855759023	0.0004929051523504313	9.126068289333489e-05	0.00010290481150150299	0.01797035692288773	0.00010268051555613056
C[C>G]C	7.565245573459833e-05	0.0008862894464982674	0.000875354199524736	0.029484562131983694	0.0009944990542862797	8.124157575366553e-05	0.03492373048138688	0.023401038040174172	0.005504853784441366
C[C>G]G	9.05253371456638e-05	0.0009656421796535141	0.0010574044521490578	0.009078263606716064	9.480802618782036e-05	9.356653317809105e-05	0.017218794375366997	0.009352434679749421	0.019918803161999676
C[C>G]T	9.901887970045208e-05	0.0016305847726471256	0.008621435032546287	0.005574866619281238	0.0010046013936516828	0.010134757505147718	0.00010854843494598754	0.003304123792622704	0.00010724853273131884
C[C>T]A	0.04304535618557566	9.967020741896704e-05	0.011699790657439734	9.147414166363888e-05	0.0009894532933685696	0.02011521427975822	0.02767219998713699	0.0076879469823325055	0.024416825517619145
C[C>T]C	8.030351527850143e-05	0.02933767953727511	0.006595854495026287	8.199480143957771e-05	7.695333090111945e-05	8.24406433821423e-05	0.025699402313557586	0.01582948877257877	0.030766658922948407
C[C>T]G	4.736989086069343e-05	6.213641772774281e-05	4.5598142821745566e-05	0.5230771005153656	3.7631148541095175e-05	4.408331018765921e-05	5.135886758935726e-05	4.028487697382843e-05	6.273653743846808e-05
C[C>T]T	6.05240387358208e-05	0.0008373515291168587	0.030816128531296273	0.026343555281709997	0.006048611828646244	7.656860595943727e-05	7.660001319891308e-05	0.1005594658505288	8.068065799307078e-05
C[T>A]A	9.831339702941478e-05	0.001632071154017467	0.0007455724342435132	9.892555826809257e-05	0.008715131676217425	0.0001001105090836063	0.0009156864234682871	0.0029044829250779005	0.016177909242833265
C[T>A]C	9.19054164114641e-05	0.021162137399369386	0.0010542712774622488	0.005480014792556176	0.006080467300489545	9.344894933747128e-05	9.7629534866428e-05	0.004682935892924433	9.665004290582146e-05
C[T>A]G	0.006339106932136929	0.009127367960900301	0.02419564119336428	9.253645621356554e-05	0.007812043676676694	0.00437915680486185	0.00010582374743535183	0.017713026286583045	9.326781364507041e-05
C[T>A]T	9.008593769976869e-05	0.00026835692260647194	0.007730301810079254	0.010438158352917526	0.00011441278235793106	0.009750901803636225	0.006465404186701562	0.015432175279420335	0.014689978190290276
C[T>C]A	0.006273544791474706	0.008957997268589679	0.0007145384312025272	0.00922425154276425	0.00010489265623618849	0.011223184214759385	0.0009157461798167787	0.00422686652163975	0.00010222357450402342
C[T>C]C	0.011345596562023275	0.022363895348098593	0.020308782275242264	8.780048192420508e-05	9.120386021095328e-05	9.172575919365044e-05	0.00010128860885743052	0.003683316363458289	9.082189462787938e-05
C[T>C]G	8.118682453641667e-05	9.150694204436149e-05	0.012725684743645615	0.013756253380415728	0.016199805959622893	7.463241067000581e-05	0.0009031049961777171	0.00016914125371840781	0.0952123596725869
C[T>C]T	0.006271239745547064	0.02346597438736353	0.0005401776004873681	9.020759316626936e-05	0.011149293710332131	8.94568827789044e-05	0.010781205585954013	0.008809647849557223	9.248817441402935e-05
C[T>G]A	0.00010071192373288796	0.0016373899357859044	0.007182959864439909	0.00010276441244059243	0.004864203197212191	0.0001008424413157627	0.0009215626276272814	0.0038118166230560746	0.00010841496186912991
C[T>G]C	0.006282049022411229	0.0004450764783541672	0.0010585954521957319	9.877956763375551e-05	0.00010476062670932152	0.011459035094594583	0.0009140063244558405	0.015631241548544495	0.00010341430242988281
C[T>G]G	0.0033206596221134533	0.000858915028948104	0.008937655462796101	8.953209144237916e-05	0.006072958983349963	8.977632314781659e-05	0.0059150369954295455	0.0019751838706724813	0.03893340482827625
C[T>G]T	8.812723281153012e-05	0.03467809988433146	9.463476089877076e-05	9.003472805488855e-05	0.024738987477394402	0.0045246382844197795	0.00032988892489811407	0.012705320301029133	9.561696024320553e-05
G[C>A]A	0.018971654404958828	0.0008421435595664661	0.07041365463992406	8.005674653759343e-05	7.976234946909244e-05	0.021406644759099435	0.014614470100241306	0.013471853926603217	8.058091943894397e-05
G[C>A]C	9.792660202947445e-05	0.0008671739378769416	0.0009036461138748564	9.668304992374032e-05	0.0040360134407819714	9.980917748180218e-05	0.021216410207125593	0.003878113931568805	0.007996007052133791
G[C>A]G	8.968901529442519e-05	0.0001073936731700087	0.022371533507975983	9.22504797927104e-05	8.988990593934431e-05	0.01207658219136647	0.0009100353723624721	0.015844918006769147	0.00827737333602272
G[C>A]T	8.793836968834512e-05	0.00010137380231753924	0.0010443740597111174	8.374961471417919e-05	0.028419723420302034	0.013665883704379666	0.02516951749148575	0.010080447833024664	0.01617843543572235
G[C>G]A	0.0001006604652502574	0.0016346846961823758	0.0010626862313074525	9.985893266275525e-05	0.00100737316388404	0.010135501473996555	0.0009197034967655781	0.0030946018545364496	0.005703204414749053
G[C>G]C	9.296287971665152e-05	0.0016272810840746387	0.006367038609459997	9.513242766843178e-05	0.0010051388118881733	9.393178625032306e-05	0.005493820367701119	0.014451317774364725	9.629524211050012e-05
G[C>G]G	9.464660834055394e-05	0.0016318222449626773	0.0008878997228748631	0.00466076403245097	0.000997958502716756	9.97275892586913e-05	0.011595783618213317	0.0028980510935070923	0.01469357028909144
G[C>G]T	9.198743537126574e-05	0.03970646137968288	0.00773213098582346	9.788349489099346e-05	9.856296674115583e-05	9.198165401471669e-05	0.006475747644981311	0.008964486869535904	9.759289623616496e-05
G[C>T]A	0.0045046199468359305	0.07965835905197309	0.01274197206766985	8.167897526618617e-05	0.03360547927300104	8.09877889935251e-05	0.0009071917193068657	0.001115270217997022	0.005509905232145229
G[C>T]C	0.015350450135565552	0.025444585700461174	0.048987424502774955	0.004635570437611846	8.033431295189075e-05	8.802324446151033e-05	0.041071739983453884	0.0006664881637334474	7.633627756149508e-05
G[C>T]G	0.5149978499306599	6.27401735755484e-05	6.403912657333421e-05	0.03194319018268863	4.924248162865297e-05	6.35729394161899e-05	5.711522785531997e-05	5.7820234815153526e-05	4.5928287727292626e-05
G[C>T]T	8.123458325144383e-05	8.642960874567507e-05	0.025153960997704415	0.014987342240556246	0.015902609014847257	9.167231983155943e-05	0.006243265348894056	0.008172955740155885	0.03707148241737741
G[T>A]A	0.00010096277110278606	0.001636590698035434	0.001062830952287186	0.00010206828155787662	0.008662717433617217	0.003862699880846776	0.0009218809405865614	0.004372375282400753	0.00010855784639716149
G[T>A]C	0.006082001541653881	0.0016378492233343422	0.001064370530366432	0.00010180515528190881	0.00020846217739745043	0.0001027379672450479	0.0009220925894624088	0.004691170228034025	0.00010817149523063563
G[T>A]G	0.005104916403070092	0.012851521056290949	0.008551266953872982	0.004749090598488692	0.0010065261390991508	9.400156304764095e-05	0.005501105184521293	0.003528613842354389	0.00010016248488682322
G[T>A]T	9.315636161773e-05	0.0012786989231244662	0.006374357391177909	0.0048334245533624195	0.00918143400340341	9.873142844298854e-05	0.0009164652918116189	0.009192413467826555	0.00010317730993847363
G[T>C]A	0.012532871814619284	0.008757348304061451	0.0010588600074697752	0.006732658045802964	0.0007888193671533372	0.0038604533874604385	0.0001110581637476571	0.0020482122919929678	0.010813438439799938
G[T>C]C	8.575125575589481e-05	0.0008612275203631725	0.01367301021455205	9.369973267894238e-05	0.00015636845018889288	0.004639741981372935	9.095708555832971e-05	0.04688028770324308	0.00589377362121013
G[T>C]G	9.076428250409663e-05	0.01025062472690479	0.012922412456100573	0.010955184327758615	9.809041875996627e-05	9.474698817939498e-05	0.018608657689401297	0.007468452041212004	9.331993132946081e-05
G[T>C]T	0.006347960940911434	0.009189383437478682	0.0010580747708445414	0.016014343385904795	0.0004933350941428216	9.987537196138873e-05	0.00010774119582492858	0.0018946339121612254	0.007996915422700113
G[T>G]A	0.00010007008459069766	0.0016366359421226661	0.0010638036401360296	0.00010281905415467917	0.00931101807509549	0.0038632283409242517	0.000922287398861954	0.004440782651363407	0.00010859294125111773
G[T>G]C	9.557534067425877e-05	0.001636315733048832	0.0010627075302181766	9.641254873713479e-05	0.00011561357532627881	0.013300995384634006	0.0009195962957164738	0.0033867431513499467	0.010794710580375977
G[T>G]G	9.071745844266844e-05	0.023892434417211915	0.013056353505089647	9.409127887920477e-05	0.008867366281629074	9.716242420836352e-05	0.0009107217952987412	0.013767367699620081	0.0001001184107735753
G[T>G]T	9.746188079589047e-05	0.019859049534716178	0.0010590817095362582	9.953546032193117e-05	0.0010030836725491098	9.728680233820342e-05	0.0009167944575892761	0.007551872958720196	0.0001032569125527516
T[C>A]A	0.012517948728964256	0.010576077509176685	0.00011691180989146233	8.790054125711322e-05	0.009971449601653148	7.927225201456167e-05	0.05157741914590588	0.012269018364531804	0.007983259728280245
T[C>A]C	0.01474352111454209	0.059420307696564124	0.0005784828677860787	7.285064011739451e-05	8.211506201405427e-05	0.03500185912089364	9.517687226292537e-05	0.006423839378840057	0.006013337829062948
T[C>A]G	8.977485686045839e-05	0.02383961801897385	0.006945886839821469	9.818852122407406e-05	0.00016699777625035496	0.0069106950446439445	0.011225275776087073	0.0029334003607800695	0.010634229308197973
T[C>A]T	8.754593327466864e-05	0.0016265163132629823	0.00844618414339493	0.004650625078284065	0.01931190506511484	0.017228836900540046	0.00010393027550890111	0.018164155323029264	9.323605372628663e-05
T[C>G]A	0.009213968410040251	0.008179104049122542	0.006346947203746822	0.0067101125348017375	0.03304350449196676	8.471122382616158e-05	0.005653070371779445	0.07819138756676694	8.927332200983073e-05
T[C>G]C	0.022378471848833036	0.027306574749673018	0.02832817601665738	9.246633126167581e-05	0.013075809475412824	7.86341753155284e-05	9.935623020282947e-05	0.0007686269884288777	0.025320277069477017
T[C>G]G	0.0063425123629713195	0.00832299885660177	0.019510051205725177	0.010955999178986531	0.00010247601894661785	9.47441927564796e-05	0.00010913531805272214	0.010857933981606038	0.00010121756786247715
T[C>G]T	5.450373646453954e-05	6.991158352320781e-05	5.858357644683565e-05	5.2746931282854347e-05	5.585621012187403e-05	0.01681846696519642	0.2741896731160523	7.334151705435943e-05	7.244473454193212e-05
T[C>T]A	0.018205538609009864	7.005048474866271e-05	0.1950484633591259	5.2884252909279894e-05	6.178137323544774e-05	0.029567749770353657	0.038054602666534265	6.538080093037024e-05	0.019422926077095327
T[C>T]C	6.881600627366425e-05	0.005140078868862474	7.897073483036366e-05	0.039709409104943916	5.362674912703369e-05	0.020476940601292883	0.08870006344304784	0.034137892590985076	0.0594536527967648
T[C>T]G	2.7233686678584947e-05	5.742665755406051e-05	5.2004618987666616e-05	4.778930246640556e-05	6.560326204859577e-05	0.428241229057312	6.033416359514376e-05	4.038574843434617e-05	5.6855474883832355e-05
T[C>T]T	0.05035526690317056	0.009352443753596163	8.27433077574824e-05	0.03584759604827923	7.869194364502618e-05	0.07969608725416037	7.168696356529836e-05	7.930605324872886e-05	0.10128039149567485
T[T>A]A	9.875124378595501e-05	0.0016323855074006134	0.0006009995908243581	0.00010009164907387458	0.00100681797703146	0.006919286412448855	0.011067681439453737	0.0037620770250214263	0.00010396965662948788
T[T>A]C	9.54676783294417e-05	0.010210353591537569	0.0010614216975227465	9.832411597017199e-05	0.0010035397950559854	9.976928122341633e-05	0.013167500246345299	0.0032814237325510475	0.00010508802879485301
T[T>A]G	9.800506304600277e-05	0.008856079084944212	0.00040500641698599794	9.740081513882614e-05	0.0010037083746283315	0.005922825520974584	0.0009220115280186292	0.0252837622872903	0.00010617579246172682
T[T>A]T	0.01135393566073617	0.012303777538181748	0.009865946364152478	9.722997783683241e-05	0.00010017060412792489	9.723091570776888e-05	0.0009178283355140593	0.002947590839175973	0.00010334664111724123
T[T>C]A	9.718458240968176e-05	0.000878337248286698	0.0010610867240757216	0.010313511976710288	0.0010022706923336956	0.0001000318385194987	0.00010591303507681004	0.01947038513753796	0.00010663386128726416
T[T>C]C	9.679857321316376e-05	0.014154821509873728	0.00013322330105438595	8.907993760658428e-05	0.005946631678671111	9.235262004949618e-05	0.0064839101767574904	0.0019257651365478523	0.034326152699213706
T[T>C]G	9.632891669753008e-05	0.013861323871969944	0.007966326495079556	9.861550279310904e-05	0.001004092470247997	9.91781329503283e-05	0.00010748191416496412	0.00468549723009346	0.00010507142360438593
T[T>C]T	0.006076484677760163	0.0008708507353730966	0.0001770951355865691	0.010953317258827155	0.00020237751195963937	0.022616049345378995	0.0009136947555816732	0.0019459328868833836	0.02551533503647079
T[T>G]A	9.880979851004668e-05	0.0110264076225576	0.0010621511413773988	9.947881626430899e-05	0.001008608662232291	0.00010211200642515906	0.000921029211167479	0.003757511395815527	0.00010669602561392821
T[T>G]C	9.926426428137347e-05	0.0008796692709438503	0.009978911312646232	0.004750201147544431	0.0010055037964775693	0.0001008682549581863	0.0001834958624385763	0.004337185583426617	0.007844494692835723
T[T>G]G	0.00010179837481700815	0.0016380932334868702	0.0010642286979418714	0.00010297038170392625	0.001009033453738084	0.00010259230475639924	0.0009227093076333403	0.004691623074177187	0.00010855525761144236
T[T>G]T	8.431348396698013e-05	0.0004513049911111011	0.021466832051373785	0.007133428538509179	0.004454436761079705	0.006092373345745727	9.221647051163017e-05	0.01612913841381669	0.015270370778307552
