MutationType	SBS96A	SBS96B	SBS96C	SBS96D	SBS96E	SBS96F	SBS96G	SBS96H	SBS96I	SBS96J
A[C>A]A	1.40E-02	5.68E-03	1.92E-02	1.05E-03	6.54E-04	9.31E-06	6.31E-03	2.18E-02	2.48E-02	1.21E-02
A[C>A]C	5.17E-04	8.75E-06	1.36E-02	1.68E-05	3.90E-02	5.63E-06	5.43E-06	4.49E-03	5.55E-02	2.84E-02
A[C>A]G	1.17E-03	4.12E-06	9.52E-03	7.38E-03	7.58E-04	2.10E-06	1.94E-06	1.01E-03	2.85E-06	1.84E-06
A[C>A]T	9.76E-04	4.43E-06	2.47E-06	1.15E-02	1.18E-03	3.91E-06	4.73E-03	6.78E-04	3.44E-06	3.82E-06
A[C>G]A	1.29E-03	7.18E-06	1.98E-02	1.09E-02	9.88E-04	6.77E-06	3.23E-06	2.17E-02	8.48E-06	6.71E-06
A[C>G]C	1.18E-03	2.32E-06	4.05E-06	1.43E-03	1.65E-02	8.63E-03	3.84E-06	8.75E-03	4.63E-06	2.53E-06
A[C>G]G	1.11E-02	3.42E-06	2.64E-06	1.83E-02	1.18E-03	7.86E-06	1.11E-02	4.47E-03	4.04E-06	5.74E-03
A[C>G]T	4.92E-03	7.16E-03	7.78E-06	5.74E-04	9.83E-04	4.39E-03	5.38E-06	8.24E-04	4.14E-06	2.89E-02
A[C>T]A	1.87E-05	2.77E-02	3.09E-02	4.34E-02	9.21E-06	8.83E-06	1.02E-05	7.25E-06	3.85E-02	3.80E-02
A[C>T]C	1.02E-03	4.23E-06	3.48E-06	8.68E-03	1.13E-02	3.24E-06	6.31E-03	1.17E-02	8.80E-03	3.44E-06
A[C>T]G	1.25E-05	1.16E-05	1.27E-05	9.42E-06	1.16E-05	6.39E-02	1.10E-05	1.15E-05	1.01E-05	1.12E-05
A[C>T]T	1.53E-02	5.56E-03	3.58E-02	1.56E-02	6.29E-05	6.24E-06	1.18E-05	6.48E-04	6.04E-06	2.43E-02
A[T>A]A	1.38E-02	5.44E-06	9.52E-03	1.24E-03	1.18E-03	6.08E-06	7.57E-03	2.48E-04	7.56E-03	3.30E-06
A[T>A]C	9.78E-04	9.01E-06	7.23E-06	1.72E-02	8.23E-03	1.04E-05	6.31E-03	2.18E-02	3.17E-02	5.74E-03
A[T>A]G	7.56E-04	8.97E-06	7.63E-06	1.94E-02	2.82E-02	4.51E-03	1.89E-02	4.78E-06	4.76E-06	1.95E-02
A[T>A]T	1.01E-03	5.91E-06	8.15E-03	1.32E-03	1.18E-03	3.25E-03	2.44E-06	6.80E-04	1.45E-02	2.21E-06
A[T>C]A	1.69E-02	4.92E-06	3.88E-06	1.28E-02	1.76E-02	8.66E-06	1.07E-02	3.07E-06	2.60E-02	2.17E-06
A[T>C]C	1.17E-03	3.36E-06	3.48E-06	1.15E-03	7.58E-04	3.32E-06	6.50E-06	8.69E-03	1.21E-02	1.31E-02
A[T>C]G	7.75E-04	6.90E-06	3.70E-02	3.33E-02	7.60E-04	1.12E-05	2.25E-02	9.04E-06	8.96E-06	6.45E-06
A[T>C]T	9.43E-03	2.13E-02	5.87E-03	2.04E-02	2.64E-04	2.18E-02	8.42E-06	4.89E-02	6.92E-06	5.51E-06
A[T>G]A	7.72E-04	5.21E-03	3.13E-06	1.16E-03	1.04E-02	6.66E-06	7.37E-06	2.85E-02	4.51E-06	3.12E-06
A[T>G]C	1.29E-03	8.02E-07	2.57E-06	1.43E-03	1.18E-03	1.35E-06	1.85E-06	1.01E-03	2.10E-06	1.59E-06
A[T>G]G	1.29E-03	8.02E-07	2.57E-06	1.43E-03	1.18E-03	1.35E-06	1.85E-06	1.01E-03	2.10E-06	1.59E-06
A[T>G]T	1.29E-03	4.48E-06	2.96E-06	5.11E-03	1.18E-03	3.28E-06	2.09E-06	8.23E-04	3.38E-06	1.05E-02
C[C>A]A	1.11E-02	6.76E-03	5.25E-06	1.55E-02	1.83E-02	9.59E-03	3.51E-06	1.69E-02	5.72E-06	5.70E-06
C[C>A]C	1.17E-03	6.13E-06	6.24E-06	9.48E-03	1.18E-03	5.71E-03	2.17E-06	8.24E-03	1.10E-02	5.27E-06
C[C>A]G	9.94E-03	3.33E-06	1.07E-02	9.51E-03	2.78E-02	7.15E-06	7.20E-06	8.45E-04	3.53E-06	3.41E-06
C[C>A]T	4.94E-03	7.29E-03	4.31E-06	1.05E-03	6.48E-03	1.87E-06	1.24E-02	8.34E-04	7.56E-03	3.26E-06
C[C>G]A	9.99E-04	7.96E-03	4.53E-06	1.35E-03	6.63E-04	1.62E-02	3.40E-06	1.01E-03	3.69E-06	3.10E-06
C[C>G]C	5.29E-04	6.04E-06	9.57E-06	1.52E-05	4.99E-03	8.78E-03	2.66E-02	2.18E-02	7.56E-03	1.96E-02
C[C>G]G	5.70E-03	2.04E-06	6.33E-06	6.90E-03	7.60E-04	6.50E-06	5.72E-03	8.46E-04	1.63E-02	8.25E-03
C[C>G]T	8.62E-04	3.87E-06	3.12E-06	5.11E-03	1.18E-03	1.88E-06	2.60E-06	1.01E-03	3.86E-06	1.26E-02
C[C>T]A	8.99E-03	5.46E-06	1.14E-02	2.30E-02	9.90E-04	1.36E-05	2.67E-06	1.01E-05	3.76E-02	1.54E-02
C[C>T]C	1.18E-02	5.69E-03	3.60E-02	1.40E-04	4.11E-02	9.72E-06	1.26E-05	2.57E-02	1.21E-05	1.09E-05
C[C>T]G	1.13E-05	4.69E-02	9.36E-06	1.05E-05	8.36E-06	1.15E-05	9.36E-06	1.16E-05	9.49E-06	9.29E-06
C[C>T]T	2.12E-02	1.08E-02	4.26E-02	9.54E-03	1.54E-02	1.13E-05	1.58E-02	6.81E-04	8.46E-06	6.24E-06
C[T>A]A	1.29E-03	1.02E-05	4.15E-06	6.14E-03	4.99E-03	6.11E-06	4.13E-06	6.80E-04	2.67E-02	4.49E-06
C[T>A]C	1.17E-03	1.33E-06	4.20E-06	1.33E-03	8.25E-03	1.51E-06	1.12E-02	8.18E-04	3.63E-06	2.97E-06
C[T>A]G	8.70E-03	9.90E-03	7.10E-06	4.07E-05	2.14E-02	7.00E-06	6.31E-03	1.45E-02	5.29E-06	2.30E-02
C[T>A]T	1.12E-02	3.68E-06	8.15E-03	1.16E-03	1.63E-02	9.54E-06	7.90E-06	4.47E-03	7.17E-03	5.15E-06
C[T>C]A	1.38E-02	1.14E-02	5.13E-06	1.43E-03	5.38E-04	5.43E-03	3.14E-06	6.80E-04	3.45E-06	1.07E-02
C[T>C]C	1.18E-03	5.13E-06	1.98E-02	1.05E-03	7.56E-04	1.08E-02	1.28E-02	9.43E-03	6.29E-06	3.10E-06
C[T>C]G	1.89E-04	1.83E-02	1.31E-02	8.36E-04	5.33E-05	2.07E-02	1.56E-02	2.97E-04	7.56E-03	1.85E-02
C[T>C]T	1.46E-02	1.02E-02	5.07E-06	9.42E-04	2.12E-02	5.71E-03	3.38E-06	9.72E-05	1.40E-02	2.68E-06
C[T>G]A	1.29E-03	4.96E-06	2.39E-06	8.07E-03	1.18E-03	4.28E-06	4.39E-06	8.75E-03	3.63E-06	2.76E-06
C[T>G]C	8.44E-03	2.03E-06	3.11E-06	1.43E-03	8.45E-04	1.26E-06	6.09E-03	4.47E-03	3.82E-06	3.01E-06
C[T>G]G	9.82E-04	5.22E-06	9.14E-06	1.27E-02	5.39E-04	5.43E-03	1.33E-02	6.77E-04	1.71E-02	1.19E-02
C[T>G]T	4.96E-03	6.73E-06	1.85E-02	7.11E-05	1.13E-02	7.29E-06	2.94E-06	1.70E-02	5.91E-03	2.22E-02
G[C>A]A	7.59E-04	2.99E-02	9.92E-06	1.76E-02	4.26E-02	4.39E-03	8.11E-06	6.81E-04	6.04E-06	6.98E-06
G[C>A]C	4.93E-03	5.76E-06	4.15E-06	7.38E-03	5.00E-03	5.52E-06	2.38E-06	6.80E-04	1.45E-02	3.80E-06
G[C>A]G	1.18E-02	4.16E-06	9.80E-03	1.38E-02	7.60E-04	6.52E-06	9.73E-06	8.24E-04	2.71E-02	3.18E-06
G[C>A]T	1.10E-05	1.14E-02	9.52E-03	8.81E-04	3.52E-02	8.63E-03	1.02E-05	2.37E-02	6.16E-06	1.07E-02
G[C>G]A	8.63E-04	2.60E-06	3.95E-06	1.43E-03	1.18E-03	7.33E-06	6.12E-06	2.17E-02	3.09E-06	7.91E-03
G[C>G]C	1.17E-03	2.91E-06	2.82E-06	1.33E-03	1.02E-03	6.09E-06	8.77E-03	1.17E-02	1.29E-02	2.24E-06
G[C>G]G	1.29E-03	5.59E-06	4.78E-06	1.66E-02	9.87E-04	3.64E-06	1.37E-02	5.39E-03	3.23E-06	3.72E-06
G[C>G]T	7.52E-04	4.84E-06	9.52E-03	8.57E-03	7.59E-04	2.35E-06	4.64E-06	8.69E-03	2.12E-02	8.64E-06
G[C>T]A	1.87E-02	7.81E-06	2.22E-02	2.01E-02	1.40E-05	8.77E-06	1.48E-02	2.18E-02	7.04E-06	2.08E-02
G[C>T]C	7.56E-03	6.57E-06	2.43E-02	4.34E-02	7.02E-06	1.30E-02	1.43E-02	1.36E-05	2.66E-02	1.54E-02
G[C>T]G	9.61E-02	4.79E-02	1.00E-05	8.32E-06	1.03E-05	4.47E-02	1.03E-05	9.19E-06	1.08E-05	1.10E-05
G[C>T]T	5.10E-03	2.61E-02	3.23E-06	1.18E-02	7.31E-04	1.74E-02	5.64E-03	8.23E-04	1.35E-02	4.14E-06
G[T>A]A	1.18E-03	5.67E-03	2.46E-06	1.43E-03	9.43E-04	8.63E-03	2.07E-06	1.01E-03	2.37E-06	1.97E-06
G[T>A]C	1.29E-03	8.36E-07	2.98E-06	1.43E-03	7.58E-04	2.22E-06	2.79E-06	1.01E-03	8.80E-03	3.55E-06
G[T>A]G	1.29E-03	3.55E-06	1.07E-02	1.05E-03	1.15E-02	1.01E-05	5.56E-03	4.46E-03	2.38E-02	7.76E-06
G[T>A]T	1.18E-03	3.59E-06	1.09E-02	7.75E-04	1.18E-03	2.83E-06	4.03E-06	8.72E-03	3.40E-06	8.25E-03
G[T>C]A	4.96E-03	6.14E-06	8.29E-06	6.91E-03	2.01E-02	5.63E-06	6.60E-06	1.01E-03	3.72E-06	1.76E-02
G[T>C]C	7.74E-03	6.76E-03	4.74E-03	7.15E-05	4.10E-04	6.21E-06	5.21E-06	1.64E-02	1.45E-02	6.02E-06
G[T>C]G	3.26E-03	6.76E-03	5.51E-06	1.33E-03	1.56E-02	6.87E-06	1.01E-05	2.85E-02	3.64E-06	5.67E-03
G[T>C]T	1.10E-02	7.15E-03	4.13E-06	6.19E-04	4.97E-03	1.27E-02	2.32E-06	1.01E-03	3.93E-06	3.57E-06
G[T>G]A	1.29E-03	2.11E-06	3.04E-06	7.38E-03	3.73E-04	2.17E-06	7.43E-03	1.01E-03	2.58E-06	1.85E-06
G[T>G]C	1.06E-02	2.19E-06	8.15E-03	1.24E-03	8.80E-04	5.43E-03	2.04E-06	1.01E-03	3.43E-06	1.61E-06
G[T>G]G	6.53E-05	3.85E-06	8.15E-03	9.46E-03	1.10E-02	5.54E-06	1.08E-02	1.35E-02	5.91E-03	4.85E-06
G[T>G]T	6.34E-03	5.71E-03	3.95E-06	9.12E-04	1.50E-02	3.85E-06	6.51E-06	1.01E-03	3.02E-06	2.59E-06
T[C>A]A	3.29E-03	6.93E-03	1.16E-05	3.45E-02	5.63E-04	1.20E-05	9.78E-06	8.77E-03	7.17E-03	7.25E-06
T[C>A]C	7.75E-04	8.63E-06	5.87E-03	6.03E-04	2.62E-04	1.18E-05	6.85E-03	1.78E-02	5.27E-02	2.05E-02
T[C>A]G	1.17E-03	9.99E-06	4.63E-06	3.19E-02	1.75E-05	7.49E-06	9.37E-06	2.19E-02	9.86E-03	5.74E-06
T[C>A]T	1.17E-03	1.11E-02	5.80E-06	2.20E-02	9.88E-04	1.18E-05	6.57E-06	8.85E-04	2.20E-02	7.59E-06
T[C>G]A	1.68E-02	1.04E-05	8.89E-06	9.43E-04	1.58E-02	4.98E-06	2.88E-02	5.43E-03	6.94E-06	3.10E-02
T[C>G]C	1.39E-02	7.49E-06	7.86E-03	6.80E-04	9.88E-04	3.94E-03	2.25E-02	3.69E-02	2.41E-02	3.65E-02
T[C>G]G	8.98E-03	9.90E-06	2.56E-02	8.54E-03	8.23E-04	1.83E-06	4.73E-03	4.47E-03	4.45E-06	2.67E-06
T[C>G]T	4.75E-05	1.44E-02	2.72E-02	1.97E-05	6.93E-02	1.11E-05	3.58E-02	2.38E-02	1.05E-05	7.17E-03
T[C>T]A	1.61E-02	1.16E-05	6.48E-02	1.99E-04	1.11E-05	2.69E-02	8.57E-06	1.16E-05	1.05E-05	2.57E-02
T[C>T]C	1.94E-02	1.16E-05	9.11E-06	8.68E-06	3.04E-02	1.23E-05	4.73E-03	5.80E-02	5.68E-06	1.18E-05
T[C>T]G	7.86E-06	9.42E-06	1.08E-05	1.05E-05	1.11E-05	1.15E-05	4.98E-02	1.18E-05	9.27E-06	8.52E-06
T[C>T]T	1.05E-05	3.06E-02	1.13E-05	5.10E-06	8.67E-06	2.15E-02	1.06E-05	1.09E-05	6.72E-06	5.93E-02
T[T>A]A	8.43E-03	4.25E-06	3.33E-06	5.11E-03	1.18E-03	3.54E-06	2.71E-06	6.79E-04	2.94E-06	3.46E-06
T[T>A]C	1.15E-03	8.70E-07	5.86E-03	1.32E-03	9.92E-04	1.37E-06	7.22E-03	1.01E-03	1.61E-06	2.15E-06
T[T>A]G	1.29E-03	2.55E-06	5.90E-03	1.43E-03	4.99E-03	5.63E-06	2.16E-06	4.47E-03	3.67E-06	3.36E-06
T[T>A]T	1.29E-03	2.23E-06	6.65E-06	1.15E-03	5.00E-03	6.49E-06	5.83E-06	1.62E-02	5.91E-03	4.33E-06
T[T>C]A	1.29E-03	1.52E-06	1.07E-02	1.33E-03	1.18E-03	4.82E-06	3.80E-06	8.23E-04	1.84E-02	1.09E-06
T[T>C]C	7.10E-04	5.89E-06	9.45E-06	9.40E-03	5.63E-03	2.01E-06	4.41E-03	6.80E-04	2.43E-02	8.72E-06
T[T>C]G	1.29E-03	5.74E-06	2.76E-06	1.02E-02	1.18E-03	5.41E-06	2.33E-06	8.92E-03	1.45E-02	3.05E-06
T[T>C]T	1.39E-02	5.32E-06	1.52E-02	1.95E-02	7.60E-04	1.06E-05	1.17E-02	6.46E-06	8.80E-03	5.78E-06
T[T>G]A	1.15E-03	1.17E-06	2.44E-06	1.43E-03	8.11E-03	1.74E-06	2.11E-06	1.01E-03	2.49E-06	1.61E-06
T[T>G]C	1.18E-03	1.38E-06	1.07E-02	1.04E-03	5.62E-03	2.81E-06	6.31E-03	1.01E-03	2.89E-06	2.22E-06
T[T>G]G	1.29E-03	8.02E-07	2.57E-06	1.43E-03	1.18E-03	1.35E-06	1.85E-06	1.01E-03	2.10E-06	1.59E-06
T[T>G]T	1.17E-03	8.36E-06	1.31E-02	1.04E-03	3.12E-02	1.21E-02	9.58E-06	8.24E-04	7.90E-06	2.43E-02
