MutationType	SBS96A	SBS96B	SBS96C	SBS96D	SBS96E	SBS96F	SBS96G	SBS96H	SBS96I	SBS96J
A[C>A]A	0.014082828105620138	0.0057481627394736275	0.027505378376372392	0.001190482627498568	0.0007331203087233007	7.532290101153194e-05	0.0064019136756542135	0.021903915479197168	0.02486228194684372	0.01778641205146414
A[C>A]C	0.0005875240865634623	6.636581614429815e-05	0.013724125833323341	0.00010446988635521847	0.05566088696286897	8.357924161828123e-05	7.621159638802056e-05	0.004565822620020299	0.07441406691505108	0.049381412029470086
A[C>A]G	0.0018364493727858644	9.697148198029026e-05	0.00962894030744792	0.010438847533805529	0.0008795306690444704	9.724275296321138e-05	0.00010291474100085907	0.0016092556863441132	0.00011107077007181943	0.00010737459087977186
A[C>A]T	0.0011072168323153163	9.481224697083235e-05	0.00010527694248594344	0.0205882695656328	0.0018512654824007768	9.373839639010839e-05	0.004826742821751395	0.0007971896411618218	0.00010720998398028314	0.00010264999364153481
A[C>G]A	0.002591504476094997	8.787288752500899e-05	0.019919743261561963	0.016680934912619703	0.001080191172513878	8.689388087077533e-05	9.629178020986728e-05	0.022732454356446396	9.561638362356461e-05	9.469379947404377e-05
A[C>G]C	0.0022904443394509144	0.00010013705323217437	0.00010295351676177233	0.0028800016661989503	0.01744959737188765	0.008726948649564293	9.900698933051899e-05	0.009728916794847465	0.0001090188103262335	0.00010325901093892753
A[C>G]G	0.012033069316385082	9.33470633754041e-05	9.430956415599213e-05	0.026389816136361332	0.0018401018311124061	8.294564631796674e-05	0.015171360370368347	0.00540925512832473	0.00010051319986814633	0.0058278373900975565
A[C>G]T	0.006208912845613668	0.010784859954947023	9.21220431337133e-05	0.0006760480740922503	0.0012150595255661755	0.0044775874343031315	8.973796138889156e-05	0.0009199551779602189	0.00010397376972832717	0.06558362591676996
A[C>T]A	6.920488638115785e-05	0.027705871421079564	0.030958516244209023	0.0747557073009375	7.123836458049482e-05	5.581564541898842e-05	6.148801976451068e-05	7.278800949279684e-05	0.05695168383972486	0.07138406737703917
A[C>T]C	0.0016336766610038466	9.238057900802232e-05	0.00010195214053965174	0.008860021853615762	0.01222591687910608	9.169542827294208e-05	0.0064031609632365875	0.018645280531200115	0.008902057020168285	9.739543165778741e-05
A[C>T]G	3.929866393548309e-05	5.401973367042956e-05	5.867348321930699e-05	6.268309971346753e-05	6.280167396539582e-05	0.6521771103143692	4.927226413542485e-05	6.478176187272311e-05	7.023576367828354e-05	6.050625593445602e-05
A[C>T]T	0.02352960115276801	0.008138175085150579	0.048038337499747286	0.023916294306400233	0.00014216415229384438	8.106073837552686e-05	7.27759850633447e-05	0.0007399561812235333	9.535966091789305e-05	0.024360918349157146
A[T>A]A	0.015819662769354183	9.278447359974961e-05	0.00962573225478991	0.0019422137676883722	0.0018454392862622625	9.261471786885523e-05	0.007665481715230271	0.0003517313081829343	0.007667891986784525	0.00010264091979479417
A[T>A]C	0.0013001154924495496	8.121790597215295e-05	9.082357901206706e-05	0.026703123912375303	0.008301072916219709	6.749086303443619e-05	0.006397341205956764	0.021902505492471393	0.04764428495655011	0.005814300419024221
A[T>A]G	0.0008328639487444889	6.958400845178404e-05	8.375992547371425e-05	0.03666306177401566	0.04780202718466171	0.004565153446937131	0.01895717708976008	8.733930080779828e-05	8.545731143385637e-05	0.019576907872760785
A[T>A]T	0.0016882912808796392	9.56059477175586e-05	0.008254345463501522	0.002696075846324675	0.0018540154836955481	0.003348489561176393	0.00010237162277917377	0.0007849159868783317	0.014563754137634532	0.00010670651754480786
A[T>C]A	0.02526684515105444	7.879629301896785e-05	8.488074599881657e-05	0.01915357492143812	0.03105743547421298	5.995351889396261e-05	0.010763290889735799	9.507223076070659e-05	0.03437479115309543	8.287399541586637e-05
A[T>C]C	0.0019147685052303132	9.730817037052475e-05	0.00010675218509277329	0.0018491260685550514	0.0008767506908043288	9.495311242062599e-05	9.486173403274733e-05	0.010406352062273073	0.01222073487515445	0.013222031802433776
A[T>C]G	0.0008581088408391224	8.130896494549234e-05	0.06540905977890361	0.06435527807734616	0.0008640146435936913	6.36505711099744e-05	0.02259518401879177	8.258386951638385e-05	8.350121424882673e-05	8.624880538263824e-05
A[T>C]T	0.009523476192907766	0.030508226045640185	0.0059460423995119525	0.020524242409010185	0.00034015655910479836	0.02190783184560132	7.91381360613741e-05	0.07471396306282259	9.229421339114196e-05	8.161831101460848e-05
A[T>G]A	0.0008775116468314082	0.005305640950246016	0.00010585290656308643	0.002234062935167458	0.012419378171762219	8.918182356865145e-05	9.30210153455846e-05	0.030271272530808347	0.00010881786001846195	0.00010505970785743557
A[T>G]C	0.0026082472642883657	0.000102620039251633	0.00010873666833504103	0.0028854903335741255	0.0018559176605776884	9.978298185160383e-05	0.00010365775160607882	0.0016116580096422694	0.00011359074414940551	0.00010853788262465969
A[T>G]G	0.0026082472642883657	0.000102620039251633	0.00010873666833504103	0.0028854903335741255	0.0018559176605776884	9.978298185160383e-05	0.00010365775160607882	0.0016116580096422694	0.00011359074414940551	0.00010853788262465969
A[T>G]T	0.0026053252579004036	9.578501048963517e-05	0.00010455155352246947	0.007265061996440636	0.0018478461592167151	9.533149932394736e-05	0.00010082983208121732	0.0009329790729680099	0.00010808828374138102	0.010639466147404164
C[C>A]A	0.01219942516690935	0.00684257872235321	9.66533894825261e-05	0.02042619920175639	0.01956688337486412	0.014045629710381036	9.434874882572331e-05	0.017757421177520882	9.785501497390214e-05	9.156579617410898e-05
C[C>A]C	0.001954357021168107	9.363735334773082e-05	9.564607098582201e-05	0.010583369080995908	0.001839876921803807	0.005808766725385795	9.796932281460612e-05	0.009214248932403279	0.011150295072729932	9.654262466938235e-05
C[C>A]G	0.01665527782679419	9.650641150074079e-05	0.010788523648079718	0.009839014316094108	0.029867462946276645	8.923923669499346e-05	9.098165646719281e-05	0.0012309183788602241	0.00010712988587329164	0.00010348831638111733
C[C>A]T	0.0064334124570450514	0.010976123010914307	9.752133264555596e-05	0.0011666282582154964	0.0068171282895491455	9.37470977078192e-05	0.01833395475441648	0.0011706325029081199	0.0076647932881314775	9.874907482299022e-05
C[C>G]A	0.001600023275386775	0.015284907401655801	0.00010333434911444784	0.002645057147310581	0.0009753328158694785	0.021889896578068148	9.742285838001407e-05	0.0016089501848910003	0.0001098078369977884	0.00010516547044971957
C[C>G]C	0.0006550640900968574	8.646498572488781e-05	8.404019336012425e-05	0.00010146026233996963	0.006082866989527247	0.008855758890604193	0.02667504883829679	0.028020341079536593	0.00765607245702995	0.025217661848000717
C[C>G]G	0.008436818013069568	9.936866917996668e-05	0.0001003100445814198	0.007107228553650202	0.000859517009666888	8.924042813305278e-05	0.005818745066062547	0.0012287822813959793	0.016405369965650608	0.00835300804428698
C[C>G]T	0.001373225203860784	9.635770693421364e-05	0.00010270744023728184	0.007264780076366151	0.001847002144495491	9.771849145181477e-05	9.96691574982833e-05	0.0016030694860091899	0.0001067565921403002	0.018802114469872323
C[C>T]A	0.009067063746260828	8.301057787321042e-05	0.011453231813720776	0.03455284920783015	0.0010700276732677593	5.2145935742942126e-05	9.120371250901372e-05	9.70472399785649e-05	0.0902487170198583	0.015435948431149881
C[C>T]C	0.013478469673356308	0.005764648973854492	0.04685579222968954	0.0002281779119584826	0.05150121503575065	7.902722157098197e-05	7.354090290050408e-05	0.0382014368144155	8.6691472878897e-05	8.020652198865718e-05
C[C>T]G	3.82620382197274e-05	0.5113687813282013	7.055132150526333e-05	5.277235322864726e-05	7.265305048349546e-05	3.7738357298167104e-05	3.87320623897125e-05	5.5044643625024035e-05	6.417251651100742e-05	6.552157636292577e-05
C[C>T]T	0.028406819669908146	0.010912742544314824	0.07765983625358786	0.009624829926906386	0.01596247250527085	6.963442065170966e-05	0.015876929468504386	0.0007739563174254726	8.52260245665093e-05	8.787065780779812e-05
C[T>A]A	0.002602532785385847	8.936949965212548e-05	0.00010339933141949587	0.008158297003683401	0.006093854083155747	9.144712894340045e-05	9.68349355389364e-05	0.0007772297783958492	0.026825887575978414	0.00010077709594042971
C[T>A]C	0.0018732384887698572	9.917098286678083e-05	0.00010207005107076839	0.0021033970209828113	0.01337198955952772	9.770823526196182e-05	0.015500334819444106	0.0010236664340482094	0.00010553345418884419	0.00010200091783190146
C[T>A]G	0.015134237162783393	0.009979415264388081	9.36785578232957e-05	0.00013884646032238379	0.02199484952434432	8.553716288588476e-05	0.006399682388291694	0.022196950539728276	9.602974023437127e-05	0.02307029620715184
C[T>A]T	0.01135337673374579	8.91084950126242e-05	0.008239529880302143	0.0018220126534288284	0.03191504642454675	7.515631651813237e-05	8.978471250884468e-05	0.005408237085794099	0.0072676538075029384	9.305443236371503e-05
C[T>C]A	0.015836649145785486	0.011475948714723927	9.988012825488113e-05	0.0028752039179380517	0.000649513027019566	0.0055192836483911375	9.723495168145746e-05	0.0007835661686840467	0.00010648301977198572	0.010778315915376879
C[T>C]C	0.0018438249462633394	9.056705312104896e-05	0.019923721479426604	0.001161997777671786	0.0009807531030673999	0.010924635815536021	0.012912961477559293	0.01433217295925715	0.00010016699161496945	9.878560085780918e-05
C[T>C]G	0.00029123017884558067	0.03147072023275541	0.013210724062082591	0.0012980817737116013	0.00015731481980765238	0.020813032147998456	0.023124379817818407	0.00040229867154266684	0.007656042754388181	0.018579560884973034
C[T>C]T	0.015925380428234347	0.010311507762162364	9.608504951756913e-05	0.001064850085094804	0.02798062907604617	0.00580081764201168	9.440172216272913e-05	0.0002094920571835246	0.0201341582556779	0.0001005684411211405
C[T>G]A	0.0026063728881126737	9.570525216986425e-05	0.00010896121384575962	0.010030443811410805	0.0018520923564210533	9.49253182625398e-05	9.874227180262096e-05	0.009595517976413248	0.00010853243802557699	0.00010578830115264282
C[T>G]C	0.01336564252342214	9.663445162004791e-05	0.00010006088414229452	0.0028778921951015946	0.0013283533087815158	9.58767021074891e-05	0.009233548746124143	0.005415733662812272	0.00010777116403914988	0.00010210102336714045
C[T>G]G	0.0013009227346628903	8.837658242555335e-05	9.154508352366974e-05	0.013811452988011296	0.0006425064639188349	0.005504962469293773	0.017989975954697	0.0008141576901834924	0.02582277457040618	0.012045573742943816
C[T>G]T	0.005853193787334021	8.445771090919152e-05	0.03533984405003139	0.0001859679054177832	0.012226458111399552	8.413532814302016e-05	9.381998534081503e-05	0.017079381679650396	0.0060051834065234285	0.02232585821839166
G[C>A]A	0.000820724772779613	0.053120965435198286	7.630058862559964e-05	0.01773045891386573	0.09086534369198489	0.004463716386999295	6.537405952258268e-05	0.0007721305657469202	8.711996160855051e-05	7.891670829849318e-05
G[C>A]C	0.006832938741717953	9.135546824836637e-05	0.00010263624935760162	0.010435009099455782	0.0051227526069851596	9.053201792994515e-05	9.931347085512243e-05	0.0007819473037670832	0.014560161566623719	0.0001014202345686499
G[C>A]G	0.01275967013425543	9.293858020100742e-05	0.009900163902784698	0.0159361768332019	0.0008573754494136665	8.779873933235649e-05	8.623865951449262e-05	0.0009181191069728811	0.034583239243511345	9.930343294399791e-05
G[C>A]T	9.17401754122693e-05	0.011455130997022334	0.009614468801373732	0.0013717459444933411	0.036439127836638364	0.01246450653343345	8.37037209777236e-05	0.024978909063429457	0.00010114363503817003	0.010773491563668358
G[C>G]A	0.0013689152918232139	9.92608955129981e-05	0.00010329800425097346	0.002874139625509997	0.0018505111493141158	9.181700861518038e-05	9.721285205159802e-05	0.023422380160627653	0.00011131362334708683	0.00801700283700484
G[C>G]C	0.0018374655512161553	9.825349989114329e-05	0.00010270595521433279	0.0020995653365389446	0.00146596413833322	8.96524332347326e-05	0.013092227880406426	0.012842636439745547	0.01297065625403775	0.00010503291559871286
G[C>G]G	0.0026009831060946455	9.520817147858906e-05	0.00010359563966630959	0.018781461030448553	0.001093020324333338	9.503884066361934e-05	0.013778022052792948	0.006215371280268301	0.00010730669746408238	0.00010395799545221962
G[C>G]T	0.0008642112530651503	9.352831839350983e-05	0.009616432844723022	0.01051000886473048	0.0008668366694564611	9.57218260737136e-05	9.684821197879501e-05	0.010405572059971746	0.021287072049017298	9.782415036170277e-05
G[C>T]A	0.02761002602892404	7.698280351178254e-05	0.022324927075533196	0.031132932412037916	9.874335737549699e-05	7.09256113623269e-05	0.014859371898273821	0.021921197052142814	8.819525537546724e-05	0.031225102581083776
G[C>T]C	0.007623906201445152	8.023799091461115e-05	0.02434966125547362	0.06238970412596245	9.184542323055211e-05	0.013060749125810922	0.014439738548935566	9.578170556778787e-05	0.03770873880853287	0.015437652203854669
G[C>T]G	0.4071185441680427	0.07028243040277324	7.106913217285183e-05	7.014448892732617e-05	6.839968909844174e-05	0.04472693861063135	4.8883849012781865e-05	6.1029136213619493e-05	6.530357943574927e-05	6.359578636647712e-05
G[C>T]T	0.005208997739100596	0.0392372990725562	9.472052406636066e-05	0.0178295337522286	0.0008918395935324952	0.017453619568550495	0.005730644682626007	0.0009312956830399344	0.018869652448483976	9.451898586121388e-05
G[T>A]A	0.0022941738279769197	0.005776451121346326	0.00010858492023544387	0.0028850164366303944	0.001519951078807935	0.008728745321423047	0.00010296427499270066	0.001610883678222308	0.00011274514399701729	0.00010725289248512127
G[T>A]C	0.0026055329326482024	0.00010246792080579326	0.00010786052007460967	0.002884587909647962	0.0008801776653854177	9.77852127107326e-05	0.00010230954649159685	0.00160987682902487	0.008911354915471747	0.00010520472569623962
G[T>A]G	0.002595892106182873	9.422452567378058e-05	0.010779721247308771	0.0011797346793173346	0.0126756428508088	8.243946927990464e-05	0.005659442632895662	0.0048615002262522465	0.023885007336502895	9.47530459598056e-05
G[T>A]T	0.0018620605500473176	9.605929735698738e-05	0.015804033556923967	0.0009459558605158236	0.0018523580445616971	9.486310227657668e-05	9.804306682781316e-05	0.009814556383207673	0.00010921857247012668	0.008359163972636452
G[T>C]A	0.005855548909312347	8.63866946019698e-05	8.708388304512482e-05	0.007021643086045515	0.029826733169466026	8.387234520341735e-05	8.785493919276633e-05	0.0016023014148231595	0.00010432837152620777	0.026496811417018762
G[T>C]C	0.01177301004063338	0.006849836325272918	0.004836201503349002	0.00018209039044450037	0.0005115513828059193	8.862595168466215e-05	9.097927832044662e-05	0.01811544384690933	0.026434336338570574	9.14540869416669e-05
G[T>C]G	0.0036649545877935454	0.006850605904037366	0.00010082006920129061	0.0021016668317315633	0.02425811703069485	8.662050495331642e-05	8.803384243947222e-05	0.030263984640623676	0.00010452492497279309	0.005765606482600561
G[T>C]T	0.01339652897513588	0.010795578339457278	0.00010506065227673389	0.0009911719083902427	0.005648616929829586	0.017577766352769687	9.912894965964369e-05	0.0016069730278104543	0.00010813965782290325	0.00010374343328294345
G[T>G]A	0.0026043957899673843	0.00010074813981191255	0.00010742703234427609	0.01044077727929107	0.0004983145467122085	9.781749758985825e-05	0.0075364633928984405	0.0016111583390738815	0.00011187803393113427	0.00010743169113993644
G[T>G]C	0.012397812446579337	0.00010046974057331681	0.008254222157847834	0.0023781425050401596	0.0014069518634642008	0.005527272524341242	0.00010282248767907731	0.0016089531061879824	0.00011136630637338385	0.00010844321659533306
G[T>G]G	0.00018917001070803963	9.123353738687001e-05	0.008241793084016536	0.010492520245315972	0.016630826305481607	8.593896454840433e-05	0.010909008144517429	0.014396273970487528	0.006014578272879589	9.543881969875656e-05
G[T>G]T	0.008060902708530193	0.005814795006153872	0.00010647583549143747	0.0014828500687144696	0.016963353694154647	9.619100019335747e-05	9.568009481881745e-05	0.0016055618292739383	0.00011186012125108391	0.00010655927762854844
T[C>A]A	0.004133327758245287	0.006994423325905075	8.073739454630413e-05	0.08682716638650163	0.0006555138921612525	6.373978863010166e-05	7.750379932076612e-05	0.009276130261423533	0.0072523475542766395	8.777141956670676e-05
T[C>A]C	0.0008531145759434367	7.804287088220008e-05	0.005953645084809977	0.0006789478404698457	0.0003631202976976056	6.711580200681466e-05	0.00692676995167858	0.02540599803578516	0.11643267794715939	0.020558736553721247
T[C>A]G	0.001821652186299616	8.587289412389509e-05	9.95259586488828e-05	0.0426084230845845	0.00010850906874111388	8.355833906534827e-05	8.556582106393762e-05	0.02739499567906023	0.009967633676569675	9.976451874535997e-05
T[C>A]T	0.001820251197204925	0.019073063126415945	9.640756688895635e-05	0.022278120825285443	0.0010877792068640702	7.602260461680999e-05	8.891333309293258e-05	0.001426669117063284	0.03235662649385631	9.468374664720614e-05
T[C>G]A	0.017829748750591533	7.459379039573833e-05	8.789002949924907e-05	0.0010605854171444663	0.02170437950262567	8.554289779567625e-05	0.033426327117558684	0.005530215569888241	8.910314318200108e-05	0.052121548345166954
T[C>G]C	0.014521936846449535	8.102270330709871e-05	0.007942364861992245	0.0007701380891376175	0.0010796992224641143	0.004002391505081082	0.030562283429389936	0.03749211552058114	0.031040070659582853	0.03660100852321193
T[C>G]G	0.009116595687373774	8.614619458739981e-05	0.030536047228815734	0.010964787759439787	0.001266060524903878	9.571287082508207e-05	0.004823584842233686	0.005413759464863688	0.00010414139978820458	0.00010157328506466001
T[C>G]T	0.00010170493456911345	0.014471601772868325	0.027264250446751247	7.860061640485583e-05	0.1530146006210998	6.263246707476356e-05	0.053715696624996666	0.023869959184230537	7.203832446975867e-05	0.007241737362346612
T[C>T]A	0.016108763549334503	5.632918486497829e-05	0.27457289019075687	0.0002609602972029279	5.6452496352221715e-05	0.026908676157180976	7.2289845911655e-05	5.6540750449585175e-05	6.604844147659606e-05	0.025736085352764348
T[C>T]C	0.019472340136857724	5.685797714601315e-05	7.51678619053564e-05	5.766124577348819e-05	0.030501863116094798	5.049502617955337e-05	0.004781939459905971	0.22120441620791098	7.613881862198469e-05	7.251334909597063e-05
T[C>T]G	5.483596773956378e-05	6.286369002737047e-05	3.353623436623821e-05	5.7892256381819604e-05	4.9690911316702115e-05	4.1886337432117673e-05	0.4898691788315773	6.411198478417646e-05	5.511466003085275e-05	5.5995718321355524e-05
T[C>T]T	5.497034064774198e-05	0.03068184487168537	6.131984011972235e-05	7.201275730039924e-05	6.851395028206753e-05	0.021586415519300316	4.940223574294578e-05	5.3352455172728244e-05	7.48897062294418e-05	0.28302640238034654
T[T>A]A	0.014490777916216757	9.530565148452297e-05	0.00010192812624154612	0.007260581198352156	0.0018470871531462763	9.424885720363819e-05	9.936553324223496e-05	0.0007912051783932839	0.00010597176296869292	0.00010199383905273862
T[T>A]C	0.002064463876740774	0.00010292809674865566	0.0059706199237552935	0.0021507253077288624	0.0013556271500419826	9.938844159478322e-05	0.010902773288398749	0.0016102865374705289	0.00011137757246615365	0.00010613683552946895
T[T>A]G	0.0026046384489745835	9.84507511020638e-05	0.005998442166310269	0.0028783409979951102	0.006097476029390236	9.313916561950463e-05	0.00010158473232877441	0.004824196708068484	0.00010825198769452982	0.00010275006497977302
T[T>A]T	0.002601876908374834	9.94964131677989e-05	0.00010052314682980068	0.0018998675022885436	0.0051078255237371195	9.141592927335296e-05	9.789538489712868e-05	0.0179057347777416	0.006020211850409396	0.00010158434452023357
T[T>C]A	0.002607318745867815	0.00010045660892501473	0.01081073589011794	0.002108306651643943	0.0018528668450016994	9.275904558307957e-05	9.876916010398418e-05	0.0009318558266386389	0.018553595154662615	0.00010579321315162815
T[T>C]C	0.0008259669637482147	8.991629365482368e-05	9.591199441274511e-05	0.011350045627114013	0.007538796480889687	9.49466360907536e-05	0.004501540378259961	0.0007814768498064951	0.035741847751341996	9.457478663534857e-05
T[T>C]G	0.0026039882846816908	9.466903211432509e-05	0.00010398118465673178	0.012479690929467324	0.0018494979063689242	9.217789156537037e-05	0.00010042522480944172	0.009025544975156664	0.014563131136674201	0.00010066468748846092
T[T>C]T	0.015601844180491754	9.087610014830716e-05	0.015297091453976463	0.026963362023525405	0.0008615815117082093	7.077055997797287e-05	0.011835592911666026	9.284349071094766e-05	0.008899277821183205	9.092223590414505e-05
T[T>G]A	0.0020458307350054382	0.00010172162437811494	0.00010843286581803113	0.002884077865019208	0.010077898994495627	9.83154539426323e-05	0.00010250549312331713	0.0016113261859572957	0.00011225276757613756	0.00010844111384358257
T[T>G]C	0.0018699202344578225	9.952487016562372e-05	0.010811483672296163	0.0012086401315173135	0.007548670174583094	9.441146466997452e-05	0.0064097804992343296	0.0016080100336694158	0.00010842482079169713	0.00010493551526451484
T[T>G]G	0.0026082472642883657	0.000102620039251633	0.00010873666833504103	0.0028854903335741255	0.0018559176605776884	9.978298185160383e-05	0.00010365775160607882	0.0016116580096422694	0.00011359074414940551	0.00010853788262465969
T[T>G]T	0.0019498582118103514	8.837060177029344e-05	0.013211803316517034	0.0012474935494537931	0.03187848289962858	0.02330500573422678	8.925743609324854e-05	0.0009218052047799575	9.685778604762163e-05	0.024370631830242927
