MutationType	SBS96A	SBS96B	SBS96C	SBS96D	SBS96E	SBS96F	SBS96G	SBS96H	SBS96I	SBS96J	SBS96K	SBS96L	SBS96M	SBS96N	SBS96O	SBS96P	SBS96Q
A[C>A]A	0.0018320935545489193	1.4012984643248171e-46	2.3612885949528086e-19	0.00048738016848801633	0.002105560206109658	6.268233846640214e-05	0.00015609007386956363	0.001438009727280587	0.000555253482889384	0.0006872918718727305	6.755479844287038e-05	0.0014576609770301729	1.456950897826676e-33	0.0005697163600416388	0.0007208323440863751	0.009883145195371413	0.07535237930715084
A[C>A]C	0.0024100264243315907	4.602678818628192e-05	0.00039231748378369956	0.0002408378873951733	0.003063019458204508	0.0016046835999077302	0.0007469805190339684	0.0031787081621587276	0.009519502799957991	0.0003227502980735153	0.0007256102049723268	0.002627010497963056	0.012295052502304315	0.0003755723009817302	8.841673115966842e-06	0.02159512455109507	0.050527967140078546
A[C>A]G	0.0011118173191789539	0.0	0.0	2.037544509221334e-05	0.0006904974783537909	0.00020710632088594139	0.00028262565174372865	0.00019069151239818892	0.0007249305956065655	4.294603422749788e-06	0.0	0.0004780033913448278	0.00028642194520216434	0.00023455641291221242	0.00037406594892672727	0.009630557289347053	0.017395653948187827
A[C>A]T	0.014354801457375287	0.0	1.4012984643248171e-46	0.00022596562193939463	6.244819784058109e-05	0.0018098117368367638	0.001788274955470115	0.0001469636710190514	0.0904387105256319	0.0003347523882837322	0.0	0.0002487598113361855	0.00716972195600647	0.0	0.00014307187249287264	0.005884966247003831	0.00928464775363409
A[C>G]A	0.00014542550416081214	0.0009237066267107963	0.0006246041288250126	0.001268524897750467	0.0005305402039084584	0.0005267853077384644	4.772270331159234e-05	0.0007052647553791758	0.0002495706954505295	0.00031382182496599855	0.0005079576047137379	0.0	0.00035700352746061983	0.001651160535402596	0.0002671492169611156	0.02640331704169512	0.00501692034304142
A[C>G]C	4.5957589009049116e-05	6.7558066803035e-05	0.00016883151556612574	0.0011286908556940034	0.0022446502291131763	0.00026413159212097527	0.0005921231117099524	0.0004024684418709512	2.8680613468168303e-05	0.0017843081441242248	0.0011645159567706324	0.00012747938744723798	0.0	0.0016251446038950234	0.0017947775428183376	0.0225713504711166	0.011862574439146557
A[C>G]G	1.6316084656864405e-05	0.0	0.0	4.621377846660835e-05	0.0005642440308292862	3.239280181333015e-05	0.00015738478774665054	1.4690988973597995e-05	1.1382770026102662e-05	1.3241248608863999e-05	1.192090639960952e-05	0.0002527024393202737	0.00012177075623185374	0.000556319657334825	4.761082803952377e-05	0.01950155422091484	0.007351160286862423
A[C>G]T	0.00020256894422345794	0.00010802573997352738	7.451879791915416e-05	0.0015856540005188436	0.004581774421967566	0.0006318863044725731	0.00028394589899107816	0.0011803242319729178	1.4012984643248171e-46	0.0006043868452252354	0.0001585792953846976	0.0010451867361553012	0.0	0.0024776094709523023	0.0002451072388794273	0.03098891831468791	0.01070142126409337
A[C>T]A	2.981574880323023e-08	0.0004083717707544565	0.00015639072053090785	0.0023559206631506803	0.03468631277792156	0.11815844004818814	0.027727241264369696	9.192390425596386e-05	0.0032416645612102003	0.0005170794682420876	0.002383558498695493	4.203895392974451e-46	0.014579962100833654	0.0016619561880361288	0.005132338916882873	0.0060029527172446254	0.021595760714262724
A[C>T]C	0.001184168306281208	0.008475040644407272	2.268236694362713e-05	0.0006203915167134255	0.013736469706054777	0.03836862808093429	0.02798276040703058	0.00586244587902911	0.027250491455197333	0.00294059054555762	0.004992933222092688	0.0026244046399369835	0.0952522873878479	0.0	0.0001550288056023419	3.194583023007347e-05	0.0005447025210369105
A[C>T]G	0.016540268747307962	0.017214176774632505	0.0007977661738550523	0.5391700953245163	0.0209379087784896	0.0426260915991179	0.010742430372874878	0.0023837503106076464	0.059513062448244	0.00257119841795794	0.023223547343401783	0.007525965485041297	0.0024171029899209095	2.5223372357846708e-45	0.003590277191960922	0.012555080425943287	0.03790783543655607
A[C>T]T	0.0010995673132129014	0.00023173836525529622	0.002454266604036884	0.00209645607168909	0.015759171665372662	0.03942173384130001	0.012605394469979103	0.008803678024560214	0.03514050897210837	0.0005928008700720966	0.0019737631315365433	0.0004785859026014843	0.05676956363022327	1.4012984643248171e-46	0.0009059697244083509	0.0013311534479726107	0.00873660803772509
A[T>A]A	0.0005295084968222951	4.366486596154573e-05	1.4012984643248171e-46	3.4545951876907566e-08	0.006202365143690258	0.00036219680695239733	6.876284605823457e-05	0.011953442141310689	0.0002489896251063328	0.005840907612582669	7.364659372228743e-05	0.005307469144463539	0.0003734353286404257	1.9817055374460325e-08	0.00017559762054588645	0.0163990054129556	2.488615304940822e-08
A[T>A]C	3.713972182595171e-06	0.0010759734199382366	0.0	4.424841932859636e-08	0.010745378222321734	2.7874291390617146e-07	0.003742525796405971	0.019681400805711746	2.2886096849106254e-05	0.013461417600046844	0.0009757646825164556	0.009122759433033423	6.156154802674507e-05	0.00010995365605879215	0.0008052909324760549	0.02170317843556404	0.005612926520090156
A[T>A]G	8.253372652688994e-06	0.0	1.3233358004072216e-06	1.0322399157303153e-05	0.003340204484993592	6.2004012579564e-05	0.0007801182509865612	0.007422863319516182	2.3068190785124898e-05	0.0006375666707754135	0.00022350954823195933	0.003134255256736651	0.0004921324607494171	0.0003689234297780786	0.001257545390399173	0.020477421954274176	0.01084460930748321
A[T>A]T	0.002675702501437627	0.0020234483206877487	0.0	0.0015248310606693848	0.013002884574234486	0.0012315315165324137	0.014120546681806446	0.014218055293895304	0.0013539673658669927	0.00046071591787040235	0.0007513933815062046	0.013771109702065586	0.00138503354810382	6.675183976767585e-06	0.0007316996665394981	0.01570130754262209	0.0024258634652142065
A[T>C]A	0.00016367153730243445	0.0015893256215962063	0.00113740383349068	0.00038832791033200926	0.014647411298938096	0.007053923606872558	0.002404257655143738	0.010675111692398787	0.00025352998782182115	0.04924180880188942	0.011167255218606443	0.02033357569016516	0.002492916537448764	5.604485995718278e-05	0.0	0.017156652291305363	0.010152123536681757
A[T>C]C	0.0008638909494038671	0.0033079938555601986	0.0010646039503626526	0.0006561054673511535	0.006833708100020886	7.006492321624085e-46	0.0018545022234320641	0.009976443182677031	0.005424551921896637	0.015271077398214771	0.024141222052276135	0.044857609644532205	0.0010126190727987705	0.0003847069252515212	0.003684009055723436	0.006894608342736319	0.004168571624904871
A[T>C]G	0.0004328158563069451	0.0003672650740952577	8.58190697840655e-05	0.00018386584409313406	6.806893891280197e-05	0.007398059677507262	0.007478924840688706	0.005523283779621124	0.005105738155543804	0.012732593244817281	0.0006422117184627041	0.17831934951245784	0.000352261108116636	0.00015262290835380555	0.0002586306072771549	0.0018289930070750416	0.0029010123266914436
A[T>C]T	0.001059811667073518	5.613871326204389e-06	5.6051938572992686e-46	9.707589633762836e-05	0.010775304719163614	0.00032529497984796764	0.0012679501727689058	0.012091683596372605	0.004717780853388831	0.024107823520898818	0.00905222026631236	0.008296001632697881	0.01060970592952799	0.0004383904033602448	0.0007645410012628417	0.01525006527081132	0.03695200476795435
A[T>G]A	0.0007388070938759483	0.0	0.0	0.0	0.0010143195468117483	0.0	1.6545561084058136e-05	0.006238747370662168	6.031972952769138e-05	0.00032114006899064407	0.00039416770450770853	0.0005581542107393033	0.0	0.00021713310779887253	0.002097367017995566	0.004477182938717306	0.006252249144017697
A[T>G]C	0.0009243144653737545	4.4439610792323944e-05	0.0003962546295952052	0.0008419668316542803	0.000643917010165751	1.4012984643248171e-46	0.0	0.01244721543043852	0.004165084799751639	0.004112065443769098	0.0025040551903657616	0.0010537658501561964	7.028891246818603e-09	0.00017871833842946215	0.005804974958300591	0.004906601071706973	0.0021318692073691637
A[T>G]G	0.0006276458312640898	2.7591647813096644e-05	0.00012027888751617866	0.0002934986287073116	0.0009179600281640887	0.0	0.0	0.005556723050540313	0.002421249815961346	0.0007337984839978162	0.0006920541927684098	0.0009893142720102332	0.0	0.00012490858734963694	0.00286464337259531	0.007898394894436934	0.007482044654898346
A[T>G]T	0.006143988968200631	6.96536953910254e-05	0.00030400955583900215	0.0	1.2899751425266004e-06	0.0	4.2525590515651855e-08	0.06051021920422954	0.017874922417104245	0.0011168094264576212	0.0050932204608216125	2.131526662552119e-06	1.051100847178077e-05	6.138708428693462e-06	0.026408387906849386	8.446082286894807e-08	0.0
C[C>A]A	0.002176264702575281	0.00021908197086304427	0.0021527742501348257	4.7835611621850116e-05	0.01692450772970915	0.0005003024358302355	0.05162404626607895	0.0001648393235882395	0.00871909037232399	0.0011647830018773676	0.0028998080495512115	0.0030852644791593774	0.0	0.0007293652597581968	0.0009958949623978697	0.013738839910365641	0.05701463781297207
C[C>A]C	1.579933741595596e-05	0.000664132577367127	0.00014477943038855302	0.00039683847161597896	0.0671955057663581	0.014067471968883184	0.07502038590610027	0.0015323778934543952	0.006852584774597404	0.0003195995734394108	0.0008163047819834901	0.013029741156774577	0.0	0.00020058800711524326	0.0004651616502087563	0.013640174828469753	0.005889115238096565
C[C>A]G	0.001706836314406246	0.0025011582886691032	0.0	0.0005850066675041621	0.03646801795111969	0.002680967583675908	0.033775781933218244	9.084738515958621e-08	0.0005087182890633812	0.00012718887182927574	7.866882524893981e-05	0.007174414901516002	9.364270547393972e-05	2.997152660100255e-05	0.0	0.005424246285110712	0.011234445120369686
C[C>A]T	0.00442059046781651	1.0406953606434398e-06	1.6527006749811335e-06	1.0108040904978792e-08	2.1527664699760863e-07	9.400916251678382e-07	0.38246900588274	1.6236229924970757e-07	0.1683282773650717	5.3481396264487556e-06	1.6756825807817676e-06	4.2215599052042305e-07	2.4737016772746757e-07	0.0	0.0	6.48927027668833e-08	9.294094382994444e-10
C[C>G]A	0.0	0.0	0.0	0.0	2.757422043941915e-05	0.0	0.0	0.0	5.597278232016833e-07	3.601410298870178e-08	3.0279548809630797e-06	7.825584020793031e-08	0.0003209232134395279	0.004749300051480531	0.0009335380076663568	0.026959270983934403	0.005894928972702473
C[C>G]C	1.6396630826420732e-07	2.8479389584390447e-06	5.994791479366768e-05	0.0	0.00015359357930719853	0.0	1.4497109805233777e-05	5.299864824337419e-06	0.0	7.994422403498903e-05	0.00013643045531352982	0.0001316081266850233	0.0	0.0007902342738816514	0.00034140646645255404	0.02918268187204376	0.005101506467008221
C[C>G]G	0.0	6.352099444484338e-06	0.0	5.930878422901742e-05	0.00034480784306651914	0.0001250623186933808	0.001268621499184519	1.218210741171788e-07	0.0	0.0	2.0226937635925423e-08	0.0003028429363794771	0.00014496002258965746	0.00017103847154231744	4.967755085090175e-05	0.02521551027251263	0.0054981827614014375
C[C>G]T	0.00013667293060279918	1.695781356829684e-05	9.22184537330395e-05	1.1881869199825702e-05	6.261928879212065e-05	2.657270101735776e-08	1.8659604393178597e-06	0.0001341883596523985	0.0	0.00022866111539769917	2.655885837157257e-05	1.315870504186023e-05	4.714626697932545e-06	0.0037971552461385726	9.155526640824974e-07	0.04164864011108875	0.007674883516096997
C[C>T]A	0.0	4.203895392974451e-46	3.9495684904977677e-05	0.0015179308160440997	0.030291923903860152	0.002439101930940524	0.02823448395356536	0.00535457618534565	1.4012984643248171e-46	1.4012984643248171e-46	0.007083281688392162	0.0010633007623255253	0.06797619201242924	0.010602454841136932	0.00666228539776057	0.015713701067855367	0.05254114959388971
C[C>T]C	0.0002616046404000372	0.0016569307248576882	2.8025969286496343e-46	0.0002453123556867079	0.00668467220687603	0.0026285431493306534	0.0425385994836688	0.0033847483864519745	0.001854937127791345	0.00550569782499224	0.0045991635172867975	0.004818240534405049	0.15346787720918656	0.00041461933320574573	0.0006785797304473817	5.6051938572992686e-46	0.0004642689531578981
C[C>T]G	0.0005389697307066399	0.0029997937381267548	0.00921129692942486	0.26125038638710973	0.23860410377383232	0.0028347719460725786	0.021375200181046237	0.005400914316710323	0.018217023834586142	0.006087729171849787	0.012339646648615607	0.014131678268313474	0.11565686240792275	0.002301114425063133	0.0016743584536015987	0.0006735615966235828	3.193776763055212e-08
C[C>T]T	0.0007713455066550523	0.0010373897064710035	2.7078024140791966e-05	5.6051938572992686e-46	0.0029278401285409927	0.0033715531629241015	0.03399586310843006	0.004334783181548119	0.008375121047720313	0.0015354242408648134	0.008247853117063641	0.009672024039900862	0.14452697485685348	0.002527174411807209	0.002734105731360614	0.011697960086166859	0.003716071881353855
C[T>A]A	4.4420798616329193e-05	4.203895392974451e-46	1.9844431517412885e-05	0.0	0.002742008090717718	0.0	0.00012023958988720551	0.005009348661405966	0.0	0.0008696618489921093	3.460732546614054e-05	0.00303357282646175	1.8536158313509078e-05	0.00023038243452901951	0.001134272814670112	0.014079779532926296	0.000490770971788379
C[T>A]C	0.0	0.0009183526010019705	0.0	1.6210527974180877e-05	0.007595154643058777	0.0029267626348882915	0.0005192063126742141	0.00585478525608778	0.005730539280921221	0.0016552773522562347	5.57199393369956e-05	0.009678231389261781	0.0013380235293880105	0.0001268635429283904	0.014219836797565222	0.021737323328852653	0.001222636946476996
C[T>A]G	0.0006314058206044138	4.203895392974451e-46	1.4012984643248171e-46	3.908742253884156e-05	0.006886632993700914	0.00016964370443020015	0.0011166049596795346	0.009923945665468637	0.0005255613774352242	0.00103470265166834	5.6051938572992686e-46	0.005976840520452243	1.4012984643248171e-46	0.00017088334570871666	0.0068929324392229315	0.038050944451242685	0.005069001619631308
C[T>A]T	0.0008749214757699519	0.0	0.0	0.0	0.003350105369463563	0.0	0.0016557943966830635	0.005497664026916027	0.004448177665472031	0.0001485067514295224	0.0	0.0018462537730329132	0.003265967220067978	0.0	0.04691453464329243	0.020361948292702436	0.001568405833648967
C[T>C]A	0.0001984193702810444	2.3376142053166404e-06	1.4012984643248171e-46	0.0006185519850951948	0.00538520899717696	0.0008446808836239939	0.009719993552425876	0.00839963023972814	1.4012984643248171e-46	0.020209345407783984	0.0018042154610157014	0.04366234466433525	5.824146197710434e-05	7.078257489645523e-06	0.005256038624793291	0.0077616300934096214	0.0006762382933970911
C[T>C]C	4.449885818758048e-05	0.001283068176417146	8.407790785948902e-46	0.0003955983091145754	0.010177305474644526	1.4012984643248171e-46	0.010104877094272524	0.00024122752365656196	0.0032627785694785416	0.01016539081465453	0.016820708615705372	0.04836243260651827	0.017613738967338578	2.04517182737618e-05	0.059174027666449545	0.0011851946823298932	0.006773063522996381
C[T>C]G	4.40800960177512e-08	0.00013504848541145975	1.7344836393817787e-07	6.837284871608063e-09	0.0007609765526709111	0.003128068439445997	0.037200912716798484	0.0003314079811531201	9.442755697364191e-08	0.010031834185275557	7.458082260427545e-05	0.23490184396505356	0.00040756313114513886	2.7996049922762722e-09	0.022794667165726423	5.198295980335388e-08	4.492478922202281e-09
C[T>C]T	0.000398607412353158	0.0	1.9101471480098552e-07	0.0	0.011324095167219638	2.2023955352779013e-07	0.009589206572854891	0.003001836591283791	4.537875781807088e-08	0.011282757017761469	0.007531519234180451	0.040259137749671936	0.008329355770206348	0.00021254443045108927	0.14571631997823714	1.2542759542100158e-08	0.0062437094173617425
C[T>G]A	0.0008844733878504485	6.215078647073825e-05	0.0001443487715732772	1.4692160402773879e-05	0.0007090985447916864	0.0	0.00015195999294519423	0.00970556364627555	0.0	0.00035746282810578123	0.00046824592864140867	0.0018623959156684577	0.0	2.110365649272694e-05	0.0015719175920821727	0.0032339969038730487	0.006058137875515968
C[T>G]C	0.00016943651135079563	0.0008525258061126805	0.000723480066517368	0.0010888587537920102	0.006519065296743065	1.4012984643248171e-46	0.0009032943286001682	0.005066802492365241	0.002040633978322148	0.00025297952815890313	0.002409403130877763	0.016382143832743168	2.7563387993723155e-05	0.00024262810438813176	0.025132237188518047	0.00822556046769023	0.001710023474879563
C[T>G]G	0.0007840167516405927	0.002266851963941008	0.0007645501638762653	0.0008587226970121264	0.00474953276259853	0.0	0.0016144686029292642	0.011342830024659634	0.00023392237235384528	0.0004302905406802893	0.0018254329308092566	0.027382868528366088	0.0	3.1154041835179666e-08	0.020177801512181757	0.013560992386192083	0.003032290175367791
C[T>G]T	0.008835480578454735	0.0004443375904571667	0.00014412693149525122	1.4314752051191123e-09	2.212204214233094e-24	4.6869480740951985e-08	0.002677712119305742	0.04190455563366413	0.0052675708212881036	6.660281910059015e-07	0.008418108719433803	6.66063755261348e-09	4.802916997448392e-09	0.0	0.3706449717283249	1.862362779547766e-08	1.8504447041323146e-08
G[C>A]A	0.00045677636160185164	0.0011684284545481205	0.0015434828630532138	0.0006406083472391799	0.0010428088951471182	0.00024045436855875125	0.0012381517626636196	0.00036246014933567495	0.004800996533595026	0.0006456373435856477	0.002487982598429994	0.0	8.846516720950603e-05	5.920982948737219e-06	0.002791212042211555	0.0011061578968451613	0.11630624234676361
G[C>A]C	0.0003514193173032254	0.005741041153669357	0.0001613787841051817	0.0005694436025805771	0.008170831296592952	0.0009663806762546301	0.00026299720630049703	0.006024484126828611	0.021775083802640437	0.003502834323444404	0.007678930344991386	0.009444051003083587	0.00596008631400764	0.0004794348293216899	3.589577427192126e-05	0.019767482578754426	0.03629975486546755
G[C>A]G	1.0119056241819635e-05	0.0024517325218766928	4.203895392974451e-46	0.00043874297038541953	0.005636969429906458	0.0015501628993661142	0.0001513567479595579	0.0008451358822640032	0.0012884581854450516	0.0002605709736286599	0.0009513039948842561	0.0015360373305156826	4.608063518389827e-05	0.00020275826086901816	0.000315248453989625	0.0013895297888666391	0.03686771709471941
G[C>A]T	2.493059218124927e-05	0.014057547401171178	5.585803251051402e-08	2.5075651066686077e-08	0.004459172214689389	7.006492321624085e-46	0.0035020924580749123	3.3183478240061956e-05	0.18408350199460982	0.0005556655637747099	0.01634093524248783	0.0034718457776875765	1.5522830665304356e-08	6.279308308876353e-08	1.4012984643248171e-46	2.2013281650856697e-07	0.023994376976042987
G[C>G]A	9.09772039449308e-05	0.0004042221626150422	0.0005822473729494959	0.0011022080492693932	0.0005151935387402773	0.0	6.871091318316758e-05	0.0001806316271540709	0.0005233819654677063	0.00033162132240249775	0.0008072081429418177	1.1734216518371576e-05	0.0017141266958788036	0.0011608519474975766	0.0027899275766685603	0.01767926146276295	0.0031917669228278102
G[C>G]C	0.0001061347960785497	0.0001260344317427675	0.0004147706815274432	0.002130308430059813	0.011307485052384436	0.000282365657039918	0.00329184397123754	0.005339664322673343	0.0	0.002926061081234366	0.0011735532782040537	0.004811980226077139	0.0	0.0006396906988811679	0.0	0.026885037124156953	0.005293232761323452
G[C>G]G	1.0714474228734615e-06	8.940333646023647e-06	0.0	0.00023359062761301174	0.00255731178476708	2.8362186992580973e-05	0.00011395775945857167	0.000682707667874638	4.545889169094153e-06	1.9879268074873833e-05	0.0	0.0003856261231032221	8.914787031244487e-06	0.0005036772301536985	2.6459250875632278e-06	0.013174301641993225	0.0026633878734799053
G[C>G]T	0.00048182507598539817	0.0008563937837607228	0.0002453286711898344	0.0007816969671694096	0.0008174711023457348	0.0015965605609380873	0.0	0.0005050627019954846	0.0002761701852477927	0.0011954764922847971	0.0003609570252592675	1.4012984643248171e-46	0.0	0.0017305439338088035	0.00011078636671300047	0.03142202249728143	0.006035599112510681
G[C>T]A	0.0006506368692498655	0.010111084429877338	1.2611686178923354e-45	0.0006070472998544573	0.006817187938185043	0.2673183515667915	0.008502524132927647	0.00047294802344595156	0.00424471041187644	0.009838413144461811	0.02029531002663134	0.0005827319417903709	1.4012984643248171e-46	0.0034446649486199023	0.0004831893369555473	0.00019881476265410926	0.0016599344962500596
G[C>T]C	0.020441585034132004	0.09155295308452197	4.2952933654305525e-07	2.3902739551745514e-07	3.2629303881037686e-07	0.19738028049468995	0.009877005682052697	0.00022405383527370759	4.850812160839268e-07	0.030682371063946334	0.15861292959491244	8.734766544762351e-05	8.464772463412373e-07	3.69036751379781e-08	4.778261398996619e-07	1.470993282737254e-08	2.6862700508445414e-08
G[C>T]G	0.031236204420827106	0.7453848123550415	0.002657534461877731	0.1032454685532457	0.09163337435779795	1.871398353614495e-07	0.020970997233512083	0.009546027111356716	0.0185193119982614	2.972323500216589e-07	0.026361918173154208	0.0013335914435316453	4.6355361860151125e-08	1.0211282130967447e-08	0.0020738144675959804	4.203895392974451e-46	6.340370575230737e-08
G[C>T]T	0.013555723772151395	0.03191376104950905	0.01404952593611597	3.68516275273123e-09	0.009476285448855037	0.1717952236533165	0.0014876423541721807	0.009576009387963325	0.01374160082777962	0.015123245034010325	0.11389030069112778	8.407790785948902e-46	0.0013620034886130839	2.8025969286496343e-46	5.45291812159121e-05	8.090520253745126e-09	0.00013993767788633704
G[T>A]A	4.2151401430601254e-05	1.77342732296637e-05	4.671542264986783e-05	4.03262689303574e-05	0.004206010552991302	0.0	3.0395343492273243e-05	0.007170960940129589	0.0	0.0027412323659518735	0.00015538930747425184	0.0039135940547566864	1.0344365364289843e-08	0.000223409550562792	0.0	0.011933973822311827	0.0007629145321989661
G[T>A]C	0.0	0.0012293491658056156	0.0	4.79096939898227e-10	0.008048993349075318	0.0005292893588375591	0.004269997705705464	0.013337189704179764	0.0010519904491957277	0.008470841537928209	0.0016522958991117775	0.006672836356653988	0.0007752998149953783	0.0003012735214724671	0.002234313881979233	0.01703377449885011	2.8025969286496343e-46
G[T>A]G	0.0	0.0	0.0	2.8025969286496343e-46	0.005579467653296888	0.0005887765148543167	0.0016880591718120286	0.009034967795014382	0.0	0.0019078576518950286	6.669535650871694e-07	0.004114000724257494	2.862868430941745e-05	8.32147326811139e-05	0.000881001897164424	0.01893997648730874	0.0007467857014702873
G[T>A]T	0.0005822689010528848	0.0003377165794518078	0.0	1.4012984643248171e-46	0.005442664060063862	1.4012984643248171e-46	0.0034397549461573362	0.007225063594523818	0.00067748787405435	0.0008386308501940221	0.0008493019370257291	0.005908988354167377	0.003167120914440602	1.5146238729357719e-05	0.008260046737268567	0.012140374985825986	0.000789964140422228
G[T>C]A	0.0028771281940862536	0.003064163683401233	4.220282558975441e-07	5.300414869680025e-07	1.4634964016972957e-08	0.0016730689565861213	0.007260610269651124	0.00264912490463729	0.0016452733343214731	0.2019226908683777	0.026859528745990246	3.146672065668099e-06	7.450802108621702e-09	0.0	0.0	7.525259348994951e-09	0.0
G[T>C]C	0.0002980266214308358	0.017903346195816995	0.003059709352214668	2.8025969286496343e-46	8.545139387194923e-08	2.1437453767703118e-08	0.0024371287319809197	0.014728300203569234	0.0035520416781661623	0.05973766459374019	0.09760992079973221	0.001326841036763149	4.7104649070206506e-08	0.0	0.004001154412389951	0.0001452184699786585	4.283915075120603e-07
G[T>C]G	3.4136763815695306e-08	0.002190371178399886	2.0674505663009768e-08	6.4083721440510996e-09	1.9918482507819137e-08	0.0020998599974362264	0.011126887076534331	0.0028661288673259124	0.005257861185418733	0.12847097516059874	0.019550700508989393	0.06965878643095494	9.053443150719431e-08	2.5288209570817344e-08	0.0012114908416208437	1.4012984643248171e-46	1.875707056342435e-09
G[T>C]T	0.0022718951019157886	7.915830065030604e-06	0.007243512850254774	5.6051938572992686e-46	0.004787790426053107	9.809089250273719e-46	0.00019996630435343833	0.02208860106766224	0.012460559140890837	0.12152754664421081	0.02128358408808708	1.4012984643248171e-46	0.001662633644446032	0.0	0.005488639138638974	0.0023495080323755247	0.0013845282839611173
G[T>G]A	0.00011300403776033363	8.474199421470985e-05	0.0007095004020300167	0.0	0.0005400248803198338	0.0	2.3556208361696918e-07	0.0033857197035104037	0.00016523291124030947	0.0001492725517891813	0.0012549590901471674	0.00024779975065030156	9.848726767813787e-06	1.2761945981765166e-06	0.002016841372824274	0.006966308853588998	0.002826396267664677
G[T>G]C	0.00018872263608500363	0.0016011192637961358	0.00047150118751915215	1.2010542559437453e-05	0.00024505853681588974	0.0	0.0	0.005232753022573889	0.0021254236227832733	0.001327769411727786	0.00904407692141831	1.4012984643248171e-46	3.0501663417226155e-09	1.366768319499556e-06	0.010075213853269815	0.005916363070718944	0.0016936423945480782
G[T>G]G	6.945640780031681e-05	0.000972201133845374	0.00011973138898611069	0.0	0.0004959948186296969	0.0	6.189942359924316e-05	0.0019875483470968903	0.002248530834913254	0.0004697129988926463	0.004933815356343985	0.0009025700019265059	0.0	2.0492403862704124e-08	0.007247816631570458	0.014073412474499492	0.004579678345180582
G[T>G]T	0.0004184391754535	0.0020878034881420147	7.676167229533348e-05	3.990046425739559e-08	7.124385490442364e-08	1.4012984643248171e-46	0.00022672433051804369	0.00901545297216444	0.005661003966815769	0.0007503865597776382	0.008169208991603227	2.2620046193821965e-05	4.681718337451457e-08	0.0	0.098134233802557	5.298257974573062e-08	4.70202807179021e-07
T[C>A]A	0.05701386714354158	1.4012984643248171e-46	1.4012984643248171e-46	2.8025969286496343e-46	0.0009055223769337317	0.0	0.00020033100663567892	0.055046196165494624	0.0	0.0	1.1483733715067501e-07	0.00019489458063617348	2.8025969286496343e-46	0.03680822364985943	0.00023542745937845666	8.020217805437823e-08	0.06372036188840866
T[C>A]C	0.015656063240021466	0.0003993154302804669	0.00027934660902246834	0.001158715138444677	0.003279112884774804	0.0004642267187591642	0.001537519232078921	0.00034984261728823187	0.05347359776496887	0.00012250401778146625	0.002057694899849594	0.001709915173824568	0.0038239674759097397	0.018426933139562608	4.203895392974451e-46	0.022716877167113125	0.055627257004380225
T[C>A]G	0.007920236233621836	5.912157466809731e-05	0.0	0.00022137800842756406	0.0032483977568062983	0.0010836620145710184	0.0010330260411592462	0.0024593421374447645	0.0	1.9967996195191517e-06	1.2981960026081651e-05	0.00034864176864175534	2.489395711791076e-09	0.005932388035580516	0.0005075176475656917	0.00018100375551313163	0.03644847646355629
T[C>A]T	0.6713703125715256	1.5056581554376975e-06	1.8658498362358349e-06	1.4012984643248171e-46	6.123624856968491e-07	7.29021101619765e-07	0.007067298422487056	0.00035945767566616384	0.0885533790918089	1.8543881945473617e-06	0.00018324659376389718	8.669410142658763e-07	1.0192022344313045e-06	0.0011166013428351106	9.191542230837512e-05	3.1212862374729864e-07	1.386852915175041e-07
T[C>G]A	0.0	1.8734963802558013e-09	0.0	2.0845648784906244e-08	3.188094055417423e-09	1.2741877242206101e-08	0.0	1.1799469490370029e-08	1.4904445464480886e-07	0.0	4.86730361615173e-07	6.23664462295892e-09	2.831985632667511e-08	0.18501779288053513	1.408947895242818e-07	1.1553687033938332e-05	2.285874964513823e-06
T[C>G]C	0.0	3.346863559272606e-05	1.7128551553469153e-05	0.0001935700971444021	0.0001979426019018682	0.0	3.587088503991254e-05	0.0010606603594169428	0.0	0.0003485855893245571	2.471758853062056e-06	0.0006036771461367607	0.0	0.06120967790484429	7.502806147417914e-05	0.028125389432534575	0.004638985870406032
T[C>G]G	2.9740207537543028e-06	4.502237704855361e-05	1.997543167817639e-05	3.415762707011244e-05	0.00012417488110259	2.7715202304534613e-05	3.6405912396730855e-05	0.00010205757098447066	0.0	4.203895392974451e-46	6.1449973145499825e-06	0.0	0.00011481386100058444	0.018981343507766722	0.0003033542347111506	0.014689039601944388	0.0038730240426957606
T[C>G]T	4.139601442460384e-05	0.0	0.0	0.0	2.6153727503697157e-07	0.0	1.4012984643248171e-46	3.89443026506342e-05	0.0001470690011046827	0.00017908711606651195	6.941612455193535e-05	1.4012984643248171e-46	0.0	0.22933791428804398	0.00038098893710412083	0.019071337736852455	0.0031442864627379665
T[C>T]A	0.0005474271147591026	0.0012400532243191265	0.007176648639142513	2.148897237930214e-07	0.01967963660094938	0.021349172078588198	0.0017185480101034045	0.006081293104222019	0.0005228204187005759	0.006420309050008654	0.07454666963312775	0.0017135667324282623	0.0324621669948101	0.24683920554816724	0.004828844219446182	0.004307797737419605	0.0013469497207552195
T[C>T]C	0.009106575930491672	0.011168579140212386	0.032789309111308285	0.001590082491748035	0.03625442825227765	0.0017750756349414587	0.0009167208452709019	0.0001578953189891763	0.01967145870439708	0.006344620522577315	0.07390869529853021	0.00017879641746630127	0.1293588262051344	0.04597824290394783	0.0016543084821023513	0.006716632843017578	1.6815581571897804e-45
T[C>T]G	0.0015597836015209421	1.0243391594144669e-05	0.8385222792625427	0.06493791575183941	0.015402557107006488	7.464303507731529e-07	0.023906917846761643	0.0006863774262250094	1.6921794955581434e-07	2.1129423828370035e-07	0.012842449074582873	0.004646471264100111	1.8216880036222623e-45	0.00583937850676648	0.0008051809536567589	1.0933429166470887e-07	3.8389832042184934e-07
T[C>T]T	0.03268791735172272	0.0	0.058508073911070824	0.0	0.047203580010682346	0.0	0.0016657983884215354	0.000819034299820487	0.023686460147357025	0.0036281701643019913	0.07043940331786872	1.4012984643248171e-46	0.07273139916360379	0.09629489220678807	5.926131270825863e-05	1.3688061528682737e-08	1.4012984643248171e-46
T[T>A]A	0.0006840445013949648	8.386858826270327e-05	1.4012984643248171e-46	0.00114079644663434	0.006535879106377251	0.0009112316009122878	0.0006108543661053534	0.010649516113880963	0.0	0.001577097486006096	9.951821994036436e-06	0.005539231066359207	0.0	2.363040361217372e-05	5.100721173221245e-05	0.016241466617950097	0.00718049475715965
T[T>A]C	0.0006253800762351603	0.00015614688454661517	9.181980494759046e-05	6.111521215643734e-05	0.003863284015096724	0.00013716304674034064	8.391460578422993e-05	0.007508958886319306	0.004894679260905832	0.0019342351173236238	0.0003137354244245216	0.004627576842904091	0.0019372822825175716	8.94361874088645e-05	0.0031366485985927285	0.019163902662694455	0.002891856408677995
T[T>A]G	0.0009715276188217104	0.0	0.0	0.0	0.0023232481529703365	6.688094686069235e-07	3.010304062627256e-05	0.004460455301887123	0.0004988008055079263	0.00040542795904912053	3.1248631421476604e-05	0.0034423604010044074	5.592129382421262e-05	4.848721559724822e-06	0.0012726963381282986	0.012463828269392251	0.005770888954137377
T[T>A]T	0.00622969469986856	0.0	8.707476808922365e-06	0.00027276330802123995	0.004047758909291588	0.0012267008758499287	1.9145195255987347e-05	0.007924033387098461	0.004679030319675803	0.0005190520314499736	0.00010232346830889583	0.003145350207341835	0.001026906763650004	1.7233899416169152e-05	0.006458910088986159	0.015046422368322964	0.012065962003543974
T[T>C]A	0.0037229238543659447	7.006492321624085e-46	7.006492321624085e-46	2.5313607085308832e-05	0.010530387651519035	0.007946058828383683	0.005585246399277821	0.009214351919945329	9.809089250273719e-46	0.05955002568662167	0.004094946215627715	0.0020833762362599375	0.00014705269319783553	3.417984530074136e-05	0.0015549523348454386	0.0014710005801816806	0.0025497173539122285
T[T>C]C	0.0015303706750273705	0.001865504625311587	0.0010322782860427537	1.2550188444038213e-08	0.0150086990557611	0.0014894308289512992	0.006679358996916562	0.023157182894647122	0.0034943264807225207	0.04477774389088154	0.02616826246958226	0.013533501653000712	0.007934274524450302	0.00018297735362300395	0.006020582775818184	0.0016674710903316736	0.006508621480315923
T[T>C]G	0.0041713275015354155	0.0	0.0003296110200835756	1.2269788385310676e-06	0.012298347614705562	0.018281169515103102	0.0067075724247843025	0.009355658048761484	2.354913419821969e-07	0.03416343433782458	0.0037744133733213026	0.043314211536198854	1.8257582041769637e-07	1.6838926239870488e-05	0.0033166804001666605	0.0	0.0
T[T>C]T	0.004166129796067253	4.203895392974451e-46	2.8025969286496343e-46	7.993405561137478e-05	0.018691515643149616	0.002171758039072813	0.0012035500971510516	0.028763521648943424	0.006411014656731595	0.035795571225844466	0.01319863140815869	0.009127342200372368	0.015020053619770124	0.0	0.0025583004393155305	0.00419561245944351	0.000541384998984995
T[T>G]A	0.003133347640439865	0.0	7.321542483396115e-09	2.3297578977121704e-09	0.0002967772330272567	0.0	0.0	0.027401500460109675	0.0	0.00012407066392761124	0.0	0.00019263670546934008	0.0	2.5600804237768672e-05	0.0003214699430845513	0.005685421754606068	0.0046178504267118115
T[T>G]C	0.001660682773217559	0.0005605447746347636	0.0035156499419827015	4.448164327186533e-06	5.250386893749237e-05	0.0	0.0	0.029731376096606255	0.0043966395547613505	0.00039614814158994704	0.005577992905455176	8.407790785948902e-46	0.0011259200691711158	0.00021510498263523913	0.00940254672896117	0.005898207239806652	0.0012302578194066881
T[T>G]G	0.001405523077119142	0.0	0.0005329359650204424	8.716650950191251e-05	0.0012346511706709863	0.0010069247640785762	5.301454075379297e-05	0.008425428322516382	0.00016444136381323914	9.519052609903156e-05	0.0002548562828451395	0.0017793017759686336	0.00014450830208261322	0.00027291707119729834	0.0031145785236731172	0.010058394125371706	0.009529392700642347
T[T>G]T	0.02551483136248862	3.189189010299742e-06	0.004464715161984145	0.0	1.3136399275026632e-07	0.00021240228398191618	0.00016004745848476886	0.3064469277858734	0.002590552542187652	4.886974409146206e-07	0.005483394578163469	4.4683943656309566e-08	9.247939203760324e-07	0.0	0.01323787043903053	6.328403751254541e-07	9.78094803372187e-08
