Samples	SBS96A	SBS96B	SBS96C	SBS96D	SBS96E	SBS96F
OGG1_boot	1.43E-03	1.12E-03	3.61E-02	4.71E-03	4.80E-02	5.52E-02
OGG1_boot.1	9.89E-04	1.72E-03	2.26E-02	2.51E-03	3.40E-02	3.03E-02
OGG1_boot.2	0.00E+00	7.12E-04	3.92E-02	1.78E-03	3.44E-02	4.58E-02
OGG1_boot.3	0.00E+00	5.54E-04	3.16E-02	3.09E-04	2.89E-02	3.56E-02
OGG1_boot.4	5.19E-133	6.11E-04	3.78E-02	1.23E-03	2.94E-02	3.88E-02
OGG1_boot.5	2.58E-03	1.18E-03	3.26E-02	0.00E+00	3.44E-02	4.11E-02
OGG1_boot.6	1.18E-03	1.20E-03	3.44E-02	2.82E-03	3.16E-02	4.06E-02
OGG1_boot.7	1.02E-03	9.31E-04	3.12E-02	2.88E-03	3.16E-02	3.75E-02
OGG1_boot.8	0.00E+00	5.49E-04	3.57E-02	1.90E-03	3.14E-02	4.10E-02
OGG1_boot.9	1.52E-82	6.23E-04	2.68E-02	2.06E-03	2.49E-02	2.96E-02
OGG1_boot.10	1.01E-03	9.60E-04	2.55E-02	8.58E-04	2.94E-02	2.80E-02
OGG1_boot.11	5.97E-98	2.81E-04	2.76E-02	1.16E-03	2.59E-02	3.08E-02
OGG1_boot.12	6.75E-04	8.39E-04	3.25E-02	2.63E-03	3.23E-02	3.95E-02
OGG1_boot.13	1.29E-03	1.01E-03	2.71E-02	2.37E-03	3.22E-02	3.37E-02
OGG1_boot.14	9.44E-04	5.44E-04	2.29E-02	2.20E-03	2.42E-02	2.55E-02
OGG1_boot.15	0.00E+00	3.74E-04	2.98E-02	1.14E-03	2.56E-02	3.19E-02
OGG1_boot.16	5.14E-03	9.91E-04	2.84E-02	0.00E+00	3.82E-02	4.30E-02
OGG1_boot.17	0.00E+00	3.85E-04	3.25E-02	6.46E-04	2.98E-02	3.75E-02
OGG1_boot.18	0.00E+00	9.52E-04	2.14E-02	0.00E+00	2.37E-02	2.39E-02
OGG1_boot.19	4.90E-04	3.96E-04	2.91E-02	0.00E+00	2.56E-02	3.12E-02
OGG1_boot.20	8.46E-04	6.46E-04	2.85E-02	1.85E-03	2.83E-02	3.37E-02
OGG1_boot.21	6.00E-44	5.75E-04	3.79E-02	4.08E-03	3.81E-02	4.78E-02
OGG1_boot.22	1.13E-03	7.71E-04	2.97E-02	1.39E-03	2.62E-02	3.29E-02
OGG1_boot.23	0.00E+00	7.60E-04	3.66E-02	2.15E-03	3.21E-02	4.23E-02
OGG1_boot.24	9.46E-04	6.89E-04	3.25E-02	5.31E-04	2.90E-02	3.77E-02
OGG1_boot.25	0.00E+00	6.01E-04	3.35E-02	1.89E-03	3.00E-02	3.88E-02
OGG1_boot.26	0.00E+00	7.49E-04	4.28E-02	0.00E+00	3.23E-02	4.34E-02
OGG1_boot.27	0.00E+00	1.13E-03	2.36E-02	8.99E-81	2.87E-02	2.68E-02
OGG1_boot.28	4.16E-03	1.15E-03	4.08E-02	2.89E-03	3.57E-02	4.65E-02
OGG1_boot.29	0.00E+00	1.03E-03	3.61E-02	2.75E-03	3.22E-02	4.20E-02
OGG1_boot.30	0.00E+00	1.54E-03	3.18E-02	2.39E-03	3.63E-02	4.18E-02
OGG1_boot.31	2.17E-04	7.24E-04	2.99E-02	2.52E-03	2.94E-02	3.42E-02
OGG1_boot.32	0.00E+00	6.80E-04	2.64E-02	1.07E-133	2.61E-02	3.00E-02
OGG1_boot.33	0.00E+00	4.91E-04	3.15E-02	1.97E-03	2.99E-02	3.66E-02
OGG1_boot.34	0.00E+00	7.06E-04	3.46E-02	1.73E-03	2.93E-02	3.84E-02
OGG1_boot.35	1.04E-03	5.76E-04	3.30E-02	0.00E+00	2.93E-02	3.75E-02
OGG1_boot.36	9.81E-04	1.14E-03	3.31E-02	2.61E-03	3.00E-02	3.79E-02
OGG1_boot.37	0.00E+00	3.92E-04	2.41E-02	2.04E-03	2.72E-02	2.81E-02
OGG1_boot.38	0.00E+00	7.31E-04	2.80E-02	2.53E-03	3.23E-02	3.43E-02
OGG1_boot.39	0.00E+00	6.97E-04	2.73E-02	0.00E+00	2.61E-02	3.01E-02
OGG1_boot.40	0.00E+00	9.40E-04	2.74E-02	3.21E-03	3.00E-02	3.13E-02
OGG1_boot.41	1.57E-60	8.92E-04	3.52E-02	2.67E-03	3.26E-02	4.16E-02
OGG1_boot.42	2.53E-04	4.97E-04	2.38E-02	1.97E-03	2.61E-02	2.75E-02
OGG1_boot.43	0.00E+00	3.90E-04	3.69E-02	0.00E+00	3.02E-02	3.97E-02
OGG1_boot.44	0.00E+00	8.17E-04	2.29E-02	6.09E-04	2.70E-02	2.57E-02
OGG1_boot.45	0.00E+00	4.70E-04	2.71E-02	1.75E-03	2.97E-02	3.22E-02
OGG1_boot.46	8.69E-04	9.41E-04	3.20E-02	1.22E-03	2.78E-02	3.60E-02
OGG1_boot.47	1.02E-03	9.61E-04	3.33E-02	1.69E-03	2.83E-02	3.65E-02
OGG1_boot.48	9.99E-04	1.31E-03	3.49E-02	1.87E-03	2.95E-02	3.93E-02
OGG1_boot.49	1.09E-03	4.22E-24	3.45E-02	1.16E-03	2.69E-02	3.55E-02
OGG1_boot.50	1.18E-03	1.17E-03	3.62E-02	3.19E-03	3.27E-02	4.23E-02
OGG1_boot.51	1.58E-03	0.00E+00	4.03E-02	2.09E-03	3.52E-02	4.65E-02
OGG1_boot.52	2.03E-03	7.34E-04	3.81E-02	3.48E-03	3.73E-02	4.69E-02
OGG1_boot.53	1.12E-03	3.70E-04	3.37E-02	9.16E-04	2.75E-02	3.58E-02
OGG1_boot.54	0.00E+00	4.96E-04	2.48E-02	6.64E-04	2.53E-02	2.76E-02
OGG1_boot.55	1.14E-03	8.32E-04	3.55E-02	1.73E-03	3.05E-02	4.07E-02
OGG1_boot.56	1.09E-03	1.42E-03	3.68E-02	2.10E-03	2.95E-02	4.01E-02
OGG1_boot.57	8.83E-04	8.92E-04	3.28E-02	2.22E-03	2.93E-02	3.69E-02
OGG1_boot.58	8.54E-04	0.00E+00	3.72E-02	1.00E-03	3.08E-02	4.12E-02
OGG1_boot.59	1.24E-03	0.00E+00	3.27E-02	2.32E-13	2.75E-02	3.49E-02
OGG1_boot.60	1.95E-03	7.72E-04	3.55E-02	5.83E-04	2.77E-02	3.63E-02
OGG1_boot.61	5.96E-04	1.76E-04	3.01E-02	7.89E-04	2.70E-02	3.34E-02
OGG1_boot.62	1.05E-03	6.06E-123	3.57E-02	9.12E-04	2.84E-02	3.82E-02
OGG1_boot.63	1.32E-03	8.75E-04	3.03E-02	2.73E-03	2.96E-02	3.54E-02
OGG1_boot.64	8.51E-04	5.44E-04	3.44E-02	1.01E-03	3.05E-02	3.94E-02
OGG1_boot.65	1.75E-03	1.07E-03	3.91E-02	1.01E-03	3.01E-02	4.11E-02
OGG1_boot.66	2.68E-03	5.56E-04	4.00E-02	3.57E-03	3.59E-02	4.70E-02
OGG1_boot.67	1.45E-03	3.19E-136	3.74E-02	3.46E-03	3.57E-02	4.55E-02
OGG1_boot.68	3.78E-03	1.39E-03	3.80E-02	5.05E-03	3.70E-02	4.71E-02
OGG1_boot.69	1.54E-03	0.00E+00	2.76E-02	2.37E-03	2.80E-02	3.16E-02
OGG1_boot.70	2.03E-03	3.45E-04	2.67E-02	2.50E-03	2.91E-02	3.12E-02
OGG1_boot.71	8.61E-04	0.00E+00	2.97E-02	1.88E-03	2.75E-02	3.34E-02
OGG1_boot.72	5.39E-04	0.00E+00	3.07E-02	1.92E-03	2.68E-02	3.37E-02
OGG1_boot.73	9.51E-04	9.97E-04	3.28E-02	2.65E-03	2.99E-02	3.77E-02
OGG1_boot.74	3.55E-03	1.83E-03	4.08E-02	3.72E-03	3.39E-02	4.48E-02
OGG1_boot.75	1.87E-03	5.20E-04	2.58E-02	2.41E-03	2.74E-02	2.92E-02
OGG1_boot.76	1.77E-03	0.00E+00	2.84E-02	2.46E-03	3.01E-02	3.31E-02
OGG1_boot.77	6.51E-04	1.39E-104	2.48E-02	9.31E-04	2.43E-02	2.73E-02
OGG1_boot.78	8.30E-04	1.47E-97	2.89E-02	9.96E-04	2.79E-02	3.26E-02
OGG1_boot.79	4.39E-03	5.47E-04	4.23E-02	3.67E-03	3.46E-02	4.49E-02
OGG1_boot.80	1.23E-03	1.19E-03	3.63E-02	1.98E-03	3.01E-02	4.02E-02
OGG1_boot.81	7.19E-04	0.00E+00	3.57E-02	1.51E-03	3.08E-02	4.01E-02
OGG1_boot.82	6.67E-04	7.46E-137	3.31E-02	1.76E-03	2.83E-02	3.61E-02
OGG1_boot.83	6.37E-04	4.45E-25	3.43E-02	1.89E-03	2.96E-02	3.86E-02
OGG1_boot.84	1.38E-03	1.19E-03	2.56E-02	0.00E+00	2.63E-02	2.87E-02
OGG1_boot.85	1.58E-04	6.42E-04	2.66E-02	2.36E-03	2.79E-02	3.03E-02
OGG1_boot.86	8.72E-04	7.71E-04	3.07E-02	1.83E-03	2.68E-02	3.36E-02
OGG1_boot.87	8.75E-04	8.18E-04	2.90E-02	2.32E-03	2.69E-02	3.25E-02
OGG1_boot.88	6.16E-04	2.28E-132	3.15E-02	1.83E-03	2.79E-02	3.52E-02
OGG1_boot.89	2.74E-03	3.88E-41	4.29E-02	1.16E-04	3.37E-02	4.51E-02
OGG1_boot.90	0.00E+00	2.07E-149	1.48E-02	0.00E+00	1.82E-02	1.48E-02
OGG1_boot.91	1.23E-03	7.16E-04	2.66E-02	8.54E-04	2.62E-02	2.95E-02
OGG1_boot.92	7.09E-04	6.91E-04	2.53E-02	0.00E+00	2.42E-02	2.75E-02
OGG1_boot.93	1.73E-108	1.85E-04	2.60E-02	7.22E-04	2.30E-02	2.65E-02
OGG1_boot.94	0.00E+00	2.78E-13	1.21E-02	0.00E+00	1.52E-02	1.06E-02
OGG1_boot.95	4.44E-04	3.06E-108	2.07E-02	0.00E+00	2.05E-02	2.12E-02
OGG1_boot.96	0.00E+00	3.91E-04	2.37E-02	0.00E+00	2.35E-02	2.25E-02
OGG1_boot.97	7.15E-04	7.81E-04	2.45E-02	7.07E-93	2.34E-02	2.62E-02
OGG1_boot.98	0.00E+00	1.08E-03	1.73E-02	0.00E+00	1.93E-02	1.33E-02
OGG1_boot.99	0.00E+00	0.00E+00	1.68E-02	0.00E+00	1.86E-02	1.66E-02
OGG1_boot.100	1.85E-04	5.30E-04	2.74E-02	2.78E-158	2.46E-02	2.92E-02
OGG1_boot.101	1.57E-03	9.10E-04	2.56E-02	8.60E-04	2.58E-02	2.82E-02
OGG1_boot.102	1.59E-04	4.39E-04	2.32E-02	1.56E-03	2.17E-02	2.42E-02
OGG1_boot.103	5.78E-04	7.73E-04	2.98E-02	1.56E-03	2.42E-02	3.04E-02
OGG1_boot.104	0.00E+00	0.00E+00	2.93E-02	1.95E-03	2.80E-02	3.30E-02
OGG1_boot.105	7.88E-11	9.03E-05	1.48E-02	8.00E-04	1.54E-02	1.29E-02
OGG1_boot.106	0.00E+00	6.50E-04	1.40E-02	0.00E+00	1.51E-02	1.14E-02
OGG1_boot.107	0.00E+00	0.00E+00	2.02E-02	2.96E-04	2.12E-02	2.13E-02
OGG1_boot.108	5.86E-04	0.00E+00	2.40E-02	0.00E+00	2.19E-02	2.44E-02
OGG1_boot.109	0.00E+00	6.21E-04	2.00E-02	3.84E-04	2.12E-02	2.04E-02
OGG1_boot.110	1.24E-03	8.73E-04	1.54E-02	0.00E+00	1.67E-02	1.23E-02
OGG1_boot.111	0.00E+00	5.85E-04	1.87E-02	0.00E+00	1.92E-02	1.92E-02
OGG1_boot.112	6.58E-04	2.17E-19	2.75E-02	7.44E-04	2.28E-02	2.79E-02
OGG1_boot.113	7.77E-04	8.54E-04	2.09E-02	0.00E+00	2.11E-02	2.11E-02
OGG1_boot.114	0.00E+00	4.52E-04	2.97E-02	0.00E+00	2.60E-02	3.15E-02
OGG1_boot.115	8.82E-04	0.00E+00	2.66E-02	0.00E+00	2.38E-02	2.76E-02
OGG1_boot.116	4.03E-03	1.66E-03	3.74E-02	0.00E+00	2.88E-02	3.06E-02
OGG1_boot.117	0.00E+00	2.62E-04	2.57E-02	1.12E-03	2.40E-02	2.74E-02
OGG1_boot.118	3.11E-19	4.35E-04	2.29E-02	8.25E-35	2.20E-02	2.38E-02
OGG1_boot.119	0.00E+00	5.13E-04	2.75E-02	1.75E-03	2.47E-02	2.95E-02
OGG1_boot.120	2.55E-14	5.15E-04	2.35E-02	1.63E-03	2.27E-02	2.52E-02
OGG1_boot.121	0.00E+00	9.46E-04	1.71E-02	0.00E+00	2.04E-02	1.75E-02
OGG1_boot.122	1.91E-04	0.00E+00	2.11E-02	0.00E+00	2.10E-02	2.15E-02
OGG1_boot.123	1.64E-03	8.78E-04	2.66E-02	3.03E-03	2.97E-02	2.97E-02
OGG1_boot.124	0.00E+00	1.39E-03	1.78E-02	0.00E+00	1.68E-02	6.46E-03
OGG1_boot.125	5.49E-04	2.17E-04	3.56E-02	0.00E+00	2.70E-02	3.47E-02
OGG1_boot.126	8.71E-154	8.33E-04	1.83E-02	0.00E+00	1.97E-02	1.74E-02
OGG1_boot.127	2.52E-22	2.53E-04	2.77E-02	9.38E-04	2.44E-02	2.95E-02
OGG1_boot.128	9.17E-04	2.48E-04	2.11E-02	0.00E+00	1.92E-02	1.92E-02
OGG1_boot.129	0.00E+00	5.38E-04	1.64E-02	0.00E+00	1.76E-02	1.56E-02
OGG1_boot.130	0.00E+00	6.05E-04	2.25E-02	0.00E+00	2.20E-02	2.36E-02
OGG1_boot.131	9.07E-145	0.00E+00	1.06E-02	0.00E+00	1.36E-02	8.20E-03
OGG1_boot.132	0.00E+00	0.00E+00	2.49E-02	0.00E+00	2.26E-02	2.31E-02
OGG1_boot.133	3.12E-04	0.00E+00	1.86E-02	0.00E+00	1.88E-02	1.77E-02
OGG1_boot.134	3.96E-04	0.00E+00	2.15E-02	0.00E+00	2.19E-02	2.28E-02
OGG1_boot.135	1.83E-19	0.00E+00	2.27E-02	1.79E-03	2.30E-02	2.42E-02
OGG1_boot.136	0.00E+00	5.92E-04	2.40E-02	1.77E-79	2.32E-02	2.54E-02
OGG1_boot.137	0.00E+00	0.00E+00	2.38E-02	0.00E+00	2.63E-02	1.94E-02
OGG1_boot.138	0.00E+00	7.01E-04	2.40E-02	0.00E+00	2.32E-02	2.52E-02
OGG1_real	1.25E-150	3.86E-04	3.10E-02	1.13E-03	2.97E-02	3.61E-02
OGG1_real.1	8.65E-04	9.01E-04	3.22E-02	2.08E-03	2.86E-02	3.62E-02
OGG1_real.2	0.00E+00	5.49E-04	2.17E-02	3.78E-161	2.10E-02	2.21E-02
UNG_boot	6.24E-04	1.79E-86	1.59E-02	1.07E-02	1.51E-02	1.71E-02
UNG_boot.1	9.28E-04	1.64E-03	2.59E-02	1.11E-02	1.61E-02	4.77E-03
UNG_boot.2	1.08E-03	5.86E-04	1.63E-02	1.11E-02	1.18E-02	1.58E-02
UNG_boot.3	1.18E-03	0.00E+00	1.14E-02	9.72E-03	1.13E-02	1.52E-02
UNG_boot.4	1.27E-03	1.43E-03	1.94E-02	9.96E-03	1.09E-02	2.39E-02
UNG_boot.5	7.80E-04	3.13E-04	1.82E-02	9.66E-03	1.67E-02	1.29E-02
UNG_boot.6	6.16E-04	0.00E+00	1.84E-02	1.07E-02	1.76E-02	2.35E-02
UNG_boot.7	4.36E-04	0.00E+00	1.76E-02	1.16E-02	1.70E-02	1.85E-02
UNG_boot.8	1.65E-03	5.02E-04	8.59E-03	9.36E-03	3.38E-03	5.97E-03
UNG_boot.9	3.56E-04	2.85E-04	1.71E-02	9.92E-03	1.51E-02	1.25E-02
UNG_boot.10	2.64E-03	0.00E+00	8.34E-03	1.02E-02	5.92E-03	1.28E-02
UNG_boot.11	3.34E-04	6.17E-04	1.91E-02	1.04E-02	1.37E-02	8.03E-03
UNG_boot.12	2.03E-04	1.33E-04	1.94E-02	1.14E-02	1.53E-02	1.29E-02
UNG_boot.13	6.11E-04	1.99E-04	1.37E-02	9.15E-03	1.41E-02	1.80E-02
UNG_boot.14	3.47E-04	0.00E+00	2.27E-02	1.27E-02	2.07E-02	1.53E-02
UNG_boot.15	6.98E-04	8.76E-04	2.42E-02	1.15E-02	1.68E-02	5.54E-03
UNG_boot.16	2.82E-04	4.65E-16	1.65E-02	1.05E-02	1.72E-02	1.76E-02
UNG_boot.17	5.89E-04	1.08E-04	1.40E-02	9.64E-03	1.27E-02	1.42E-02
UNG_boot.18	6.59E-04	0.00E+00	1.59E-02	9.79E-03	9.00E-03	1.37E-03
UNG_boot.19	5.14E-44	1.46E-04	1.83E-02	1.03E-02	1.52E-02	1.42E-02
UNG_boot.20	1.10E-03	0.00E+00	1.07E-02	9.65E-03	8.91E-03	1.07E-02
UNG_boot.21	1.65E-03	0.00E+00	2.56E-02	1.11E-02	2.39E-02	1.73E-02
UNG_boot.22	6.59E-04	0.00E+00	1.82E-02	1.22E-02	1.25E-02	7.10E-03
UNG_boot.23	1.05E-03	0.00E+00	1.54E-02	1.08E-02	1.31E-02	1.89E-02
UNG_boot.24	5.73E-04	0.00E+00	1.91E-02	1.25E-02	1.44E-02	1.03E-02
UNG_boot.25	1.33E-04	0.00E+00	1.68E-02	9.71E-03	1.27E-02	5.46E-03
UNG_boot.26	4.96E-04	0.00E+00	1.51E-02	9.57E-03	1.43E-02	1.88E-02
UNG_boot.27	9.12E-04	0.00E+00	1.28E-02	9.51E-03	1.19E-02	1.66E-02
UNG_boot.28	1.58E-03	0.00E+00	1.03E-02	9.29E-03	5.87E-03	1.11E-02
UNG_boot.29	2.02E-04	0.00E+00	2.00E-02	1.12E-02	1.55E-02	7.27E-03
UNG_boot.30	1.20E-03	5.78E-90	1.31E-02	1.08E-02	8.50E-03	8.47E-03
UNG_boot.31	2.45E-04	0.00E+00	1.83E-02	1.13E-02	1.81E-02	1.57E-02
UNG_boot.32	3.30E-04	0.00E+00	1.84E-02	1.00E-02	2.01E-02	2.41E-02
UNG_boot.33	5.06E-04	4.51E-04	1.69E-02	9.58E-03	1.64E-02	2.22E-02
UNG_boot.34	1.48E-04	0.00E+00	1.94E-02	1.08E-02	1.24E-02	5.13E-03
UNG_boot.35	8.67E-04	5.00E-04	2.26E-02	1.15E-02	2.04E-02	1.56E-02
UNG_boot.36	1.47E-03	0.00E+00	1.21E-02	1.04E-02	1.15E-02	1.68E-02
UNG_boot.37	1.43E-04	5.21E-04	1.42E-02	8.69E-03	1.11E-02	6.71E-03
UNG_boot.38	6.35E-04	0.00E+00	1.96E-02	1.17E-02	1.67E-02	2.37E-02
UNG_boot.39	1.42E-03	0.00E+00	1.57E-02	1.12E-02	1.38E-02	2.04E-02
UNG_boot.40	9.94E-04	0.00E+00	1.47E-02	9.71E-03	5.65E-03	2.64E-03
UNG_boot.41	0.00E+00	1.64E-04	2.52E-02	1.23E-02	1.87E-02	1.36E-02
UNG_boot.42	5.19E-04	0.00E+00	1.60E-02	1.06E-02	1.60E-02	1.75E-02
UNG_boot.43	9.11E-04	0.00E+00	1.41E-02	9.93E-03	7.32E-03	2.02E-03
UNG_boot.44	2.14E-03	0.00E+00	1.66E-02	9.58E-03	9.22E-03	2.16E-02
UNG_boot.45	1.35E-03	3.57E-05	1.36E-02	1.11E-02	8.96E-03	9.92E-03
UNG_boot.46	1.33E-03	0.00E+00	1.34E-02	1.14E-02	9.86E-03	8.86E-03
UNG_boot.47	1.90E-04	0.00E+00	1.82E-02	1.13E-02	1.67E-02	1.50E-02
UNG_boot.48	1.07E-03	0.00E+00	1.27E-02	1.05E-02	8.65E-03	8.62E-03
UNG_boot.49	5.24E-04	6.46E-04	1.68E-02	9.56E-03	1.64E-02	2.18E-02
UNG_boot.50	1.78E-03	1.05E-81	1.18E-02	1.08E-02	9.78E-03	1.43E-02
UNG_boot.51	1.44E-03	1.52E-03	2.24E-02	9.61E-03	1.69E-02	6.90E-03
UNG_boot.52	1.07E-03	9.47E-04	2.13E-02	1.08E-02	1.90E-02	1.34E-02
UNG_boot.53	0.00E+00	7.53E-04	1.22E-02	9.55E-03	1.07E-02	1.78E-02
UNG_boot.54	3.73E-04	1.06E-03	1.43E-02	1.02E-02	1.46E-02	1.60E-02
UNG_boot.55	3.12E-121	8.98E-04	2.17E-02	9.18E-03	2.11E-02	1.17E-02
UNG_boot.56	5.99E-04	1.58E-03	1.65E-02	9.83E-03	1.55E-02	1.07E-02
UNG_boot.57	0.00E+00	1.43E-03	1.51E-02	9.41E-03	1.14E-02	6.08E-03
UNG_boot.58	0.00E+00	1.85E-03	2.60E-02	9.36E-03	2.00E-02	4.69E-03
UNG_boot.59	4.96E-04	1.28E-03	1.57E-02	9.21E-03	1.31E-02	7.50E-03
UNG_boot.60	3.29E-04	3.76E-04	1.38E-02	9.17E-03	1.30E-02	1.37E-02
UNG_boot.61	0.00E+00	9.58E-04	2.32E-02	9.80E-03	1.76E-02	8.45E-03
UNG_boot.62	0.00E+00	9.06E-04	1.71E-02	1.07E-02	1.64E-02	1.53E-02
UNG_boot.63	0.00E+00	1.12E-03	2.07E-02	1.08E-02	1.47E-02	6.61E-03
UNG_boot.64	9.71E-04	1.30E-03	1.80E-02	9.96E-03	1.87E-02	1.44E-02
UNG_boot.65	0.00E+00	1.00E-03	9.30E-03	1.04E-02	5.85E-03	1.07E-02
UNG_boot.66	0.00E+00	1.30E-03	1.36E-02	1.00E-02	9.21E-03	6.62E-03
UNG_boot.67	5.50E-100	7.38E-04	1.96E-02	9.40E-03	1.45E-02	7.63E-03
UNG_boot.68	5.04E-04	1.78E-03	1.96E-02	9.12E-03	1.37E-02	3.21E-03
UNG_boot.69	1.36E-03	1.31E-03	2.32E-02	1.02E-02	1.74E-02	8.46E-03
UNG_boot.70	4.32E-04	0.00E+00	1.83E-02	1.05E-02	1.89E-02	1.88E-02
UNG_boot.71	9.16E-04	8.27E-04	1.07E-02	9.53E-03	9.10E-03	1.07E-02
UNG_boot.72	1.06E-03	1.16E-03	1.88E-02	9.89E-03	1.79E-02	1.18E-02
UNG_boot.73	0.00E+00	1.26E-03	1.58E-02	9.11E-03	1.11E-02	4.46E-03
UNG_boot.74	0.00E+00	1.23E-03	2.21E-02	9.57E-03	1.47E-02	5.19E-03
UNG_boot.75	1.53E-03	2.10E-03	2.46E-02	9.97E-03	1.79E-02	5.12E-03
UNG_boot.76	0.00E+00	1.13E-03	1.14E-02	9.55E-03	1.05E-02	1.38E-02
UNG_boot.77	1.61E-04	1.14E-03	1.61E-02	9.51E-03	1.16E-02	5.64E-03
UNG_boot.78	1.44E-03	1.50E-03	1.75E-02	8.76E-03	1.88E-02	1.25E-02
UNG_boot.79	0.00E+00	4.67E-04	1.33E-02	9.78E-03	1.08E-02	1.31E-02
UNG_boot.80	0.00E+00	4.96E-04	2.05E-02	1.01E-02	2.01E-02	1.64E-02
UNG_boot.81	1.03E-61	1.00E-03	1.13E-02	8.72E-03	9.79E-03	9.01E-03
UNG_boot.82	5.33E-04	1.25E-03	1.20E-02	9.52E-03	8.27E-03	7.12E-03
UNG_boot.83	1.61E-03	1.46E-03	2.20E-02	9.88E-03	1.98E-02	1.10E-02
UNG_boot.84	0.00E+00	4.31E-04	1.44E-02	9.67E-03	1.30E-02	1.92E-02
UNG_boot.85	1.21E-03	9.04E-04	8.07E-03	8.40E-03	8.85E-03	1.44E-02
UNG_boot.86	1.59E-03	1.98E-03	2.40E-02	1.02E-02	1.72E-02	5.56E-03
UNG_boot.87	0.00E+00	6.89E-04	2.01E-02	9.82E-03	1.62E-02	9.39E-03
UNG_boot.88	0.00E+00	7.62E-04	1.29E-02	1.02E-02	9.86E-03	1.58E-02
UNG_boot.89	4.53E-04	9.51E-04	1.49E-02	1.06E-02	1.08E-02	8.47E-03
UNG_boot.90	1.39E-04	4.31E-04	1.62E-02	9.95E-03	1.66E-02	2.02E-02
UNG_boot.91	0.00E+00	1.18E-03	2.06E-02	1.02E-02	1.52E-02	6.27E-03
UNG_boot.92	5.46E-04	1.30E-03	1.71E-02	1.01E-02	1.54E-02	1.14E-02
UNG_boot.93	7.69E-04	1.28E-03	1.74E-02	9.71E-03	1.62E-02	1.07E-02
UNG_boot.94	2.25E-04	5.92E-04	1.42E-02	9.48E-03	1.22E-02	1.10E-02
UNG_boot.95	0.00E+00	9.09E-04	1.48E-02	9.30E-03	1.47E-02	1.27E-02
UNG_boot.96	4.22E-04	1.64E-03	1.62E-02	9.24E-03	1.14E-02	4.17E-03
UNG_boot.97	0.00E+00	8.44E-04	1.53E-02	9.85E-03	1.43E-02	1.44E-02
UNG_boot.98	1.07E-03	0.00E+00	1.33E-02	1.09E-02	1.22E-02	1.29E-02
UNG_boot.99	7.07E-04	7.78E-04	1.74E-02	9.70E-03	1.64E-02	1.25E-02
UNG_boot.100	1.27E-03	1.92E-03	2.16E-02	9.77E-03	1.48E-02	3.59E-03
UNG_boot.101	2.97E-04	1.00E-03	1.75E-02	1.04E-02	1.62E-02	1.16E-02
UNG_boot.102	0.00E+00	4.37E-04	1.91E-02	1.02E-02	1.85E-02	1.49E-02
UNG_boot.103	0.00E+00	1.25E-04	1.61E-02	1.02E-02	1.53E-02	1.81E-02
UNG_boot.104	0.00E+00	4.81E-04	1.55E-02	1.02E-02	1.26E-02	1.53E-02
UNG_boot.105	0.00E+00	2.56E-04	1.51E-02	9.82E-03	1.14E-02	1.75E-02
UNG_boot.106	3.64E-04	1.13E-03	9.66E-03	7.58E-03	7.93E-03	6.71E-03
UNG_boot.107	2.07E-04	1.67E-03	1.68E-02	1.09E-02	9.65E-03	3.95E-03
UNG_boot.108	3.44E-04	0.00E+00	1.72E-02	9.74E-03	1.62E-02	9.80E-03
UNG_boot.109	8.98E-04	8.88E-04	5.96E-03	6.76E-03	8.57E-03	1.41E-02
UNG_boot.110	2.05E-04	4.54E-138	2.19E-02	1.22E-02	1.67E-02	9.05E-03
UNG_boot.111	4.04E-04	0.00E+00	1.79E-02	1.01E-02	1.70E-02	1.18E-02
UNG_boot.112	9.82E-136	9.01E-04	1.89E-02	1.07E-02	1.39E-02	8.44E-03
UNG_boot.113	8.44E-04	1.76E-03	1.86E-02	9.29E-03	1.30E-02	3.96E-03
UNG_boot.114	1.90E-03	1.40E-03	5.62E-03	8.88E-03	3.55E-03	1.03E-02
UNG_boot.115	0.00E+00	6.31E-04	1.44E-02	9.32E-03	1.16E-02	8.92E-03
UNG_boot.116	1.20E-03	1.68E-68	1.08E-02	9.59E-03	8.45E-03	8.13E-03
UNG_boot.117	6.15E-04	1.22E-03	1.26E-02	9.78E-03	6.84E-03	4.74E-03
UNG_boot.118	0.00E+00	6.36E-04	1.37E-02	9.26E-03	1.32E-02	1.45E-02
UNG_boot.119	0.00E+00	6.18E-04	9.45E-03	8.50E-03	7.14E-03	1.18E-02
UNG_boot.120	6.41E-04	2.01E-03	2.01E-02	9.03E-03	9.50E-03	4.38E-03
UNG_boot.121	0.00E+00	1.52E-03	2.42E-02	1.13E-02	1.27E-02	5.60E-03
UNG_boot.122	0.00E+00	6.00E-04	1.42E-02	1.01E-02	1.24E-02	1.37E-02
UNG_boot.123	0.00E+00	1.27E-03	1.20E-02	1.01E-02	1.00E-02	1.03E-02
UNG_boot.124	2.52E-04	1.54E-03	1.37E-02	9.61E-03	1.00E-02	6.76E-03
UNG_boot.125	0.00E+00	4.49E-04	1.61E-02	1.05E-02	1.55E-02	2.18E-02
UNG_boot.126	0.00E+00	4.78E-04	1.85E-02	9.28E-03	1.93E-02	1.50E-02
UNG_boot.127	0.00E+00	1.05E-03	7.54E-03	8.47E-03	4.47E-03	8.07E-03
UNG_boot.128	1.32E-04	1.05E-03	1.22E-02	8.03E-03	7.68E-03	2.88E-03
UNG_boot.129	0.00E+00	7.84E-04	1.88E-02	1.10E-02	1.76E-02	1.53E-02
UNG_boot.130	1.45E-04	9.31E-04	1.30E-02	9.00E-03	1.11E-02	8.47E-03
UNG_boot.131	8.88E-04	1.26E-03	1.59E-02	8.09E-03	1.33E-02	6.67E-03
UNG_boot.132	6.89E-04	1.36E-03	1.74E-02	9.42E-03	1.37E-02	6.55E-03
UNG_boot.133	3.24E-10	5.15E-04	1.02E-02	8.95E-03	7.38E-03	1.14E-02
UNG_boot.134	0.00E+00	1.45E-03	8.81E-03	8.24E-03	1.10E-02	1.34E-02
UNG_boot.135	0.00E+00	8.60E-04	1.43E-02	9.61E-03	1.29E-02	1.08E-02
UNG_boot.136	0.00E+00	3.05E-04	1.51E-02	1.05E-02	1.31E-02	2.07E-02
UNG_boot.137	3.07E-152	1.55E-03	1.34E-02	9.59E-03	9.19E-03	6.19E-03
UNG_boot.138	0.00E+00	1.14E-03	8.68E-03	8.25E-03	9.51E-03	1.45E-02
UNG_boot.139	6.09E-04	3.73E-04	1.30E-02	8.93E-03	1.40E-02	1.89E-02
UNG_boot.140	5.82E-04	1.67E-03	1.72E-02	8.26E-03	9.71E-03	1.44E-03
UNG_boot.141	3.62E-04	1.04E-03	1.80E-02	1.14E-02	9.82E-03	3.98E-03
UNG_boot.142	9.86E-04	7.95E-04	9.76E-03	9.23E-03	7.86E-03	1.03E-02
UNG_boot.143	7.24E-04	1.16E-03	2.44E-02	9.07E-03	1.88E-02	1.00E-02
UNG_boot.144	7.54E-05	1.01E-03	1.58E-02	8.99E-03	1.03E-02	3.49E-03
UNG_boot.145	1.21E-04	1.03E-03	1.50E-02	9.59E-03	1.14E-02	7.58E-03
UNG_boot.146	0.00E+00	9.22E-04	1.74E-02	1.01E-02	1.60E-02	1.15E-02
UNG_boot.147	0.00E+00	1.23E-03	2.09E-02	1.10E-02	1.30E-02	5.38E-03
UNG_boot.148	0.00E+00	1.43E-03	1.13E-02	8.84E-03	1.10E-02	1.03E-02
UNG_boot.149	0.00E+00	1.49E-03	1.06E-02	1.05E-02	6.75E-03	9.07E-03
UNG_boot.150	0.00E+00	7.28E-04	1.49E-02	9.09E-03	1.37E-02	1.20E-02
UNG_boot.151	1.16E-03	8.70E-04	2.13E-02	1.08E-02	2.31E-02	2.00E-02
UNG_boot.152	7.20E-97	1.24E-03	1.69E-02	9.05E-03	1.26E-02	5.24E-03
UNG_boot.153	1.27E-152	1.11E-03	1.58E-02	8.85E-03	1.14E-02	5.14E-03
UNG_boot.154	0.00E+00	9.62E-04	1.58E-02	1.17E-02	1.25E-02	1.34E-02
UNG_real	3.72E-04	0.00E+00	1.54E-02	1.03E-02	1.35E-02	1.20E-02
UNG_real.1	4.38E-04	1.10E-03	1.62E-02	9.65E-03	1.42E-02	9.96E-03
UNG_real.2	1.71E-04	1.08E-03	1.28E-02	9.35E-03	1.04E-02	8.51E-03
ATP2B4_boot	2.90E-03	0.00E+00	1.50E-02	4.07E-03	2.43E-02	2.50E-02
ATP2B4_boot.1	9.37E-04	1.50E-03	1.23E-02	0.00E+00	3.20E-03	1.50E-02
ATP2B4_boot.2	6.07E-04	1.12E-03	2.18E-03	2.67E-03	4.97E-03	6.41E-03
ATP2B4_boot.3	0.00E+00	1.80E-03	3.49E-02	1.93E-47	9.03E-03	3.36E-02
ATP2B4_boot.4	2.22E-03	7.36E-04	1.62E-02	5.67E-03	2.21E-02	2.25E-02
ATP2B4_boot.5	0.00E+00	2.36E-03	3.17E-02	2.31E-03	9.81E-03	3.54E-02
ATP2B4_boot.6	2.59E-03	2.65E-03	2.48E-02	1.21E-03	5.06E-03	2.52E-02
ATP2B4_boot.7	1.68E-03	0.00E+00	1.26E-02	4.06E-03	1.82E-02	2.43E-02
ATP2B4_boot.8	2.22E-03	1.87E-03	2.35E-02	2.27E-62	4.38E-03	2.42E-02
ATP2B4_boot.9	8.32E-04	0.00E+00	6.66E-03	3.78E-03	1.17E-02	1.43E-02
ATP2B4_boot.10	3.29E-03	3.14E-03	3.19E-02	1.89E-03	8.58E-03	3.35E-02
ATP2B4_boot.11	4.35E-04	1.57E-03	1.10E-02	3.89E-03	1.30E-02	2.07E-02
ATP2B4_boot.12	0.00E+00	4.21E-03	4.63E-02	4.18E-03	1.07E-02	5.02E-02
ATP2B4_boot.13	2.35E-03	2.32E-03	2.76E-02	0.00E+00	6.21E-03	3.03E-02
ATP2B4_boot.14	3.15E-152	2.18E-03	3.59E-02	9.85E-04	1.16E-02	3.17E-02
ATP2B4_boot.15	4.34E-03	1.05E-03	2.30E-02	3.72E-03	3.27E-02	3.02E-02
ATP2B4_boot.16	1.04E-03	1.41E-03	1.92E-02	0.00E+00	8.92E-03	2.69E-02
ATP2B4_boot.17	8.65E-04	7.61E-04	1.09E-02	4.64E-03	1.32E-02	1.17E-02
ATP2B4_boot.18	3.40E-03	2.46E-03	2.99E-02	4.12E-04	8.82E-03	2.79E-02
ATP2B4_boot.19	1.72E-04	6.97E-04	3.49E-03	3.36E-03	8.09E-03	8.85E-03
ATP2B4_boot.20	1.64E-03	2.64E-03	2.86E-02	3.83E-03	1.53E-02	3.86E-02
ATP2B4_boot.21	1.13E-03	1.96E-03	1.46E-02	4.49E-03	1.83E-02	2.73E-02
ATP2B4_boot.22	1.07E-03	5.93E-04	1.09E-02	4.68E-03	1.42E-02	1.30E-02
ATP2B4_boot.23	1.80E-03	3.02E-03	2.91E-02	2.85E-03	1.23E-02	3.73E-02
ATP2B4_boot.24	2.22E-03	9.48E-04	1.37E-02	4.41E-03	2.16E-02	2.22E-02
ATP2B4_boot.25	9.33E-04	2.50E-03	1.93E-02	3.62E-03	1.40E-02	3.09E-02
ATP2B4_boot.26	4.85E-03	3.47E-03	4.40E-02	1.09E-03	1.63E-02	4.19E-02
ATP2B4_boot.27	2.09E-04	1.38E-03	2.17E-02	5.83E-100	6.10E-03	2.61E-02
ATP2B4_boot.28	0.00E+00	1.59E-03	2.77E-02	2.79E-55	9.84E-03	3.49E-02
ATP2B4_boot.29	2.67E-03	0.00E+00	2.04E-02	6.21E-03	2.32E-02	1.83E-02
ATP2B4_boot.30	2.28E-03	4.40E-04	1.82E-02	5.69E-03	2.06E-02	1.73E-02
ATP2B4_boot.31	2.89E-03	3.61E-03	3.57E-02	2.95E-03	1.09E-02	4.01E-02
ATP2B4_boot.32	1.80E-03	7.40E-04	1.12E-02	4.15E-03	1.94E-02	1.94E-02
ATP2B4_boot.33	2.50E-03	3.82E-04	1.87E-02	5.17E-03	2.19E-02	1.81E-02
ATP2B4_boot.34	9.75E-04	1.91E-03	1.70E-02	4.24E-03	1.80E-02	3.08E-02
ATP2B4_boot.35	1.04E-03	1.40E-03	2.17E-02	0.00E+00	1.18E-02	3.12E-02
ATP2B4_boot.36	1.15E-03	3.46E-04	1.46E-02	3.44E-03	5.00E-03	1.95E-02
ATP2B4_boot.37	1.92E-03	1.62E-03	1.47E-02	1.19E-03	1.97E-03	1.46E-02
ATP2B4_boot.38	6.68E-04	1.78E-04	2.74E-03	3.89E-03	3.12E-03	1.71E-03
ATP2B4_boot.39	1.70E-03	1.88E-03	2.25E-02	3.28E-64	5.85E-03	2.63E-02
ATP2B4_boot.40	7.18E-04	8.38E-11	1.32E-02	3.24E-03	1.47E-02	2.53E-02
ATP2B4_boot.41	1.73E-03	1.97E-03	2.94E-02	0.00E+00	1.17E-02	3.68E-02
ATP2B4_boot.42	2.67E-03	2.80E-03	2.77E-02	2.11E-03	8.10E-03	3.13E-02
ATP2B4_boot.43	2.44E-03	2.10E-03	2.01E-02	1.99E-03	2.90E-03	2.07E-02
ATP2B4_boot.44	0.00E+00	2.03E-03	1.68E-02	2.50E-03	3.90E-03	2.10E-02
ATP2B4_boot.45	1.02E-03	1.05E-37	9.86E-03	4.91E-03	1.32E-02	1.20E-02
ATP2B4_boot.46	1.64E-03	2.86E-04	1.16E-02	3.50E-03	1.46E-02	1.04E-02
ATP2B4_boot.47	0.00E+00	2.95E-03	2.80E-02	5.18E-03	1.94E-02	4.10E-02
ATP2B4_boot.48	3.32E-03	2.76E-03	3.88E-02	0.00E+00	1.26E-02	4.09E-02
ATP2B4_boot.49	4.26E-04	1.18E-03	9.44E-03	0.00E+00	5.39E-03	1.50E-02
ATP2B4_boot.50	4.39E-04	1.74E-03	1.46E-02	1.94E-03	1.06E-02	2.38E-02
ATP2B4_boot.51	3.45E-03	1.98E-03	2.78E-02	4.81E-04	1.07E-02	2.64E-02
ATP2B4_boot.52	2.72E-03	4.73E-04	1.95E-02	3.77E-03	2.14E-02	1.73E-02
ATP2B4_boot.53	2.92E-03	2.45E-03	2.34E-02	1.84E-03	5.39E-03	2.39E-02
ATP2B4_boot.54	1.12E-03	1.90E-03	1.07E-02	2.25E-03	3.75E-03	1.43E-02
ATP2B4_boot.55	0.00E+00	2.56E-03	3.56E-02	3.49E-03	1.12E-02	3.94E-02
ATP2B4_boot.56	1.49E-03	2.53E-03	2.79E-02	2.90E-03	1.33E-02	3.68E-02
ATP2B4_boot.57	1.75E-03	0.00E+00	9.77E-03	3.82E-03	1.62E-02	1.84E-02
ATP2B4_boot.58	1.09E-03	2.21E-03	2.34E-02	2.46E-03	1.46E-02	3.44E-02
ATP2B4_boot.59	2.82E-03	1.56E-10	2.97E-02	5.45E-03	2.71E-02	1.56E-02
ATP2B4_boot.60	1.73E-03	3.01E-03	2.83E-02	3.40E-03	1.26E-02	3.68E-02
ATP2B4_boot.61	1.69E-03	5.65E-04	1.58E-02	4.07E-03	1.79E-02	1.69E-02
ATP2B4_boot.62	2.01E-03	7.06E-04	1.51E-02	5.40E-03	2.04E-02	1.81E-02
ATP2B4_boot.63	1.19E-03	3.12E-04	1.08E-02	4.67E-03	1.35E-02	9.56E-03
ATP2B4_boot.64	8.36E-04	1.45E-03	1.16E-02	5.23E-03	1.50E-02	1.99E-02
ATP2B4_boot.65	1.42E-03	5.91E-04	1.06E-02	3.98E-03	1.47E-02	1.33E-02
ATP2B4_boot.66	3.12E-03	0.00E+00	1.95E-02	5.68E-03	2.79E-02	2.67E-02
ATP2B4_boot.67	1.97E-03	1.73E-03	1.71E-02	5.60E-03	2.43E-02	3.00E-02
ATP2B4_boot.68	3.10E-03	0.00E+00	1.90E-02	5.66E-03	2.71E-02	2.68E-02
ATP2B4_boot.69	2.49E-04	7.60E-04	3.91E-03	2.84E-03	7.08E-03	1.07E-02
ATP2B4_boot.70	0.00E+00	2.51E-03	4.28E-02	2.35E-03	1.42E-02	4.53E-02
ATP2B4_boot.71	1.27E-03	2.03E-03	1.73E-02	2.97E-03	7.67E-03	2.43E-02
ATP2B4_boot.72	1.67E-03	0.00E+00	9.99E-03	3.87E-03	1.73E-02	1.53E-02
ATP2B4_boot.73	0.00E+00	1.75E-03	1.61E-02	1.18E-03	2.97E-03	1.93E-02
ATP2B4_boot.74	2.27E-03	2.55E-03	3.83E-02	0.00E+00	1.42E-02	4.54E-02
ATP2B4_boot.75	1.34E-03	3.61E-04	1.27E-02	5.80E-03	1.63E-02	1.52E-02
ATP2B4_boot.76	8.94E-04	1.31E-03	2.41E-02	0.00E+00	1.60E-02	3.60E-02
ATP2B4_boot.77	1.61E-03	1.34E-03	1.21E-02	4.09E-03	1.96E-02	2.44E-02
ATP2B4_boot.78	2.28E-03	2.46E-03	2.81E-02	1.36E-03	9.05E-03	3.25E-02
ATP2B4_boot.79	2.88E-03	3.13E-03	3.15E-02	2.11E-03	8.97E-03	3.40E-02
ATP2B4_boot.80	9.83E-04	0.00E+00	1.64E-02	2.73E-03	7.08E-03	2.27E-02
ATP2B4_boot.81	1.45E-03	8.41E-04	1.84E-02	0.00E+00	1.98E-02	3.37E-02
ATP2B4_boot.82	2.30E-03	0.00E+00	1.39E-02	4.44E-03	2.06E-02	2.08E-02
ATP2B4_boot.83	2.40E-03	4.95E-04	1.76E-02	3.84E-03	2.01E-02	1.77E-02
ATP2B4_boot.84	2.38E-03	6.35E-111	2.30E-02	5.41E-03	2.07E-02	1.71E-02
ATP2B4_boot.85	1.04E-03	1.17E-03	7.97E-03	3.97E-03	4.59E-03	1.35E-02
ATP2B4_boot.86	2.29E-03	5.13E-04	2.00E-02	5.34E-03	1.92E-02	1.37E-02
ATP2B4_boot.87	4.48E-04	2.09E-03	4.14E-02	9.99E-24	1.73E-02	5.16E-02
ATP2B4_boot.88	1.85E-03	1.88E-03	2.77E-02	3.92E-04	7.82E-03	2.54E-02
ATP2B4_boot.89	2.25E-03	2.47E-03	2.46E-02	1.65E-03	7.46E-03	2.84E-02
ATP2B4_boot.90	2.17E-03	1.15E-03	1.41E-02	4.59E-03	2.34E-02	2.52E-02
ATP2B4_boot.91	2.76E-03	2.30E-03	2.38E-02	2.13E-03	6.39E-03	2.57E-02
ATP2B4_boot.92	4.94E-04	4.43E-04	4.56E-03	3.36E-03	9.36E-03	9.57E-03
ATP2B4_boot.93	2.67E-03	9.28E-04	1.80E-02	5.56E-03	2.52E-02	2.45E-02
ATP2B4_boot.94	0.00E+00	1.61E-03	2.75E-02	1.10E-03	7.78E-03	2.42E-02
ATP2B4_boot.95	2.54E-03	1.11E-03	1.74E-02	5.29E-03	2.45E-02	2.38E-02
ATP2B4_boot.96	2.57E-03	2.25E-03	2.98E-02	0.00E+00	8.64E-03	3.18E-02
ATP2B4_boot.97	0.00E+00	1.59E-03	2.68E-02	0.00E+00	8.80E-03	3.27E-02
ATP2B4_boot.98	3.06E-03	7.64E-04	1.61E-02	1.32E-03	2.69E-02	2.70E-02
ATP2B4_boot.99	0.00E+00	8.27E-04	9.83E-03	5.38E-36	1.22E-02	2.11E-02
ATP2B4_boot.100	1.25E-03	0.00E+00	1.07E-02	4.48E-03	1.58E-02	1.76E-02
ATP2B4_boot.101	3.69E-03	0.00E+00	2.52E-02	5.57E-03	2.96E-02	2.56E-02
ATP2B4_boot.102	1.00E-03	0.00E+00	9.31E-03	3.77E-03	1.34E-02	1.12E-02
ATP2B4_boot.103	5.27E-04	1.33E-03	9.13E-03	2.30E-03	1.14E-02	1.95E-02
ATP2B4_boot.104	4.29E-04	1.02E-03	6.74E-03	3.53E-03	1.23E-02	1.43E-02
ATP2B4_boot.105	2.51E-04	0.00E+00	4.29E-03	3.28E-03	6.25E-03	1.03E-02
ATP2B4_boot.106	3.42E-03	0.00E+00	2.55E-02	4.25E-03	2.69E-02	2.24E-02
ATP2B4_boot.107	1.24E-03	0.00E+00	9.42E-03	3.97E-03	1.56E-02	1.52E-02
ATP2B4_boot.108	9.46E-04	1.20E-03	7.35E-03	2.19E-03	4.15E-03	1.22E-02
ATP2B4_boot.109	1.58E-03	1.03E-91	1.42E-02	3.49E-03	1.67E-02	1.27E-02
ATP2B4_boot.110	7.36E-04	1.78E-03	1.64E-02	2.94E-03	1.65E-02	2.94E-02
ATP2B4_boot.111	2.44E-03	3.77E-04	1.56E-02	3.64E-03	2.12E-02	1.86E-02
ATP2B4_boot.112	9.57E-04	7.23E-04	1.20E-02	0.00E+00	1.50E-02	2.48E-02
ATP2B4_boot.113	5.42E-04	0.00E+00	1.32E-02	5.23E-03	1.38E-02	2.27E-02
ATP2B4_boot.114	9.73E-04	0.00E+00	1.15E-02	4.62E-03	1.41E-02	9.29E-03
ATP2B4_boot.115	2.98E-04	0.00E+00	4.60E-03	2.78E-03	7.51E-03	1.13E-02
ATP2B4_boot.116	2.10E-03	0.00E+00	1.83E-02	3.47E-03	1.90E-02	1.49E-02
ATP2B4_boot.117	1.71E-03	1.54E-03	1.38E-02	1.53E-03	2.07E-03	1.59E-02
ATP2B4_boot.118	2.26E-03	0.00E+00	1.59E-02	3.67E-03	2.03E-02	1.69E-02
ATP2B4_boot.119	2.24E-03	7.55E-04	1.32E-02	2.49E-75	2.27E-02	2.80E-02
ATP2B4_boot.120	1.96E-03	1.34E-03	1.10E-02	3.01E-03	2.09E-02	2.34E-02
ATP2B4_boot.121	4.18E-04	1.41E-03	9.39E-03	2.29E-03	1.04E-02	1.87E-02
ATP2B4_boot.122	9.35E-04	1.64E-03	1.39E-02	2.35E-03	1.70E-02	2.74E-02
ATP2B4_boot.123	1.59E-03	1.96E-57	1.23E-02	4.71E-03	1.79E-02	1.75E-02
ATP2B4_boot.124	6.73E-04	1.36E-03	1.42E-02	3.47E-03	1.55E-02	2.59E-02
ATP2B4_boot.125	9.51E-04	1.36E-03	1.10E-02	5.34E-04	4.14E-03	1.55E-02
ATP2B4_boot.126	5.77E-04	1.64E-03	1.28E-02	1.78E-03	1.02E-02	2.22E-02
ATP2B4_boot.127	1.94E-03	6.99E-150	1.58E-02	5.89E-03	2.18E-02	2.16E-02
ATP2B4_boot.128	2.97E-03	0.00E+00	3.31E-02	4.18E-03	2.86E-02	1.58E-02
ATP2B4_boot.129	1.59E-03	0.00E+00	1.22E-02	4.43E-03	1.85E-02	2.20E-02
ATP2B4_boot.130	6.87E-04	2.16E-03	2.34E-02	3.11E-03	1.20E-02	3.23E-02
ATP2B4_boot.131	1.06E-03	1.66E-03	1.45E-02	1.81E-03	6.80E-03	2.10E-02
ATP2B4_boot.132	4.60E-04	0.00E+00	1.08E-02	4.75E-03	1.33E-02	1.95E-02
ATP2B4_boot.133	2.42E-03	0.00E+00	2.91E-02	6.07E-03	2.51E-02	1.54E-02
ATP2B4_boot.134	3.23E-03	0.00E+00	1.69E-02	3.65E-03	2.69E-02	2.60E-02
ATP2B4_boot.135	8.09E-04	5.24E-05	8.45E-03	2.48E-03	1.18E-02	7.85E-03
ATP2B4_boot.136	2.24E-04	1.38E-03	1.37E-02	1.52E-03	1.13E-02	2.37E-02
ATP2B4_boot.137	2.40E-03	0.00E+00	1.91E-02	6.30E-03	2.40E-02	2.13E-02
ATP2B4_boot.138	6.68E-04	1.90E-03	1.54E-02	3.28E-03	1.43E-02	2.67E-02
ATP2B4_boot.139	3.08E-03	0.00E+00	1.76E-02	4.40E-03	2.61E-02	2.66E-02
ATP2B4_boot.140	9.31E-04	1.74E-03	1.66E-02	2.41E-03	9.95E-03	2.52E-02
ATP2B4_boot.141	1.28E-03	1.64E-03	1.28E-02	3.08E-03	1.91E-02	2.69E-02
ATP2B4_boot.142	1.61E-03	1.71E-03	1.56E-02	4.20E-03	2.18E-02	2.89E-02
ATP2B4_boot.143	4.68E-04	1.57E-03	8.95E-03	2.03E-03	8.90E-03	1.76E-02
ATP2B4_boot.144	2.31E-03	7.58E-04	1.26E-02	0.00E+00	2.20E-02	2.67E-02
ATP2B4_boot.145	3.87E-04	1.45E-03	1.06E-02	3.01E-03	1.14E-02	2.06E-02
ATP2B4_boot.146	6.69E-04	0.00E+00	6.21E-03	2.82E-03	1.10E-02	8.32E-03
ATP2B4_boot.147	5.13E-04	8.30E-04	4.08E-03	1.98E-03	1.01E-02	1.30E-02
ATP2B4_boot.148	1.06E-03	1.09E-03	2.43E-02	7.36E-132	2.13E-02	3.96E-02
ATP2B4_boot.149	1.52E-03	0.00E+00	1.38E-02	3.67E-03	1.59E-02	1.09E-02
ATP2B4_boot.150	1.50E-03	1.38E-03	1.20E-02	2.68E-03	1.88E-02	2.49E-02
ATP2B4_boot.151	1.62E-03	1.69E-03	1.41E-02	3.63E-03	2.16E-02	2.83E-02
ATP2B4_boot.152	6.35E-04	1.24E-03	1.06E-02	1.50E-03	8.49E-03	1.90E-02
ATP2B4_boot.153	9.36E-04	2.01E-03	1.51E-02	3.37E-03	1.80E-02	2.85E-02
ATP2B4_boot.154	1.92E-03	1.20E-03	1.31E-02	3.18E-03	2.17E-02	2.64E-02
ATP2B4_boot.155	1.64E-03	1.10E-03	1.47E-02	4.52E-03	2.20E-02	2.75E-02
ATP2B4_boot.156	3.23E-03	8.13E-04	1.98E-02	4.34E-03	2.66E-02	2.45E-02
ATP2B4_boot.157	5.56E-05	3.28E-04	3.93E-03	3.32E-03	8.58E-03	8.47E-03
ATP2B4_boot.158	1.65E-03	0.00E+00	8.75E-03	3.11E-03	1.70E-02	1.59E-02
ATP2B4_boot.159	1.40E-03	1.04E-03	1.40E-02	4.52E-03	2.00E-02	2.52E-02
ATP2B4_boot.160	1.15E-03	1.29E-03	1.03E-02	2.24E-03	4.20E-03	1.52E-02
ATP2B4_boot.161	2.28E-03	0.00E+00	1.93E-02	4.72E-03	2.09E-02	1.73E-02
ATP2B4_boot.162	7.85E-04	1.69E-03	1.41E-02	3.54E-03	1.64E-02	2.64E-02
ATP2B4_boot.163	3.19E-04	9.25E-04	4.41E-03	2.20E-03	9.37E-03	1.31E-02
ATP2B4_boot.164	5.76E-04	1.26E-03	1.21E-02	1.23E-03	1.26E-02	2.31E-02
ATP2B4_boot.165	2.26E-03	0.00E+00	1.66E-02	4.64E-03	2.13E-02	1.74E-02
ATP2B4_boot.166	1.72E-03	0.00E+00	9.24E-03	2.96E-03	1.75E-02	1.62E-02
ATP2B4_boot.167	1.10E-03	2.01E-03	2.04E-02	1.76E-03	1.06E-02	2.87E-02
ATP2B4_boot.168	2.50E-03	0.00E+00	2.37E-02	5.13E-03	2.29E-02	1.70E-02
ATP2B4_boot.169	1.66E-03	5.51E-69	1.61E-02	3.69E-03	1.68E-02	1.20E-02
ATP2B4_boot.170	1.51E-03	9.61E-04	8.52E-03	2.46E-03	1.68E-02	1.82E-02
ATP2B4_boot.171	2.72E-03	0.00E+00	2.40E-02	3.95E-03	2.34E-02	2.01E-02
ATP2B4_boot.172	3.12E-03	2.84E-04	2.17E-02	3.76E-03	2.45E-02	1.92E-02
ATP2B4_boot.173	3.57E-03	0.00E+00	2.59E-02	6.36E-03	3.04E-02	2.53E-02
ATP2B4_boot.174	8.20E-04	6.46E-04	1.00E-02	8.74E-46	1.34E-02	2.19E-02
ATP2B4_boot.175	1.50E-03	1.20E-03	9.75E-03	2.91E-03	1.78E-02	1.90E-02
ATP2B4_boot.176	1.28E-03	3.72E-27	1.16E-02	3.10E-03	1.61E-02	2.35E-02
ATP2B4_boot.177	2.57E-03	0.00E+00	2.31E-02	4.97E-03	2.30E-02	1.66E-02
ATP2B4_boot.178	0.00E+00	1.30E-03	2.78E-02	0.00E+00	1.79E-02	4.06E-02
ATP2B4_boot.179	2.34E-03	3.55E-04	1.90E-02	5.77E-03	2.13E-02	1.64E-02
ATP2B4_boot.180	0.00E+00	1.34E-03	1.33E-02	5.05E-03	1.96E-02	2.19E-02
ATP2B4_boot.181	2.11E-03	1.01E-03	1.92E-02	5.18E-04	2.58E-02	3.69E-02
ATP2B4_boot.182	5.75E-04	8.60E-04	3.60E-03	3.71E-03	6.63E-03	8.85E-03
ATP2B4_boot.183	7.39E-04	1.06E-03	1.75E-02	0.00E+00	1.30E-02	2.83E-02
ATP2B4_boot.184	1.76E-03	5.22E-04	1.36E-02	4.66E-03	1.97E-02	1.77E-02
ATP2B4_boot.185	4.62E-04	8.95E-04	1.01E-02	7.81E-90	9.68E-03	1.93E-02
ATP2B4_boot.186	2.31E-03	8.81E-05	1.54E-02	4.95E-03	2.15E-02	2.10E-02
ATP2B4_boot.187	3.45E-03	8.97E-65	2.29E-02	6.02E-03	2.99E-02	2.63E-02
ATP2B4_boot.188	6.02E-04	1.62E-03	1.38E-02	2.75E-03	1.40E-02	2.55E-02
ATP2B4_boot.189	1.28E-03	7.62E-04	1.12E-02	4.42E-03	1.71E-02	1.71E-02
ATP2B4_boot.190	4.83E-04	1.22E-03	9.61E-03	1.86E-03	7.76E-03	1.73E-02
ATP2B4_boot.191	1.49E-03	7.38E-04	1.39E-02	0.00E+00	1.92E-02	2.87E-02
ATP2B4_boot.192	1.45E-03	8.48E-04	7.63E-03	1.55E-03	1.67E-02	1.86E-02
ATP2B4_boot.193	4.28E-04	4.22E-04	1.09E-02	5.39E-03	1.17E-02	1.03E-02
ATP2B4_boot.194	2.01E-03	6.43E-04	1.36E-02	4.16E-03	2.02E-02	1.84E-02
ATP2B4_boot.195	9.56E-04	0.00E+00	1.53E-02	3.91E-03	1.55E-02	2.65E-02
ATP2B4_boot.196	1.94E-03	3.56E-03	2.94E-02	5.56E-03	8.11E-03	3.46E-02
ATP2B4_boot.197	4.30E-03	0.00E+00	3.11E-02	2.23E-03	1.97E-02	3.75E-02
ATP2B4_boot.198	6.19E-04	1.49E-03	1.39E-02	4.98E-03	1.52E-02	2.32E-02
ATP2B4_boot.199	5.59E-04	1.06E-03	4.06E-03	0.00E+00	6.71E-03	6.11E-03
ATP2B4_boot.200	7.00E-03	8.29E-04	2.67E-02	1.28E-03	2.38E-02	3.39E-02
ATP2B4_boot.201	3.15E-03	1.34E-03	2.89E-02	1.35E-03	1.38E-02	3.48E-02
ATP2B4_boot.202	1.16E-03	8.92E-04	1.20E-03	3.04E-03	6.14E-03	3.27E-03
ATP2B4_boot.203	1.40E-03	9.94E-04	6.55E-03	1.02E-03	9.56E-03	2.88E-03
ATP2B4_boot.204	0.00E+00	2.76E-03	2.23E-02	6.27E-03	2.71E-02	3.72E-02
ATP2B4_boot.205	4.35E-03	0.00E+00	2.90E-02	2.32E-03	1.84E-02	3.57E-02
ATP2B4_boot.206	5.04E-03	0.00E+00	2.91E-02	2.69E-03	2.12E-02	3.09E-02
ATP2B4_boot.207	7.43E-129	3.84E-04	2.89E-02	1.78E-03	1.48E-02	3.25E-02
ATP2B4_boot.208	1.99E-03	1.35E-03	2.73E-02	1.75E-03	1.83E-02	2.25E-02
ATP2B4_boot.209	0.00E+00	5.90E-04	3.62E-02	1.27E-03	2.39E-02	3.20E-02
ATP2B4_boot.210	4.55E-03	5.68E-04	3.21E-02	1.30E-03	2.14E-02	3.98E-02
ATP2B4_boot.211	2.91E-03	1.63E-03	1.55E-02	9.71E-04	9.44E-03	9.34E-03
ATP2B4_boot.212	8.05E-04	2.08E-03	1.35E-02	5.34E-03	1.66E-02	2.31E-02
ATP2B4_boot.213	0.00E+00	0.00E+00	1.87E-02	2.75E-03	2.40E-02	3.44E-02
ATP2B4_boot.214	4.70E-03	1.43E-03	2.87E-02	3.52E-03	1.64E-02	3.31E-02
ATP2B4_boot.215	3.27E-03	2.53E-03	2.51E-02	0.00E+00	1.13E-02	1.64E-02
ATP2B4_boot.216	1.04E-15	0.00E+00	1.80E-02	3.38E-03	1.77E-02	2.61E-02
ATP2B4_boot.217	3.77E-03	5.05E-03	4.51E-02	3.43E-03	8.17E-03	4.24E-02
ATP2B4_boot.218	4.05E-04	2.45E-04	1.18E-02	2.21E-03	1.12E-02	1.21E-02
ATP2B4_boot.219	0.00E+00	1.79E-03	2.32E-02	3.38E-03	6.95E-03	2.77E-02
ATP2B4_boot.220	3.11E-03	0.00E+00	2.85E-02	1.80E-03	1.52E-02	3.60E-02
ATP2B4_boot.221	5.34E-03	0.00E+00	4.22E-02	1.89E-03	2.71E-02	4.22E-02
ATP2B4_boot.222	2.61E-03	1.71E-03	1.34E-02	3.24E-03	3.87E-03	1.24E-02
ATP2B4_boot.223	8.38E-04	0.00E+00	1.40E-02	4.74E-03	1.56E-02	2.47E-02
ATP2B4_boot.224	2.28E-03	1.84E-03	1.18E-02	1.59E-03	5.89E-03	7.67E-03
ATP2B4_boot.225	1.91E-03	7.09E-04	1.34E-02	2.98E-03	1.76E-02	1.74E-02
ATP2B4_boot.226	3.66E-03	0.00E+00	2.59E-02	3.44E-03	1.53E-02	3.30E-02
ATP2B4_boot.227	2.67E-03	1.51E-03	1.29E-02	6.86E-04	1.30E-02	4.11E-03
ATP2B4_boot.228	3.17E-03	8.55E-46	2.99E-02	2.63E-03	1.57E-02	3.70E-02
ATP2B4_boot.229	3.71E-03	1.55E-03	2.97E-02	2.72E-03	1.49E-02	3.61E-02
ATP2B4_boot.230	7.30E-03	7.03E-04	2.61E-02	2.30E-03	2.52E-02	4.31E-02
ATP2B4_boot.231	1.20E-03	1.95E-03	1.30E-02	3.14E-03	5.87E-03	1.89E-02
ATP2B4_boot.232	2.55E-03	0.00E+00	1.25E-02	1.89E-03	8.03E-03	1.59E-02
ATP2B4_boot.233	7.24E-04	5.10E-111	5.36E-03	1.93E-03	1.05E-02	6.67E-03
ATP2B4_boot.234	4.78E-04	1.65E-03	5.18E-03	2.03E-03	7.37E-03	1.21E-02
ATP2B4_boot.235	2.64E-04	9.37E-34	6.12E-03	2.57E-03	8.09E-03	1.34E-02
ATP2B4_boot.236	1.05E-03	2.45E-03	1.53E-02	3.43E-03	6.58E-03	2.17E-02
ATP2B4_boot.237	0.00E+00	0.00E+00	3.53E-02	2.73E-03	1.60E-02	4.09E-02
ATP2B4_boot.238	8.94E-03	0.00E+00	3.19E-02	2.58E-03	3.02E-02	5.23E-02
ATP2B4_boot.239	3.82E-03	9.11E-04	3.49E-02	2.46E-03	1.87E-02	3.90E-02
ATP2B4_boot.240	0.00E+00	1.81E-03	1.42E-02	2.04E-03	2.04E-03	1.54E-02
ATP2B4_boot.241	4.06E-03	0.00E+00	2.91E-02	2.24E-03	1.78E-02	3.53E-02
ATP2B4_boot.242	4.55E-04	8.86E-04	1.89E-03	1.64E-03	6.07E-03	6.29E-03
ATP2B4_boot.243	0.00E+00	7.72E-04	3.08E-02	2.64E-03	1.56E-02	3.98E-02
ATP2B4_boot.244	3.50E-03	0.00E+00	2.33E-02	3.29E-03	1.47E-02	3.15E-02
ATP2B4_boot.245	1.94E-03	1.45E-04	2.11E-02	2.45E-03	1.05E-02	2.34E-02
ATP2B4_boot.246	1.47E-03	6.79E-04	1.39E-02	3.07E-03	1.75E-02	1.66E-02
ATP2B4_boot.247	2.01E-03	5.71E-61	2.01E-02	2.50E-03	1.19E-02	2.99E-02
ATP2B4_boot.248	3.00E-03	1.89E-03	1.86E-02	1.89E-03	7.26E-03	1.51E-02
ATP2B4_boot.249	3.88E-03	0.00E+00	2.90E-02	2.73E-03	1.65E-02	3.36E-02
ATP2B4_boot.250	0.00E+00	1.42E-03	1.05E-02	2.76E-03	1.63E-02	1.53E-02
ATP2B4_boot.251	1.84E-03	1.30E-03	3.30E-02	2.92E-03	1.68E-02	3.58E-02
ATP2B4_boot.252	2.98E-04	1.31E-03	2.00E-03	1.75E-03	7.51E-03	8.82E-03
ATP2B4_boot.253	3.15E-03	1.89E-03	3.11E-02	5.48E-03	2.74E-02	1.31E-02
ATP2B4_boot.254	0.00E+00	8.34E-04	4.28E-02	1.89E-03	2.19E-02	4.54E-02
ATP2B4_boot.255	3.67E-03	0.00E+00	2.59E-02	1.32E-03	1.44E-02	2.74E-02
ATP2B4_boot.256	1.44E-03	6.66E-04	1.43E-02	4.40E-03	1.67E-02	1.58E-02
ATP2B4_boot.257	1.30E-03	1.39E-04	1.69E-02	2.75E-03	1.56E-02	1.57E-02
ATP2B4_boot.258	1.79E-03	1.64E-78	1.04E-02	3.18E-03	1.69E-02	2.20E-02
ATP2B4_boot.259	7.29E-03	4.56E-46	3.28E-02	1.60E-03	2.83E-02	3.43E-02
ATP2B4_boot.260	8.35E-04	4.48E-04	1.60E-02	1.45E-03	1.34E-02	1.39E-02
ATP2B4_boot.261	4.16E-04	0.00E+00	1.39E-02	1.63E-03	5.91E-03	2.01E-02
ATP2B4_boot.262	3.62E-03	1.74E-03	2.98E-02	2.09E-03	2.55E-02	1.83E-02
ATP2B4_boot.263	2.74E-03	4.47E-04	2.13E-02	3.41E-03	2.24E-02	2.16E-02
ATP2B4_boot.264	4.15E-03	1.72E-03	3.34E-02	1.58E-03	1.61E-02	3.74E-02
ATP2B4_boot.265	4.26E-03	1.64E-03	2.97E-02	1.35E-03	1.41E-02	2.99E-02
ATP2B4_boot.266	1.27E-03	1.50E-03	1.09E-02	3.19E-03	4.67E-03	1.63E-02
ATP2B4_boot.267	0.00E+00	0.00E+00	9.98E-03	3.03E-03	5.13E-03	1.49E-02
ATP2B4_boot.268	1.07E-03	0.00E+00	1.92E-02	2.77E-03	1.51E-02	1.59E-02
ATP2B4_boot.269	0.00E+00	3.10E-03	2.90E-02	4.55E-03	1.65E-02	4.04E-02
ATP2B4_boot.270	1.26E-03	0.00E+00	4.96E-03	2.24E-03	5.05E-03	3.31E-03
ATP2B4_boot.271	5.29E-04	1.65E-03	1.21E-02	4.07E-03	1.31E-02	2.18E-02
ATP2B4_boot.272	3.74E-03	6.96E-133	2.46E-02	2.09E-03	1.44E-02	2.81E-02
ATP2B4_boot.273	0.00E+00	1.41E-03	1.00E-02	4.33E-03	1.49E-02	1.53E-02
ATP2B4_boot.274	3.93E-03	1.01E-03	4.04E-02	1.43E-03	2.42E-02	4.55E-02
ATP2B4_boot.275	2.19E-03	1.51E-03	1.58E-02	4.49E-03	2.20E-02	2.48E-02
ATP2B4_boot.276	5.65E-105	2.13E-03	1.66E-02	2.15E-03	4.30E-03	2.11E-02
ATP2B4_boot.277	1.83E-03	1.77E-03	1.31E-02	3.75E-03	2.06E-02	2.66E-02
ATP2B4_boot.278	7.28E-04	1.07E-03	3.38E-03	1.08E-03	6.71E-03	3.95E-03
ATP2B4_boot.279	1.09E-03	2.06E-03	1.71E-02	1.22E-03	7.66E-03	2.43E-02
ATP2B4_boot.280	2.85E-03	0.00E+00	2.35E-02	1.97E-03	1.66E-02	2.56E-02
ATP2B4_boot.281	0.00E+00	8.40E-04	1.16E-02	1.34E-03	8.40E-03	5.78E-03
ATP2B4_boot.282	2.26E-03	0.00E+00	2.57E-02	3.59E-03	2.09E-02	1.87E-02
ATP2B4_boot.283	0.00E+00	0.00E+00	3.68E-02	1.98E-03	2.43E-02	4.05E-02
ATP2B4_boot.284	6.24E-04	2.02E-03	1.37E-02	3.39E-03	1.04E-02	2.26E-02
ATP2B4_boot.285	3.71E-03	2.66E-04	2.50E-02	1.74E-03	1.45E-02	3.04E-02
ATP2B4_boot.286	3.21E-03	1.09E-03	1.55E-02	1.56E-03	1.40E-02	1.95E-02
ATP2B4_boot.287	0.00E+00	2.18E-03	1.64E-02	5.86E-03	2.02E-02	2.45E-02
ATP2B4_boot.288	1.05E-37	7.48E-04	2.48E-02	2.16E-03	1.66E-02	2.49E-02
ATP2B4_boot.289	6.02E-04	1.06E-03	5.87E-03	2.05E-03	5.36E-03	1.19E-02
ATP2B4_boot.290	5.76E-03	0.00E+00	3.11E-02	1.92E-03	2.39E-02	3.74E-02
ATP2B4_boot.291	1.53E-03	5.43E-04	1.18E-02	2.51E-03	1.59E-02	1.35E-02
ATP2B4_boot.292	0.00E+00	0.00E+00	2.63E-02	2.58E-03	1.87E-02	4.09E-02
ATP2B4_boot.293	7.15E-04	6.05E-04	6.88E-03	2.71E-03	1.08E-02	1.60E-02
ATP2B4_real	1.39E-03	6.94E-04	1.06E-02	4.35E-03	1.59E-02	1.53E-02
ATP2B4_real.1	2.22E-03	2.56E-03	2.59E-02	1.38E-03	6.95E-03	2.95E-02
ATP2B4_real.2	6.36E-04	1.59E-03	1.19E-02	2.42E-03	1.37E-02	2.33E-02
ATP2B4_real.3	2.08E-03	0.00E+00	1.52E-02	4.31E-03	1.98E-02	1.63E-02
ATP2B4_real.4	2.35E-04	1.26E-03	4.90E-03	3.04E-03	9.68E-03	1.26E-02
ATP2B4_real.5	4.59E-03	1.10E-03	3.05E-02	1.63E-03	1.72E-02	3.33E-02
EXO1_boot	6.13E-04	6.63E-04	8.07E-03	3.27E-03	4.86E-03	1.22E-03
EXO1_boot.1	5.88E-04	3.27E-04	6.57E-03	3.66E-03	6.52E-03	3.59E-03
EXO1_boot.2	9.90E-04	6.21E-04	8.75E-03	3.35E-03	7.45E-03	1.95E-03
EXO1_boot.3	6.44E-04	5.38E-04	7.62E-03	3.85E-03	5.95E-03	1.62E-03
EXO1_boot.4	1.40E-03	1.47E-03	1.37E-02	3.66E-03	1.08E-02	2.99E-05
EXO1_boot.5	1.17E-03	4.02E-04	9.87E-03	4.07E-03	1.04E-02	6.58E-03
EXO1_boot.6	7.26E-04	0.00E+00	8.85E-03	3.71E-03	7.39E-03	1.99E-03
EXO1_boot.7	4.45E-04	4.43E-04	6.28E-03	3.55E-03	4.74E-03	1.57E-03
EXO1_boot.8	7.68E-04	2.29E-04	6.68E-03	3.71E-03	8.21E-03	6.46E-03
EXO1_boot.9	1.26E-03	9.57E-04	1.21E-02	3.96E-03	1.04E-02	2.52E-03
EXO1_boot.10	5.49E-04	6.26E-04	8.68E-03	2.86E-03	3.96E-03	2.99E-03
EXO1_boot.11	4.37E-04	0.00E+00	8.21E-03	3.70E-03	5.44E-03	3.51E-04
EXO1_boot.12	1.03E-03	9.55E-04	1.15E-02	3.66E-03	8.16E-03	7.12E-04
EXO1_boot.13	7.98E-04	4.92E-04	7.79E-03	3.31E-03	5.91E-03	1.62E-03
EXO1_boot.14	8.35E-04	5.36E-04	8.91E-03	3.99E-03	7.56E-03	2.68E-03
EXO1_boot.15	8.09E-04	2.37E-04	1.21E-02	4.30E-03	9.54E-03	1.25E-03
EXO1_boot.16	7.82E-04	4.60E-04	8.88E-03	4.13E-03	7.43E-03	2.98E-03
EXO1_boot.17	9.46E-04	6.91E-04	1.04E-02	3.55E-03	7.23E-03	1.92E-03
EXO1_boot.18	7.89E-04	1.61E-157	8.47E-03	4.07E-03	9.55E-03	7.04E-03
EXO1_boot.19	5.67E-04	5.96E-04	4.87E-03	2.62E-03	4.47E-03	2.44E-03
EXO1_boot.20	1.03E-03	8.96E-04	1.01E-02	3.05E-03	7.81E-03	7.21E-06
EXO1_boot.21	4.33E-04	3.24E-04	4.27E-03	3.68E-03	5.42E-03	5.28E-03
EXO1_boot.22	1.11E-03	7.81E-04	1.05E-02	3.55E-03	8.30E-03	1.55E-03
EXO1_boot.23	4.60E-04	2.78E-04	6.20E-03	3.78E-03	5.18E-03	2.66E-03
EXO1_boot.24	8.60E-04	6.87E-04	1.04E-02	3.97E-03	6.87E-03	1.80E-03
EXO1_boot.25	5.22E-04	5.02E-04	7.36E-03	3.86E-03	5.75E-03	1.85E-03
EXO1_boot.26	5.04E-04	4.90E-04	4.01E-03	3.10E-03	5.39E-03	4.70E-03
EXO1_boot.27	1.17E-03	5.88E-04	9.21E-03	3.59E-03	8.91E-03	4.14E-03
EXO1_boot.28	7.68E-04	6.38E-04	9.25E-03	3.54E-03	6.02E-03	9.93E-04
EXO1_boot.29	7.98E-04	4.49E-04	8.25E-03	3.31E-03	6.27E-03	1.94E-03
EXO1_boot.30	6.95E-04	3.99E-04	6.52E-03	3.12E-03	5.67E-03	1.79E-03
EXO1_boot.31	6.58E-04	4.74E-04	8.28E-03	3.74E-03	5.84E-03	1.39E-03
EXO1_boot.32	5.33E-04	4.50E-04	6.31E-03	3.59E-03	5.60E-03	2.74E-03
EXO1_boot.33	4.80E-04	0.00E+00	6.29E-03	3.97E-03	7.20E-03	4.62E-03
EXO1_boot.34	6.31E-04	5.82E-04	8.71E-03	4.10E-03	6.17E-03	1.26E-03
EXO1_boot.35	5.73E-04	7.64E-04	6.38E-03	2.87E-03	4.35E-03	1.89E-03
EXO1_boot.36	1.10E-03	6.30E-04	1.05E-02	4.03E-03	8.96E-03	3.64E-03
EXO1_boot.37	7.02E-04	3.99E-04	7.24E-03	3.71E-03	7.18E-03	3.84E-03
EXO1_boot.38	5.46E-04	4.41E-04	6.46E-03	4.24E-03	6.73E-03	4.88E-03
EXO1_boot.39	9.02E-04	5.83E-04	9.33E-03	3.57E-03	7.02E-03	1.85E-03
EXO1_boot.40	8.52E-04	6.83E-04	8.76E-03	3.69E-03	7.19E-03	1.73E-03
EXO1_boot.41	6.82E-04	4.51E-04	7.63E-03	3.76E-03	6.47E-03	2.21E-03
EXO1_boot.42	6.03E-04	2.95E-04	6.28E-03	3.66E-03	5.97E-03	3.29E-03
EXO1_boot.43	6.10E-04	1.44E-04	1.21E-03	2.83E-03	1.78E-03	3.99E-03
EXO1_boot.44	5.53E-04	8.69E-05	3.33E-03	3.43E-03	4.32E-03	6.02E-03
EXO1_boot.45	6.31E-04	3.38E-05	2.33E-03	2.73E-03	4.25E-03	7.16E-03
EXO1_boot.46	9.32E-04	2.32E-04	1.50E-03	2.73E-03	3.22E-03	6.98E-03
EXO1_boot.47	5.67E-04	0.00E+00	2.22E-03	3.23E-03	3.33E-03	4.93E-03
EXO1_boot.48	6.65E-04	1.27E-04	1.19E-03	2.71E-03	5.01E-04	2.72E-03
EXO1_boot.49	5.58E-04	1.56E-04	3.47E-03	3.92E-03	2.62E-03	3.60E-03
EXO1_boot.50	8.12E-04	1.12E-04	1.06E-03	3.13E-03	1.86E-03	4.55E-03
EXO1_boot.51	4.41E-04	1.83E-04	3.59E-03	3.19E-03	4.40E-03	4.31E-03
EXO1_boot.52	4.92E-04	1.67E-04	2.34E-03	3.09E-03	2.67E-03	3.99E-03
EXO1_boot.53	6.76E-04	2.36E-04	1.04E-03	3.10E-03	2.00E-03	4.99E-03
EXO1_boot.54	4.32E-04	3.00E-04	4.26E-03	3.55E-03	4.02E-03	3.51E-03
EXO1_boot.55	1.13E-03	3.31E-04	2.50E-03	3.24E-03	2.26E-03	5.66E-03
EXO1_boot.56	8.62E-04	3.17E-24	9.54E-04	2.95E-03	2.29E-03	4.92E-03
EXO1_boot.57	7.12E-04	5.09E-05	3.30E-03	3.11E-03	4.25E-03	7.83E-03
EXO1_boot.58	1.03E-03	1.01E-04	2.34E-03	3.31E-03	3.44E-03	6.96E-03
EXO1_boot.59	1.00E-03	2.36E-04	2.43E-03	2.63E-03	3.67E-03	7.57E-03
EXO1_boot.60	7.76E-04	1.84E-04	7.71E-04	2.81E-03	2.40E-03	5.31E-03
EXO1_boot.61	3.70E-04	1.64E-04	4.66E-03	3.34E-03	3.81E-03	2.21E-03
EXO1_boot.62	5.02E-04	3.58E-04	2.10E-03	2.87E-03	1.97E-03	4.01E-03
EXO1_boot.63	7.34E-04	1.07E-04	2.15E-03	3.20E-03	3.65E-03	6.99E-03
EXO1_boot.64	4.68E-04	1.44E-04	3.31E-03	3.39E-03	3.63E-03	4.37E-03
EXO1_boot.65	6.66E-04	1.09E-68	2.07E-03	3.06E-03	4.70E-03	7.06E-03
EXO1_boot.66	6.97E-04	1.00E-04	2.82E-03	3.00E-03	4.09E-03	7.45E-03
EXO1_boot.67	6.81E-04	0.00E+00	2.43E-03	3.45E-03	3.92E-03	6.07E-03
EXO1_boot.68	9.87E-04	2.18E-04	3.69E-03	3.36E-03	3.62E-03	7.80E-03
EXO1_boot.69	8.33E-04	8.63E-05	2.62E-03	2.54E-03	3.83E-03	7.98E-03
EXO1_boot.70	9.52E-04	1.87E-04	4.98E-03	2.91E-03	4.66E-03	9.55E-03
EXO1_boot.71	8.28E-04	1.78E-04	1.88E-03	3.01E-03	3.25E-03	7.02E-03
EXO1_boot.72	4.82E-04	2.29E-04	2.65E-03	2.95E-03	4.43E-03	5.55E-03
EXO1_boot.73	3.88E-04	3.72E-04	4.22E-03	3.34E-03	2.95E-03	2.59E-03
EXO1_boot.74	7.64E-04	1.91E-04	5.06E-04	2.94E-03	2.42E-03	5.52E-03
EXO1_boot.75	1.03E-03	0.00E+00	3.02E-03	3.03E-03	3.31E-03	7.05E-03
EXO1_boot.76	9.40E-04	2.45E-04	3.72E-03	3.24E-03	3.49E-03	7.19E-03
EXO1_boot.77	5.48E-04	1.29E-88	3.61E-03	3.17E-03	2.60E-03	3.64E-03
EXO1_boot.78	1.26E-03	1.39E-04	4.15E-03	2.63E-03	4.62E-03	8.90E-03
EXO1_boot.79	4.00E-04	3.70E-04	4.29E-03	3.08E-03	3.71E-03	2.71E-03
EXO1_boot.80	5.46E-04	2.98E-04	2.36E-03	2.81E-03	5.15E-03	8.29E-03
EXO1_boot.81	8.29E-04	1.09E-04	2.10E-03	2.96E-03	3.40E-03	7.08E-03
EXO1_boot.82	6.83E-04	1.35E-04	1.18E-03	3.08E-03	2.12E-03	4.72E-03
EXO1_boot.83	6.16E-04	2.86E-11	2.05E-03	3.14E-03	2.75E-03	4.81E-03
EXO1_boot.84	8.27E-04	1.69E-04	2.94E-03	2.57E-03	2.96E-03	6.78E-03
EXO1_boot.85	4.18E-04	7.77E-05	3.03E-03	3.10E-03	3.87E-03	4.48E-03
EXO1_real	7.73E-04	5.32E-04	7.92E-03	3.57E-03	6.71E-03	2.09E-03
EXO1_real.1	6.48E-04	9.58E-05	1.82E-03	3.02E-03	3.11E-03	5.73E-03
RNF168_boot	2.04E-03	7.12E-04	1.40E-02	4.30E-03	1.57E-02	1.10E-02
RNF168_boot.1	9.96E-04	0.00E+00	1.26E-02	4.02E-03	1.06E-02	4.04E-03
RNF168_boot.2	1.55E-03	1.38E-03	1.58E-02	3.88E-03	1.40E-02	1.73E-03
RNF168_boot.3	1.17E-03	0.00E+00	1.64E-02	5.49E-03	1.52E-02	4.57E-03
RNF168_boot.4	2.03E-03	4.36E-04	1.38E-02	3.91E-03	1.60E-02	1.08E-02
RNF168_boot.5	1.20E-03	1.94E-04	7.97E-03	2.26E-03	7.35E-03	3.99E-03
RNF168_boot.6	1.36E-03	1.52E-03	1.69E-02	3.43E-03	1.06E-02	4.14E-03
RNF168_boot.7	1.63E-03	1.25E-03	1.39E-02	1.48E-03	7.75E-03	7.89E-03
RNF168_boot.8	1.82E-03	1.97E-03	1.81E-02	3.57E-03	1.29E-02	1.91E-03
RNF168_boot.9	7.04E-04	0.00E+00	1.53E-02	4.68E-03	1.09E-02	2.47E-03
RNF168_boot.10	6.07E-04	0.00E+00	8.24E-03	4.77E-03	9.49E-03	1.07E-02
RNF168_boot.11	1.13E-03	8.62E-111	1.14E-02	2.24E-03	6.36E-03	5.61E-03
RNF168_boot.12	2.61E-03	2.63E-03	2.15E-02	2.75E-03	1.82E-02	2.79E-06
RNF168_boot.13	1.30E-03	1.13E-03	1.30E-02	2.76E-03	7.18E-03	4.97E-03
RNF168_boot.14	1.99E-03	1.88E-03	1.62E-02	2.86E-03	1.20E-02	1.46E-03
RNF168_boot.15	4.99E-04	0.00E+00	1.66E-02	5.71E-03	1.09E-02	1.58E-03
RNF168_boot.16	1.39E-03	0.00E+00	1.83E-02	4.06E-03	1.75E-02	2.83E-03
RNF168_boot.17	1.34E-03	0.00E+00	1.80E-02	4.44E-03	1.75E-02	3.44E-03
RNF168_boot.18	1.70E-03	1.74E-03	1.74E-02	2.95E-03	1.25E-02	2.53E-03
RNF168_boot.19	1.29E-03	1.62E-05	1.86E-02	4.09E-03	1.43E-02	1.17E-03
RNF168_boot.20	1.08E-03	0.00E+00	1.53E-02	3.98E-03	1.18E-02	3.97E-04
RNF168_boot.21	1.26E-03	2.77E-04	1.18E-02	3.76E-03	1.00E-02	6.38E-03
RNF168_boot.22	2.26E-03	1.66E-03	2.11E-02	3.36E-03	1.75E-02	5.62E-91
RNF168_boot.23	1.39E-03	0.00E+00	1.16E-02	4.07E-03	1.23E-02	8.79E-03
RNF168_boot.24	1.41E-03	2.06E-03	2.00E-02	4.81E-03	1.55E-02	2.91E-29
RNF168_boot.25	1.36E-03	0.00E+00	1.87E-02	4.67E-03	1.83E-02	3.15E-03
RNF168_boot.26	1.53E-03	0.00E+00	1.40E-02	3.58E-03	1.33E-02	6.20E-03
RNF168_boot.27	4.70E-04	3.73E-09	8.59E-03	4.12E-03	5.16E-03	3.05E-03
RNF168_boot.28	1.06E-03	0.00E+00	4.89E-03	3.16E-03	2.18E-03	7.73E-03
RNF168_boot.29	5.63E-04	1.35E-04	8.60E-03	5.16E-03	9.61E-03	8.40E-03
RNF168_boot.30	6.86E-04	1.48E-04	7.71E-03	4.32E-03	7.59E-03	6.32E-03
RNF168_boot.31	9.37E-04	7.95E-04	1.21E-02	3.28E-03	7.34E-03	3.30E-03
RNF168_boot.32	1.74E-03	1.45E-03	1.55E-02	3.55E-03	1.36E-02	1.00E-03
RNF168_boot.33	2.43E-03	2.37E-03	1.77E-02	2.57E-03	1.47E-02	4.47E-08
RNF168_boot.34	1.60E-03	3.30E-04	1.35E-02	4.00E-03	1.37E-02	1.02E-02
RNF168_boot.35	1.25E-03	2.89E-04	1.05E-02	3.62E-03	9.48E-03	5.62E-03
RNF168_boot.36	8.84E-04	7.37E-136	9.10E-03	4.43E-03	1.10E-02	1.14E-02
RNF168_boot.37	1.51E-03	7.89E-04	1.39E-02	4.15E-03	1.36E-02	4.94E-03
RNF168_boot.38	3.36E-04	2.59E-04	4.05E-03	2.47E-03	2.02E-03	2.09E-03
RNF168_boot.39	1.73E-03	0.00E+00	1.72E-02	4.30E-03	1.82E-02	6.87E-03
RNF168_boot.40	1.97E-03	1.57E-03	1.80E-02	2.12E-03	1.40E-02	4.39E-03
RNF168_boot.41	2.62E-03	9.61E-04	1.85E-02	2.01E-03	1.62E-02	6.32E-38
RNF168_boot.42	5.78E-04	3.66E-04	1.01E-02	3.54E-03	5.72E-03	4.70E-03
RNF168_boot.43	9.72E-04	5.64E-04	1.12E-02	2.97E-03	6.76E-03	4.91E-03
RNF168_boot.44	1.45E-03	5.22E-04	1.30E-02	4.04E-03	1.12E-02	5.99E-03
RNF168_boot.45	8.99E-04	4.23E-04	8.84E-03	4.27E-03	9.90E-03	9.26E-03
RNF168_boot.46	1.77E-03	4.72E-04	1.25E-02	3.25E-03	1.35E-02	8.25E-03
RNF168_boot.47	1.01E-03	2.43E-04	2.29E-02	6.22E-03	1.79E-02	3.70E-31
RNF168_boot.48	2.00E-03	1.82E-03	1.69E-02	2.07E-03	1.28E-02	2.13E-03
RNF168_boot.49	1.42E-03	8.54E-04	1.36E-02	5.35E-03	1.24E-02	7.16E-03
RNF168_boot.50	1.20E-03	2.45E-111	2.11E-02	5.51E-03	1.91E-02	2.45E-03
RNF168_boot.51	9.41E-04	0.00E+00	9.66E-03	4.03E-03	9.63E-03	4.86E-03
RNF168_boot.52	6.16E-04	1.00E-04	6.64E-03	4.14E-03	7.33E-03	6.34E-03
RNF168_boot.53	1.41E-03	4.44E-05	1.17E-02	4.36E-03	1.17E-02	7.87E-03
RNF168_boot.54	5.48E-04	9.67E-04	9.81E-03	4.62E-03	8.85E-03	1.38E-02
RNF168_boot.55	6.56E-04	2.98E-04	5.84E-03	2.41E-03	7.18E-03	8.78E-03
RNF168_boot.56	1.31E-03	0.00E+00	5.30E-03	1.94E-03	4.94E-03	8.89E-03
RNF168_boot.57	7.85E-04	2.84E-04	4.82E-03	1.04E-03	3.36E-03	6.92E-03
RNF168_boot.58	6.50E-04	0.00E+00	5.88E-03	2.57E-03	7.40E-03	1.08E-02
RNF168_boot.59	1.29E-03	3.73E-04	7.17E-03	2.16E-03	7.47E-03	3.72E-03
RNF168_boot.60	4.77E-04	4.25E-04	4.25E-03	1.66E-03	1.34E-03	2.44E-03
RNF168_boot.61	2.12E-03	1.30E-03	7.11E-03	3.55E-04	4.75E-03	2.47E-03
RNF168_boot.62	1.43E-03	7.57E-04	6.65E-03	1.63E-03	9.22E-03	5.71E-03
RNF168_boot.63	7.87E-04	4.56E-04	5.61E-03	1.57E-03	3.76E-03	8.57E-03
RNF168_boot.64	6.47E-04	3.43E-04	1.77E-03	1.98E-03	1.74E-03	4.54E-03
RNF168_boot.65	6.33E-04	4.72E-04	5.75E-03	1.53E-03	2.47E-03	8.34E-03
RNF168_boot.66	6.50E-04	1.55E-04	4.45E-03	2.41E-03	4.58E-03	3.46E-03
RNF168_boot.67	5.02E-04	3.79E-04	2.02E-03	2.34E-03	2.79E-03	5.68E-03
RNF168_boot.68	5.36E-04	1.72E-04	4.12E-03	3.05E-03	6.34E-03	7.61E-03
RNF168_boot.69	6.54E-04	7.49E-04	8.84E-03	2.01E-03	5.85E-03	1.33E-02
RNF168_boot.70	8.90E-04	5.32E-04	5.60E-03	2.77E-03	5.98E-03	3.32E-03
RNF168_boot.71	4.47E-04	5.43E-04	5.85E-04	1.32E-03	2.68E-03	5.31E-03
RNF168_boot.72	7.59E-04	0.00E+00	1.08E-02	1.23E-03	2.83E-03	1.07E-02
RNF168_boot.73	5.19E-04	2.44E-04	2.98E-03	1.85E-03	3.53E-03	2.46E-03
RNF168_boot.74	8.97E-04	1.82E-03	1.21E-02	2.72E-03	9.90E-05	1.28E-02
RNF168_boot.75	6.39E-04	2.04E-04	4.83E-03	2.97E-03	5.32E-03	1.00E-02
RNF168_boot.76	7.57E-04	5.91E-04	1.78E-03	2.12E-03	3.70E-03	8.39E-03
RNF168_boot.77	6.13E-04	0.00E+00	8.12E-03	2.39E-03	1.90E-03	9.99E-03
RNF168_boot.78	8.90E-04	3.62E-04	9.00E-03	2.52E-03	6.67E-03	2.60E-03
RNF168_boot.79	5.72E-04	4.62E-04	6.76E-03	2.00E-03	5.49E-03	1.08E-02
RNF168_boot.80	8.62E-04	0.00E+00	4.59E-03	1.98E-03	4.53E-03	9.32E-03
RNF168_boot.81	7.93E-04	1.37E-03	1.05E-02	8.72E-04	1.06E-03	1.06E-02
RNF168_boot.82	7.22E-04	1.01E-130	1.34E-02	6.53E-04	2.62E-03	1.31E-02
RNF168_boot.83	7.73E-04	0.00E+00	5.25E-03	2.30E-03	4.86E-03	9.45E-03
RNF168_boot.84	7.72E-04	0.00E+00	7.08E-03	2.07E-03	5.15E-03	7.66E-04
RNF168_boot.85	1.16E-03	3.53E-04	3.77E-03	1.94E-03	4.71E-03	8.40E-03
RNF168_boot.86	6.96E-04	2.81E-04	1.05E-02	1.75E-03	2.98E-03	1.34E-02
RNF168_boot.87	4.57E-04	1.80E-04	1.60E-03	1.38E-03	2.15E-03	4.53E-03
RNF168_boot.88	7.37E-04	2.17E-04	4.63E-03	1.62E-03	3.09E-03	7.55E-03
RNF168_boot.89	1.39E-03	4.51E-04	2.78E-03	1.33E-03	4.41E-03	7.70E-03
RNF168_boot.90	5.61E-04	1.69E-04	1.08E-03	1.24E-03	3.68E-03	4.38E-03
RNF168_boot.91	1.86E-03	6.72E-04	1.07E-02	2.27E-03	6.90E-03	1.28E-02
RNF168_boot.92	9.93E-04	5.09E-04	1.00E-02	2.94E-03	7.63E-03	4.91E-03
RNF168_boot.93	6.82E-04	1.94E-04	6.87E-03	2.91E-03	9.09E-03	1.26E-02
RNF168_boot.94	7.26E-04	0.00E+00	6.75E-03	3.29E-03	3.13E-03	9.54E-03
RNF168_boot.95	6.83E-04	1.27E-04	7.17E-03	3.60E-03	1.03E-02	1.20E-02
RNF168_boot.96	1.35E-03	9.66E-04	7.96E-03	1.18E-03	6.95E-03	1.55E-03
RNF168_boot.97	5.82E-04	2.23E-03	1.61E-02	1.58E-03	1.53E-146	1.63E-02
RNF168_boot.98	7.78E-04	1.29E-03	1.11E-02	9.95E-04	1.36E-03	1.14E-02
RNF168_boot.99	8.77E-04	3.40E-04	6.05E-03	1.14E-03	3.85E-03	9.13E-03
RNF168_boot.100	5.13E-04	3.49E-04	3.12E-03	1.86E-03	4.05E-03	2.97E-03
RNF168_boot.101	4.84E-04	7.02E-04	7.51E-03	3.55E-03	3.98E-03	9.75E-03
RNF168_boot.102	9.46E-04	3.71E-04	5.06E-03	1.89E-03	6.95E-03	4.37E-03
RNF168_boot.103	8.86E-04	4.96E-04	5.31E-03	1.30E-03	3.41E-03	4.89E-03
RNF168_boot.104	5.78E-04	3.93E-04	1.53E-03	1.29E-03	2.29E-03	5.49E-03
RNF168_boot.105	5.96E-04	9.17E-04	7.52E-03	1.37E-03	3.22E-03	9.69E-03
RNF168_boot.106	1.12E-03	1.38E-03	1.19E-02	1.67E-03	2.27E-03	1.18E-02
RNF168_boot.107	4.59E-04	3.47E-04	1.19E-03	1.82E-03	3.61E-03	5.28E-03
RNF168_boot.108	4.81E-04	3.82E-04	1.06E-03	1.13E-03	2.38E-03	5.11E-03
RNF168_boot.109	6.16E-04	1.14E-04	4.34E-03	1.94E-03	6.24E-03	9.64E-03
RNF168_boot.110	5.07E-04	2.67E-04	4.87E-03	1.73E-03	3.41E-03	3.49E-03
RNF168_boot.111	8.59E-04	2.43E-04	6.99E-03	1.93E-03	7.56E-03	1.35E-02
RNF168_boot.112	4.82E-04	4.48E-04	1.84E-03	2.38E-03	3.92E-03	6.85E-03
RNF168_boot.113	4.96E-04	7.91E-04	6.06E-03	8.40E-04	2.03E-03	3.64E-03
RNF168_boot.114	1.05E-03	8.44E-04	9.49E-03	8.73E-04	3.86E-03	1.08E-02
RNF168_boot.115	8.55E-04	4.13E-04	5.95E-03	1.41E-03	3.39E-03	7.65E-03
RNF168_boot.116	5.78E-04	6.46E-04	1.63E-03	1.41E-03	3.48E-03	4.11E-03
RNF168_boot.117	7.13E-04	2.96E-04	3.64E-03	2.37E-03	3.24E-03	7.08E-03
RNF168_boot.118	5.19E-04	1.94E-04	2.92E-03	2.55E-03	3.27E-03	5.49E-03
RNF168_boot.119	6.63E-04	1.00E-03	8.61E-03	1.88E-03	2.20E-03	1.06E-02
RNF168_boot.120	1.03E-03	1.07E-03	1.05E-02	1.87E-03	1.95E-03	1.09E-02
RNF168_boot.121	7.40E-04	3.37E-04	5.63E-03	1.90E-03	2.74E-03	8.27E-03
RNF168_boot.122	8.37E-04	5.82E-04	7.83E-03	1.56E-03	3.95E-03	3.97E-03
RNF168_boot.123	1.65E-03	9.02E-04	9.55E-03	1.24E-03	8.80E-03	2.44E-03
RNF168_boot.124	5.38E-04	2.77E-04	3.13E-03	1.93E-03	4.07E-03	3.90E-03
RNF168_boot.125	8.57E-04	1.50E-03	1.27E-02	2.57E-03	1.21E-03	1.35E-02
RNF168_boot.126	6.58E-04	0.00E+00	7.87E-03	1.54E-03	1.36E-03	9.47E-03
RNF168_boot.127	1.15E-03	6.80E-04	2.50E-03	1.59E-03	5.26E-03	6.12E-03
RNF168_boot.128	9.26E-04	1.59E-04	6.27E-03	2.67E-03	6.94E-03	5.51E-03
RNF168_boot.129	9.93E-04	2.96E-04	6.03E-03	1.43E-03	4.68E-03	9.42E-03
RNF168_boot.130	6.77E-04	0.00E+00	1.32E-03	1.82E-03	1.13E-03	4.16E-03
RNF168_boot.131	1.14E-03	4.81E-26	6.31E-03	2.23E-03	1.01E-02	1.00E-02
RNF168_boot.132	1.09E-03	3.97E-04	6.91E-03	2.32E-03	5.79E-03	3.76E-03
RNF168_boot.133	7.74E-04	6.80E-04	7.36E-03	2.54E-03	3.83E-03	2.11E-03
RNF168_boot.134	1.01E-03	0.00E+00	3.96E-03	2.44E-03	3.36E-03	7.57E-03
RNF168_boot.135	7.86E-04	0.00E+00	7.94E-03	2.68E-03	3.15E-03	1.07E-02
RNF168_boot.136	9.88E-04	4.32E-04	3.99E-03	1.70E-03	3.06E-03	4.95E-03
RNF168_boot.137	7.46E-04	0.00E+00	2.49E-03	1.99E-03	1.53E-03	4.40E-03
RNF168_boot.138	8.08E-04	5.39E-30	7.74E-03	2.56E-03	1.92E-03	8.64E-03
RNF168_boot.139	5.45E-04	9.25E-115	1.88E-03	1.89E-03	2.27E-03	2.59E-03
RNF168_boot.140	7.89E-04	3.99E-04	5.84E-03	1.58E-03	3.11E-03	8.61E-03
RNF168_boot.141	1.30E-03	0.00E+00	8.29E-03	1.29E-03	7.14E-03	2.32E-03
RNF168_boot.142	4.66E-04	4.92E-04	3.51E-03	1.33E-03	1.98E-03	1.63E-03
RNF168_boot.143	1.06E-03	1.04E-04	5.52E-03	2.07E-03	6.49E-03	5.70E-03
RNF168_boot.144	8.98E-04	5.60E-04	6.53E-03	1.85E-03	5.67E-03	2.22E-03
RNF168_boot.145	5.06E-04	1.56E-03	1.14E-02	3.37E-03	3.66E-03	1.26E-02
RNF168_boot.146	5.24E-04	1.04E-03	7.87E-03	1.06E-03	3.79E-04	8.74E-03
RNF168_boot.147	6.08E-04	0.00E+00	4.07E-03	2.95E-03	6.02E-03	7.62E-03
RNF168_boot.148	1.24E-03	4.82E-04	6.86E-03	9.97E-04	5.77E-03	9.67E-03
RNF168_boot.149	7.15E-04	5.43E-04	8.89E-03	1.60E-03	3.80E-03	1.27E-02
RNF168_boot.150	7.66E-04	6.95E-04	7.85E-03	1.28E-03	3.04E-03	1.05E-02
RNF168_boot.151	4.38E-04	3.03E-39	4.85E-03	2.44E-03	4.18E-03	1.79E-03
RNF168_boot.152	7.85E-04	3.20E-04	5.66E-03	2.22E-03	5.40E-03	2.20E-03
RNF168_boot.153	9.27E-04	3.88E-04	7.05E-03	1.90E-03	4.83E-03	1.08E-02
RNF168_boot.154	6.43E-04	2.10E-04	4.80E-03	3.82E-03	5.68E-03	8.37E-03
RNF168_boot.155	6.39E-04	8.99E-05	2.77E-03	3.62E-03	4.07E-03	7.13E-03
RNF168_boot.156	6.48E-04	1.44E-04	2.11E-03	2.69E-03	3.01E-03	6.46E-03
RNF168_boot.157	4.19E-04	1.74E-04	3.74E-03	3.65E-03	3.36E-03	3.38E-03
RNF168_boot.158	5.83E-04	4.28E-04	6.22E-03	4.17E-03	6.96E-03	5.25E-03
RNF168_boot.159	5.35E-04	1.71E-04	1.58E-03	2.94E-03	1.72E-03	3.90E-03
RNF168_boot.160	6.65E-04	5.83E-04	9.08E-03	3.43E-03	5.40E-03	2.60E-03
RNF168_boot.161	4.48E-04	1.88E-04	2.96E-03	2.85E-03	3.99E-03	3.87E-03
RNF168_boot.162	5.77E-04	3.07E-120	2.37E-03	3.46E-03	3.00E-03	5.12E-03
RNF168_boot.163	4.95E-04	9.10E-05	5.56E-03	3.95E-03	7.20E-03	8.30E-03
RNF168_boot.164	1.02E-03	5.60E-04	8.86E-03	3.63E-03	7.87E-03	2.69E-03
RNF168_boot.165	3.94E-04	3.29E-04	4.84E-03	3.51E-03	4.80E-03	3.69E-03
RNF168_boot.166	6.19E-04	4.73E-05	4.73E-03	3.44E-03	6.19E-03	1.02E-02
RNF168_boot.167	3.86E-04	3.22E-04	4.45E-03	3.95E-03	4.39E-03	4.33E-03
RNF168_boot.168	7.88E-04	2.90E-04	7.82E-03	4.24E-03	8.47E-03	5.88E-03
RNF168_boot.169	4.07E-04	4.01E-04	5.07E-03	3.98E-03	4.15E-03	3.26E-03
RNF168_boot.170	3.97E-04	2.99E-04	3.78E-03	3.63E-03	3.71E-03	3.79E-03
RNF168_boot.171	4.67E-04	3.82E-04	3.27E-03	3.55E-03	1.20E-03	3.40E-03
RNF168_boot.172	7.23E-04	8.27E-05	4.08E-03	3.59E-03	6.26E-03	1.10E-02
RNF168_boot.173	3.49E-04	6.27E-04	6.24E-03	2.54E-03	2.08E-03	3.02E-03
RNF168_boot.174	1.42E-03	2.32E-04	4.93E-03	3.78E-03	4.98E-03	1.01E-02
RNF168_boot.175	5.36E-04	3.61E-146	3.61E-03	3.51E-03	3.00E-03	3.89E-03
RNF168_boot.176	7.71E-04	1.60E-04	9.22E-03	4.54E-03	8.71E-03	5.68E-03
RNF168_boot.177	4.50E-04	1.78E-04	4.53E-03	3.86E-03	4.55E-03	4.98E-03
RNF168_boot.178	3.37E-04	1.49E-04	6.13E-03	3.95E-03	4.16E-03	1.81E-03
RNF168_boot.179	6.35E-04	8.97E-05	1.74E-03	3.33E-03	1.33E-03	3.47E-03
RNF168_boot.180	6.46E-04	3.70E-04	9.64E-03	3.81E-03	6.10E-03	3.24E-03
RNF168_boot.181	5.17E-04	1.27E-04	2.40E-03	3.53E-03	1.68E-03	3.42E-03
RNF168_boot.182	4.91E-04	2.47E-04	4.78E-03	4.45E-03	6.25E-03	7.45E-03
RNF168_boot.183	7.67E-04	3.24E-04	5.88E-04	2.93E-03	2.80E-03	6.87E-03
RNF168_boot.184	5.72E-04	1.22E-04	3.15E-03	3.48E-03	5.43E-03	7.24E-03
RNF168_boot.185	4.43E-04	3.07E-04	2.41E-03	3.01E-03	3.02E-03	4.17E-03
RNF168_boot.186	6.06E-04	3.19E-04	6.33E-03	3.95E-03	7.23E-03	5.28E-03
RNF168_boot.187	6.31E-04	3.42E-04	5.87E-03	4.09E-03	5.95E-03	9.37E-03
RNF168_boot.188	4.79E-04	1.29E-04	4.23E-03	3.76E-03	4.34E-03	4.33E-03
RNF168_boot.189	7.43E-04	4.73E-04	8.46E-03	3.81E-03	6.08E-03	1.31E-03
RNF168_boot.190	3.84E-04	2.80E-04	4.56E-03	3.86E-03	4.46E-03	3.83E-03
RNF168_boot.191	5.65E-04	4.79E-05	4.31E-03	3.74E-03	5.62E-03	8.45E-03
RNF168_boot.192	4.49E-04	6.90E-05	4.74E-03	3.57E-03	5.40E-03	5.21E-03
RNF168_boot.193	5.11E-04	1.80E-04	2.22E-03	3.29E-03	2.22E-03	3.92E-03
RNF168_boot.194	8.43E-04	1.30E-04	2.50E-03	3.86E-03	3.10E-03	6.09E-03
RNF168_boot.195	4.15E-04	2.93E-04	4.66E-03	3.83E-03	5.46E-03	5.03E-03
RNF168_boot.196	6.88E-04	3.54E-04	2.96E-03	4.13E-03	4.33E-03	7.23E-03
RNF168_boot.197	5.82E-04	1.03E-04	2.67E-03	3.37E-03	4.13E-03	7.11E-03
RNF168_boot.198	5.31E-04	7.97E-05	5.04E-03	3.77E-03	6.32E-03	8.57E-03
RNF168_boot.199	4.59E-04	2.04E-04	5.48E-03	4.45E-03	5.88E-03	5.57E-03
RNF168_boot.200	5.03E-04	2.55E-04	3.21E-03	3.70E-03	4.76E-03	6.26E-03
RNF168_boot.201	3.76E-04	3.61E-04	5.20E-03	3.32E-03	3.28E-03	1.41E-03
RNF168_boot.202	7.01E-04	9.94E-05	3.02E-03	3.21E-03	4.04E-03	8.03E-03
RNF168_boot.203	6.04E-04	1.14E-04	1.98E-03	3.25E-03	2.17E-03	4.74E-03
RNF168_boot.204	7.05E-04	1.38E-04	7.86E-03	4.44E-03	7.90E-03	6.04E-03
RNF168_boot.205	8.78E-04	2.94E-04	4.43E-03	3.63E-03	4.54E-03	8.72E-03
RNF168_boot.206	5.38E-04	2.65E-04	3.44E-03	3.92E-03	4.42E-03	5.81E-03
RNF168_boot.207	4.60E-04	1.30E-04	2.73E-03	3.19E-03	1.42E-03	2.01E-03
RNF168_boot.208	4.69E-04	3.67E-04	3.68E-03	4.07E-03	5.74E-03	7.70E-03
RNF168_real	1.51E-03	9.44E-04	1.42E-02	3.87E-03	1.21E-02	3.52E-03
RNF168_real.1	5.22E-04	1.87E-04	2.44E-03	1.92E-03	4.20E-03	6.72E-03
RNF168_real.2	4.53E-04	1.91E-04	3.25E-03	3.54E-03	4.10E-03	4.96E-03
MLH1_boot	2.16E-04	6.49E-04	1.48E-03	1.66E-03	1.72E-03	2.98E-03
MLH1_boot.1	6.10E-04	7.78E-04	1.89E-09	1.64E-03	2.70E-03	4.36E-03
MLH1_boot.2	4.60E-04	8.08E-04	1.03E-03	6.38E-04	2.69E-03	4.05E-03
MLH1_boot.3	0.00E+00	8.49E-04	0.00E+00	1.08E-03	2.47E-03	3.66E-03
MLH1_boot.4	0.00E+00	7.67E-04	1.29E-03	2.09E-03	2.06E-03	3.07E-03
MLH1_boot.5	1.48E-04	7.70E-04	7.75E-04	1.29E-03	2.61E-03	4.11E-03
MLH1_boot.6	3.02E-98	9.31E-04	0.00E+00	5.36E-04	2.16E-03	2.60E-03
MLH1_boot.7	1.52E-04	7.38E-04	3.30E-04	8.63E-04	1.85E-03	2.82E-03
MLH1_boot.8	0.00E+00	6.63E-04	2.87E-04	1.14E-03	2.57E-03	2.27E-03
MLH1_boot.9	2.24E-04	6.89E-04	6.70E-04	1.27E-03	2.12E-03	3.21E-03
MLH1_boot.10	1.39E-04	5.91E-04	1.02E-03	1.42E-03	1.27E-03	2.29E-03
MLH1_boot.11	2.67E-14	7.53E-04	5.08E-04	1.47E-03	2.40E-03	3.78E-03
MLH1_boot.12	0.00E+00	6.11E-04	8.48E-04	1.71E-03	1.09E-03	1.65E-03
MLH1_boot.13	4.54E-04	7.42E-04	1.71E-124	8.20E-04	2.41E-03	2.36E-03
MLH1_boot.14	3.09E-04	1.09E-03	0.00E+00	5.89E-04	2.68E-03	4.09E-03
MLH1_boot.15	5.77E-135	7.81E-04	1.80E-85	1.02E-03	1.97E-03	2.73E-03
MLH1_boot.16	3.72E-04	6.71E-04	3.32E-03	1.55E-03	1.17E-03	5.43E-04
MLH1_boot.17	1.07E-04	5.17E-04	3.26E-03	2.11E-03	3.68E-04	9.51E-04
MLH1_boot.18	3.41E-05	4.62E-04	3.12E-03	1.62E-03	4.82E-04	3.56E-03
MLH1_boot.19	1.41E-04	4.84E-04	2.26E-03	1.80E-03	1.99E-03	2.54E-03
MLH1_boot.20	4.08E-05	4.20E-04	2.78E-03	1.84E-03	1.15E-03	2.85E-03
MLH1_boot.21	1.04E-04	4.57E-04	1.63E-03	1.75E-03	6.43E-04	8.48E-04
MLH1_boot.22	1.89E-05	4.91E-04	9.31E-04	1.55E-03	1.47E-03	2.32E-03
MLH1_boot.23	4.60E-04	7.16E-04	3.74E-03	1.99E-03	1.51E-03	2.04E-04
MLH1_boot.24	1.71E-04	4.73E-04	1.97E-03	2.07E-03	1.22E-03	2.10E-03
MLH1_boot.25	1.78E-04	5.50E-04	2.73E-03	2.42E-03	6.45E-04	7.72E-04
MLH1_boot.26	4.57E-04	4.29E-04	4.07E-03	1.68E-03	2.88E-03	1.67E-03
MLH1_boot.27	9.20E-05	5.16E-04	2.50E-03	2.16E-03	5.25E-04	8.56E-04
MLH1_boot.28	8.60E-05	5.24E-04	3.38E-03	1.98E-03	8.66E-04	4.48E-04
MLH1_boot.29	9.01E-05	5.25E-04	2.10E-03	2.03E-03	6.83E-04	1.45E-03
MLH1_boot.30	6.06E-05	4.97E-04	2.15E-03	1.75E-03	2.50E-04	8.83E-05
MLH1_boot.31	1.52E-04	6.12E-04	2.90E-03	1.75E-03	6.36E-04	6.39E-04
MLH1_boot.32	9.26E-05	5.57E-04	7.52E-04	1.42E-03	1.64E-03	2.53E-03
MLH1_boot.33	9.94E-05	6.21E-04	1.45E-03	1.67E-03	1.03E-03	1.93E-03
MLH1_boot.34	2.57E-04	4.49E-04	1.85E-03	2.15E-03	1.77E-03	3.09E-03
MLH1_boot.35	2.54E-04	6.33E-04	2.79E-03	1.39E-03	5.63E-04	1.42E-03
MLH1_boot.36	3.43E-04	6.68E-04	2.84E-03	1.98E-03	3.88E-04	1.03E-03
MLH1_boot.37	2.14E-04	4.72E-04	1.42E-03	1.84E-03	1.47E-03	2.31E-03
MLH1_boot.38	3.74E-70	5.42E-04	1.30E-132	1.17E-03	1.75E-03	2.11E-03
MLH1_boot.39	4.04E-04	6.82E-04	7.74E-04	1.46E-03	1.50E-03	1.90E-03
MLH1_boot.40	0.00E+00	6.62E-04	0.00E+00	1.16E-03	2.51E-03	2.43E-03
MLH1_boot.41	2.39E-04	5.95E-04	1.89E-03	2.01E-03	1.03E-03	9.46E-04
MLH1_boot.42	2.63E-04	5.61E-04	2.04E-03	2.18E-03	1.33E-03	1.61E-03
MLH1_boot.43	1.87E-04	6.40E-04	2.87E-03	2.97E-03	1.09E-03	1.16E-03
MLH1_boot.44	0.00E+00	5.65E-04	4.64E-40	1.34E-03	2.37E-03	1.68E-03
MLH1_boot.45	5.90E-133	6.34E-04	6.62E-04	9.09E-04	1.52E-03	9.42E-04
MLH1_boot.46	3.59E-120	5.94E-04	5.37E-05	1.41E-03	1.74E-03	2.57E-03
MLH1_boot.47	3.50E-04	5.79E-04	1.85E-03	2.51E-03	1.40E-03	1.59E-03
MLH1_boot.48	1.30E-04	5.69E-04	2.38E-03	2.08E-03	1.05E-03	1.00E-03
MLH1_boot.49	4.14E-04	7.08E-04	3.11E-04	1.94E-03	2.18E-03	3.22E-03
MLH1_boot.50	3.08E-04	5.76E-04	1.58E-03	2.21E-03	1.55E-03	2.02E-03
MLH1_boot.51	0.00E+00	6.42E-04	2.98E-03	2.35E-03	1.60E-03	1.64E-03
MLH1_boot.52	2.56E-04	6.47E-04	1.25E-03	1.44E-03	8.25E-04	8.81E-04
MLH1_real	6.73E-96	7.49E-04	1.58E-04	1.32E-03	2.10E-03	3.24E-03
MLH1_real.1	5.47E-05	5.44E-04	2.10E-03	1.91E-03	9.56E-04	1.14E-03
MLH1_real.2	2.62E-04	6.72E-04	1.60E-03	2.00E-03	1.51E-03	1.96E-03
MSH2_boot	0.00E+00	3.72E-04	3.67E-03	1.98E-03	3.31E-03	4.45E-03
MSH2_boot.1	0.00E+00	4.37E-04	4.36E-03	1.98E-03	3.70E-03	4.77E-03
MSH2_boot.2	0.00E+00	3.74E-04	5.28E-03	2.82E-03	4.51E-03	4.53E-03
MSH2_boot.3	6.22E-56	4.50E-04	5.38E-03	2.45E-03	3.55E-03	5.02E-03
MSH2_boot.4	2.08E-79	4.42E-04	4.52E-03	2.86E-03	1.26E-03	2.11E-03
MSH2_boot.5	1.31E-04	4.98E-04	5.06E-03	2.01E-03	3.62E-03	1.43E-03
MSH2_boot.6	1.48E-04	2.37E-04	5.77E-03	2.96E-03	3.54E-03	3.50E-03
MSH2_boot.7	3.47E-116	6.40E-04	5.75E-03	2.42E-03	3.50E-03	5.42E-04
MSH2_boot.8	0.00E+00	4.24E-04	4.06E-03	2.52E-03	1.83E-03	2.38E-03
MSH2_boot.9	0.00E+00	4.52E-04	3.86E-03	2.51E-03	1.18E-03	1.19E-03
MSH2_boot.10	0.00E+00	3.33E-04	5.67E-03	2.88E-03	3.58E-03	3.31E-03
MSH2_boot.11	0.00E+00	4.72E-04	3.61E-03	2.16E-03	1.78E-03	1.07E-03
MSH2_boot.12	0.00E+00	4.44E-04	4.57E-03	2.09E-03	2.83E-03	1.18E-03
MSH2_boot.13	0.00E+00	4.39E-04	4.08E-03	2.49E-03	2.28E-03	3.69E-03
MSH2_boot.14	6.07E-80	4.31E-04	5.03E-03	2.12E-03	3.44E-03	2.21E-03
MSH2_boot.15	0.00E+00	3.99E-04	4.94E-03	2.74E-03	3.19E-03	3.40E-03
MSH2_boot.16	1.07E-82	3.97E-04	3.67E-03	2.39E-03	1.71E-03	1.27E-03
MSH2_boot.17	0.00E+00	8.46E-04	6.57E-03	2.54E-03	3.71E-03	8.67E-05
MSH2_boot.18	0.00E+00	8.47E-04	5.99E-03	2.32E-03	3.36E-03	2.95E-21
MSH2_boot.19	0.00E+00	4.84E-04	3.80E-03	2.80E-03	1.19E-03	1.09E-03
MSH2_boot.20	1.05E-159	4.23E-04	4.13E-03	2.63E-03	1.78E-03	1.28E-03
MSH2_boot.21	6.43E-118	4.98E-04	1.84E-03	1.32E-03	1.26E-03	1.79E-03
MSH2_boot.22	0.00E+00	6.56E-04	4.35E-03	2.36E-03	1.63E-03	2.33E-07
MSH2_boot.23	0.00E+00	5.50E-04	3.23E-03	2.24E-03	5.23E-04	4.35E-04
MSH2_boot.24	0.00E+00	6.79E-04	2.99E-03	1.86E-03	6.97E-04	2.54E-04
MSH2_boot.25	1.56E-04	6.90E-04	2.38E-03	1.80E-03	5.77E-04	6.73E-04
MSH2_boot.26	0.00E+00	5.04E-04	2.44E-03	2.17E-03	1.36E-03	1.83E-03
MSH2_boot.27	1.01E-144	5.54E-04	2.01E-03	2.06E-03	8.20E-04	9.48E-04
MSH2_boot.28	0.00E+00	6.32E-04	4.25E-03	2.55E-03	5.32E-04	1.17E-03
MSH2_boot.29	0.00E+00	5.38E-04	2.15E-03	1.76E-03	4.69E-04	4.83E-04
MSH2_boot.30	0.00E+00	4.99E-04	4.15E-03	2.74E-03	1.19E-03	2.89E-03
MSH2_boot.31	0.00E+00	5.41E-04	3.18E-03	1.69E-03	1.15E-03	5.77E-04
MSH2_boot.32	0.00E+00	5.25E-04	4.31E-03	2.66E-03	2.39E-04	3.65E-03
MSH2_boot.33	1.03E-49	6.52E-04	3.82E-03	2.05E-03	8.64E-04	7.14E-04
MSH2_boot.34	0.00E+00	6.52E-04	2.47E-03	2.34E-03	9.06E-04	8.21E-04
MSH2_real	0.00E+00	3.99E-04	4.42E-03	2.37E-03	2.77E-03	2.97E-03
MSH2_real.1	0.00E+00	5.44E-04	2.78E-03	2.11E-03	7.54E-04	7.94E-04
MSH6_boot	2.13E-04	5.08E-04	8.13E-04	8.58E-04	2.09E-03	1.80E-03
MSH6_boot.1	9.93E-05	4.82E-04	1.67E-03	1.49E-03	4.22E-04	1.35E-03
MSH6_boot.2	6.20E-04	5.37E-04	3.65E-128	1.21E-03	3.06E-03	2.60E-03
MSH6_boot.3	0.00E+00	5.03E-04	2.29E-03	1.08E-03	7.92E-04	2.24E-03
MSH6_boot.4	3.09E-04	5.23E-04	2.35E-03	1.22E-03	1.70E-03	2.41E-03
MSH6_boot.5	3.87E-04	5.72E-04	1.05E-03	4.78E-04	2.30E-03	2.05E-03
MSH6_boot.6	3.73E-04	5.64E-04	1.21E-03	1.55E-03	1.50E-03	7.28E-04
MSH6_boot.7	1.40E-04	4.23E-04	7.29E-04	9.71E-04	4.35E-04	3.35E-04
MSH6_boot.8	1.90E-04	5.53E-04	2.66E-03	1.33E-03	5.55E-04	1.44E-03
MSH6_boot.9	1.77E-04	5.77E-04	1.82E-03	1.12E-03	1.13E-03	1.71E-03
MSH6_boot.10	8.61E-05	4.42E-04	1.91E-03	1.51E-03	1.28E-03	2.46E-03
MSH6_boot.11	3.74E-04	5.08E-04	2.08E-03	6.79E-04	3.01E-03	1.99E-03
MSH6_boot.12	5.06E-04	5.25E-04	2.35E-03	1.93E-03	2.04E-03	2.50E-03
MSH6_boot.13	8.53E-04	5.63E-04	8.94E-05	1.20E-03	3.47E-03	2.68E-03
MSH6_boot.14	1.61E-04	5.12E-04	1.19E-03	3.50E-04	2.38E-03	1.26E-03
MSH6_boot.15	3.71E-04	5.39E-04	1.37E-03	1.08E-03	2.15E-03	1.43E-03
MSH6_boot.16	5.91E-04	5.33E-04	7.46E-04	1.42E-03	2.75E-03	3.33E-03
MSH6_boot.17	1.43E-52	4.87E-04	1.79E-03	6.48E-04	5.24E-04	1.15E-03
MSH6_boot.18	1.14E-12	4.72E-04	1.65E-03	5.79E-04	2.09E-03	1.66E-03
MSH6_boot.19	2.21E-04	4.64E-04	1.58E-03	1.04E-03	7.28E-04	8.04E-04
MSH6_boot.20	1.49E-04	4.45E-04	1.66E-03	1.73E-03	1.05E-03	1.85E-03
MSH6_boot.21	3.08E-04	5.79E-04	2.40E-03	9.21E-04	1.08E-03	1.89E-03
MSH6_boot.22	3.99E-04	5.60E-04	9.61E-04	1.18E-03	2.20E-03	9.57E-04
MSH6_boot.23	4.70E-04	5.63E-04	1.27E-03	1.31E-03	2.82E-03	1.49E-03
MSH6_boot.24	2.31E-04	5.33E-04	8.45E-04	1.09E-03	1.82E-03	1.94E-03
MSH6_boot.25	1.13E-04	4.55E-04	1.62E-03	1.07E-03	1.16E-03	2.25E-03
MSH6_boot.26	5.11E-93	4.72E-04	8.80E-04	1.52E-03	1.67E-03	1.10E-03
MSH6_boot.27	9.48E-18	4.36E-04	7.39E-04	1.22E-03	1.02E-03	7.56E-04
MSH6_boot.28	3.55E-04	5.45E-04	1.11E-03	8.37E-04	2.70E-03	1.88E-03
MSH6_boot.29	2.12E-04	4.76E-04	1.70E-03	4.84E-04	5.87E-04	1.25E-03
MSH6_boot.30	2.50E-04	4.62E-04	1.70E-03	1.65E-03	1.18E-03	1.72E-03
MSH6_boot.31	1.58E-04	5.35E-04	1.25E-03	8.38E-04	1.55E-03	1.83E-03
MSH6_boot.32	1.94E-04	5.73E-04	9.34E-04	4.55E-04	1.74E-03	1.67E-03
MSH6_boot.33	3.62E-04	4.54E-04	1.79E-03	6.64E-04	9.86E-04	4.26E-04
MSH6_boot.34	1.37E-04	5.27E-04	8.85E-04	4.58E-04	7.63E-04	1.14E-03
MSH6_boot.35	0.00E+00	2.96E-04	2.99E-03	1.20E-03	2.15E-03	2.21E-03
MSH6_boot.36	2.52E-04	5.26E-04	1.01E-03	1.01E-03	1.25E-03	5.88E-04
MSH6_boot.37	2.56E-04	5.63E-04	8.14E-04	6.57E-04	2.79E-03	2.50E-03
MSH6_boot.38	3.12E-04	5.40E-04	1.79E-03	1.78E-03	9.79E-04	9.81E-04
MSH6_boot.39	1.38E-04	4.94E-04	1.73E-03	1.23E-03	1.19E-03	1.68E-03
MSH6_boot.40	2.90E-04	4.06E-04	2.37E-03	1.20E-03	1.27E-03	1.82E-03
MSH6_boot.41	3.10E-04	5.22E-04	3.26E-04	1.32E-03	2.41E-03	1.90E-03
MSH6_boot.42	1.14E-04	5.70E-04	3.73E-03	1.69E-03	2.19E-03	4.74E-03
MSH6_boot.43	1.81E-04	4.74E-04	2.86E-03	1.33E-03	1.67E-03	1.06E-03
MSH6_boot.44	7.27E-05	4.60E-04	2.24E-03	1.53E-03	1.08E-03	1.82E-03
MSH6_boot.45	3.16E-04	4.35E-04	8.69E-04	3.83E-04	7.75E-04	2.07E-03
MSH6_boot.46	1.33E-04	5.96E-04	3.79E-03	1.01E-03	1.36E-03	4.42E-03
MSH6_boot.47	1.40E-04	5.39E-04	1.27E-03	1.18E-03	7.81E-04	1.31E-03
MSH6_boot.48	3.22E-04	5.36E-04	1.42E-03	6.01E-04	1.92E-03	3.36E-03
MSH6_boot.49	2.07E-04	5.64E-04	2.21E-03	1.29E-03	4.76E-04	1.19E-03
MSH6_boot.50	3.43E-04	3.99E-04	2.70E-03	1.47E-03	1.61E-03	1.85E-03
MSH6_boot.51	3.67E-04	4.42E-04	3.07E-03	1.23E-03	1.89E-03	1.22E-03
MSH6_boot.52	2.65E-04	6.07E-04	2.96E-03	1.27E-03	1.70E-03	4.14E-03
MSH6_boot.53	3.72E-04	4.14E-04	2.68E-03	1.24E-03	2.31E-03	3.24E-03
MSH6_boot.54	2.77E-04	5.28E-04	3.55E-04	1.22E-03	1.85E-03	2.07E-03
MSH6_boot.55	2.46E-04	5.69E-04	1.85E-03	1.07E-03	1.22E-03	1.45E-03
MSH6_boot.56	1.74E-04	5.11E-04	3.17E-04	1.05E-03	1.39E-03	1.64E-03
MSH6_boot.57	3.04E-04	5.30E-04	2.09E-03	1.77E-03	1.20E-03	1.71E-03
MSH6_boot.58	1.83E-04	5.08E-04	1.36E-03	1.41E-03	6.72E-04	5.32E-04
MSH6_boot.59	2.01E-04	5.00E-04	2.42E-03	1.51E-03	5.92E-04	1.18E-03
MSH6_boot.60	8.92E-161	6.21E-04	4.07E-03	1.17E-03	3.73E-03	6.01E-03
MSH6_boot.61	1.11E-04	5.01E-04	1.39E-03	1.27E-03	5.13E-04	6.44E-04
MSH6_boot.62	8.15E-05	4.96E-04	2.90E-03	1.71E-03	1.46E-03	2.98E-03
MSH6_boot.63	9.24E-05	5.35E-04	2.55E-03	1.36E-03	6.36E-04	2.94E-03
MSH6_boot.64	3.15E-04	5.98E-04	2.48E-03	9.06E-04	7.34E-04	1.47E-03
MSH6_boot.65	3.53E-04	5.27E-04	3.26E-03	2.35E-03	1.17E-03	2.89E-03
MSH6_boot.66	1.10E-04	4.68E-04	9.81E-04	1.27E-03	5.55E-04	1.96E-04
MSH6_boot.67	1.69E-04	5.19E-04	2.75E-03	1.85E-03	9.33E-04	1.74E-03
MSH6_boot.68	9.84E-05	3.86E-04	2.61E-03	1.36E-03	1.83E-03	3.73E-03
MSH6_boot.69	1.41E-04	4.98E-04	2.90E-03	1.49E-03	1.66E-03	2.62E-03
MSH6_boot.70	1.42E-04	4.71E-04	2.50E-03	1.83E-03	7.03E-04	1.35E-03
MSH6_boot.71	2.77E-04	3.87E-04	2.71E-03	1.34E-03	2.27E-03	3.46E-03
MSH6_boot.72	9.24E-05	4.96E-04	2.27E-03	1.22E-03	1.06E-03	2.66E-03
MSH6_boot.73	1.69E-04	4.23E-04	3.42E-03	1.71E-03	2.39E-03	4.21E-03
MSH6_boot.74	5.15E-04	6.71E-04	1.97E-03	1.15E-03	7.46E-04	1.32E-03
MSH6_boot.75	1.64E-04	4.43E-04	2.68E-03	1.93E-03	1.43E-03	2.81E-03
MSH6_boot.76	3.78E-05	4.11E-04	2.48E-03	1.84E-03	1.13E-03	2.53E-03
MSH6_boot.77	4.34E-05	4.53E-04	1.62E-03	1.51E-03	4.62E-04	1.44E-03
MSH6_boot.78	4.05E-04	6.08E-04	1.20E-03	5.04E-04	2.98E-03	2.95E-03
MSH6_boot.79	2.07E-04	5.29E-04	2.54E-03	1.38E-03	1.69E-03	2.56E-03
MSH6_boot.80	1.30E-04	4.89E-04	1.96E-03	1.46E-03	1.15E-03	1.62E-03
MSH6_boot.81	1.54E-04	5.11E-04	1.93E-03	1.34E-03	1.61E-03	2.12E-03
MSH6_boot.82	1.91E-04	5.29E-04	1.72E-03	1.66E-03	1.06E-03	1.08E-03
MSH6_boot.83	1.26E-04	4.15E-04	3.33E-03	1.93E-03	2.05E-03	3.38E-03
MSH6_boot.84	3.49E-05	4.61E-04	2.18E-03	1.64E-03	8.38E-04	1.92E-03
MSH6_boot.85	2.07E-04	5.46E-04	1.63E-03	1.49E-03	1.60E-03	1.75E-03
MSH6_boot.86	6.97E-68	3.92E-04	3.20E-03	1.93E-03	2.14E-03	3.24E-03
MSH6_boot.87	8.91E-05	6.39E-04	4.25E-03	1.83E-03	1.57E-03	4.89E-03
MSH6_boot.88	1.68E-98	4.06E-04	2.35E-03	1.60E-03	8.28E-04	1.36E-03
MSH6_boot.89	9.10E-05	4.36E-04	2.42E-03	1.75E-03	1.41E-03	2.83E-03
MSH6_boot.90	1.89E-04	4.44E-04	2.42E-03	1.17E-03	1.84E-03	3.27E-03
MSH6_boot.91	1.01E-04	4.94E-04	2.39E-03	1.28E-03	1.05E-03	2.74E-03
MSH6_boot.92	4.03E-04	6.39E-04	2.44E-03	8.26E-04	9.91E-04	1.79E-03
MSH6_boot.93	3.21E-05	4.25E-04	3.36E-03	1.92E-03	1.94E-03	3.90E-03
MSH6_boot.94	4.53E-04	6.26E-04	1.82E-03	4.79E-04	8.72E-04	1.39E-03
MSH6_boot.95	5.23E-05	4.40E-04	3.32E-03	1.52E-03	2.24E-03	4.49E-03
MSH6_boot.96	2.40E-04	5.91E-04	2.32E-03	1.54E-03	1.07E-03	1.72E-03
MSH6_boot.97	1.06E-04	5.14E-04	3.64E-03	1.68E-03	2.38E-03	4.72E-03
MSH6_boot.98	7.99E-05	6.76E-04	4.26E-03	9.55E-04	3.36E-04	4.74E-03
MSH6_boot.99	2.26E-04	4.59E-04	2.86E-03	1.63E-03	1.39E-03	2.05E-03
MSH6_boot.100	1.04E-62	4.65E-04	2.49E-03	1.39E-03	1.54E-03	2.77E-03
MSH6_boot.101	4.20E-05	4.37E-04	2.05E-03	1.53E-03	7.90E-04	1.91E-03
MSH6_boot.102	9.12E-05	4.27E-04	3.04E-03	1.98E-03	1.85E-03	3.51E-03
MSH6_boot.103	1.29E-04	4.99E-04	1.32E-03	1.40E-03	6.73E-04	4.60E-04
MSH6_real	1.22E-04	4.72E-04	1.32E-03	1.28E-03	2.43E-04	2.64E-04
MSH6_real.1	3.21E-04	5.25E-04	8.97E-04	9.68E-04	2.60E-03	1.77E-03
MSH6_real.2	1.55E-04	4.90E-04	2.09E-03	1.24E-03	9.60E-04	2.56E-03
MSH6_real.3	1.12E-04	4.83E-04	1.62E-03	1.31E-03	5.10E-04	8.56E-04
MSH6_real.4	4.15E-05	4.62E-04	2.44E-03	1.31E-03	1.38E-03	3.03E-03
MSH6_real.5	3.22E-05	4.39E-04	3.33E-03	1.98E-03	1.87E-03	3.61E-03
MSH6_real.6	1.64E-04	5.13E-04	1.93E-03	1.44E-03	1.21E-03	1.69E-03
PMS1_boot	5.07E-04	9.42E-04	9.85E-03	3.31E-03	7.61E-03	1.66E-02
PMS1_boot.1	0.00E+00	1.22E-03	1.84E-02	4.27E-03	1.40E-02	2.78E-02
PMS1_boot.2	1.06E-03	1.65E-03	2.36E-02	3.43E-03	7.91E-03	2.69E-02
PMS1_boot.3	6.93E-04	2.03E-03	2.32E-02	3.94E-03	1.79E-02	3.50E-02
PMS1_boot.4	1.22E-03	1.14E-03	1.22E-02	2.79E-03	3.53E-03	1.61E-02
PMS1_boot.5	7.06E-04	2.62E-03	2.84E-02	4.69E-03	1.98E-02	4.08E-02
PMS1_boot.6	1.40E-03	1.10E-03	1.61E-02	3.88E-03	8.25E-03	2.21E-02
PMS1_boot.7	1.52E-03	2.72E-03	2.86E-02	5.69E-03	1.21E-02	3.58E-02
PMS1_boot.8	8.62E-04	1.10E-03	1.51E-02	1.90E-03	3.57E-03	1.78E-02
PMS1_boot.9	0.00E+00	1.25E-03	2.75E-02	2.66E-03	9.53E-03	2.98E-02
PMS1_boot.10	0.00E+00	1.17E-03	1.70E-02	3.34E-03	1.26E-02	2.60E-02
PMS1_boot.11	6.91E-11	1.24E-03	1.74E-02	3.05E-03	7.88E-03	2.33E-02
PMS1_boot.12	0.00E+00	7.78E-04	1.95E-02	1.56E-03	6.72E-03	2.29E-02
PMS1_boot.13	4.89E-04	1.48E-03	2.55E-02	2.38E-03	9.08E-03	2.91E-02
PMS1_boot.14	0.00E+00	1.53E-03	1.92E-02	3.21E-03	1.49E-02	2.95E-02
PMS1_boot.15	0.00E+00	4.86E-04	8.69E-03	1.96E-03	1.59E-02	1.74E-02
PMS1_boot.16	3.63E-03	6.03E-04	2.20E-02	4.01E-03	2.90E-02	2.38E-02
PMS1_boot.17	0.00E+00	1.83E-03	1.59E-02	3.81E-03	2.06E-02	2.67E-02
PMS1_boot.18	0.00E+00	9.20E-04	1.82E-02	4.59E-03	2.29E-02	2.20E-02
PMS1_boot.19	1.12E-03	1.43E-03	1.92E-02	4.86E-03	2.64E-02	3.01E-02
PMS1_boot.20	0.00E+00	1.32E-03	1.45E-02	2.18E-03	1.96E-02	2.70E-02
PMS1_boot.21	0.00E+00	1.98E-03	1.98E-02	5.11E-03	2.56E-02	3.15E-02
PMS1_boot.22	0.00E+00	1.08E-03	1.57E-02	3.69E-03	1.76E-02	2.73E-02
PMS1_boot.23	0.00E+00	5.03E-04	2.53E-02	4.59E-03	3.24E-02	2.35E-02
PMS1_boot.24	0.00E+00	8.65E-04	1.16E-02	2.11E-03	1.89E-02	1.88E-02
PMS1_boot.25	1.60E-144	1.06E-03	2.83E-02	4.68E-03	3.41E-02	1.80E-02
PMS1_boot.26	0.00E+00	1.99E-03	2.25E-02	5.23E-03	3.03E-02	3.13E-02
PMS1_boot.27	0.00E+00	1.49E-03	1.64E-02	3.70E-03	2.38E-02	2.86E-02
PMS1_boot.28	2.38E-101	3.69E-04	2.42E-02	3.28E-03	2.99E-02	1.88E-02
PMS1_boot.29	0.00E+00	1.12E-03	1.64E-02	4.27E-03	2.22E-02	2.23E-02
PMS1_boot.30	0.00E+00	1.24E-03	1.25E-02	5.00E-03	1.00E-02	1.87E-02
PMS1_boot.31	0.00E+00	1.15E-03	1.47E-02	5.13E-03	1.23E-02	2.23E-02
PMS1_boot.32	0.00E+00	1.21E-03	1.85E-02	6.63E-03	2.09E-02	2.58E-02
PMS1_boot.33	1.88E-15	4.03E-04	1.04E-02	5.02E-03	1.28E-02	1.42E-02
PMS1_boot.34	0.00E+00	1.52E-03	1.37E-02	5.30E-03	9.02E-03	1.93E-02
PMS1_boot.35	0.00E+00	6.62E-04	1.05E-02	5.65E-03	9.01E-03	1.42E-02
PMS1_boot.36	0.00E+00	1.03E-03	9.22E-03	4.18E-03	9.65E-03	1.57E-02
PMS1_boot.37	0.00E+00	7.29E-04	1.31E-02	5.90E-03	1.40E-02	1.45E-02
PMS1_boot.38	0.00E+00	1.53E-03	1.58E-02	5.52E-03	1.66E-02	2.41E-02
PMS1_boot.39	0.00E+00	1.03E-03	1.47E-02	6.09E-03	1.21E-02	2.07E-02
PMS1_boot.40	0.00E+00	1.36E-03	1.58E-02	5.30E-03	1.44E-02	2.44E-02
PMS1_boot.41	0.00E+00	7.71E-04	1.00E-02	5.62E-03	9.49E-03	1.24E-02
PMS1_real	1.13E-48	1.34E-03	1.84E-02	4.16E-03	1.15E-02	2.64E-02
PMS1_real.1	0.00E+00	1.40E-03	1.57E-02	3.81E-03	2.29E-02	2.61E-02
PMS1_real.2	0.00E+00	8.70E-04	1.20E-02	5.16E-03	1.12E-02	1.82E-02
PMS2_boot	5.47E-04	4.88E-04	2.22E-03	0.00E+00	9.22E-04	1.15E-03
PMS2_boot.1	3.01E-04	6.97E-04	1.85E-03	0.00E+00	7.02E-04	9.80E-04
PMS2_boot.2	5.00E-04	5.22E-04	1.97E-03	0.00E+00	7.01E-04	1.10E-03
PMS2_boot.3	2.01E-04	5.30E-04	1.26E-03	0.00E+00	2.45E-03	2.58E-03
PMS2_boot.4	3.87E-04	6.32E-04	1.93E-03	0.00E+00	7.49E-04	6.55E-04
PMS2_boot.5	4.03E-04	6.65E-04	1.85E-03	0.00E+00	9.42E-04	7.28E-04
PMS2_boot.6	5.93E-04	3.93E-04	1.86E-03	0.00E+00	1.47E-03	1.17E-03
PMS2_boot.7	6.54E-04	4.27E-04	2.24E-03	0.00E+00	1.80E-03	1.66E-03
PMS2_boot.8	1.13E-03	6.65E-04	3.63E-03	0.00E+00	1.80E-03	1.96E-03
PMS2_boot.9	2.91E-04	8.45E-04	4.76E-03	0.00E+00	1.90E-03	4.81E-03
PMS2_boot.10	5.15E-04	5.52E-04	2.99E-03	0.00E+00	1.99E-03	2.73E-03
PMS2_boot.11	5.10E-04	5.06E-04	4.24E-04	0.00E+00	1.38E-03	2.30E-03
PMS2_boot.12	7.09E-04	5.10E-04	5.03E-04	0.00E+00	2.09E-03	2.07E-03
PMS2_boot.13	8.25E-04	4.53E-04	3.31E-03	0.00E+00	1.94E-03	9.17E-04
PMS2_boot.14	3.17E-04	9.33E-04	2.80E-03	0.00E+00	7.07E-04	2.31E-03
PMS2_boot.15	4.87E-04	7.94E-04	1.77E-03	0.00E+00	2.56E-04	1.63E-03
PMS2_boot.16	2.24E-04	6.16E-04	4.20E-04	0.00E+00	1.01E-03	8.38E-04
PMS2_boot.17	4.13E-04	1.05E-03	2.34E-03	0.00E+00	3.83E-04	1.75E-03
PMS2_boot.18	3.95E-04	1.11E-03	3.92E-03	0.00E+00	0.00E+00	4.18E-03
PMS2_boot.19	4.29E-04	6.94E-04	1.53E-03	0.00E+00	6.16E-04	1.28E-03
PMS2_boot.20	8.50E-04	2.51E-04	2.05E-03	0.00E+00	1.88E-03	3.43E-06
PMS2_boot.21	3.69E-04	9.84E-04	2.75E-03	0.00E+00	3.29E-04	2.54E-03
PMS2_boot.22	1.12E-04	4.98E-04	0.00E+00	0.00E+00	9.76E-04	8.69E-04
PMS2_boot.23	5.63E-04	7.69E-04	1.78E-03	0.00E+00	5.46E-04	1.78E-03
PMS2_boot.24	5.13E-04	1.03E-03	2.64E-03	0.00E+00	2.14E-109	2.57E-03
PMS2_boot.25	1.03E-04	5.53E-04	0.00E+00	0.00E+00	1.02E-03	8.82E-04
PMS2_boot.26	3.06E-04	6.60E-04	1.53E-03	0.00E+00	1.13E-03	1.56E-03
PMS2_boot.27	2.90E-04	7.24E-04	7.80E-04	0.00E+00	3.18E-04	7.26E-04
PMS2_boot.28	3.43E-04	5.14E-04	9.04E-04	0.00E+00	1.39E-03	1.45E-03
PMS2_boot.29	5.02E-04	3.32E-04	5.14E-95	0.00E+00	1.49E-03	1.51E-03
PMS2_boot.30	5.06E-04	3.87E-04	0.00E+00	0.00E+00	1.52E-03	1.53E-03
PMS2_boot.31	4.93E-04	4.49E-04	3.05E-04	0.00E+00	1.18E-03	1.25E-03
PMS2_boot.32	4.06E-04	4.13E-04	6.42E-09	0.00E+00	1.10E-03	1.11E-03
PMS2_boot.33	4.31E-04	8.34E-04	2.10E-03	0.00E+00	4.56E-04	1.72E-03
PMS2_boot.34	3.38E-04	5.41E-04	9.51E-04	0.00E+00	7.09E-04	9.51E-04
PMS2_boot.35	2.22E-04	5.52E-04	1.21E-03	0.00E+00	3.68E-03	3.78E-03
PMS2_boot.36	3.68E-04	6.24E-04	2.37E-03	0.00E+00	3.04E-03	3.54E-03
PMS2_boot.37	6.42E-04	5.34E-04	2.31E-03	0.00E+00	1.88E-03	2.44E-03
PMS2_boot.38	6.58E-04	6.57E-04	2.92E-03	0.00E+00	2.19E-03	2.81E-03
PMS2_boot.39	2.91E-04	5.58E-04	1.23E-03	0.00E+00	4.35E-03	4.35E-03
PMS2_boot.40	1.51E-04	5.95E-04	1.60E-03	0.00E+00	3.93E-03	4.15E-03
PMS2_boot.41	1.54E-04	4.71E-04	1.10E-03	0.00E+00	2.49E-03	2.69E-03
PMS2_boot.42	3.36E-04	5.42E-04	8.33E-04	0.00E+00	3.46E-03	3.35E-03
PMS2_boot.43	5.36E-04	5.91E-04	2.47E-03	0.00E+00	2.46E-03	3.05E-03
PMS2_boot.44	3.33E-04	5.69E-04	2.25E-03	0.00E+00	3.40E-03	3.92E-03
PMS2_boot.45	1.83E-04	6.02E-04	1.62E-03	0.00E+00	2.97E-03	3.28E-03
PMS2_boot.46	2.21E-04	5.40E-04	1.12E-03	0.00E+00	2.70E-03	2.79E-03
PMS2_boot.47	1.08E-03	5.99E-04	3.18E-03	0.00E+00	1.57E-03	1.62E-03
PMS2_real	4.83E-04	5.79E-04	1.37E-03	0.00E+00	6.49E-04	4.11E-04
PMS2_real.1	4.07E-04	7.33E-04	1.83E-03	0.00E+00	7.92E-04	1.25E-03
PMS2_real.2	1.92E-04	5.64E-04	1.33E-03	0.00E+00	3.60E-03	3.73E-03
