MutationType	SBS96A	SBS96B	SBS96C	SBS96D	SBS96E	SBS96F	SBS96G	SBS96H	SBS96I	SBS96J	SBS96K	SBS96L	SBS96M	SBS96N	SBS96O	SBS96P	SBS96Q	SBS96R	SBS96S
A[C>A]A	0.0013431104860501363	0.00043208634888287635	1.4012984643248171e-46	1.7655294504947962e-05	0.009529270976781846	0.009001948934746906	0.0002264543087221682	0.00013679758267244325	1.3850087998434902e-05	0.0005007394407584798	0.000635876291198656	1.4012984643248171e-46	0.0008340071130078286	0.0003476361081993673	0.0003896134789101779	0.019719525769687607	0.0008165285107679665	0.06092713699908927	0.005652848375029862
A[C>A]C	0.0014229272725060581	0.003306477569276467	0.0001560231947223656	0.0004702558449935213	0.004496732697589323	0.007196299468341749	0.0015916189877316356	0.0002458673669025302	0.001274358411319554	0.0006427910775528289	0.001712795821367763	0.01377402114449069	0.01483088696259074	0.0001274929556529969	0.0017296371865086258	0.03168582860380411	1.5420536510646343e-05	0.04739777483046055	0.007178406917955726
A[C>A]G	0.0009259330778149888	0.00013272948563098909	0.0	0.0	0.0017965978011488914	0.0025574752828106282	2.8025969286496343e-46	0.00017019451188389213	0.00021276221377775073	0.0	0.0006365465611452237	0.0006016950847424595	0.0008365576737560332	0.0001592639900991344	0.0	0.013295187801122665	0.0003432160538480389	0.015387639263644814	0.0006315176899079234
A[C>A]T	0.018993843626230956	0.009711244888603688	1.3455136560480696e-09	0.0	1.1634126622084295e-07	2.586033467366633e-08	2.8025969286496343e-46	0.005746546667069197	0.0009204701520502568	4.1477346769625e-06	1.9953866114974517e-08	0.014826879858446773	0.10012685433030129	0.0	3.981347589387951e-08	0.0029267043451028487	4.657175338103059e-05	0.0033653076313811424	0.008124024662917862
A[C>G]A	0.00022527479741256683	0.0012761330348439516	0.0010245135192235467	0.0004058640239236411	2.4039151321630924e-05	0.0014230142172891647	0.0008779477793723345	5.2831991342827675e-05	0.0008755139308050275	0.0001976637402549386	0.0	0.0001985687529668212	0.00014345033559948206	0.0015678940922953188	0.001487690000794828	0.03528520744293928	0.00019606927526183426	0.0011383714154362679	0.0005043387713158154
A[C>G]C	4.637357415049337e-05	0.000656837018323131	0.00025820782029768453	5.767808179371059e-05	0.002797459973953664	0.005735625769011677	0.00033535190623152467	0.00025395834672963246	0.0007992422979441471	0.0017317466728854925	5.0377922707411924e-05	0.0	0.0	0.0018876118527259677	0.00073576292488724	0.03025871831923723	0.001731551910052076	0.005759673588909209	1.8216880036222623e-45
A[C>G]G	9.073185356101022e-06	8.700658213456336e-06	4.538789344366023e-10	0.0	2.0982720661777422e-05	0.0035863885437066754	5.235486460151151e-05	6.0088918718292914e-05	0.00010056226983579108	0.0	0.0001626822373860932	0.00023845657560741528	1.356547301156752e-08	0.0005597333081240663	1.3299052170623326e-08	0.027358525805175303	8.077625534497201e-05	4.7228398722864996e-05	0.0004169696947442958
A[C>G]T	0.00011140817368868739	0.0014109003241173923	0.00010956638943753206	6.330861269816523e-05	0.0025208735700289254	0.007032144186086953	0.00033477734978077934	0.00016488346736878156	0.0007041545846732334	0.00048397866339655593	0.0010103225766215473	0.0	1.4012984643248171e-46	0.0028633357607759534	0.0005978586617857218	0.040159170515835285	0.0001232379348948598	0.001864251951337792	0.003474386062589474
A[C>T]A	0.0003147054696455598	0.006044109514782297	0.00012757050571963192	0.00011518349556354224	0.0008379688486456871	0.005507255281554535	1.4012984643248171e-46	0.016834742855280638	0.1730304978787899	0.0011103781405836343	0.0001502139144577086	0.025952535402029752	0.002631678945169824	0.0019275577855296434	0.004304007257616149	0.0036666716456238645	0.005588471284136176	0.013881946913897991	0.00030465861782431604
A[C>T]C	0.0019056409364566207	0.008742378238821402	0.0077516230769106185	8.158650598488747e-06	0.016683015786111356	0.00092778739053756	0.005725119763519615	0.01788415976771013	0.04358283188194036	0.0038832015357911586	0.0027513436555523184	0.1179804690182209	0.032189455907791854	0.0	0.0027622131027328577	0.0003795587228722752	0.0003062595642404631	0.0010089745745062828	0.002407764503732324
A[C>T]G	0.024752854369580746	0.46564048528671265	0.017899549379944802	0.004938101964313877	0.03300964588167049	0.04522380303436648	0.0012507855549984015	0.007436035467072349	0.04618201131401438	0.010328236450004625	0.002244742182261916	0.007996806977098458	0.05354349495282804	7.19262519851327e-05	0.0007699895237578858	0.0025901215733028947	0.0036967750638723373	0.03295158980292286	0.02731318362057209
A[C>T]T	0.0006310183543593217	0.013935716366580673	0.00018812912103385315	0.0034705385682173074	0.00514105074107647	0.001030083801015287	0.010062232054769993	0.005331574705724762	0.055296332389116284	0.0006547951605170965	0.002618020994214021	0.07068246649578214	0.054323002323508264	4.5096630856278353e-07	0.0007522695697844029	0.0005843430757522583	0.0006047712988220156	0.0027107403201952706	0.0011773657519370318
A[T>A]A	0.0005446513296192279	8.687480145717075e-05	4.203895392974451e-46	2.8025969286496343e-46	4.29541606496997e-05	0.0	0.0002689481666948268	2.8025969286496343e-46	0.0004024638205635256	0.005934112577233463	9.53062766484436e-09	0.00011919417428103429	0.0001666711294092238	1.5897812409093605e-05	0.005567268680115945	0.004086908438969772	0.00019083589431829752	0.001485146637965329	0.03328355627822362
A[T>A]C	8.727734979174784e-09	1.497902147207242e-07	0.0005411544344099184	0.0	0.0015597922378219665	0.001850496307164029	0.0	0.001937635987997055	0.0001931223084142175	0.013200018205679953	0.0005254971087872206	0.0	0.0	3.679432757728307e-05	0.008571016787796282	0.0032787768182132027	0.0011258659778690117	0.0038014276406102	0.06007602997124195
A[T>A]G	1.001474156510085e-05	4.255419760283985e-05	1.4012984643248171e-46	1.4012984643248171e-46	0.0030960411400883458	0.0030981123411038423	0.0	0.0004040390205712896	0.00011528927716426551	0.0006202523072715849	0.0003269309614552185	0.00037178019465500256	1.2426635657902807e-05	0.00017793784018067528	0.004754829917510505	0.016518774285941618	0.0013075333496090024	0.0037957025691866876	0.01846724096685648
A[T>A]T	0.0021889114708756098	0.0011802773629824514	0.0012331412901403383	4.203895392974451e-46	4.203895392974451e-46	0.00474599301815033	0.003343456797301769	0.011515363678336143	0.0033124640583992006	0.0013568996335379779	0.011711283214390278	0.0023484380736931596	0.0	0.0	0.0036686616484075786	0.0025592585327103732	0.0006292706297244876	0.00546957878395915	0.03766972052399069
A[T>C]A	0.0	0.0005828355933772401	0.00107850058702752	0.0005051696847658604	0.013856740668416023	0.018783755868207665	0.006974821630865336	0.0017529419012134895	0.011511600785888731	0.04800124429166317	0.018156503327190876	0.004045287915505469	0.000739641347900033	1.4012984643248171e-46	0.003702579758828506	0.014934486203128473	0.0	0.0059524575714021925	0.014518551685068815
A[T>C]C	0.0004399574943818586	0.0002844008762622252	0.0031233744462952017	0.001240418793167919	0.01764517850242555	0.01555655263364315	0.01029259585775435	1.1210387714598537e-45	1.541428310757299e-45	0.015546736586838961	0.044073893874883655	0.0011364103411324322	0.01121130478568375	0.00038867001244398126	0.007134087383747101	0.007448020990705117	0.002678986734827049	0.003469696331740124	0.008297891169786454
A[T>C]G	2.8025969286496343e-46	0.0010478921733778179	0.0004270622075182473	6.733941169900346e-32	0.005844815996761099	0.007201974090621377	0.005351167701883241	5.6051938572992686e-46	0.00031490312247264287	0.01558617576956749	0.1800592765212059	0.0004201060028108827	0.012841182196098089	7.34170123507738e-05	0.0008158724581335264	0.000515291449599431	0.0	0.003369171642134461	0.0017942608032171848
A[T>C]T	0.00025080506457015873	0.001390921391430311	0.0	4.203895392974451e-46	0.0162837004451049	0.026133271493017675	0.012897301325574517	0.0010605455259792506	0.0008133533177897334	0.022795241698622702	0.006059627642389387	0.013270534761250018	0.005563728394918144	0.00034519797191023827	0.00022128486452857032	0.019819111749529838	0.00014513552887365221	0.020168267004191876	0.014904887299053371
A[T>G]A	2.421757089905441e-05	0.0	0.0	0.0	0.0003691237303428352	0.0029787162318825723	0.006280966394115239	0.0	0.0	0.00031592886080034077	0.0001659001543885097	0.0	8.966823643277166e-05	0.0001434964553482132	0.0	0.003017391899999211	0.0019028218928724527	0.010792963020503522	0.003387358912732452
A[T>G]C	0.00022117929765954613	0.0005856509145814925	0.0	2.8025969286496343e-46	0.007801134603505488	0.002467221691040322	0.01487193675711751	8.12765563296125e-08	1.4012984643248171e-46	0.0033612612576689573	0.00043028818035963925	9.435036218974347e-09	0.0086379854939878	0.00022422689908125905	0.00011478068772703409	0.003176147548947483	0.004267533669643342	0.002830775311394973	0.002817145409062505
A[T>G]G	0.00018739619408734143	0.00014519860578730004	2.888226117647719e-06	0.00010339642176404595	0.0012325982563197613	0.0026186335657257588	0.007372987037524581	0.0	6.379343685694038e-05	0.0008544329321011901	0.0009615501272492111	0.0	0.003603037679567933	0.00013859727241651853	9.809089250273719e-46	0.008640487771481275	0.0021703941922169177	0.006559382332488895	0.001702760613989085
A[T>G]T	0.0028698222640741733	3.318600874990807e-07	1.739758390613133e-05	1.9498344272506073e-09	0.0010191058210022419	0.002836967049563555	0.0793098971247673	0.00012032212689518928	1.8723955008681514e-08	0.0009196811934089055	1.7313767102677957e-06	3.647217399276315e-05	0.024774372649881117	1.4143606534844367e-07	3.3655639498419986e-06	1.0453886289951697e-08	0.02302134744822979	4.803857791557675e-08	0.0017531783637323884
C[C>A]A	0.0017465727749367964	1.1003135671724897e-41	7.028150430414826e-05	0.0028146561264293267	0.007396074762800709	0.033826254092855376	0.000453449843917042	0.048819909989833835	0.0029130064882338046	0.00048194039845839143	0.011169932398449675	1.4012984643248171e-46	0.0005888055544346571	0.0006510678173071938	0.0004222574643790722	0.019645200456216115	0.000881153169029858	0.0490843940526247	0.010921649797819555
C[C>A]C	7.712424849160016e-05	0.0006696417360920748	0.00030559169852040213	7.758076453683316e-05	0.00429137133093036	0.06640689175501394	0.0005829340067975864	0.04818294756114483	0.022213895940149088	2.9865799888284526e-06	0.029913090250670394	2.0275332701658044e-08	0.01319662739188061	0.00017912571202032267	5.840309746929506e-09	0.01224415481252521	0.00014598886482417584	0.005945285456255079	0.03039719504810101
C[C>A]G	0.001677810272667557	0.0002442291704937816	0.001092045605625458	0.0	0.001970008620992303	0.04440256784094458	0.0	0.017061516316607593	0.008429036134336343	0.00016777609323526121	0.018154589355128793	0.00013095321817218063	7.899965112301288e-07	7.924686833575834e-05	9.309738970841864e-08	0.0040018043989419995	0.0	0.0074661163035045774	0.016832156250472963
C[C>A]T	0.012120635337402064	2.0713600292765478e-07	1.0426145252040441e-06	4.653075656335659e-06	2.363986816256158e-06	6.18007003083676e-07	5.854508515313081e-07	0.5640362828969956	0.00011160681099937619	0.0003784592476407056	2.013060729993965e-06	5.813805790921833e-06	0.0006905488916345348	0.0	1.9151170249642746e-07	5.046918403195377e-07	0.0	1.3066279151985328e-07	0.027021740177215748
C[C>G]A	0.0	1.2760516256093979e-05	0.0	0.0	0.0	0.0	0.0	0.0	0.0	1.8095606660040175e-05	0.0	0.0001944763687788509	2.4682805997144896e-05	0.005335384840145707	6.031277735019103e-05	0.03738138470798731	0.001170790521427989	0.00012813110343188328	2.539756027886142e-05
C[C>G]C	6.503773147414904e-06	0.0	5.1141472567906024e-08	5.9630938449117823e-05	4.3941221861132364e-08	2.4816402583383023e-05	7.244637243374918e-26	0.0	0.0	0.00017958369263766373	0.0	0.0	0.0	0.0007438866989105009	2.8791892641422123e-05	0.03962089363485575	0.00037410937661377377	3.2007491768126783e-08	0.00024367185134792634
C[C>G]G	4.275234823580832e-06	1.2041031637721745e-05	4.784416887559928e-07	0.0	1.4012984643248171e-46	0.0015297972639643832	0.0	0.0003497250632790383	0.0006217845366336405	7.026929909320634e-19	0.0003250620361910705	0.00033670886655983167	0.0	0.0001299172274610738	3.246354651764705e-08	0.0346114382147789	2.9965196154080333e-05	4.2377707245577765e-07	0.0006842545837173475
C[C>G]T	8.193700341507792e-05	6.8606887282385285e-09	5.125378430648198e-06	9.210766220348887e-05	8.599769535067025e-06	0.00010039756489277352	0.00010091348958667368	4.2847448639804496e-06	1.4012984643248171e-46	0.00016816317656775936	1.0903598513323231e-05	1.1910886041732737e-05	1.4012984643248171e-46	0.004218930122442543	2.8025969286496343e-46	0.05660830698907375	7.001029445063978e-09	0.001506967819818783	5.673716368619353e-05
C[C>T]A	1.4012984643248171e-46	0.0005152871250294417	0.00030607080552726986	0.00019514958119657422	0.00801297277212143	0.04726606731432596	2.8025969286496343e-46	0.008783591713290661	0.011215049447491765	0.0001542082682135515	0.005745443562045693	0.06896884553134441	2.8025969286496343e-46	0.008815724030137062	0.028072100970894097	0.010320663102902472	0.007161128125153482	0.04066752456128597	0.022137719159945845
C[C>T]C	0.0002527113421820104	0.0003510018419717653	0.0022321428288705645	2.8025969286496343e-46	0.008967318758368491	0.008214005483317521	0.00036441541160456834	0.021353697404265404	0.003644964745035395	0.007943290751427412	0.0071746329091382675	0.16612421050667764	2.3289135242521297e-08	0.0006091688868934853	0.019398756644882553	0.0012950984761118888	0.0010187627049162984	0.011145198733521511	0.010337993502616882
C[C>T]G	0.002086865022897655	0.2792147353596192	0.005832204129546881	0.009690644370539302	0.008353696050898553	0.29491213485598566	0.007377533724046437	0.028136400726137635	0.0014395105884432268	0.0038631196181821694	0.012958108121529224	0.09339324998327356	0.025591167570530614	0.002196257312607486	0.021497680246829985	3.830806690530153e-07	0.0030120336916297672	3.849392726293393e-25	0.0029472013483495523
C[C>T]T	0.00017151715219370088	0.004288342653308064	0.0014835209585726261	9.809089250273719e-46	0.011895081959664822	0.01253206767141819	0.004709623998496682	0.015141596365720034	0.001926174061372876	0.0021604153094813227	0.013963597407564522	0.16421233713626862	0.01591821912478723	0.002399235183838755	0.014143932983279229	0.013389111790547758	0.0026866747066378593	0.005968365853289015	0.0008786908525507897
C[T>A]A	5.161920162208844e-05	2.4494420358678326e-06	0.0	2.9063350666547196e-06	0.0008763251826167107	0.00013415723806247114	4.835006020584842e-05	7.170502285589465e-05	0.0	0.0007503187214027207	8.178349526133388e-05	3.550477122189477e-05	0.0	0.00022314985253615304	0.0018598256167024374	0.006724495507205575	0.001203457612427883	0.001144082032260485	0.0168071968248114
C[T>A]C	2.746761601883918e-05	0.0003595860573113896	0.0004112479444302153	0.0	0.0013237388338893652	0.002313107659574598	0.0	0.00029985847941134126	0.0009192413126584142	0.001749534549890086	0.0058534328185487535	0.0002150947228074074	0.012397732585668564	0.00022771063377149403	0.0027102258522063495	0.015616214741021395	0.014227146375924348	0.00031792977824807167	0.023991242796182633
C[T>A]G	0.0006434863433241844	0.00019330636750964915	1.4012984643248171e-46	0.0	0.00011010983106274352	0.003502231452148408	0.00010885336947694669	0.0004996291259891844	2.036842197412625e-05	0.001271749776788056	0.0017766436493729999	1.4012984643248171e-46	0.00023879476029833313	0.00011137860710732638	0.0034059481928125023	0.02823472339659929	0.00712840617634356	0.006185201462358236	0.03141662095440552
C[T>A]T	0.0011636404611635952	0.0009077711649297271	0.0	0.0	0.0	0.0025618381312426663	0.0	0.0010548116348218172	1.4012984643248171e-46	0.00017655438859947025	6.757335504516959e-05	0.003749120619613677	0.0036288434639573097	2.342852866377143e-07	0.002482766238972545	0.016397711541503667	0.04919927082955837	0.0006623169498425341	0.014658145664725453
C[T>C]A	0.00010296889377059415	8.715515924819783e-05	5.6051938572992686e-46	0.0	0.001359314378350973	0.004568753407926352	0.00024199890140153002	0.0034299148246645927	0.0013775563276439585	0.02192469984292984	0.04499937780201435	0.00012126764468405327	1.6970252209975594e-23	2.2436385916080325e-05	0.0033184815449661897	0.001550035536189398	0.005218266579322517	0.0007362416354354196	0.02142125745303929
C[T>C]C	0.00022687559248879552	0.00011970878549618646	0.0008445801271591335	3.9725744863972066e-05	0.01413001175969839	0.011068433982518399	0.00022161284869071096	0.0006933777709491551	0.0	0.012209335807710886	0.05659375935792923	0.025985764525830745	0.007873682613717393	9.035902379572746e-06	0.0024362206924706696	0.001641108386684209	0.061132627353072164	0.0039941792550962415	0.0027600746601819993
C[T>C]G	4.2877759369730485e-07	8.01464111077621e-08	7.420165829330472e-07	7.483235435756796e-08	0.005416533755195551	0.00029249001284559206	0.0003445948151840739	0.010230256839003004	0.0015503307464939553	0.011078534853317024	0.2619664937257767	7.167829124909985e-07	2.2695748671708316e-05	1.4578404261555988e-09	2.1147988888969848e-07	4.1420864960173274e-09	0.02207898795604706	4.054203088799113e-08	3.4650623805809744e-06
C[T>C]T	0.00021941571321804076	0.0007321690651083124	0.0	0.0	0.005605646967887878	0.0023002502304080965	4.203895392974451e-46	0.0012988514732569455	6.506490797733022e-05	0.012496044719591736	0.04813231118023396	0.017935662297531962	0.0	0.00024269830382479541	1.4012984643248171e-46	0.0006949410114955867	0.149854876101017	0.01103673979417863	0.005093825348262726
C[T>G]A	5.6051938572992686e-46	3.116952138952911e-05	2.4287140149681363e-05	3.6671030102297664e-05	0.0013726895675063133	0.0033988474686339034	0.011821343004703522	6.89364387653768e-06	0.0	0.00020998516021961678	0.0015668207459384575	0.0	0.0	1.3664942967039906e-05	0.00016462921630591154	0.003587699355557561	0.0010170354187721386	0.006022726907394827	0.001797764262300916
C[T>G]C	0.0	0.0016093617829028516	0.0008555538443033583	0.0007048576953820884	0.005670808744616807	0.007437346340157092	0.005828507279511541	0.0	1.4012984643248171e-46	0.00046527955564670267	0.0162124864757061	0.0	0.006590075371786952	0.00031409706571139395	0.0006019709185238753	0.008179341351255687	0.02451770268380642	0.00037134839221835135	0.0008698030666006974
C[T>G]G	0.0005125345720443875	0.0012489255342487127	0.0014166766428388654	0.0004617911176629408	0.011923184199258686	0.009468720087897963	0.01274396259104833	5.062964046373963e-05	0.0	2.389740438957233e-06	0.02694065887695274	0.0	0.002069037256660522	0.0	0.0011348258703947067	0.015509615300106815	0.018349691201001404	8.165645742082006e-05	0.0015984555706381799
C[T>G]T	0.008457586542681384	2.0000062761482696e-08	0.0005272815478669201	0.00020737619137776165	0.0014739114991485281	0.00043673847391971775	0.055421015992760655	0.001611101217434907	4.260109637499454e-07	1.1776693952469942e-06	2.8025969286496343e-46	3.1933639803582993e-07	3.695241134948901e-06	0.0	0.0009903293023924675	0.0	0.38919735252857207	5.78943722049502e-08	0.0017723208293318748
G[C>A]A	0.0005903648841808718	0.00017993354122154416	0.001307889717281796	0.0018446548958308995	0.01493504416430369	0.01666443999092735	4.8366664304921866e-05	0.0016520222765393556	0.00020116479136049746	0.00045161484340923154	0.0	2.8567805543389114e-08	0.009268500562757253	0.0	1.4012984643248171e-46	0.015457553000490875	0.003789869340835139	0.090778147149382	0.0018243273472762667
G[C>A]C	4.203895392974451e-46	0.001892234612023458	0.005190763296559453	2.6786362286657096e-05	0.009170793555676937	0.008187254518270492	0.0031738702673465014	4.723694000858813e-05	8.407790785948902e-46	0.004154461523285136	0.004050478292629123	0.0030691455118358134	0.04550417046993971	0.0003309464857011335	0.0025123836769770035	0.02238745763897896	0.00011462188558652997	0.03122650757431984	0.016693061287514865
G[C>A]G	0.0	0.0009437340479053092	0.0022955881780944765	0.0	0.006249664537608624	0.014508567567889052	0.0	0.00019749209750443696	0.001267825948199608	0.00047817908925935627	0.0005858525261629666	2.6409310294184252e-08	0.0027257130364887415	0.0001353447732824975	0.00044938573110755444	0.003766562967872744	0.0005347264883312164	0.023792823776602745	0.003958304924702815
G[C>A]T	0.0057217216206368	2.9352703131735324e-05	0.006977607078001213	5.234433416489992e-07	0.007366797269477842	3.150136797103187e-06	0.000825782907094208	0.023121984561112186	1.3479652238856949e-08	0.00019409425802994207	4.969506164798076e-07	1.5746517476600274e-07	0.29564730226993563	0.0	0.003208629050342893	1.4012984643248171e-46	0.0	1.8099318914723625e-07	0.008716006795967245
G[C>G]A	0.00027311130970701923	0.0008335334568982944	0.000550262529259272	0.0003611430380260572	0.0004544779600109905	0.0001509947789600119	0.0003269372598879272	9.518492151983082e-05	2.7223268989473582e-05	0.0003032964450540021	1.7811205907491968e-06	0.0009695843909867108	0.00025765204670422976	0.0011338250304106623	0.0027121243998408317	0.023265807330608367	0.002777463395614177	0.0007132587401429191	0.00026069596060551703
G[C>G]C	0.00012577407760545612	0.0013452237762976438	0.00039549044304294513	0.0006144331614465076	0.0019816595668089576	0.009035634086467325	0.00010006948286900297	0.0008170731365680694	0.0013140609837137163	0.00302964206202887	0.0031504348080488853	0.0	0.0	0.0007616139657329768	0.00217096209526062	0.023947670683264734	5.68804226812524e-28	0.001590174250304699	0.02126752137555741
G[C>G]G	0.0	0.0002529484816477634	8.927476665121504e-06	0.0	1.4012984643248171e-46	0.0021400904064648786	2.0781039347639306e-05	7.24265119060874e-05	7.463945948984473e-05	3.3198678283952174e-05	0.00024815487122396005	0.0	0.0	0.0005593563284492121	0.0003932002378860489	0.015932563785463573	1.248424086952582e-05	0.0006688015768304467	0.002114726659783628
G[C>G]T	0.0005645495039061643	0.0005942837360635167	0.0009021446545375511	0.0002020187512243865	2.4176266470021802e-05	0.000756418739365472	0.00010296119144186378	0.0	0.002429463726002723	0.0012883301940746605	0.0	0.0	7.243874097184744e-05	0.001712047797627747	0.0009261007187888026	0.04225858114659786	8.185105980373919e-05	0.0009108862863971723	0.00014432293537538498
G[C>T]A	0.0004047044538310729	4.611935097358355e-05	0.004195202865610171	1.295322590522119e-07	0.05799384430574719	8.757782012480675e-07	0.000383727069129236	0.005586189830236776	0.2763362765312195	0.006442460267498973	0.00027836918890784547	5.6051938572992686e-46	0.01932567423209548	0.0035692895646207033	8.44698053015236e-07	4.482753297452291e-07	2.1079226280562578e-05	2.2165925970857488e-08	1.1862874099932697e-06
G[C>T]C	0.022718658903613687	2.7967266191808447e-08	0.08217631173320114	2.8612156063445583e-05	0.24795839647424386	0.002609534545084102	0.003406646439407268	5.0861525892287315e-06	0.10332213502842932	0.028243418850655642	0.001031585349993236	0.0024826535846980136	8.407790785948902e-46	8.237878432737488e-08	1.5019020054296562e-07	0.0	0.0001480583028978799	0.0005661049216691083	0.0016164608018073069
G[C>T]G	0.012212111573810705	0.13638979116770963	0.7704927325248718	4.263144859492478e-07	0.01582526516991964	0.02579290123930491	0.004823896757670809	0.0456514326860713	0.01152870844393874	0.0009226746002241271	0.004711019656123755	0.009489857426876825	0.0023071600390949243	1.548064574308228e-08	0.004021604885974739	1.2837610938731813e-07	0.004811492862251044	4.216819027797814e-07	0.0035825785592444063
G[C>T]T	0.01691760457501914	2.676702024473343e-07	0.02666295859962702	0.013768196856608484	0.13705574572086335	0.01151241734623909	0.017653377927763357	0.005489752353706315	0.13679745569825172	0.011830143677070738	3.331286961838547e-08	0.006443323095379583	0.027291897750455974	0.0	0.015654027912435708	2.9246299391161303e-07	0.0	0.00033881008086069644	0.001108508836477995
G[T>A]A	7.96090898802504e-06	2.1286077158677585e-05	1.5090730448719114e-05	1.7497788940090685e-05	4.976118377300054e-05	0.00027671603220369434	0.0002441891934722662	0.0	0.0	0.0028057774063199757	0.00016898128438782578	2.8866801926596965e-08	1.583086764185282e-05	0.00019896320782208932	0.00239591213931476	0.004473292065358692	2.9405843815766274e-05	0.0013639937507640809	0.02213979668740649
G[T>A]C	3.7029720260761677e-06	2.0829927234444767e-05	0.0006706304106046445	0.0	0.0032419168157503007	0.00048541158217751956	0.0	0.0036370763322338463	0.0006623626456587317	0.0082582792107587	0.0009174155253276695	3.730097302536706e-05	0.0011485158766845415	0.000246409977262374	0.005791251902701333	0.004244282632134855	0.0024686324875801803	0.00024048907216638326	0.03984858589246869
G[T>A]G	0.0	0.0	0.0	1.4012984643248171e-46	0.0001239355030804745	0.0019764093272016227	0.0	0.00035591507330536845	0.000955929997144267	0.0019507517494048443	0.0009484526255675973	7.789206929373905e-05	0.0	0.0001605840168345196	0.002368664480528082	0.009657977328697599	0.0007738337765601955	0.0001894223128545036	0.02850413294509053
G[T>A]T	0.0006429312328691594	0.0	0.0003072943683946505	0.0	0.0002723639161558822	0.001865288752053118	8.88589260284789e-05	0.001846041315002367	4.343912951298989e-06	0.0012163497623987496	0.0025890357603202572	0.0051621724618598815	0.00022750353519711551	1.0549829858064185e-05	0.0019193460895621684	0.00490009025906204	0.008634159993380307	0.000901576183969155	0.023193929373886136
G[T>C]A	0.002957378526116372	2.991197078472396e-07	0.00463397523144522	1.134251140355677e-06	0.01727779689936142	0.013900689391397237	0.0025090077124843902	0.006349692730873357	0.0024878725061739716	0.20723634213209152	5.871256334444297e-07	3.988056676007545e-08	2.332233322022148e-08	0.0	3.818102687347391e-07	0.0	0.0	1.3663495508353661e-07	0.0006318049277879822
G[T>C]C	0.0037667542159169898	1.6833016758255326e-08	0.020490193466389427	0.0034657683633774637	0.06291004339048527	0.026515888169110723	0.011758023501328008	0.0035048170895606743	4.934563548886217e-08	0.059760659959852094	2.289542175049064e-06	9.55605315766661e-08	0.0028545711655169727	0.0	0.036022160349716614	1.3140757985752316e-06	0.004009481300954576	0.0007433506424042946	6.008066826268532e-07
G[T>C]G	1.9649312088176887e-05	1.6996440521666046e-08	0.0028624308366886455	4.891604135235823e-08	0.01749878405698837	0.009877885411810894	0.003584335144068973	0.013779574818909169	6.861667609996403e-05	0.13407698646187782	0.06422805339097977	9.760082519960633e-08	0.003426423699173142	1.3110296444018842e-07	1.5944609572215996e-06	0.0	0.0016364267576591373	3.86273609365162e-07	0.0004001866444014013
G[T>C]T	0.004016036452958361	0.003521890577394515	0.0007300294935703277	0.005707644848371274	0.00850151116028428	0.01365827493436882	0.028052577376365663	0.0007824103347957134	1.401298464324817e-45	0.12486636638641357	0.0	0.003687534484117805	0.015143954753875732	0.0	0.002845490353229252	0.0019044317642737951	0.004589303606189787	0.0007690181146074338	0.0028820789520437986
G[T>G]A	2.707179810386151e-05	0.0	4.4506620906759056e-05	0.0004907470414764248	0.0015187316341325641	0.0004034002311527729	0.003534910356393084	0.0	0.0	0.00020143440924584864	0.0	1.903668890008703e-05	0.0005418499233201147	1.3068347470834851e-05	0.0004733976908028126	0.007915832940489054	0.0017450294515583664	0.001639938766004434	0.003020977590131224
G[T>G]C	0.000493756346986629	2.8025969286496343e-46	0.0012011796061415225	0.0004677163819224006	0.00907784472219646	0.0014808088943183862	0.005545375077053905	0.0	0.0	0.0018941224669106304	0.0	1.4012984643248171e-46	0.005293154635000974	1.6025482707959781e-06	0.0030031459745124777	0.006139927881844187	0.009665059577673673	0.0004005569498986006	0.0008685727735894489
G[T>G]G	4.669744521379471e-05	0.0	0.0007369826125795953	0.00023970204638317226	0.006361069239210338	0.0017600170336663722	0.0021401679259724915	0.0	0.0	0.0008282078779302537	0.0005237082711289532	0.0	0.00671987347304821	2.514608787862471e-09	0.0014677952975034713	0.017945263348519803	0.007052309485152364	0.0013157336561263832	0.00025178369337481855
G[T>G]T	0.0004783143602789863	1.8739954157354078e-07	0.002109751087755285	3.523079491571934e-05	0.007708018727392204	0.0012148806040542582	0.011668655835092068	0.0002269655020427308	1.4378433377260081e-08	0.0005748866788053419	3.8305704947561026e-05	1.302433645378187e-08	0.007997307693585753	0.0	0.002118487948453751	1.6136911114017493e-07	0.10051387324929237	9.750193612489965e-08	0.0006282988319533444
T[C>A]A	0.022499601620256725	0.0	0.0	0.0012136060158923101	0.0013045282331148656	1.4833718751106061e-07	0.06511684154938849	1.4012984643248171e-46	0.0	0.0	2.1387462467714615e-09	0.00016264824380414212	0.00040490752136861373	0.03550902810529806	1.743151031519119e-07	5.162486779397568e-07	0.0	0.25274063237011435	0.006465144031368908
T[C>A]C	0.019337654765695333	0.001283908449113369	0.00029119683313183486	8.407790785948902e-46	0.007674895226955414	0.008316322574683	2.8025969286496343e-46	0.008224074845202267	0.0005079743918031454	2.428140221982962e-15	0.0001572359586134553	0.0038526114891283213	0.06458072401583195	0.020892972685396673	0.004430466750636697	0.03042159862816334	1.1210387714598537e-45	0.03927258215844631	0.007096784503664822
T[C>A]G	0.005094931309577078	1.4012984643248171e-46	0.00011526025919010863	0.0	0.004138043522834778	0.013883192278444766	0.0028037603478878736	0.0005373242427594959	0.0008160665456671268	0.0	0.0005353140048100613	0.00022773449651793953	0.00010408017551526428	0.0060244560008868575	2.8025969286496343e-46	0.0016330460106615875	0.0005896954891795759	0.045337877608835696	0.002777873938288167
T[C>A]T	0.6933396369218826	2.8501230531219335e-08	9.810039422575301e-07	9.143008128376096e-07	1.4893483850642042e-06	1.0737794809757505e-06	0.0026780583427239435	0.0018828516815773354	9.506840342510259e-07	4.3782955333426796e-05	1.5301391043109902e-06	1.444187418542242e-06	1.0551185726370704e-05	6.750406612354709e-07	3.460894942577397e-05	3.822077331960852e-07	0.0002743678815477324	0.003998262859386159	0.06578519935504587
T[C>G]A	0.0	2.0380295571165163e-07	2.8025969286496343e-46	1.4597300257435108e-09	8.787393870335337e-08	1.6416367998317583e-07	0.0	0.0	0.0	0.0	5.74790748331111e-10	1.287099635760569e-08	4.1266147832175193e-07	0.21062105447053908	3.2737765423007657e-07	1.370928944197658e-05	8.666493798159535e-08	7.769512023969582e-07	4.981910990409233e-08
T[C>G]C	0.0	0.0002253616985399276	2.9963274391775486e-05	2.3711062385700644e-05	0.00014224470141925848	8.219429219025187e-05	2.3840255744289605e-05	3.4591794246807694e-06	0.0	0.00030259231571108105	0.0	0.0	0.0	0.07000684775412083	0.000523099914425984	0.036077053472399714	0.00018044565367745236	7.295311661437154e-05	0.002647342928685248
T[C>G]G	0.0	7.786943024257198e-06	3.248215602411619e-05	2.68589734332636e-05	1.849900872912258e-05	0.0004791410223901948	3.6998855648562314e-06	7.4013463745359335e-06	4.696198666351847e-05	6.911071250215173e-06	0.0	0.00013860138860763982	0.0	0.02152406722307205	1.5080352022778243e-05	0.019421294517815112	0.00026065773331538364	0.0007451828569173813	0.0007402411923976615
T[C>G]T	0.00010169390181999916	0.0	0.0	0.0	1.9912333470983866e-08	7.532331665061065e-08	2.821606195482218e-05	1.4118027456788695e-05	0.0	0.00022127719239506405	0.0	0.0	0.00012164342333562673	0.26506818234920504	2.8025969286496343e-46	0.019601145905977547	0.0007911146611149888	4.049422273055825e-08	0.00032190983911277725
T[C>T]A	0.0011379448903880984	0.0	0.0003884165213094093	0.0027240451711151082	0.002733802340122793	1.1622567399172113e-06	8.713291298363401e-05	0.0031563107855618	0.021028568828478457	0.003153618343640119	0.00015998849412426352	0.007321490906178951	0.0006986741616856306	0.23678177930414676	0.20604642056860029	0.0	0.0034304375899409933	0.0049147470850243735	0.015575449289462995
T[C>T]C	0.018205669801682235	0.0007100134156644344	0.011456385185010732	0.019807789660990237	0.006513131945393979	0.0010802111472003161	0.0048152923351153735	0.0006811956409364939	2.2504112330428626e-38	0.0027014548890292645	0.0007777041289955377	0.08360020853579045	0.028920683637261392	0.026234524766914548	0.23088754639029502	0.012167337303461067	0.0012214949805638754	0.0035056833177804945	0.005269048176705838
T[C>T]G	0.008394827651124842	0.035091799220670336	1.5590582447089218e-05	0.8922728061676025	0.0009624636758388761	0.010334530667944365	0.005041296145077467	0.013025159042777545	4.240072996708498e-07	0.0006953245614568004	0.005233436086570009	0.00018829472444394923	0.0002755157183855772	0.003316039065299492	0.005137464547245724	2.8025969286496343e-46	0.0009697849622170906	0.01047314008428044	0.0319013981067371
T[C>T]T	0.054539353027939795	0.007156688719987869	3.679854074789546e-08	0.028253943011304728	0.0018168103908379862	4.779779908403725e-05	0.006566480076864422	0.0026982126757502554	1.4012984643248171e-46	2.2217047046524385e-08	3.080900938812192e-07	0.0279830043216009	0.00943259161344372	0.05665587708353996	0.2906990569084883	3.3956431977344437e-07	1.4012984643248171e-46	7.719080485912855e-08	0.006970173770744737
T[T>A]A	0.0002885699304897571	0.0007173164187406656	2.6932734181173144e-05	1.4012984643248171e-46	0.0018225562293082477	0.008357640774920582	0.0017598323407582938	0.00021844614454238353	0.0008311357261845842	0.0017998161842115224	0.0008843571353374102	0.0	0.0	2.6170709315920248e-05	0.0034298848535399885	0.0036852626032839453	9.717373177409172e-05	0.006384555902332068	0.026580113504314794
T[T>A]C	0.0006274875733652153	7.715952961007133e-06	2.8803962050005793e-05	0.0002553012571297586	7.917569018900394e-05	3.696359635796398e-05	0.000921427040884737	0.0002524651441490278	2.1323910459614127e-08	0.0014958144522097428	0.0	0.0008324139736942016	0.007821806054562331	7.514524622820318e-05	0.004616055451333523	0.00790802133269608	0.0029506622115150092	0.004139584304721211	0.0268159142753575
T[T>A]G	0.0009256947887479328	0.0	0.0	0.0	0.001653185486793518	0.0021419690106995403	0.000737211043087882	1.4012984643248171e-46	0.0	0.0005222828651312739	0.0004652918567444431	3.9164049667306244e-05	0.0007631734944880009	0.0	0.0014280055111157708	0.00706502846442163	0.0012968471779458922	0.004175386534325298	0.01432365616201423
T[T>A]T	0.006219120416790247	0.0009022062298754463	0.0	1.4012984643248171e-46	0.0021853582933545113	0.0025441871184739284	0.0026004076047684067	3.160509513691068e-05	0.001494357839692384	0.0004770969244418666	0.0003151138647808693	0.0006193269342475105	0.003885539504699409	1.4012984643248171e-46	0.0036293509881943466	0.008776162834146816	0.006360186729580164	0.011551569421158092	0.01776629127562046
T[T>C]A	0.0028643872123211623	3.079343751721808e-05	5.188246141187847e-05	5.6051938572992686e-46	0.01216994820255195	0.009144236534029914	0.003738677897490561	0.002377764964387552	0.013764159381389618	0.05736445635557175	2.278905412822496e-07	0.002431866759434342	0.0	0.00010560294467722997	0.0023451449598720585	0.0006497509009477653	0.0009727433149237186	0.00034631159041964565	0.014713934409974172
T[T>C]C	0.00026165838353335856	4.4224154407856986e-05	0.0027172947069630028	0.00028473501365624545	0.035858256928622725	0.01819767798297107	0.023073115287115798	0.007076943246647716	0.0015011128038167954	0.040379653054054644	0.013132139458321035	0.006364972923267942	0.0030175162944942715	0.00034453262778697533	0.00169111464465459	0.002902270486231373	0.0031763155595399438	0.005786573560908437	0.02329511472489685
T[T>C]G	0.002964511071331799	5.4426484473424354e-05	4.639173596387991e-08	0.00011606266054400293	0.015362633837176532	0.004932116445388601	0.01018565432500509	0.001473453766084276	0.021967159622727196	0.029548411015366583	0.04903860557824373	8.052989812767919e-08	0.0007800251725939234	1.6392716497648506e-05	4.7794743096574163e-08	0.0	0.0016862992219444095	8.407790785948902e-46	0.013154007168486715
T[T>C]T	0.0023416299707605505	5.055361982613249e-05	1.5288999293261442e-07	1.4012984643248171e-46	0.016465212497860194	0.013957117497920992	0.02509519899249426	0.002054395681159349	0.0034795283805578946	0.03376812865555649	0.00640083005419001	0.018359931698068977	0.005036045777660547	0.0	0.000940158001836977	0.002316669881926714	0.0013162431577882217	0.0035453840857371686	0.028797582793049514
T[T>G]A	0.00041842185892164706	0.0	0.0	3.2058288468306272e-09	1.2671156497390256e-07	7.856021682073333e-08	0.02660775762051344	0.0	0.0	8.500766797965298e-05	0.0	1.0163546448893613e-09	0.0	1.4423872222835143e-05	0.00024865095037966966	0.004286351947462208	1.9185588158165955e-07	0.03034770560916513	0.0018205085980298463
T[T>G]C	0.000483308732509613	0.0001170896808616817	0.0005389489437220618	0.0015455211423034854	0.007627002616209211	0.0038045967623475006	0.03840363956987858	0.0	4.203895392974451e-46	0.00040942800405900924	2.908855094574392e-05	0.0010139221356709528	0.010175137198530138	0.0002469990355166374	0.001050675516114552	0.004937078238344839	0.006715128035284579	0.0006023797471158332	0.0005499814582123008
T[T>G]G	0.0003954576393880416	0.0002828381898780208	1.4012984643248171e-46	0.00041833005234366284	0.0020495995879173277	0.0015902659556104482	0.009229609509930015	0.000245348596945405	0.0009157623397186398	9.873304225038737e-05	0.001339620461294544	1.4012984643248171e-46	0.0008141908794641495	0.000121746845979942	0.0015764008552650922	0.01477774428203702	0.002819514146540314	0.0073042547330260275	0.0019738615723326803
T[T>G]T	0.0005184762625390249	2.752517957560485e-07	4.933318464850345e-08	4.022789227065005e-07	9.453795597664793e-05	0.002097104353529744	0.40269990265369415	0.0005955129834944728	1.6146854889124437e-32	1.1707359590218403e-06	0.0	1.1662298277315132e-06	0.0014524016815258278	0.0	7.672824686721924e-07	5.051710793679832e-07	0.000886612627354566	3.16251140173307e-06	0.0004673482202605328
