	train1_EXO1_0_real	train1_OGG1_0_real	train1_RNF168_0_real	train1_UNG_0_real	train1_ATP2B4_0_real	train1_ATP2B4_1_real	train1_MLH1_0_real	train1_MSH2_0_real	train1_MSH6_0_real	train1_MSH6_1_real	train1_PMS1_0_real	train1_PMS2_0_real
A[C>A]A	0.023744292237442923	0.1313364055299539	0.04428044280442804	0.044534412955465584	0.07659574468085106	0.048672566371681415	0.004132231404958678	0.011016949152542373	0.0067618332081141996	0.0034071550255536627	0.036011080332409975	0.012962962962962963
A[C>A]C	0.017351598173515982	0.009216589861751152	0.0036900369003690036	0.0	0.00425531914893617	0.004424778761061947	0.002066115702479339	0.00211864406779661	0.003005259203606311	0.0056785917092561046	0.002770083102493075	0.0030864197530864196
A[C>A]G	0.00821917808219178	0.004608294930875576	0.01107011070110701	0.004048582995951417	0.0	0.0	0.0010330578512396695	0.000423728813559322	0.0015026296018031556	0.0	0.0	0.0006172839506172839
A[C>A]T	0.019178082191780823	0.027649769585253458	0.014760147601476014	0.008097165991902834	0.02553191489361702	0.01327433628318584	0.008264462809917356	0.011016949152542373	0.008640120210368144	0.006246450880181715	0.01662049861495845	0.010493827160493827
A[C>G]A	0.0091324200913242	0.002304147465437788	0.01107011070110701	0.004048582995951417	0.0	0.0	0.002066115702479339	0.00211864406779661	0.0007513148009015778	0.0017035775127768314	0.0	0.0030864197530864196
A[C>G]C	0.0136986301369863	0.0	0.0036900369003690036	0.0	0.00851063829787234	0.0	0.0005165289256198347	0.001271186440677966	0.0011269722013523666	0.001135718341851221	0.002770083102493075	0.0030864197530864196
A[C>G]G	0.006392694063926941	0.002304147465437788	0.01845018450184502	0.008097165991902834	0.0	0.0	0.0	0.000847457627118644	0.0003756574004507889	0.0005678591709256105	0.0	0.0012345679012345679
A[C>G]T	0.012785388127853882	0.002304147465437788	0.014760147601476014	0.0	0.00425531914893617	0.0	0.0030991735537190084	0.00423728813559322	0.004132231404958678	0.0056785917092561046	0.0	0.005555555555555556
A[C>T]A	0.017351598173515982	0.013824884792626729	0.025830258302583026	0.06882591093117409	0.029787234042553193	0.035398230088495575	0.05991735537190083	0.06652542372881357	0.06010518407212622	0.05678591709256105	0.04709141274238227	0.011111111111111112
A[C>T]C	0.006392694063926941	0.0069124423963133645	0.0036900369003690036	0.048582995951417005	0.01276595744680851	0.0	0.02221074380165289	0.02076271186440678	0.018031555221637866	0.018739352640545145	0.00554016620498615	0.010493827160493827
A[C>T]G	0.012785388127853882	0.016129032258064516	0.0036900369003690036	0.008097165991902834	0.00425531914893617	0.022123893805309734	0.030991735537190084	0.0288135593220339	0.02779864763335838	0.019875070982396367	0.07756232686980609	0.012345679012345678
A[C>T]T	0.0182648401826484	0.0	0.01845018450184502	0.012145748987854251	0.01276595744680851	0.004424778761061947	0.03254132231404959	0.02711864406779661	0.03193087903831705	0.027825099375354913	0.013850415512465374	0.008024691358024692
A[T>A]A	0.00821917808219178	0.002304147465437788	0.0	0.004048582995951417	0.00425531914893617	0.004424778761061947	0.0015495867768595042	0.000423728813559322	0.0015026296018031556	0.0	0.0	0.0030864197530864196
A[T>A]C	0.0073059360730593605	0.0	0.0036900369003690036	0.0	0.00425531914893617	0.0	0.0010330578512396695	0.000423728813559322	0.0015026296018031556	0.0028392958546280523	0.002770083102493075	0.0006172839506172839
A[T>A]G	0.006392694063926941	0.004608294930875576	0.0036900369003690036	0.004048582995951417	0.0	0.0	0.0010330578512396695	0.000423728813559322	0.0	0.0017035775127768314	0.002770083102493075	0.001851851851851852
A[T>A]T	0.0073059360730593605	0.0	0.01107011070110701	0.004048582995951417	0.0	0.008849557522123894	0.01859504132231405	0.015254237288135594	0.0101427498121713	0.015332197614991482	0.0	0.01728395061728395
A[T>C]A	0.03744292237442922	0.0069124423963133645	0.04797047970479705	0.008097165991902834	0.01702127659574468	0.008849557522123894	0.020144628099173553	0.019915254237288134	0.019534184823441023	0.019875070982396367	0.002770083102493075	0.04506172839506173
A[T>C]C	0.0045662100456621	0.0	0.007380073800738007	0.0	0.00425531914893617	0.004424778761061947	0.006714876033057851	0.011440677966101695	0.007888805409466567	0.008517887563884156	0.002770083102493075	0.019753086419753086
A[T>C]G	0.0136986301369863	0.002304147465437788	0.01845018450184502	0.004048582995951417	0.01702127659574468	0.01327433628318584	0.031508264462809916	0.022457627118644068	0.030803906836964687	0.03520726859738785	0.0110803324099723	0.05617283950617284
A[T>C]T	0.015525114155251141	0.0	0.01845018450184502	0.020242914979757085	0.00851063829787234	0.004424778761061947	0.009297520661157025	0.009745762711864408	0.008264462809917356	0.009653605905735378	0.00554016620498615	0.014197530864197531
A[T>G]A	0.0027397260273972603	0.0	0.0	0.0	0.0	0.0	0.0005165289256198347	0.000423728813559322	0.0	0.001135718341851221	0.0	0.0012345679012345679
A[T>G]C	0.0009132420091324201	0.0	0.0036900369003690036	0.0	0.0	0.0	0.0	0.000847457627118644	0.0003756574004507889	0.0005678591709256105	0.0	0.0030864197530864196
A[T>G]G	0.006392694063926941	0.0	0.0	0.0	0.0	0.0	0.0015495867768595042	0.000847457627118644	0.0011269722013523666	0.0028392958546280523	0.002770083102493075	0.0006172839506172839
A[T>G]T	0.005479452054794521	0.0	0.007380073800738007	0.004048582995951417	0.00425531914893617	0.0	0.002066115702479339	0.0029661016949152543	0.002629601803155522	0.0034071550255536627	0.0	0.0030864197530864196
C[C>A]A	0.010958904109589041	0.03225806451612903	0.01845018450184502	0.02834008097165992	0.03829787234042553	0.05309734513274336	0.01756198347107438	0.015254237288135594	0.02066115702479339	0.021578648495173196	0.019390581717451522	0.010493827160493827
C[C>A]C	0.01004566210045662	0.002304147465437788	0.01107011070110701	0.0	0.00851063829787234	0.0	0.03254132231404959	0.02754237288135593	0.03343350864012021	0.02498580352072686	0.002770083102493075	0.016666666666666666
C[C>A]G	0.010958904109589041	0.0	0.0	0.008097165991902834	0.00851063829787234	0.004424778761061947	0.0030991735537190084	0.005084745762711864	0.006010518407212622	0.006246450880181715	0.00554016620498615	0.009259259259259259
C[C>A]T	0.014611872146118721	0.020737327188940093	0.01845018450184502	0.020242914979757085	0.01702127659574468	0.02654867256637168	0.08522727272727272	0.09491525423728814	0.08677685950413223	0.09937535491198182	0.01662049861495845	0.03518518518518519
C[C>G]A	0.00821917808219178	0.0	0.01107011070110701	0.0	0.00425531914893617	0.004424778761061947	0.0005165289256198347	0.000423728813559322	0.0003756574004507889	0.0	0.002770083102493075	0.0
C[C>G]C	0.0036529680365296802	0.0	0.0036900369003690036	0.004048582995951417	0.0	0.0	0.0005165289256198347	0.000847457627118644	0.0	0.0	0.0	0.0
C[C>G]G	0.0027397260273972603	0.0	0.007380073800738007	0.0	0.0	0.004424778761061947	0.0005165289256198347	0.0	0.0003756574004507889	0.0	0.002770083102493075	0.0006172839506172839
C[C>G]T	0.0091324200913242	0.0	0.0	0.0	0.0	0.0	0.0005165289256198347	0.0	0.0	0.001135718341851221	0.0	0.0006172839506172839
C[C>T]A	0.019178082191780823	0.01152073732718894	0.02214022140221402	0.06882591093117409	0.01702127659574468	0.02654867256637168	0.013946280991735538	0.013559322033898305	0.009767092411720512	0.010221465076660987	0.0221606648199446	0.008024691358024692
C[C>T]C	0.0073059360730593605	0.002304147465437788	0.0036900369003690036	0.024291497975708502	0.00851063829787234	0.004424778761061947	0.013946280991735538	0.012711864406779662	0.009015777610818933	0.01192504258943782	0.013850415512465374	0.012962962962962963
C[C>T]G	0.01004566210045662	0.0	0.014760147601476014	0.008097165991902834	0.0	0.004424778761061947	0.02324380165289256	0.019915254237288134	0.015026296018031555	0.011357183418512209	0.05817174515235457	0.010493827160493827
C[C>T]T	0.01643835616438356	0.0	0.007380073800738007	0.02834008097165992	0.00851063829787234	0.008849557522123894	0.013429752066115703	0.015254237288135594	0.01314800901577761	0.006246450880181715	0.0110803324099723	0.007407407407407408
C[T>A]A	0.010958904109589041	0.0	0.0036900369003690036	0.0	0.0	0.004424778761061947	0.0	0.0	0.0011269722013523666	0.0005678591709256105	0.00554016620498615	0.001851851851851852
C[T>A]C	0.01004566210045662	0.0	0.0036900369003690036	0.0	0.0	0.0	0.0025826446280991736	0.00211864406779661	0.0018782870022539444	0.0017035775127768314	0.0	0.0030864197530864196
C[T>A]G	0.010958904109589041	0.0	0.0036900369003690036	0.0	0.0	0.004424778761061947	0.0015495867768595042	0.000847457627118644	0.0011269722013523666	0.0005678591709256105	0.002770083102493075	0.0030864197530864196
C[T>A]T	0.006392694063926941	0.0	0.0	0.0	0.00851063829787234	0.004424778761061947	0.0	0.000847457627118644	0.0007513148009015778	0.0	0.0	0.0024691358024691358
C[T>C]A	0.011872146118721462	0.004608294930875576	0.014760147601476014	0.012145748987854251	0.01276595744680851	0.008849557522123894	0.01652892561983471	0.011016949152542373	0.01915852742299023	0.016467915956842702	0.0	0.03641975308641975
C[T>C]C	0.01004566210045662	0.0	0.0036900369003690036	0.0	0.0	0.0	0.00878099173553719	0.013135593220338982	0.010894064613072877	0.013628620102214651	0.002770083102493075	0.024074074074074074
C[T>C]G	0.00821917808219178	0.004608294930875576	0.0036900369003690036	0.004048582995951417	0.00851063829787234	0.004424778761061947	0.030991735537190084	0.03516949152542373	0.04658151765589782	0.044293015332197615	0.0	0.0691358024691358
C[T>C]T	0.012785388127853882	0.0	0.014760147601476014	0.0	0.00425531914893617	0.004424778761061947	0.012396694214876033	0.01228813559322034	0.014274981217129978	0.01306076093128904	0.008310249307479225	0.020370370370370372
C[T>G]A	0.0018264840182648401	0.0	0.0036900369003690036	0.0	0.0	0.004424778761061947	0.0010330578512396695	0.000847457627118644	0.0007513148009015778	0.0005678591709256105	0.0	0.0
C[T>G]C	0.0	0.0	0.0036900369003690036	0.0	0.0	0.0	0.0030991735537190084	0.0029661016949152543	0.003756574004507889	0.005110732538330494	0.0	0.007407407407407408
C[T>G]G	0.0091324200913242	0.0	0.01107011070110701	0.0	0.0	0.0	0.004132231404958678	0.002542372881355932	0.002629601803155522	0.003975014196479273	0.002770083102493075	0.014197530864197531
C[T>G]T	0.0036529680365296802	0.0	0.0036900369003690036	0.0	0.00851063829787234	0.0	0.0030991735537190084	0.005084745762711864	0.006010518407212622	0.0028392958546280523	0.0	0.007407407407407408
G[C>A]A	0.028310502283105023	0.35253456221198154	0.04428044280442804	0.0728744939271255	0.14893617021276595	0.19911504424778761	0.014979338842975207	0.014830508474576272	0.015777610818933134	0.022714366837024418	0.11634349030470914	0.019753086419753086
G[C>A]C	0.015525114155251141	0.020737327188940093	0.007380073800738007	0.0	0.0	0.017699115044247787	0.0046487603305785125	0.005084745762711864	0.005259203606311044	0.0068143100511073255	0.008310249307479225	0.006790123456790123
G[C>A]G	0.0045662100456621	0.01152073732718894	0.01107011070110701	0.008097165991902834	0.00425531914893617	0.008849557522123894	0.0005165289256198347	0.002542372881355932	0.003756574004507889	0.002271436683702442	0.002770083102493075	0.0006172839506172839
G[C>A]T	0.023744292237442923	0.08525345622119816	0.025830258302583026	0.032388663967611336	0.0425531914893617	0.048672566371681415	0.00981404958677686	0.017372881355932204	0.02291510142749812	0.01590005678591709	0.06925207756232687	0.012962962962962963
G[C>G]A	0.005479452054794521	0.004608294930875576	0.01107011070110701	0.004048582995951417	0.00851063829787234	0.0	0.0005165289256198347	0.000423728813559322	0.0011269722013523666	0.0	0.0	0.0012345679012345679
G[C>G]C	0.0045662100456621	0.0	0.0036900369003690036	0.004048582995951417	0.0	0.0	0.0025826446280991736	0.001271186440677966	0.002629601803155522	0.0017035775127768314	0.0	0.003703703703703704
G[C>G]G	0.0	0.0	0.007380073800738007	0.0	0.0	0.004424778761061947	0.0	0.0	0.0	0.0	0.0	0.0
G[C>G]T	0.00821917808219178	0.0	0.014760147601476014	0.0	0.0	0.0	0.002066115702479339	0.001271186440677966	0.002629601803155522	0.0034071550255536627	0.0	0.004320987654320987
G[C>T]A	0.023744292237442923	0.004608294930875576	0.01107011070110701	0.012145748987854251	0.01702127659574468	0.004424778761061947	0.07851239669421488	0.06694915254237288	0.06836964688204357	0.06871095968199886	0.01662049861495845	0.007407407407407408
G[C>T]C	0.0045662100456621	0.002304147465437788	0.0036900369003690036	0.032388663967611336	0.00851063829787234	0.004424778761061947	0.042871900826446284	0.04745762711864407	0.051840721262208865	0.04713231118682567	0.00554016620498615	0.022222222222222223
G[C>T]G	0.0045662100456621	0.009216589861751152	0.0036900369003690036	0.004048582995951417	0.00425531914893617	0.02654867256637168	0.05320247933884298	0.032627118644067796	0.03643876784372652	0.029528676888131742	0.036011080332409975	0.03209876543209877
G[C>T]T	0.015525114155251141	0.0	0.01845018450184502	0.004048582995951417	0.0	0.004424778761061947	0.05836776859504132	0.05593220338983051	0.039819684447783624	0.045428733674048836	0.00554016620498615	0.010493827160493827
G[T>A]A	0.0073059360730593605	0.0	0.0	0.0	0.0	0.0	0.0	0.0	0.0	0.0	0.0	0.0012345679012345679
G[T>A]C	0.0073059360730593605	0.0	0.0	0.0	0.0	0.0	0.0	0.001271186440677966	0.002253944402704733	0.001135718341851221	0.0	0.0012345679012345679
G[T>A]G	0.005479452054794521	0.0	0.0	0.004048582995951417	0.0	0.0	0.0005165289256198347	0.0	0.0015026296018031556	0.0	0.0	0.0012345679012345679
G[T>A]T	0.0036529680365296802	0.0	0.0036900369003690036	0.004048582995951417	0.0	0.0	0.0010330578512396695	0.002542372881355932	0.0033809166040570998	0.002271436683702442	0.0	0.0024691358024691358
G[T>C]A	0.0073059360730593605	0.0	0.0036900369003690036	0.004048582995951417	0.0	0.0	0.01084710743801653	0.008898305084745763	0.010518407212622089	0.016467915956842702	0.002770083102493075	0.03580246913580247
G[T>C]C	0.0009132420091324201	0.0	0.0	0.0	0.0	0.0	0.006714876033057851	0.012711864406779662	0.0067618332081141996	0.010221465076660987	0.0	0.014197530864197531
G[T>C]G	0.0036529680365296802	0.002304147465437788	0.007380073800738007	0.0	0.0	0.0	0.011363636363636364	0.012711864406779662	0.01915852742299023	0.017035775127768313	0.008310249307479225	0.020987654320987655
G[T>C]T	0.005479452054794521	0.0	0.007380073800738007	0.0	0.00425531914893617	0.004424778761061947	0.006714876033057851	0.006355932203389831	0.006010518407212622	0.009653605905735378	0.00554016620498615	0.013580246913580247
G[T>G]A	0.0036529680365296802	0.0	0.0	0.0	0.0	0.004424778761061947	0.0	0.000423728813559322	0.0003756574004507889	0.0	0.0	0.0
G[T>G]C	0.0018264840182648401	0.0	0.0	0.004048582995951417	0.0	0.004424778761061947	0.0	0.0	0.0003756574004507889	0.0	0.0	0.0012345679012345679
G[T>G]G	0.0045662100456621	0.0	0.007380073800738007	0.0	0.0	0.004424778761061947	0.0	0.0	0.0	0.0	0.0	0.0012345679012345679
G[T>G]T	0.0036529680365296802	0.0	0.0036900369003690036	0.004048582995951417	0.0	0.0	0.0005165289256198347	0.0	0.0015026296018031556	0.001135718341851221	0.002770083102493075	0.0030864197530864196
T[C>A]A	0.028310502283105023	0.04608294930875576	0.04059040590405904	0.044534412955465584	0.06808510638297872	0.0752212389380531	0.0046487603305785125	0.005508474576271186	0.005634861006761833	0.009653605905735378	0.04986149584487535	0.011728395061728396
T[C>A]C	0.014611872146118721	0.009216589861751152	0.02214022140221402	0.012145748987854251	0.01276595744680851	0.017699115044247787	0.005165289256198347	0.006355932203389831	0.007513148009015778	0.0073821692220329355	0.024930747922437674	0.007407407407407408
T[C>A]G	0.0045662100456621	0.009216589861751152	0.0036900369003690036	0.0	0.01276595744680851	0.0	0.0015495867768595042	0.002542372881355932	0.0011269722013523666	0.0028392958546280523	0.008310249307479225	0.0012345679012345679
T[C>A]T	0.033789954337899546	0.08986175115207373	0.04428044280442804	0.08097165991902834	0.12340425531914893	0.13716814159292035	0.022727272727272728	0.04025423728813559	0.02779864763335838	0.02385008517887564	0.11080332409972299	0.027777777777777776
T[C>G]A	0.014611872146118721	0.0	0.014760147601476014	0.004048582995951417	0.00425531914893617	0.0	0.0005165289256198347	0.0	0.0	0.0	0.0	0.0024691358024691358
T[C>G]C	0.0036529680365296802	0.0	0.007380073800738007	0.0	0.0	0.0	0.0	0.001271186440677966	0.0003756574004507889	0.0005678591709256105	0.0	0.003703703703703704
T[C>G]G	0.0036529680365296802	0.0	0.007380073800738007	0.0	0.00425531914893617	0.0	0.0	0.000423728813559322	0.0	0.0	0.002770083102493075	0.0
T[C>G]T	0.0136986301369863	0.004608294930875576	0.01845018450184502	0.0	0.01276595744680851	0.004424778761061947	0.0025826446280991736	0.001271186440677966	0.0011269722013523666	0.0017035775127768314	0.002770083102493075	0.0024691358024691358
T[C>T]A	0.0228310502283105	0.009216589861751152	0.01107011070110701	0.048582995951417005	0.029787234042553193	0.008849557522123894	0.009297520661157025	0.011016949152542373	0.008264462809917356	0.011357183418512209	0.036011080332409975	0.010493827160493827
T[C>T]C	0.0136986301369863	0.004608294930875576	0.025830258302583026	0.020242914979757085	0.01702127659574468	0.004424778761061947	0.012913223140495868	0.008050847457627118	0.008264462809917356	0.0073821692220329355	0.013850415512465374	0.0049382716049382715
T[C>T]G	0.006392694063926941	0.004608294930875576	0.007380073800738007	0.008097165991902834	0.00851063829787234	0.004424778761061947	0.012396694214876033	0.010169491525423728	0.005634861006761833	0.0068143100511073255	0.008310249307479225	0.0049382716049382715
T[C>T]T	0.014611872146118721	0.002304147465437788	0.02214022140221402	0.048582995951417005	0.01276595744680851	0.008849557522123894	0.012396694214876033	0.008898305084745763	0.007137490608564989	0.009653605905735378	0.0110803324099723	0.008641975308641974
T[T>A]A	0.01643835616438356	0.002304147465437788	0.01845018450184502	0.004048582995951417	0.00425531914893617	0.008849557522123894	0.0030991735537190084	0.001271186440677966	0.005634861006761833	0.003975014196479273	0.00554016620498615	0.008641975308641974
T[T>A]C	0.01643835616438356	0.002304147465437788	0.01107011070110701	0.004048582995951417	0.0	0.0	0.0	0.0	0.0007513148009015778	0.001135718341851221	0.002770083102493075	0.0012345679012345679
T[T>A]G	0.010958904109589041	0.002304147465437788	0.0036900369003690036	0.004048582995951417	0.00425531914893617	0.0	0.0005165289256198347	0.0	0.0003756574004507889	0.0	0.0	0.0012345679012345679
T[T>A]T	0.02009132420091324	0.0	0.014760147601476014	0.004048582995951417	0.01276595744680851	0.008849557522123894	0.002066115702479339	0.00423728813559322	0.004883546205860256	0.003975014196479273	0.008310249307479225	0.004320987654320987
T[T>C]A	0.02009132420091324	0.002304147465437788	0.02214022140221402	0.016194331983805668	0.00425531914893617	0.008849557522123894	0.011880165289256199	0.017796610169491526	0.017655897821187077	0.018171493469619535	0.0	0.03333333333333333
T[T>C]C	0.0073059360730593605	0.0	0.0036900369003690036	0.008097165991902834	0.0	0.0	0.008264462809917356	0.00847457627118644	0.010894064613072877	0.01249290176036343	0.002770083102493075	0.02962962962962963
T[T>C]G	0.00821917808219178	0.004608294930875576	0.007380073800738007	0.0	0.00425531914893617	0.008849557522123894	0.01859504132231405	0.01059322033898305	0.01652892561983471	0.018739352640545145	0.0	0.030864197530864196
T[T>C]T	0.00821917808219178	0.0	0.007380073800738007	0.020242914979757085	0.02127659574468085	0.008849557522123894	0.010330578512396695	0.01228813559322034	0.010518407212622089	0.01249290176036343	0.013850415512465374	0.027160493827160494
T[T>G]A	0.005479452054794521	0.0	0.0	0.004048582995951417	0.0	0.008849557522123894	0.0	0.0	0.0003756574004507889	0.0	0.002770083102493075	0.0
T[T>G]C	0.0018264840182648401	0.0	0.0	0.0	0.00425531914893617	0.0	0.0005165289256198347	0.000423728813559322	0.0015026296018031556	0.0005678591709256105	0.002770083102493075	0.0012345679012345679
T[T>G]G	0.0036529680365296802	0.0	0.0036900369003690036	0.004048582995951417	0.00425531914893617	0.0	0.0030991735537190084	0.000847457627118644	0.0018782870022539444	0.0	0.0	0.0049382716049382715
T[T>G]T	0.012785388127853882	0.002304147465437788	0.0036900369003690036	0.008097165991902834	0.00425531914893617	0.004424778761061947	0.0015495867768595042	0.0038135593220338985	0.002253944402704733	0.001135718341851221	0.002770083102493075	0.004320987654320987
