	train3_EXO1_1_real	train3_OGG1_2_real	train3_RNF168_2_real	train3_UNG_2_real	train3_ATP2B4_4_real	train3_ATP2B4_5_real	train3_MLH1_2_real	train3_MSH2_1_real	train3_MSH6_4_real	train3_MSH6_5_real	train3_MSH6_6_real	train3_PMS1_2_real	train3_PMS2_2_real
A[C>A]A	0.016561514195583597	0.11529933481152993	0.027096774193548386	0.03625377643504532	0.0684931506849315	0.03007518796992481	0.005139920045688178	0.0068694798822374874	0.007205764611689352	0.003276003276003276	0.006333830104321907	0.050335570469798654	0.015625
A[C>A]C	0.01498422712933754	0.004434589800443459	0.01032258064516129	0.006042296072507553	0.0	0.0	0.003997715591090805	0.0014720314033366045	0.0028022417934347476	0.002457002457002457	0.0033532041728763042	0.006711409395973154	0.0030048076923076925
A[C>A]G	0.00473186119873817	0.008869179600886918	0.005161290322580645	0.0	0.00684931506849315	0.007518796992481203	0.0017133066818960593	0.0009813542688910696	0.0012009607686148918	0.000819000819000819	0.0007451564828614009	0.0	0.0018028846153846155
A[C>A]T	0.014195583596214511	0.022172949002217297	0.012903225806451613	0.02416918429003021	0.04794520547945205	0.007518796992481203	0.009137635636778984	0.007850834151128557	0.008807045636509208	0.011875511875511875	0.007078986587183309	0.02348993288590604	0.009615384615384616
A[C>G]A	0.01025236593059937	0.0	0.00903225806451613	0.0030211480362537764	0.0	0.0	0.0034266133637921186	0.001962708537782139	0.0028022417934347476	0.001638001638001638	0.0018628912071535022	0.0	0.002403846153846154
A[C>G]C	0.005520504731861199	0.0	0.0012903225806451613	0.0030211480362537764	0.0	0.0	0.002284408909194746	0.0009813542688910696	0.0008006405124099279	0.0012285012285012285	0.0011177347242921013	0.003355704697986577	0.001201923076923077
A[C>G]G	0.007097791798107256	0.0	0.003870967741935484	0.0	0.0	0.0	0.0	0.0	0.00040032025620496394	0.0	0.0	0.003355704697986577	0.001201923076923077
A[C>G]T	0.006309148264984227	0.0	0.01806451612903226	0.0030211480362537764	0.00684931506849315	0.0	0.0034266133637921186	0.0034347399411187437	0.0028022417934347476	0.004095004095004095	0.006333830104321907	0.0	0.006610576923076923
A[C>T]A	0.01971608832807571	0.0066518847006651885	0.02838709677419355	0.06948640483383686	0.0410958904109589	0.015037593984962405	0.06796116504854369	0.07016683022571148	0.05684547638110488	0.05978705978705979	0.06222056631892697	0.07718120805369127	0.009615384615384616
A[C>T]C	0.01025236593059937	0.0066518847006651885	0.00903225806451613	0.03625377643504532	0.00684931506849315	0.022556390977443608	0.01656196459166191	0.017664376840039256	0.015612489991993595	0.019656019656019656	0.021236959761549927	0.010067114093959731	0.012620192307692308
A[C>T]G	0.00946372239747634	0.0022172949002217295	0.01032258064516129	0.01812688821752266	0.00684931506849315	0.007518796992481203	0.028555111364934323	0.03189401373895977	0.029623698959167333	0.027846027846027847	0.023099850968703428	0.040268456375838924	0.019230769230769232
A[C>T]T	0.017350157728706624	0.004434589800443459	0.01032258064516129	0.021148036253776436	0.0	0.015037593984962405	0.02741290691033695	0.03042198233562316	0.02321857485988791	0.029484029484029485	0.021982116244411327	0.010067114093959731	0.010216346153846154
A[T>A]A	0.011829652996845425	0.004434589800443459	0.007741935483870968	0.0	0.0	0.0	0.0028555111364934323	0.0009813542688910696	0.0016012810248198558	0.0012285012285012285	0.0	0.006711409395973154	0.003605769230769231
A[T>A]C	0.005520504731861199	0.0	0.0012903225806451613	0.0	0.0	0.0	0.0005711022272986865	0.0009813542688910696	0.0020016012810248197	0.001638001638001638	0.0018628912071535022	0.003355704697986577	0.0018028846153846155
A[T>A]G	0.005520504731861199	0.0	0.003870967741935484	0.0	0.0	0.0	0.0017133066818960593	0.0004906771344455348	0.0008006405124099279	0.0	0.0007451564828614009	0.0	0.0006009615384615385
A[T>A]T	0.007097791798107256	0.0022172949002217295	0.011612903225806452	0.0030211480362537764	0.00684931506849315	0.0	0.017133066818960593	0.014720314033366046	0.012810248198558846	0.011466011466011465	0.01639344262295082	0.010067114093959731	0.022235576923076924
A[T>C]A	0.0417981072555205	0.0022172949002217295	0.04	0.00906344410876133	0.0	0.0	0.018275271273557967	0.026005888125613347	0.02241793434747798	0.02416052416052416	0.021982116244411327	0.003355704697986577	0.05889423076923077
A[T>C]C	0.008675078864353312	0.0	0.003870967741935484	0.0	0.0	0.0	0.008566533409480296	0.009322865554465163	0.010808646917534028	0.009828009828009828	0.012295081967213115	0.0	0.022235576923076924
A[T>C]G	0.01498422712933754	0.0	0.024516129032258065	0.006042296072507553	0.0	0.007518796992481203	0.03198172472872644	0.02404317958783121	0.03482786228983187	0.03235053235053235	0.03539493293591654	0.0	0.06911057692307693
A[T>C]T	0.015772870662460567	0.0022172949002217295	0.016774193548387096	0.0030211480362537764	0.0	0.015037593984962405	0.0074243289548829245	0.007360157016683023	0.009607686148919135	0.006552006552006552	0.010059612518628911	0.006711409395973154	0.017427884615384616
A[T>G]A	0.0031545741324921135	0.0	0.0012903225806451613	0.0	0.00684931506849315	0.007518796992481203	0.0	0.0	0.00040032025620496394	0.0	0.0	0.0	0.0
A[T>G]C	0.002365930599369085	0.0	0.0025806451612903226	0.0	0.0	0.007518796992481203	0.0005711022272986865	0.0004906771344455348	0.0	0.0004095004095004095	0.0007451564828614009	0.0	0.0018028846153846155
A[T>G]G	0.00473186119873817	0.0	0.003870967741935484	0.0	0.0	0.0	0.0	0.0004906771344455348	0.00040032025620496394	0.0004095004095004095	0.0	0.003355704697986577	0.003605769230769231
A[T>G]T	0.003943217665615142	0.0066518847006651885	0.003870967741935484	0.0	0.0	0.0	0.0017133066818960593	0.0004906771344455348	0.0016012810248198558	0.002457002457002457	0.0014903129657228018	0.0	0.0030048076923076925
C[C>A]A	0.014195583596214511	0.037694013303769404	0.02193548387096774	0.012084592145015106	0.03424657534246575	0.06015037593984962	0.019417475728155338	0.026987242394504417	0.0244195356285028	0.013923013923013924	0.01788375558867362	0.02348993288590604	0.01141826923076923
C[C>A]C	0.012618296529968454	0.0022172949002217295	0.012903225806451613	0.00906344410876133	0.0	0.015037593984962405	0.03026841804683038	0.02551521099116781	0.0244195356285028	0.028665028665028666	0.027943368107302535	0.006711409395973154	0.016826923076923076
C[C>A]G	0.008675078864353312	0.004434589800443459	0.005161290322580645	0.0030211480362537764	0.0	0.007518796992481203	0.003997715591090805	0.003925417075564278	0.005604483586869495	0.005323505323505323	0.007078986587183309	0.0	0.004807692307692308
C[C>A]T	0.01025236593059937	0.019955654101995565	0.011612903225806452	0.006042296072507553	0.00684931506849315	0.007518796992481203	0.07938320959451742	0.09911678115799803	0.09287429943955164	0.085995085995086	0.0942622950819672	0.020134228187919462	0.024639423076923076
C[C>G]A	0.013406940063091483	0.0	0.011612903225806452	0.0030211480362537764	0.0	0.0	0.0005711022272986865	0.0	0.0	0.000819000819000819	0.00037257824143070045	0.0	0.001201923076923077
C[C>G]C	0.002365930599369085	0.0	0.003870967741935484	0.0030211480362537764	0.00684931506849315	0.0	0.0	0.0	0.0	0.0	0.0	0.0	0.0
C[C>G]G	0.003943217665615142	0.0	0.0025806451612903226	0.0	0.0	0.0	0.0	0.0004906771344455348	0.00040032025620496394	0.000819000819000819	0.0	0.006711409395973154	0.0
C[C>G]T	0.01025236593059937	0.0	0.007741935483870968	0.0	0.0	0.0	0.001142204454597373	0.0	0.0008006405124099279	0.0004095004095004095	0.00037257824143070045	0.003355704697986577	0.0006009615384615385
C[C>T]A	0.02050473186119874	0.015521064301552107	0.014193548387096775	0.04833836858006042	0.02054794520547945	0.03007518796992481	0.010850942318675044	0.010794896957801767	0.01200960768614892	0.014332514332514333	0.013040238450074515	0.013422818791946308	0.004206730769230769
C[C>T]C	0.00946372239747634	0.0022172949002217295	0.012903225806451613	0.03625377643504532	0.0136986301369863	0.03007518796992481	0.01770416904625928	0.011285574092247301	0.010008006405124099	0.0085995085995086	0.011922503725782414	0.026845637583892617	0.004206730769230769
C[C>T]G	0.007886435331230283	0.0	0.0064516129032258064	0.006042296072507553	0.00684931506849315	0.015037593984962405	0.024557395773843516	0.021099116781157997	0.010808646917534028	0.01597051597051597	0.01564828614008942	0.0436241610738255	0.006009615384615385
C[C>T]T	0.02050473186119874	0.008869179600886918	0.016774193548387096	0.027190332326283987	0.00684931506849315	0.015037593984962405	0.012564249000571102	0.014720314033366046	0.011609287429943955	0.009828009828009828	0.00856929955290611	0.013422818791946308	0.010216346153846154
C[T>A]A	0.00946372239747634	0.0022172949002217295	0.005161290322580645	0.0030211480362537764	0.0	0.0	0.001142204454597373	0.0014720314033366045	0.0	0.000819000819000819	0.00037257824143070045	0.0	0.001201923076923077
C[T>A]C	0.006309148264984227	0.0	0.005161290322580645	0.0	0.0	0.007518796992481203	0.0017133066818960593	0.0014720314033366045	0.0012009607686148918	0.0028665028665028664	0.0018628912071535022	0.0	0.0018028846153846155
C[T>A]G	0.007097791798107256	0.0	0.0064516129032258064	0.0	0.0	0.0	0.0017133066818960593	0.0004906771344455348	0.0008006405124099279	0.0004095004095004095	0.0	0.0	0.0018028846153846155
C[T>A]T	0.005520504731861199	0.0	0.011612903225806452	0.006042296072507553	0.0	0.0	0.0005711022272986865	0.002944062806673209	0.0012009607686148918	0.0012285012285012285	0.0018628912071535022	0.0	0.002403846153846154
C[T>C]A	0.022082018927444796	0.0022172949002217295	0.007741935483870968	0.0030211480362537764	0.00684931506849315	0.0	0.01770416904625928	0.022571148184494603	0.022017614091273018	0.01678951678951679	0.021609538002980627	0.003355704697986577	0.03485576923076923
C[T>C]C	0.007886435331230283	0.0	0.0025806451612903226	0.0	0.00684931506849315	0.0	0.010850942318675044	0.010794896957801767	0.013610888710968775	0.012694512694512694	0.01676602086438152	0.0	0.028245192307692308
C[T>C]G	0.006309148264984227	0.0	0.005161290322580645	0.0	0.02054794520547945	0.0	0.03083952027412907	0.026987242394504417	0.03282626100880705	0.036036036036036036	0.043219076005961254	0.003355704697986577	0.06850961538461539
C[T>C]T	0.011041009463722398	0.0	0.011612903225806452	0.0	0.00684931506849315	0.007518796992481203	0.014848657909765849	0.007850834151128557	0.016012810248198558	0.010237510237510237	0.012667660208643815	0.003355704697986577	0.026442307692307692
C[T>G]A	0.0007886435331230284	0.0	0.0012903225806451613	0.0	0.0	0.007518796992481203	0.001142204454597373	0.0009813542688910696	0.0008006405124099279	0.0012285012285012285	0.00037257824143070045	0.006711409395973154	0.0018028846153846155
C[T>G]C	0.005520504731861199	0.0	0.0	0.0030211480362537764	0.0	0.0	0.0028555111364934323	0.0009813542688910696	0.0024019215372297837	0.002457002457002457	0.0033532041728763042	0.0	0.0030048076923076925
C[T>G]G	0.005520504731861199	0.0	0.0064516129032258064	0.006042296072507553	0.00684931506849315	0.0	0.0028555111364934323	0.003925417075564278	0.003602882305844676	0.0045045045045045045	0.005216095380029807	0.0	0.009615384615384616
C[T>G]T	0.005520504731861199	0.0	0.003870967741935484	0.0030211480362537764	0.00684931506849315	0.0	0.010279840091376356	0.005888125613346418	0.008006405124099279	0.009009009009009009	0.0029806259314456036	0.0	0.01141826923076923
G[C>A]A	0.04574132492113565	0.3215077605321508	0.04645161290322581	0.08761329305135952	0.1780821917808219	0.21052631578947367	0.011422044545973729	0.010304219823356232	0.012810248198558846	0.01597051597051597	0.01788375558867362	0.10738255033557047	0.02283653846153846
G[C>A]C	0.012618296529968454	0.011086474501108648	0.011612903225806452	0.006042296072507553	0.02054794520547945	0.015037593984962405	0.0028555111364934323	0.003925417075564278	0.005204163330664532	0.005733005733005733	0.0026080476900149033	0.020134228187919462	0.009014423076923076
G[C>A]G	0.002365930599369085	0.013303769401330377	0.0	0.0	0.0136986301369863	0.0	0.001142204454597373	0.0024533856722276743	0.0016012810248198558	0.0036855036855036856	0.0014903129657228018	0.003355704697986577	0.0018028846153846155
G[C>A]T	0.025236593059936908	0.10643015521064302	0.015483870967741935	0.045317220543806644	0.0684931506849315	0.06015037593984962	0.011422044545973729	0.01815505397448479	0.01921537229783827	0.02620802620802621	0.018628912071535022	0.0436241610738255	0.014423076923076924
G[C>G]A	0.00946372239747634	0.0022172949002217295	0.012903225806451613	0.006042296072507553	0.00684931506849315	0.0	0.0017133066818960593	0.0004906771344455348	0.0020016012810248197	0.0004095004095004095	0.0011177347242921013	0.0	0.0030048076923076925
G[C>G]C	0.005520504731861199	0.0022172949002217295	0.003870967741935484	0.0	0.00684931506849315	0.0	0.0	0.0024533856722276743	0.0020016012810248197	0.0020475020475020475	0.0007451564828614009	0.010067114093959731	0.001201923076923077
G[C>G]G	0.002365930599369085	0.0	0.003870967741935484	0.0	0.0	0.0	0.0	0.0	0.0	0.000819000819000819	0.0007451564828614009	0.003355704697986577	0.0
G[C>G]T	0.008675078864353312	0.0	0.003870967741935484	0.00906344410876133	0.0	0.015037593984962405	0.0017133066818960593	0.0004906771344455348	0.0024019215372297837	0.000819000819000819	0.0011177347242921013	0.0	0.004206730769230769
G[C>T]A	0.013406940063091483	0.0022172949002217295	0.02967741935483871	0.054380664652567974	0.00684931506849315	0.022556390977443608	0.07252998286693318	0.0760549558390579	0.06244995996797438	0.05978705978705979	0.06892697466467958	0.030201342281879196	0.007211538461538462
G[C>T]C	0.00946372239747634	0.0022172949002217295	0.011612903225806452	0.012084592145015106	0.00684931506849315	0.007518796992481203	0.05596801827527127	0.045142296368989206	0.05844675740592474	0.05323505323505324	0.04769001490312966	0.006711409395973154	0.019230769230769232
G[C>T]G	0.011829652996845425	0.011086474501108648	0.0025806451612903226	0.00906344410876133	0.00684931506849315	0.022556390977443608	0.038834951456310676	0.03532875368007851	0.0300240192153723	0.03194103194103194	0.030923994038748136	0.030201342281879196	0.025240384615384616
G[C>T]T	0.01892744479495268	0.004434589800443459	0.016774193548387096	0.03323262839879154	0.00684931506849315	0.007518796992481203	0.04854368932038835	0.058390578999018644	0.041633306645316254	0.050778050778050775	0.045827123695976156	0.006711409395973154	0.01201923076923077
G[T>A]A	0.006309148264984227	0.0	0.0064516129032258064	0.0	0.0	0.0	0.0	0.0	0.00040032025620496394	0.0	0.00037257824143070045	0.0	0.001201923076923077
G[T>A]C	0.00473186119873817	0.0022172949002217295	0.0064516129032258064	0.0	0.00684931506849315	0.0	0.001142204454597373	0.0	0.0012009607686148918	0.000819000819000819	0.0007451564828614009	0.003355704697986577	0.002403846153846154
G[T>A]G	0.007886435331230283	0.0	0.005161290322580645	0.0030211480362537764	0.0	0.0	0.0	0.0009813542688910696	0.0	0.0004095004095004095	0.00037257824143070045	0.0	0.0006009615384615385
G[T>A]T	0.005520504731861199	0.0	0.005161290322580645	0.0	0.0	0.007518796992481203	0.0028555111364934323	0.001962708537782139	0.0020016012810248197	0.002457002457002457	0.0011177347242921013	0.003355704697986577	0.003605769230769231
G[T>C]A	0.008675078864353312	0.0	0.014193548387096775	0.006042296072507553	0.0	0.0	0.009708737864077669	0.012757605495583905	0.010408326661329063	0.013513513513513514	0.015275707898658718	0.003355704697986577	0.03064903846153846
G[T>C]C	0.00473186119873817	0.0022172949002217295	0.003870967741935484	0.0	0.0	0.0	0.0034266133637921186	0.005397448478900883	0.00600480384307446	0.007371007371007371	0.006333830104321907	0.0	0.01201923076923077
G[T>C]G	0.0031545741324921135	0.0	0.003870967741935484	0.0030211480362537764	0.00684931506849315	0.0	0.021701884637350087	0.01619234543670265	0.015612489991993595	0.015561015561015561	0.019001490312965722	0.003355704697986577	0.028846153846153848
G[T>C]T	0.00473186119873817	0.0022172949002217295	0.0064516129032258064	0.0	0.0	0.0	0.004568817818389492	0.0034347399411187437	0.007606084867894315	0.007371007371007371	0.007078986587183309	0.003355704697986577	0.01201923076923077
G[T>G]A	0.0015772870662460567	0.0022172949002217295	0.0	0.0	0.0	0.0	0.0	0.0	0.0	0.0	0.0	0.0	0.0006009615384615385
G[T>G]C	0.0007886435331230284	0.0	0.0025806451612903226	0.0	0.0136986301369863	0.0	0.0005711022272986865	0.0	0.0020016012810248197	0.0004095004095004095	0.00037257824143070045	0.0	0.0
G[T>G]G	0.005520504731861199	0.0	0.003870967741935484	0.0030211480362537764	0.0	0.0	0.0	0.0004906771344455348	0.0	0.0	0.0	0.0	0.001201923076923077
G[T>G]T	0.0031545741324921135	0.0	0.003870967741935484	0.0	0.0	0.0	0.001142204454597373	0.001962708537782139	0.0016012810248198558	0.0012285012285012285	0.00037257824143070045	0.003355704697986577	0.002403846153846154
T[C>A]A	0.025236593059936908	0.057649667405764965	0.01806451612903226	0.03927492447129909	0.0547945205479452	0.03759398496240601	0.009708737864077669	0.008341511285574092	0.0032025620496397116	0.009009009009009009	0.007078986587183309	0.0436241610738255	0.005408653846153846
T[C>A]C	0.01971608832807571	0.017738359201773836	0.024516129032258065	0.012084592145015106	0.02054794520547945	0.022556390977443608	0.0074243289548829245	0.004906771344455349	0.008406725380304243	0.006961506961506962	0.004843517138599106	0.010067114093959731	0.004807692307692308
T[C>A]G	0.0031545741324921135	0.004434589800443459	0.003870967741935484	0.0030211480362537764	0.00684931506849315	0.0	0.0005711022272986865	0.0009813542688910696	0.0016012810248198558	0.0012285012285012285	0.0014903129657228018	0.0	0.002403846153846154
T[C>A]T	0.03548895899053628	0.10421286031042129	0.04516129032258064	0.08157099697885196	0.11643835616438356	0.09774436090225563	0.019417475728155338	0.02649656526005888	0.03482786228983187	0.03849303849303849	0.02645305514157973	0.1040268456375839	0.021033653846153848
T[C>G]A	0.006309148264984227	0.0	0.01032258064516129	0.006042296072507553	0.0	0.0	0.0	0.001962708537782139	0.00040032025620496394	0.0	0.0	0.003355704697986577	0.001201923076923077
T[C>G]C	0.005520504731861199	0.0022172949002217295	0.01032258064516129	0.0030211480362537764	0.0	0.007518796992481203	0.001142204454597373	0.0	0.0	0.0012285012285012285	0.0	0.0	0.0
T[C>G]G	0.00473186119873817	0.0	0.0025806451612903226	0.0	0.0	0.0	0.0	0.0	0.00040032025620496394	0.0	0.0	0.0	0.0006009615384615385
T[C>G]T	0.011041009463722398	0.0022172949002217295	0.02064516129032258	0.006042296072507553	0.0	0.022556390977443608	0.0034266133637921186	0.001962708537782139	0.0028022417934347476	0.002457002457002457	0.0014903129657228018	0.006711409395973154	0.0030048076923076925
T[C>T]A	0.018138801261829655	0.0022172949002217295	0.02193548387096774	0.04833836858006042	0.0136986301369863	0.03007518796992481	0.013135351227869789	0.012757605495583905	0.0068054443554843875	0.010237510237510237	0.00856929955290611	0.02348993288590604	0.002403846153846154
T[C>T]C	0.01025236593059937	0.0066518847006651885	0.014193548387096775	0.03625377643504532	0.00684931506849315	0.015037593984962405	0.009708737864077669	0.009813542688910697	0.007606084867894315	0.0085995085995086	0.009314456035767511	0.013422818791946308	0.007211538461538462
T[C>T]G	0.00473186119873817	0.0022172949002217295	0.005161290322580645	0.0030211480362537764	0.00684931506849315	0.015037593984962405	0.0074243289548829245	0.010794896957801767	0.010008006405124099	0.010237510237510237	0.005588673621460507	0.020134228187919462	0.0030048076923076925
T[C>T]T	0.014195583596214511	0.0066518847006651885	0.01032258064516129	0.030211480362537766	0.0	0.0	0.010850942318675044	0.012757605495583905	0.008807045636509208	0.010237510237510237	0.007078986587183309	0.003355704697986577	0.004206730769230769
T[T>A]A	0.016561514195583597	0.011086474501108648	0.01032258064516129	0.0	0.00684931506849315	0.0	0.0017133066818960593	0.0034347399411187437	0.003602882305844676	0.0036855036855036856	0.005216095380029807	0.006711409395973154	0.009615384615384616
T[T>A]C	0.011829652996845425	0.0	0.012903225806451613	0.0	0.0	0.0	0.002284408909194746	0.0004906771344455348	0.0	0.0	0.0014903129657228018	0.0	0.0006009615384615385
T[T>A]G	0.011829652996845425	0.004434589800443459	0.00903225806451613	0.006042296072507553	0.0	0.0	0.001142204454597373	0.001962708537782139	0.0016012810248198558	0.0004095004095004095	0.0	0.006711409395973154	0.001201923076923077
T[T>A]T	0.01498422712933754	0.004434589800443459	0.015483870967741935	0.0030211480362537764	0.0136986301369863	0.007518796992481203	0.004568817818389492	0.0034347399411187437	0.0020016012810248197	0.001638001638001638	0.005216095380029807	0.003355704697986577	0.007211538461538462
T[T>C]A	0.02365930599369085	0.0022172949002217295	0.024516129032258065	0.00906344410876133	0.03424657534246575	0.007518796992481203	0.010279840091376356	0.010794896957801767	0.020816653322658127	0.01638001638001638	0.019001490312965722	0.003355704697986577	0.03665865384615385
T[T>C]C	0.00473186119873817	0.0	0.0025806451612903226	0.0	0.0	0.0	0.009708737864077669	0.010794896957801767	0.013610888710968775	0.009828009828009828	0.011549925484351714	0.003355704697986577	0.029447115384615384
T[T>C]G	0.007097791798107256	0.0	0.00903225806451613	0.0	0.00684931506849315	0.0	0.01656196459166191	0.009813542688910697	0.02321857485988791	0.019656019656019656	0.01713859910581222	0.006711409395973154	0.03786057692307692
T[T>C]T	0.02050473186119874	0.0	0.02064516129032258	0.006042296072507553	0.0	0.0	0.014848657909765849	0.009322865554465163	0.014411529223378704	0.010237510237510237	0.013412816691505217	0.006711409395973154	0.025841346153846152
T[T>G]A	0.0031545741324921135	0.0	0.003870967741935484	0.0030211480362537764	0.0	0.007518796992481203	0.001142204454597373	0.0	0.00040032025620496394	0.0	0.0	0.003355704697986577	0.0
T[T>G]C	0.003943217665615142	0.0	0.005161290322580645	0.0	0.00684931506849315	0.0	0.0017133066818960593	0.0	0.0024019215372297837	0.0004095004095004095	0.0	0.0	0.0018028846153846155
T[T>G]G	0.00473186119873817	0.0	0.003870967741935484	0.0	0.0	0.0	0.001142204454597373	0.001962708537782139	0.0020016012810248197	0.0012285012285012285	0.00037257824143070045	0.006711409395973154	0.002403846153846154
T[T>G]T	0.007097791798107256	0.0022172949002217295	0.012903225806451613	0.006042296072507553	0.00684931506849315	0.015037593984962405	0.0034266133637921186	0.0014720314033366045	0.0016012810248198558	0.001638001638001638	0.0022354694485842027	0.010067114093959731	0.003605769230769231
