	train2_OGG1_1_real	train2_RNF168_1_real	train2_UNG_1_real	train2_ATP2B4_2_real	train2_ATP2B4_3_real	train2_MLH1_1_real	train2_MSH6_2_real	train2_MSH6_3_real	train2_PMS1_1_real	train2_PMS2_1_real
A[C>A]A	0.13394919168591224	0.025735294117647058	0.04297994269340974	0.06424581005586592	0.08783783783783784	0.005546311702717693	0.007107320540156361	0.00715307582260372	0.07526881720430108	0.008281573498964804
A[C>A]C	0.008083140877598153	0.003676470588235294	0.0028653295128939827	0.013966480446927373	0.006756756756756757	0.003882418191902385	0.0028429282160625444	0.0019074868860276585	0.0035842293906810036	0.004830917874396135
A[C>A]G	0.0023094688221709007	0.003676470588235294	0.0	0.008379888268156424	0.0	0.0	0.0021321961620469083	0.0004768717215069146	0.0035842293906810036	0.0006901311249137336
A[C>A]T	0.025404157043879907	0.003676470588235294	0.011461318051575931	0.019553072625698324	0.010135135135135136	0.00776483638380477	0.013503909026297086	0.007629947544110634	0.017921146953405017	0.005521048999309869
A[C>G]A	0.003464203233256351	0.003676470588235294	0.0028653295128939827	0.008379888268156424	0.006756756756756757	0.004991680532445923	0.0014214641080312722	0.004291845493562232	0.0	0.002070393374741201
A[C>G]C	0.0023094688221709007	0.003676470588235294	0.0028653295128939827	0.0	0.0033783783783783786	0.0033277870216306157	0.0014214641080312722	0.0009537434430138292	0.007168458781362007	0.003450655624568668
A[C>G]G	0.0	0.01838235294117647	0.0	0.00558659217877095	0.0	0.0022185246810870773	0.0007107320540156361	0.0004768717215069146	0.0035842293906810036	0.0
A[C>G]T	0.003464203233256351	0.01838235294117647	0.0	0.0	0.0033783783783783786	0.006100942872989462	0.007818052594171997	0.003814973772055317	0.007168458781362007	0.003450655624568668
A[C>T]A	0.008083140877598153	0.025735294117647058	0.07736389684813753	0.0223463687150838	0.02364864864864865	0.05379922351636162	0.05970149253731343	0.06056270863137816	0.03942652329749104	0.015873015873015872
A[C>T]C	0.0023094688221709007	0.014705882352941176	0.025787965616045846	0.002793296089385475	0.02027027027027027	0.013865779256794232	0.017057569296375266	0.02241297091082499	0.0035842293906810036	0.008281573498964804
A[C>T]G	0.003464203233256351	0.025735294117647058	0.017191977077363897	0.008379888268156424	0.0033783783783783786	0.03105934553521908	0.02203269367448472	0.026227944682880304	0.05734767025089606	0.00966183574879227
A[C>T]T	0.006928406466512702	0.011029411764705883	0.008595988538681949	0.00558659217877095	0.013513513513513514	0.026067665002773157	0.0255863539445629	0.021936099189318072	0.007168458781362007	0.00759144237405107
A[T>A]A	0.0	0.003676470588235294	0.0	0.002793296089385475	0.010135135135135136	0.0005546311702717693	0.0007107320540156361	0.0019074868860276585	0.007168458781362007	0.004140786749482402
A[T>A]C	0.0	0.0	0.0028653295128939827	0.0	0.006756756756756757	0.0033277870216306157	0.0007107320540156361	0.0004768717215069146	0.0	0.003450655624568668
A[T>A]G	0.0011547344110854503	0.0	0.0057306590257879654	0.002793296089385475	0.0	0.0011092623405435386	0.0	0.0009537434430138292	0.0035842293906810036	0.0
A[T>A]T	0.003464203233256351	0.014705882352941176	0.0028653295128939827	0.002793296089385475	0.010135135135135136	0.02107598447032723	0.019189765458422176	0.012875536480686695	0.0	0.023464458247066944
A[T>C]A	0.005773672055427252	0.058823529411764705	0.0057306590257879654	0.002793296089385475	0.013513513513513514	0.032723239046034386	0.01847903340440654	0.023366714353838816	0.0	0.062111801242236024
A[T>C]C	0.0023094688221709007	0.007352941176470588	0.0	0.0	0.0	0.012201885745978924	0.008528784648187633	0.011444921316165951	0.0035842293906810036	0.033126293995859216
A[T>C]G	0.003464203233256351	0.014705882352941176	0.0028653295128939827	0.002793296089385475	0.006756756756756757	0.03105934553521908	0.03695806680881308	0.030042918454935622	0.0035842293906810036	0.07246376811594203
A[T>C]T	0.005773672055427252	0.01838235294117647	0.011461318051575931	0.002793296089385475	0.0	0.0033277870216306157	0.010660980810234541	0.007629947544110634	0.0035842293906810036	0.01725327812284334
A[T>G]A	0.0	0.003676470588235294	0.0	0.00558659217877095	0.010135135135135136	0.0005546311702717693	0.0007107320540156361	0.0	0.0	0.0
A[T>G]C	0.0	0.0	0.0	0.0	0.0	0.0005546311702717693	0.0014214641080312722	0.0004768717215069146	0.0035842293906810036	0.0006901311249137336
A[T>G]G	0.0	0.011029411764705883	0.0	0.0	0.0	0.0005546311702717693	0.0014214641080312722	0.0004768717215069146	0.0	0.0006901311249137336
A[T>G]T	0.0011547344110854503	0.007352941176470588	0.0057306590257879654	0.002793296089385475	0.0033783783783783786	0.0016638935108153079	0.0042643923240938165	0.0004768717215069146	0.0	0.005521048999309869
C[C>A]A	0.03579676674364896	0.022058823529411766	0.02005730659025788	0.04189944134078212	0.030405405405405407	0.02329450915141431	0.017057569296375266	0.02145922746781116	0.03942652329749104	0.015873015873015872
C[C>A]C	0.0023094688221709007	0.007352941176470588	0.0028653295128939827	0.002793296089385475	0.0033783783783783786	0.027731558513588463	0.014214641080312722	0.03528850739151168	0.014336917562724014	0.016563146997929608
C[C>A]G	0.005773672055427252	0.003676470588235294	0.0057306590257879654	0.00558659217877095	0.0	0.005546311702717693	0.0035536602700781805	0.00619933237958989	0.0	0.00759144237405107
C[C>A]T	0.009237875288683603	0.022058823529411766	0.014326647564469915	0.027932960893854747	0.010135135135135136	0.08097615085967831	0.08884150675195451	0.08917501192179304	0.017921146953405017	0.03036576949620428
C[C>G]A	0.0011547344110854503	0.003676470588235294	0.0028653295128939827	0.002793296089385475	0.0	0.0	0.0	0.0009537434430138292	0.0	0.0006901311249137336
C[C>G]C	0.0	0.0	0.0057306590257879654	0.002793296089385475	0.0033783783783783786	0.0	0.0007107320540156361	0.0	0.0	0.0
C[C>G]G	0.0011547344110854503	0.003676470588235294	0.0	0.002793296089385475	0.0033783783783783786	0.0	0.0014214641080312722	0.0	0.0	0.002070393374741201
C[C>G]T	0.0023094688221709007	0.014705882352941176	0.0028653295128939827	0.002793296089385475	0.0033783783783783786	0.0	0.0014214641080312722	0.0004768717215069146	0.0035842293906810036	0.0
C[C>T]A	0.006928406466512702	0.007352941176470588	0.03151862464183381	0.030726256983240222	0.05405405405405406	0.013311148086522463	0.007818052594171997	0.012875536480686695	0.02867383512544803	0.008971704623878536
C[C>T]C	0.0023094688221709007	0.007352941176470588	0.03724928366762178	0.0111731843575419	0.006756756756756757	0.013311148086522463	0.011371712864250177	0.008106819265617548	0.007168458781362007	0.00966183574879227
C[C>T]G	0.004618937644341801	0.003676470588235294	0.008595988538681949	0.00558659217877095	0.02027027027027027	0.018302828618968387	0.013503909026297086	0.01239866475917978	0.035842293906810034	0.00759144237405107
C[C>T]T	0.005773672055427252	0.014705882352941176	0.03151862464183381	0.008379888268156424	0.0033783783783783786	0.018302828618968387	0.007818052594171997	0.00619933237958989	0.014336917562724014	0.008281573498964804
C[T>A]A	0.0011547344110854503	0.011029411764705883	0.0028653295128939827	0.002793296089385475	0.0	0.0011092623405435386	0.0	0.0004768717215069146	0.0	0.0006901311249137336
C[T>A]C	0.0011547344110854503	0.003676470588235294	0.0057306590257879654	0.002793296089385475	0.0	0.0022185246810870773	0.0014214641080312722	0.004291845493562232	0.0	0.004830917874396135
C[T>A]G	0.0011547344110854503	0.011029411764705883	0.0	0.0	0.0033783783783783786	0.0011092623405435386	0.0035536602700781805	0.0009537434430138292	0.0	0.002070393374741201
C[T>A]T	0.0011547344110854503	0.007352941176470588	0.0028653295128939827	0.00558659217877095	0.0	0.0016638935108153079	0.0021321961620469083	0.0009537434430138292	0.007168458781362007	0.002070393374741201
C[T>C]A	0.0	0.011029411764705883	0.0	0.002793296089385475	0.006756756756756757	0.01608430393788131	0.017768301350390904	0.02241297091082499	0.0035842293906810036	0.035886818495514144
C[T>C]C	0.0011547344110854503	0.007352941176470588	0.0028653295128939827	0.002793296089385475	0.0033783783783783786	0.00776483638380477	0.01279317697228145	0.019074868860276584	0.0	0.03036576949620428
C[T>C]G	0.004618937644341801	0.0	0.0028653295128939827	0.002793296089385475	0.0033783783783783786	0.025513033832501388	0.0412224591329069	0.04148783977110158	0.0035842293906810036	0.06763285024154589
C[T>C]T	0.0023094688221709007	0.01838235294117647	0.0028653295128939827	0.002793296089385475	0.0033783783783783786	0.009428729894620078	0.015636105188343994	0.010014306151645207	0.0035842293906810036	0.027605244996549344
C[T>G]A	0.0	0.0	0.0028653295128939827	0.002793296089385475	0.0	0.0	0.0014214641080312722	0.0009537434430138292	0.0	0.0006901311249137336
C[T>G]C	0.0	0.003676470588235294	0.0028653295128939827	0.0	0.0033783783783783786	0.006100942872989462	0.0035536602700781805	0.004291845493562232	0.0	0.006211180124223602
C[T>G]G	0.0	0.0	0.0	0.00558659217877095	0.0	0.004437049362174155	0.004975124378109453	0.005245588936576061	0.0	0.003450655624568668
C[T>G]T	0.0	0.0	0.0057306590257879654	0.002793296089385475	0.0	0.004437049362174155	0.007107320540156361	0.005245588936576061	0.007168458781362007	0.006901311249137336
G[C>A]A	0.34295612009237875	0.04044117647058824	0.06017191977077364	0.16201117318435754	0.1554054054054054	0.012201885745978924	0.017768301350390904	0.01239866475917978	0.0931899641577061	0.008971704623878536
G[C>A]C	0.012702078521939953	0.0	0.008595988538681949	0.0111731843575419	0.0	0.005546311702717693	0.0035536602700781805	0.004291845493562232	0.0035842293906810036	0.004830917874396135
G[C>A]G	0.006928406466512702	0.003676470588235294	0.0028653295128939827	0.002793296089385475	0.0033783783783783786	0.0011092623405435386	0.0007107320540156361	0.001430615164520744	0.0035842293906810036	0.0013802622498274672
G[C>A]T	0.08660508083140878	0.022058823529411766	0.03151862464183381	0.0670391061452514	0.0777027027027027	0.024958402662229616	0.016346837242359632	0.018121125417262757	0.06093189964157706	0.010351966873706004
G[C>G]A	0.0023094688221709007	0.0	0.0028653295128939827	0.002793296089385475	0.0	0.0011092623405435386	0.0007107320540156361	0.0009537434430138292	0.0	0.0006901311249137336
G[C>G]C	0.0011547344110854503	0.003676470588235294	0.0	0.002793296089385475	0.0	0.0022185246810870773	0.0021321961620469083	0.0019074868860276585	0.0	0.005521048999309869
G[C>G]G	0.0	0.0	0.0	0.0	0.0	0.0	0.0	0.0	0.0	0.0006901311249137336
G[C>G]T	0.0	0.014705882352941176	0.0028653295128939827	0.0	0.0033783783783783786	0.0016638935108153079	0.0014214641080312722	0.001430615164520744	0.0035842293906810036	0.004140786749482402
G[C>T]A	0.004618937644341801	0.01838235294117647	0.04871060171919771	0.00558659217877095	0.013513513513513514	0.07154742096505824	0.05685856432125089	0.05674773485932284	0.03942652329749104	0.00966183574879227
G[C>T]C	0.005773672055427252	0.007352941176470588	0.025787965616045846	0.00558659217877095	0.006756756756756757	0.043815862451469775	0.06112295664534471	0.05293276108726753	0.0035842293906810036	0.014492753623188406
G[C>T]G	0.003464203233256351	0.01838235294117647	0.008595988538681949	0.0111731843575419	0.010135135135135136	0.029395452024403773	0.03553660270078181	0.037672865999046255	0.03942652329749104	0.029675638371290544
G[C>T]T	0.0011547344110854503	0.014705882352941176	0.02865329512893983	0.0	0.0	0.048252911813643926	0.042643923240938165	0.039580352885073916	0.010752688172043012	0.012422360248447204
G[T>A]A	0.0	0.003676470588235294	0.0	0.0	0.0	0.0016638935108153079	0.0	0.0009537434430138292	0.0	0.0006901311249137336
G[T>A]C	0.0	0.0	0.0028653295128939827	0.0	0.0	0.0011092623405435386	0.0007107320540156361	0.0009537434430138292	0.0	0.003450655624568668
G[T>A]G	0.0011547344110854503	0.007352941176470588	0.0	0.0	0.0	0.0022185246810870773	0.0014214641080312722	0.001430615164520744	0.0	0.0006901311249137336
G[T>A]T	0.0	0.011029411764705883	0.0	0.00558659217877095	0.0	0.0033277870216306157	0.0028429282160625444	0.0009537434430138292	0.0	0.002070393374741201
G[T>C]A	0.0	0.003676470588235294	0.0	0.002793296089385475	0.0	0.013311148086522463	0.016346837242359632	0.01764425369575584	0.0	0.031746031746031744
G[T>C]C	0.0023094688221709007	0.003676470588235294	0.0028653295128939827	0.00558659217877095	0.0	0.004991680532445923	0.0028429282160625444	0.006676204101096805	0.0	0.018633540372670808
G[T>C]G	0.0	0.007352941176470588	0.0028653295128939827	0.002793296089385475	0.0033783783783783786	0.02107598447032723	0.017768301350390904	0.0195517405817835	0.0035842293906810036	0.022774327122153208
G[T>C]T	0.0	0.011029411764705883	0.0028653295128939827	0.002793296089385475	0.0	0.006100942872989462	0.009950248756218905	0.00619933237958989	0.0	0.024154589371980676
G[T>G]A	0.0	0.0	0.0	0.002793296089385475	0.0	0.0	0.0	0.0004768717215069146	0.0	0.0
G[T>G]C	0.0	0.0	0.0028653295128939827	0.0	0.0	0.0	0.0007107320540156361	0.0	0.0	0.0
G[T>G]G	0.0	0.007352941176470588	0.0	0.0	0.0	0.0005546311702717693	0.0	0.0	0.0035842293906810036	0.0
G[T>G]T	0.0	0.003676470588235294	0.0028653295128939827	0.002793296089385475	0.0033783783783783786	0.0016638935108153079	0.0021321961620469083	0.0004768717215069146	0.0	0.003450655624568668
T[C>A]A	0.046189376443418015	0.029411764705882353	0.03724928366762178	0.0670391061452514	0.07094594594594594	0.00776483638380477	0.004975124378109453	0.005245588936576061	0.043010752688172046	0.008281573498964804
T[C>A]C	0.015011547344110854	0.025735294117647058	0.011461318051575931	0.04189944134078212	0.02702702702702703	0.004991680532445923	0.0042643923240938165	0.004291845493562232	0.03225806451612903	0.004830917874396135
T[C>A]G	0.005773672055427252	0.007352941176470588	0.0	0.00558659217877095	0.006756756756756757	0.0011092623405435386	0.0021321961620469083	0.002384358607534573	0.014336917562724014	0.0006901311249137336
T[C>A]T	0.08775981524249422	0.03676470588235294	0.08022922636103152	0.13128491620111732	0.11486486486486487	0.025513033832501388	0.03695806680881308	0.023843586075345733	0.12186379928315412	0.026224982746721876
T[C>G]A	0.0	0.014705882352941176	0.008595988538681949	0.002793296089385475	0.0033783783783783786	0.0011092623405435386	0.0007107320540156361	0.0009537434430138292	0.0	0.0006901311249137336
T[C>G]C	0.0	0.0	0.0057306590257879654	0.00558659217877095	0.006756756756756757	0.0005546311702717693	0.0007107320540156361	0.0004768717215069146	0.0	0.002070393374741201
T[C>G]G	0.0	0.0	0.0028653295128939827	0.00558659217877095	0.0	0.0	0.0	0.0	0.0035842293906810036	0.0006901311249137336
T[C>G]T	0.0011547344110854503	0.014705882352941176	0.011461318051575931	0.002793296089385475	0.006756756756756757	0.0011092623405435386	0.0007107320540156361	0.0004768717215069146	0.0	0.002070393374741201
T[C>T]A	0.012702078521939953	0.014705882352941176	0.06017191977077364	0.00558659217877095	0.02027027027027027	0.012201885745978924	0.006396588486140725	0.011444921316165951	0.014336917562724014	0.004830917874396135
T[C>T]C	0.008083140877598153	0.0	0.03151862464183381	0.008379888268156424	0.013513513513513514	0.011647254575707155	0.00923951670220327	0.009060562708631379	0.0	0.005521048999309869
T[C>T]G	0.003464203233256351	0.022058823529411766	0.0057306590257879654	0.0111731843575419	0.013513513513513514	0.012201885745978924	0.010660980810234541	0.006676204101096805	0.03942652329749104	0.0013802622498274672
T[C>T]T	0.005773672055427252	0.01838235294117647	0.03151862464183381	0.00558659217877095	0.0033783783783783786	0.016638935108153077	0.007107320540156361	0.00715307582260372	0.0035842293906810036	0.00759144237405107
T[T>A]A	0.0	0.014705882352941176	0.0057306590257879654	0.0	0.010135135135135136	0.004437049362174155	0.0035536602700781805	0.004291845493562232	0.0	0.006211180124223602
T[T>A]C	0.0011547344110854503	0.007352941176470588	0.0028653295128939827	0.002793296089385475	0.0	0.0005546311702717693	0.0007107320540156361	0.0	0.0	0.0013802622498274672
T[T>A]G	0.0011547344110854503	0.003676470588235294	0.0	0.002793296089385475	0.0	0.0005546311702717693	0.0007107320540156361	0.0	0.0035842293906810036	0.0
T[T>A]T	0.0011547344110854503	0.03308823529411765	0.011461318051575931	0.002793296089385475	0.0033783783783783786	0.0027731558513588465	0.0028429282160625444	0.0009537434430138292	0.0	0.006901311249137336
T[T>C]A	0.005773672055427252	0.04044117647058824	0.0057306590257879654	0.01675977653631285	0.006756756756756757	0.010537992235163616	0.019189765458422176	0.021936099189318072	0.0035842293906810036	0.033126293995859216
T[T>C]C	0.003464203233256351	0.007352941176470588	0.0	0.0	0.0033783783783783786	0.007210205213533	0.010660980810234541	0.016213638531235097	0.0035842293906810036	0.03036576949620428
T[T>C]G	0.0023094688221709007	0.0	0.0057306590257879654	0.008379888268156424	0.0033783783783783786	0.017193566278424846	0.01990049751243781	0.025274201239866477	0.0035842293906810036	0.023464458247066944
T[T>C]T	0.005773672055427252	0.007352941176470588	0.008595988538681949	0.002793296089385475	0.0033783783783783786	0.012201885745978924	0.017057569296375266	0.012875536480686695	0.007168458781362007	0.027605244996549344
T[T>G]A	0.0023094688221709007	0.003676470588235294	0.0	0.002793296089385475	0.0	0.0	0.0	0.0	0.0	0.0
T[T>G]C	0.0	0.0	0.0028653295128939827	0.002793296089385475	0.0	0.0	0.0007107320540156361	0.0004768717215069146	0.0035842293906810036	0.002070393374741201
T[T>G]G	0.0023094688221709007	0.0	0.0028653295128939827	0.002793296089385475	0.0	0.0005546311702717693	0.0007107320540156361	0.001430615164520744	0.0	0.0006901311249137336
T[T>G]T	0.004618937644341801	0.014705882352941176	0.0057306590257879654	0.002793296089385475	0.0033783783783783786	0.0033277870216306157	0.0028429282160625444	0.005245588936576061	0.0	0.004140786749482402
