MutationType	SBS96A	SBS96B	SBS96C	SBS96D	SBS96E	SBS96F	SBS96G	SBS96H
A[C>A]A	3.64E-04	1.40E-03	1.62E-04	2.09E-78	8.28E-05	6.79E-04	3.17E-03	7.42E-03
A[C>A]C	1.85E-05	7.66E-05	4.26E-05	1.26E-04	2.67E-05	3.80E-05	1.33E-04	2.61E-04
A[C>A]G	2.17E-05	4.63E-05	6.61E-06	1.20E-04	0.00E+00	2.08E-05	0.00E+00	6.58E-05
A[C>A]T	2.52E-05	5.91E-05	7.47E-05	6.15E-04	8.09E-05	1.81E-04	2.01E-04	9.83E-04
A[C>G]A	3.31E-05	1.13E-04	9.41E-06	0.00E+00	2.24E-05	1.30E-04	0.00E+00	5.13E-04
A[C>G]C	1.51E-05	9.33E-05	3.15E-05	0.00E+00	2.52E-05	2.27E-05	1.31E-04	4.68E-04
A[C>G]G	3.07E-05	0.00E+00	0.00E+00	0.00E+00	6.38E-09	2.79E-63	0.00E+00	2.63E-04
A[C>G]T	1.63E-05	2.72E-05	9.58E-05	0.00E+00	8.06E-05	0.00E+00	2.89E-05	3.95E-05
A[C>T]A	9.98E-05	1.77E-17	2.52E-04	1.42E-16	3.43E-04	5.92E-04	2.10E-04	1.07E-03
A[C>T]C	2.16E-05	2.15E-04	1.48E-04	6.06E-04	1.01E-04	9.71E-05	0.00E+00	2.33E-04
A[C>T]G	7.57E-05	6.23E-24	4.87E-107	2.37E-04	1.54E-04	5.86E-34	9.37E-04	8.38E-04
A[C>T]T	2.11E-05	1.42E-04	8.98E-05	6.09E-04	8.50E-05	9.38E-05	0.00E+00	1.86E-04
A[T>A]A	2.21E-05	5.97E-05	2.56E-05	2.13E-04	0.00E+00	1.47E-08	2.45E-05	5.41E-05
A[T>A]C	1.37E-05	2.57E-36	1.04E-05	0.00E+00	0.00E+00	3.82E-05	8.88E-05	2.32E-04
A[T>A]G	2.66E-06	1.37E-05	1.06E-05	0.00E+00	2.47E-05	1.02E-05	0.00E+00	3.58E-05
A[T>A]T	8.67E-06	7.84E-05	1.32E-05	2.97E-04	1.01E-04	9.95E-121	7.60E-05	7.87E-05
A[T>C]A	3.90E-05	1.83E-04	3.16E-04	0.00E+00	2.10E-65	1.24E-04	5.78E-97	5.13E-04
A[T>C]C	2.64E-05	0.00E+00	1.12E-04	0.00E+00	0.00E+00	0.00E+00	0.00E+00	0.00E+00
A[T>C]G	6.38E-05	0.00E+00	2.02E-04	1.11E-04	1.64E-04	4.95E-05	1.52E-04	5.10E-44
A[T>C]T	2.10E-05	0.00E+00	5.08E-05	1.05E-04	5.44E-162	3.37E-05	0.00E+00	9.25E-38
A[T>G]A	4.16E-06	0.00E+00	0.00E+00	5.23E-04	0.00E+00	0.00E+00	0.00E+00	6.27E-04
A[T>G]C	3.26E-06	0.00E+00	5.94E-06	3.16E-05	0.00E+00	8.18E-06	0.00E+00	8.40E-66
A[T>G]G	1.53E-05	0.00E+00	0.00E+00	0.00E+00	1.45E-05	0.00E+00	0.00E+00	0.00E+00
A[T>G]T	1.32E-05	6.59E-05	2.03E-05	0.00E+00	9.70E-06	3.58E-05	1.04E-04	3.39E-04
C[C>A]A	1.02E-04	7.49E-04	6.49E-05	5.79E-04	6.87E-05	1.69E-04	9.25E-04	2.95E-03
C[C>A]C	2.58E-05	9.55E-88	5.65E-05	7.03E-05	1.20E-04	6.81E-05	0.00E+00	1.91E-04
C[C>A]G	1.18E-05	8.31E-05	5.39E-06	2.24E-04	1.54E-05	3.33E-05	1.26E-25	4.21E-131
C[C>A]T	8.25E-05	2.17E-04	4.07E-04	6.23E-04	4.98E-04	0.00E+00	1.15E-74	3.83E-04
C[C>G]A	8.41E-06	0.00E+00	8.18E-06	5.86E-05	0.00E+00	4.35E-05	5.16E-05	3.90E-05
C[C>G]C	1.12E-05	0.00E+00	0.00E+00	0.00E+00	0.00E+00	1.95E-05	8.81E-05	2.70E-04
C[C>G]G	4.23E-06	0.00E+00	9.50E-06	1.47E-04	7.48E-140	0.00E+00	4.81E-05	7.21E-05
C[C>G]T	1.93E-05	1.52E-05	0.00E+00	1.81E-05	2.60E-05	1.06E-05	7.27E-14	4.57E-09
C[C>T]A	0.00E+00	1.07E-04	2.93E-04	3.44E-03	4.58E-84	7.35E-04	3.28E-63	2.24E-03
C[C>T]C	2.89E-05	0.00E+00	6.97E-05	4.79E-04	2.23E-04	1.37E-04	5.06E-04	0.00E+00
C[C>T]G	3.02E-05	0.00E+00	4.94E-05	1.29E-03	8.87E-05	1.15E-04	2.26E-04	1.26E-03
C[C>T]T	4.21E-05	6.58E-13	2.09E-05	1.88E-04	2.01E-04	1.35E-04	2.51E-04	1.01E-04
C[T>A]A	1.35E-05	0.00E+00	0.00E+00	1.30E-04	3.13E-05	1.45E-05	1.43E-04	4.71E-91
C[T>A]C	6.76E-06	0.00E+00	2.49E-05	5.46E-05	2.81E-05	3.17E-05	0.00E+00	0.00E+00
C[T>A]G	1.44E-05	0.00E+00	5.22E-05	7.98E-05	4.58E-05	0.00E+00	0.00E+00	1.53E-04
C[T>A]T	8.76E-06	0.00E+00	6.00E-05	4.86E-09	5.67E-05	5.09E-05	6.08E-05	0.00E+00
C[T>C]A	4.70E-05	6.92E-05	1.59E-04	2.75E-05	2.03E-07	9.10E-05	8.81E-05	3.08E-04
C[T>C]C	2.46E-05	0.00E+00	1.19E-04	0.00E+00	2.96E-18	0.00E+00	0.00E+00	4.61E-05
C[T>C]G	0.00E+00	2.38E-05	5.09E-04	0.00E+00	1.14E-03	0.00E+00	2.78E-04	0.00E+00
C[T>C]T	1.90E-05	0.00E+00	6.53E-05	8.64E-05	6.55E-05	0.00E+00	9.03E-30	2.69E-04
C[T>G]A	3.33E-06	0.00E+00	2.86E-06	1.28E-04	9.91E-06	1.82E-05	9.38E-05	2.48E-138
C[T>G]C	5.78E-06	0.00E+00	3.28E-06	0.00E+00	1.79E-05	1.92E-05	0.00E+00	8.82E-05
C[T>G]G	1.96E-05	8.49E-118	3.76E-05	0.00E+00	0.00E+00	1.86E-05	1.33E-04	3.08E-04
C[T>G]T	8.91E-06	0.00E+00	1.33E-05	0.00E+00	4.69E-05	6.65E-05	3.68E-05	1.03E-34
G[C>A]A	3.83E-52	2.33E-03	6.80E-19	1.03E-02	8.62E-13	5.23E-05	5.20E-06	9.58E-06
G[C>A]C	5.50E-06	3.67E-04	2.17E-05	1.24E-03	2.58E-05	8.20E-05	5.21E-04	0.00E+00
G[C>A]G	2.75E-05	7.45E-05	1.09E-05	4.28E-05	2.71E-05	4.14E-05	2.31E-04	5.15E-04
G[C>A]T	1.12E-04	3.96E-04	2.06E-04	2.13E-03	1.83E-04	8.96E-04	4.15E-04	1.78E-03
G[C>G]A	2.72E-05	4.87E-05	1.64E-04	0.00E+00	0.00E+00	8.20E-05	1.44E-04	4.64E-05
G[C>G]C	2.11E-06	1.34E-05	1.91E-05	2.18E-05	0.00E+00	1.52E-05	1.20E-05	4.73E-05
G[C>G]G	1.58E-06	0.00E+00	1.07E-05	4.63E-05	0.00E+00	0.00E+00	2.88E-05	2.02E-05
G[C>G]T	1.75E-05	0.00E+00	3.56E-112	1.36E-04	4.28E-05	3.05E-05	0.00E+00	2.24E-04
G[C>T]A	9.80E-05	7.30E-16	1.93E-10	6.93E-150	3.81E-04	3.00E-04	3.84E-04	0.00E+00
G[C>T]C	0.00E+00	5.81E-05	2.64E-04	0.00E+00	1.86E-04	5.53E-05	0.00E+00	5.41E-04
G[C>T]G	8.98E-05	5.78E-06	6.83E-05	2.22E-04	1.37E-04	0.00E+00	9.36E-04	2.07E-03
G[C>T]T	8.30E-05	0.00E+00	1.51E-04	0.00E+00	1.21E-04	2.43E-04	0.00E+00	0.00E+00
G[T>A]A	6.55E-06	0.00E+00	5.77E-05	0.00E+00	9.45E-06	9.51E-06	0.00E+00	0.00E+00
G[T>A]C	4.50E-06	1.38E-05	1.71E-05	7.81E-84	0.00E+00	1.51E-05	2.62E-05	0.00E+00
G[T>A]G	1.24E-05	0.00E+00	0.00E+00	0.00E+00	2.09E-05	1.42E-05	0.00E+00	0.00E+00
G[T>A]T	1.27E-05	0.00E+00	2.92E-05	9.84E-05	3.48E-05	2.40E-05	0.00E+00	1.99E-04
G[T>C]A	3.65E-05	0.00E+00	1.27E-04	0.00E+00	0.00E+00	1.92E-05	0.00E+00	0.00E+00
G[T>C]C	1.41E-05	1.80E-05	4.77E-05	1.83E-05	1.27E-04	6.18E-44	0.00E+00	0.00E+00
G[T>C]G	7.84E-06	4.25E-05	3.08E-05	0.00E+00	1.45E-04	0.00E+00	8.32E-05	4.08E-05
G[T>C]T	1.56E-05	0.00E+00	8.59E-05	1.08E-04	0.00E+00	0.00E+00	1.22E-04	0.00E+00
G[T>G]A	2.24E-06	2.22E-05	2.44E-06	3.38E-05	0.00E+00	0.00E+00	4.55E-05	1.48E-04
G[T>G]C	0.00E+00	0.00E+00	6.09E-06	1.21E-04	0.00E+00	4.15E-05	1.47E-04	0.00E+00
G[T>G]G	6.56E-06	0.00E+00	0.00E+00	7.83E-06	1.65E-59	1.15E-05	1.14E-05	2.99E-05
G[T>G]T	1.01E-05	0.00E+00	1.03E-05	0.00E+00	0.00E+00	4.38E-05	0.00E+00	1.28E-04
T[C>A]A	9.29E-05	2.27E-04	1.02E-57	1.72E-03	1.19E-94	1.62E-04	7.02E-04	3.17E-04
T[C>A]C	2.94E-05	6.04E-05	0.00E+00	1.60E-03	6.06E-05	5.51E-70	1.87E-04	1.94E-03
T[C>A]G	2.09E-05	1.14E-04	0.00E+00	0.00E+00	1.10E-05	0.00E+00	8.81E-05	4.13E-04
T[C>A]T	2.23E-20	4.82E-04	1.24E-04	7.44E-04	1.89E-04	5.30E-04	6.54E-04	1.61E-03
T[C>G]A	7.34E-06	0.00E+00	0.00E+00	0.00E+00	0.00E+00	4.42E-05	2.74E-04	4.06E-04
T[C>G]C	7.87E-06	0.00E+00	7.59E-06	2.33E-04	0.00E+00	4.10E-05	0.00E+00	2.06E-04
T[C>G]G	1.52E-05	0.00E+00	2.13E-05	0.00E+00	0.00E+00	0.00E+00	1.08E-04	2.47E-04
T[C>G]T	2.67E-05	1.39E-05	0.00E+00	4.25E-04	6.70E-05	7.45E-05	1.78E-04	0.00E+00
T[C>T]A	7.85E-05	1.54E-04	3.92E-35	3.17E-04	4.02E-04	3.18E-04	2.59E-04	4.36E-07
T[C>T]C	1.89E-05	7.75E-05	4.62E-05	8.09E-83	1.76E-04	9.25E-05	3.30E-04	8.81E-04
T[C>T]G	3.45E-05	2.29E-150	0.00E+00	8.99E-04	6.86E-05	0.00E+00	1.63E-04	1.03E-03
T[C>T]T	9.45E-06	1.55E-04	3.84E-05	0.00E+00	1.92E-04	5.83E-05	5.58E-04	1.34E-03
T[T>A]A	2.26E-05	1.10E-04	4.89E-05	2.64E-04	1.03E-83	1.22E-04	8.31E-05	2.28E-04
T[T>A]C	8.76E-06	5.28E-05	7.85E-97	0.00E+00	0.00E+00	5.23E-05	0.00E+00	2.44E-04
T[T>A]G	6.07E-06	2.18E-05	2.44E-05	0.00E+00	0.00E+00	1.72E-05	9.00E-05	1.85E-04
T[T>A]T	3.08E-05	0.00E+00	5.17E-05	3.01E-04	9.66E-05	5.52E-05	3.28E-04	0.00E+00
T[T>C]A	2.95E-05	4.28E-05	1.58E-04	6.23E-05	1.28E-87	3.34E-05	2.79E-04	5.23E-04
T[T>C]C	3.38E-05	0.00E+00	1.23E-04	0.00E+00	0.00E+00	8.74E-05	0.00E+00	8.25E-05
T[T>C]G	2.60E-05	1.07E-05	4.08E-05	2.69E-05	2.23E-04	0.00E+00	9.53E-05	1.86E-05
T[T>C]T	3.77E-05	0.00E+00	1.14E-04	0.00E+00	0.00E+00	1.17E-04	7.26E-05	2.30E-62
T[T>G]A	9.89E-06	0.00E+00	0.00E+00	1.78E-04	0.00E+00	2.57E-05	5.68E-05	0.00E+00
T[T>G]C	5.40E-06	0.00E+00	1.46E-05	0.00E+00	0.00E+00	0.00E+00	4.26E-05	0.00E+00
T[T>G]G	4.77E-06	9.99E-06	7.95E-06	0.00E+00	0.00E+00	1.68E-05	9.10E-05	1.63E-04
T[T>G]T	2.95E-05	1.21E-10	3.81E-05	3.08E-04	8.15E-05	7.78E-05	5.37E-05	2.38E-120
