MutationType	SBS96A	SBS96B	SBS96C	SBS96D	SBS96E	SBS96F	SBS96G	SBS96H
A[C>A]A	0.013412397674003724	0.17841739066299472	0.0009311241983830806	2.0934481593695233e-78	0.00015668988887951118	0.0014794091066892214	0.07656621767965202	0.08687337382360721
A[C>A]C	0.009694113561424706	0.00782745649383266	0.00345833171937586	0.0010891818201069043	0.0022531308106668447	0.0009499510293196706	0.006028861016944019	0.009067037635002816
A[C>A]G	0.00746291290073083	0.005178098993295021	0.00047762711990676296	0.004135056919714669	1.0144556427887017e-193	3.1599662070865336e-05	4.4e-323	0.009406556965634196
A[C>A]T	0.006293314565870241	0.03309207154128803	0.010961644532998542	0.0016710169020087936	0.004550627881052082	0.004484279494849098	0.05476557064698025	0.0042477463559648055
A[C>G]A	0.009215827782354979	0.0009873196951608325	0.0038273056789869565	1.5e-323	6.614456301966448e-05	0.005007147433036341	5e-323	0.012309740597514803
A[C>G]C	0.006807382933722554	0.0005214577348242724	0.0016989481615257598	1.5e-323	0.0009571336354937563	0.001258035294504401	0.006478504311923238	0.002819395172893208
A[C>G]G	0.021302144886662523	9.62412766519108e-212	1e-323	2.5e-323	6.379850312206311e-09	2.79142783945444e-63	3e-323	0.007935333198204695
A[C>G]T	0.025485475192389872	0.0028118252471177646	0.002718687046479917	3e-323	0.0054190399256448685	4.4e-323	0.002457190646143845	3.947377138973815e-05
A[C>T]A	0.00934406419253521	1.770893246606972e-17	0.005782894581920366	1.4230267562820285e-16	0.10325869958524388	0.11035260726960967	0.08683877335241688	0.006062751803515038
A[C>T]C	0.004385436117181467	0.0007680858642794559	0.011643469496403295	0.0026667294629531615	0.01876703177633966	0.07280057367850482	3e-323	0.018713247595080692
A[C>T]G	0.018305445554505667	6.231226874676339e-24	4.872556114968766e-107	0.013377647580866547	0.05766958907679644	5.862862664848946e-34	0.03849049937155403	0.0012602863515868584
A[C>T]T	0.013938892316859647	0.0002962229858997746	0.00956930078671184	0.0028313568330369165	0.04195895710978854	0.02118234709228547	4e-323	0.017806287980128715
A[T>A]A	0.006520203428204684	0.0015727839996045067	0.0032725682386493924	0.0009491072216245214	2e-323	1.467017757533206e-08	0.0015536974154352651	0.01358546718830557
A[T>A]C	0.002830962221046034	2.5709831891394213e-36	0.0030403132577791862	2.5e-323	4.164033349502865e-293	0.002126433925888381	0.00039424941554149797	0.004812798870619981
A[T>A]G	0.0032343309382709593	0.0026078787050466488	0.0006406606650331764	4.4e-323	0.00042633586969218347	0.006293582963496756	2.3799832082487296e-222	3.583790992248216e-05
A[T>A]T	0.014801307158319696	0.0010523902845191054	0.025464755307482344	0.0013563425568703317	0.0123039234094437	9.952084618310857e-121	0.0012810385609568365	0.00876933763035408
A[T>C]A	0.07971156210521124	0.00428483908506958	0.05762944010578608	5e-323	2.103025678476815e-65	0.0026398559479484667	5.778449184956473e-97	0.0014608573984295759
A[T>C]C	0.009089030884463572	4e-323	0.029801617736929912	7.541395052379405e-230	9.582179628489635e-195	1e-323	6e-323	4e-323
A[T>C]G	0.020880119457234596	3.5e-323	0.08437472137801982	0.004688110760777011	0.0004928773384774733	0.002659721238722884	0.002928515177696631	5.097099240453778e-44
A[T>C]T	0.023325437577932	9.941565770032194e-268	0.017851073108012986	0.00803951019497733	6.700552952954722e-162	0.02135107716512597	2.0784230948934253e-293	9.253064481098301e-38
A[T>G]A	0.0020350983718570087	1.5e-323	9e-323	0.004990373755396521	3.5e-323	3e-323	3e-323	0.012361354189551085
A[T>G]C	0.0016708752445108478	0.0	0.001488104386681531	0.0036777874127013757	9.4e-323	0.000587335698311925	0.0	8.399722525593816e-66
A[T>G]G	0.011054243834136173	5e-324	4.4e-323	1.14e-322	0.0011908525139017686	2.5e-323	3e-323	3e-323
A[T>G]T	0.008297543546122266	0.001930231759905729	0.003697192214561482	4e-323	0.0003460317574521421	0.003873618186854985	0.00028608583950280673	0.0046258996670546625
C[C>A]A	0.01227406449307705	0.022838476493461112	0.013931251414469811	0.08569221949255246	0.02189438862522481	0.0022888913652724446	0.029189872359926244	0.030678704984469375
C[C>A]C	0.010934749164256852	9.546822986466406e-88	0.019704698808951412	0.005833651708507996	0.038984339319474044	0.002768081911678893	2.5e-323	0.000588690637504619
C[C>A]G	0.005670780363769388	0.0019628496616651385	0.009341082522194052	0.00837027676113058	0.0011247513181164542	0.009025374867533348	1.2604107622657608e-25	4.21068328245796e-131
C[C>A]T	0.009304785685067521	0.011202690623872903	0.04041711711947052	0.011984767901803074	0.14639293222057664	2.5e-323	1.1469299431223537e-74	0.020586874328427998
C[C>G]A	0.011788022380042423	7e-323	2.4528256486791366e-05	0.00018137333226085126	4e-323	0.0028161862787699724	0.005958007802593696	4.532188712354451e-05
C[C>G]C	0.0014269976712507136	4.225410266141029e-205	3.5e-323	2e-323	3e-323	0.0068975879016745095	0.005099060534449902	0.004155974150281698
C[C>G]G	0.0054655744340504405	9e-323	0.00023101641880800391	0.0007258134286621421	7.477715365941384e-140	3e-323	0.001103188501638415	0.0047479556089325605
C[C>G]T	0.01552403504573136	0.00018031179790640694	1e-323	0.0009526350095658359	0.0008462041046000967	0.0004216491431168137	7.26908687914455e-14	4.5743306747382685e-09
C[C>T]A	2.4505496321140837e-211	0.000160996559744409	0.01046968031474252	0.015744800335471716	4.576251540105615e-84	0.08675006634413573	3.276244421873254e-63	0.110942272603236
C[C>T]C	0.0016235344167343125	2e-323	0.0037346712304339043	0.016313073101984352	0.01447338642970837	0.062137258257245656	0.009192809626016953	1.848938381226544e-224
C[C>T]G	0.004546286407956045	5e-324	0.0004503729938431018	0.006703074555167413	0.03501784833883202	0.00405747261017773	0.009556057573661427	0.030823395745931403
C[C>T]T	0.014630156313038642	6.58245629623455e-13	0.004047548727623256	0.01077342285740554	0.01349280572640483	0.05367330897952068	0.006720082736508137	0.0001922020582960097
C[T>A]A	0.01387796042929558	1.9522476854770467e-238	2e-323	0.0037262251786389852	0.0005920850679241408	0.0015880479007683208	0.0014658053489204964	4.7097766345764054e-91
C[T>A]C	0.0074123422082643855	2.5e-323	0.0029332391388480765	0.002252792268248424	0.0010349694358402133	0.00487766794049684	3.5e-323	3.5e-323
C[T>A]G	0.013712840558698411	5e-323	0.0007658339465025603	0.0019350929227217456	0.0005617899521012275	2.5e-323	1.572640003639619e-298	0.00034442068105022794
C[T>A]T	0.008531626854492862	2.5e-323	0.001476596042225858	4.860534091806666e-09	0.0004130820209553296	0.00018166030220303353	0.012949674566088051	5.4e-323
C[T>C]A	0.014367257269957712	0.0009498573388804242	0.04749883199613259	6.0852659188872845e-05	2.1174664343852132e-07	0.0028733185142317324	0.00335522683713025	0.012433705851496285
C[T>C]C	0.00818083566892365	1.0047780042247264e-198	0.034929639517056695	5.4e-323	2.9593280567096654e-18	5.4e-323	7e-323	0.00021137088808981084
C[T>C]G	1e-323	0.004250239046822376	0.09233894288476642	3e-323	0.0042729678581265255	2e-323	0.0018103936614178875	2e-323
C[T>C]T	0.022290780826242043	3e-323	0.02614712309870132	0.006373262360593558	0.004944191974980911	3e-323	9.030248662585579e-30	0.0005119377383647445
C[T>G]A	0.0009694590058578891	0.0	0.0007882605721859923	0.006207793162813948	0.0004785613314402	0.0010515167125291832	0.0006664174848482558	2.484661451262785e-138
C[T>G]C	0.003137529154995756	5.4e-323	0.00585608812814605	3.5e-323	0.0023483282403467076	0.0027129536443036566	4e-323	0.0009419794432716247
C[T>G]G	0.005496346625645282	8.490588609893523e-118	0.010697739018599741	2e-323	6.4e-323	0.002300885325482516	0.003084026424915045	0.003898603710247403
C[T>G]T	0.0016426034918058607	8.4e-323	0.011400230708424266	2e-323	0.0024531980080281313	0.002650121378754461	0.008841621128712604	1.0349267315033937e-34
G[C>A]A	3.82968924280678e-52	0.42631193298962816	8.485793878449799e-19	0.35482312024364704	8.62284289071684e-13	5.505606154399666e-05	5.228948968717688e-06	9.619709029948986e-06
G[C>A]C	0.005012471708555608	0.015303791729430125	0.006900530430888424	0.02235159331443793	0.0026244471712911235	0.0006770687035658003	0.009840123566212836	1e-323
G[C>A]G	0.003414033593282331	0.013688925743357356	0.002067633782999758	0.0022350424714897435	0.000528728274105018	7.345929563381539e-05	0.005414207793488722	0.008037870115587247
G[C>A]T	0.0063355208756462845	0.10618889138865317	0.0010857714160065644	0.07106023156839249	0.025244770536686383	0.01304738035987638	0.0009662258487235694	0.12461687730065485
G[C>G]A	0.007164777353315774	0.003923029413433701	0.0014611665126626472	2e-323	1.5e-323	0.007382802686955107	0.007687083399551755	4.641486925798287e-05
G[C>G]C	0.005552457706357057	0.0014381992355351591	0.0045367007233534234	9.977213112058263e-05	1.24e-322	0.0009025794017162089	0.0025997456996909524	0.0022289827260381077
G[C>G]G	0.002942447111502115	4.4e-323	0.0002837845084804771	0.001420623701211769	7e-323	9.4e-323	0.001806802603950278	3.6484757955056796e-05
G[C>G]T	0.017877242057422003	1e-323	3.5619444841356923e-112	0.006909741998813015	0.001276490837671825	0.0059444549100105505	1.5e-323	0.0004359799837869242
G[C>T]A	0.013038650232735005	8.020100821300872e-16	1.928047334277777e-10	6.925048151909011e-150	0.12831581999802774	0.059908330252455365	0.012913101743283884	1.7139483792435173e-301
G[C>T]C	1.5e-323	8.792864472019421e-05	0.02992857829384547	5.490770712108136e-165	0.07053371134895947	0.0388930664691849	6.3216e-320	0.0030083973154613314
G[C>T]G	0.008561884158797276	5.775971646990582e-06	0.026410800549142476	0.03556309865188252	0.05150653104641377	2e-323	0.0041198401565727865	0.006432931071643844
G[C>T]T	0.015067007803244279	1.5e-323	0.008491634700688465	1e-323	0.0853359926266287	0.03153498187239062	2e-323	1e-323
G[T>A]A	0.00682126815084942	5e-323	0.0005062480307922627	1.14e-322	9.449349868692632e-06	0.0003725453234905	5.4e-323	5e-323
G[T>A]C	0.002994945429813515	0.0010005928655145596	0.0030450761982674904	7.807351973419128e-84	4e-323	0.0012780015950313187	0.0029402493386766087	6.4e-323
G[T>A]G	0.009385513412093958	3e-323	1.306518941072904e-212	1.3e-322	0.00048609418171152274	0.0032210558895125483	3e-323	3.5e-323
G[T>A]T	0.010988002690686583	0.0	0.0004728560763584699	0.005419071287713331	0.002929984276599278	0.00016710700681369351	2e-323	0.0003897336829198732
G[T>C]A	0.007109994456518	1e-323	0.03842339878706807	1e-323	5e-323	0.004329395113803883	1e-323	1.5e-323
G[T>C]C	0.0027392603662279836	0.0007720841938523345	0.018299429433699117	0.00047889942970404657	0.0009004624982280158	6.179462906646662e-44	1.14e-322	1.2431492774368721e-167
G[T>C]G	0.005900318567355823	0.0004414983610847068	0.02749341940712108	4.9630334976855266e-307	0.014455495956680437	1.3159919520102976e-245	0.00027851498412683926	0.0021915230361850666
G[T>C]T	0.011516675950819219	6.4e-323	0.019737904476192104	0.0007206614994547879	9.842484457652e-254	2e-323	0.0017585354409350793	5.4e-323
G[T>G]A	0.000417677862747451	8.117627370907356e-05	0.0001480352571769264	0.002545229686036017	2.17e-322	0.0	0.0002374888765386208	0.0020621042036267404
G[T>G]C	3e-323	1.5734126897063193e-282	0.0010615727790380342	0.00035630859733601513	2e-323	0.00015102608117935947	0.012249489085025081	5.4e-323
G[T>G]G	0.009448042185170655	3e-323	1.5e-323	0.0010642824488336163	1.9152739453638277e-59	0.00011552362077861276	0.0020213139511896954	0.00017555572533596605
G[T>G]T	0.004729734699583829	3e-323	0.002318498487330674	4e-323	1.14e-322	0.002296147870993589	1.1e-322	0.005244494045421728
T[C>A]A	0.01779199797075322	0.04208162840664842	1.0227263381904781e-57	0.042196024178300984	1.1917762293844645e-94	0.00034280872545807653	0.1183931312187608	0.1078668493026063
T[C>A]C	0.026128226002991216	0.005351605533513856	2.330893492472613e-254	0.027976990752823894	0.007293754834951698	5.514732062688919e-70	0.01615243236325177	0.0608470933312862
T[C>A]G	0.007391105580452943	0.008033021800678702	1e-322	3e-323	0.00213974914669066	1e-323	0.010253650158548445	0.006645233601717207
T[C>A]T	2.2512002775570278e-20	0.06812768808133646	0.01976278787125403	0.10606486811315041	0.01859083056882211	0.00200459341197889	0.28200376419093853	0.1406443620043827
T[C>G]A	0.019778441186484693	3.98649719419085e-310	5e-324	1e-323	5e-323	0.01151745014297469	0.001284444166545557	0.0017988213157340126
T[C>G]C	0.004213905300616517	3.5e-323	0.0006756616829864192	0.00336449043650981	2.5e-323	0.006301959286191978	4e-323	0.007725206112566352
T[C>G]G	0.0035044813800684223	3e-323	0.00011821571458937771	2.5e-323	5e-323	1.7464812586401537e-174	0.0038813935073752116	0.004422820527103585
T[C>G]T	0.023409017544088643	1.3923914843041066e-05	3e-323	0.016307181212432607	0.00017808487717307876	0.011546664535781785	0.000576958852682606	3.91732124194781e-254
T[C>T]A	0.012163979294151922	0.00578863627718089	3.9200936796720344e-35	0.007976215771933411	0.006921442074266343	0.10590678655534132	0.02921201853265194	7.177864337318524e-07
T[C>T]C	0.0048820436612433335	0.006738860483873897	0.005517782708391901	8.092950004923038e-83	0.0068203567143958295	0.05495426546594763	0.015899660670813876	0.008313827989504165
T[C>T]G	0.016808811844526643	2.292044389161181e-150	1e-323	0.008347670605095992	0.018733528937708487	4e-323	0.011503635972439665	0.02563553150447162
T[C>T]T	0.01718583395084828	0.0014591574249380656	0.004671034430311438	3e-323	0.006511520818057406	0.06995195520488198	0.00156319917957556	0.008087005168689928
T[T>A]A	0.020889331017040217	0.0042492337634262665	0.007162481894489299	0.0011971486916620723	1.0299375593033543e-83	0.0013021235484644684	0.002583066248632023	0.016174633426196676
T[T>A]C	0.016099409700361736	0.00040242414478896583	7.8533799186562e-97	4e-323	5.4e-323	0.00488785972760857	5.4e-323	0.0010802771517872817
T[T>A]G	0.008375031222970206	0.002403339459335205	7.3049435974691e-05	3.303069931462499e-186	6.4e-323	0.007735578844665412	0.000341518327681092	0.0009330881882642029
T[T>A]T	0.03552431340004897	2e-323	0.00015385121445820493	0.007919745328134341	0.003011852839589115	0.0029014233973665158	0.01627483553803557	1.881626746646727e-170
T[T>C]A	0.04293373157960522	0.0012631251951061783	0.038999395260856	0.01199338545191871	1.2835647590946419e-87	0.005662987802623639	0.013001890920583948	0.008207754439033927
T[T>C]C	0.006821827810775465	5e-323	0.034357103251589326	1.5e-323	2e-323	0.0007584360195304217	1.5e-323	0.00020631590730728114
T[T>C]G	0.002050480761636705	0.0016022290389475942	0.0400555734594446	0.0019358460392149529	0.005474189254497634	2.5e-323	0.007426724243238769	0.002463618697873493
T[T>C]T	0.01146698218796818	1.9959675517524547e-185	0.03406053237769396	9.09504136108565e-277	3e-323	0.01741090735276184	0.016808031669989548	2.3040245387864724e-62
T[T>G]A	0.004348989173812674	1.5e-323	2e-323	0.00968538402460764	5e-323	0.0026357138631427413	6.156437606335673e-05	7.801226266591212e-250
T[T>G]C	0.001565848977608094	6.147495176307111e-290	0.0018979693581118904	7e-323	5e-323	1.948856875874343e-186	0.0074491071474334205	1.8683872161832362e-302
T[T>G]G	0.0025376360499353916	0.00034782496846240114	0.002673076036383459	3.5e-323	6.4e-323	0.004394502562122072	0.003375867479021562	0.0007336760063223933
T[T>G]T	0.015203957114582459	1.2050464735857413e-10	0.0016341726793074488	0.016684019045856452	0.0010335985890464314	0.013284361802929686	5.370577715404361e-05	2.3798837717322955e-120
