MutationType	SBS96A	SBS96B	SBS96C	SBS96D	SBS96E	SBS96F	SBS96G	SBS96H	SBS96I	SBS96J	SBS96K	SBS96L	SBS96M	SBS96N	SBS96O	SBS96P	SBS96Q	SBS96R	SBS96S	SBS96T	SBS96U	SBS96V	SBS96W	SBS96X	SBS96Y
A[C>A]A	0.0126264249885935	5.4826688384679303e-05	0.011119469523691805	0.0025799957507615543	8.415376610173552e-05	6.689659125473924e-05	0.016923376904742327	0.0012343670106929495	9.029763168655336e-05	9.671095394878649e-05	9.622616453270893e-05	9.515265264781192e-05	0.001597371469688369	8.309632030432113e-05	8.872053222148679e-05	0.0007082938605890377	9.010514404508285e-05	8.643989349366166e-05	0.34774566632695497	0.0003422718633373734	8.61244976249509e-05	9.690841761766933e-05	9.401044153491966e-05	8.077136189967859e-05	0.02556919096296042
A[C>A]C	6.699595642203348e-05	5.52834417703707e-05	4.3091284048113465e-05	7.20756523151067e-05	4.739716942694372e-05	7.087591537189298e-05	7.225432414088573e-05	0.0002890373511036159	0.0007513547505368478	8.208536128222477e-05	0.03430662124621904	8.792685948719737e-05	6.781334141123808e-05	8.330009350174806e-05	0.00032176293827888	8.365501734459712e-05	8.989056987047661e-05	7.108637664714479e-05	7.834970310796052e-05	0.5012609691126272	7.750256972940405e-05	7.207243393452245e-05	7.985563061083668e-05	8.780666139500682e-05	0.025555243722971
A[C>A]G	8.290795342418278e-05	8.090429589904246e-05	8.358744671568274e-05	0.0018903391166531947	9.462705493206159e-05	9.170039629680105e-05	8.28957154226373e-05	0.001645485110930167	0.0017000276988255792	9.138397399510723e-05	9.931778113241308e-05	9.636602480895817e-05	0.0016048847581259906	9.635327878640965e-05	0.0015653484100766946	0.0017729681530909147	9.651804939494468e-05	9.277795870730188e-05	0.025816543280598125	0.0017733484302880243	0.033132180256507125	0.001751512484770501	9.240310100722127e-05	8.539885939171655e-05	9.205864116665908e-05
A[C>A]T	7.84548956289534e-05	8.527885341598207e-05	8.503617391397711e-05	0.0014762626496121812	8.53551464388147e-05	8.392804816139687e-05	8.896709932741942e-05	0.0016446876055852045	0.001700934021937428	9.36591299250722e-05	9.956407229765319e-05	8.805149341242213e-05	0.001597934225355857	9.595396477379836e-05	0.0015650214969355146	0.050837311526265694	0.09921218979652621	9.754665588843637e-05	8.507282145728823e-05	0.0017722939650411718	9.691733575891703e-05	0.0017497365472081583	0.014333670707674172	9.739138331497089e-05	9.12633284315234e-05
A[C>G]A	8.301570996991359e-05	6.388269165809035e-05	7.816123129487096e-05	0.0032484689760167384	8.557452074455795e-05	7.858786266297102e-05	9.181918721878901e-05	0.00010072059667436406	8.716940804545103e-05	8.801154272077837e-05	0.001658339886489557	8.32169083878398e-05	0.0015891868810260946	7.586654562601325e-05	0.06731978229727247	0.0017779337504180148	0.049142847782606004	0.020521062403713587	7.873856818889635e-05	0.011084285531251226	8.716786114746356e-05	8.6376268494881e-05	9.218977429554797e-05	9.286781423725187e-05	8.311076799145667e-05
A[C>G]C	9.380752380820923e-05	8.09921989257667e-05	8.300931876874529e-05	0.03552903747677192	8.176614667902982e-05	8.463669728371314e-05	9.210819625877775e-05	0.0016333282006598892	0.0016958812579105143	0.014685751492652343	0.037082994915635936	9.096942376345396e-05	0.0016033604675612877	9.603930448065512e-05	0.0015624421524989885	0.0017829547890869436	9.78988377028145e-05	8.983859852378373e-05	9.025764848047402e-05	8.748725049372297e-05	9.709119476610794e-05	0.0017439767396581374	9.016562071337831e-05	8.862920517458406e-05	9.557841549394653e-05
A[C>G]G	8.15803614386823e-05	7.89963091647472e-05	7.542401428395351e-05	0.0032621565893350634	0.012601883950992487	0.011206083718207083	8.666583526064641e-05	0.01882824068743503	0.07291804030101048	8.541356983187143e-05	0.001212195226617041	0.024892892938805745	0.0013245489075416118	9.331955297966487e-05	0.00013966723781777546	9.860988429863938e-05	8.080506304395386e-05	9.329156528110616e-05	9.472781821386888e-05	0.0005550236124690855	9.831767165451311e-05	0.025920682410651354	9.633516310714185e-05	8.765082693571458e-05	9.817350583034568e-05
A[C>G]T	7.796730205882341e-05	4.5656784484915455e-05	6.67219903334626e-05	0.0032641278892697302	7.366342892463073e-05	8.038890115074082e-05	8.22414904263269e-05	8.447831554936336e-05	0.001326100762526039	0.02512715211410068	0.0008171470530214719	8.27497638965724e-05	8.482680314045866e-05	8.217154906224877e-05	0.00013034185649303255	0.020757045382924843	8.527129430149216e-05	9.00044175068615e-05	8.76157175298431e-05	8.745073282625526e-05	8.61146339957486e-05	0.3059892679819313	9.399011760251597e-05	8.28402364163594e-05	8.254161548393313e-05
A[C>T]A	3.620154245709273e-05	5.178091364541615e-05	4.7804909824689104e-05	6.608612551777249e-05	6.068522129680787e-05	4.564666130590922e-05	7.155862473382513e-05	7.48576947444235e-05	6.327206959610976e-05	0.02878995935934654	7.509067763749045e-05	0.020546164991139905	7.630133322891197e-05	6.902807373686537e-05	0.00045062239150865934	0.0002449028423143318	5.435426476267935e-05	7.477915933122859e-05	7.928009908937383e-05	0.0004622240991011495	7.517496833315817e-05	8.122000963339815e-05	6.881059216539143e-05	0.5678913739699055	7.259015592353535e-05
A[C>T]C	8.721586855244822e-05	7.006751373230812e-05	7.6160664065128e-05	0.003069541092554573	8.269715962372359e-05	0.0067470323120460305	9.436141044716351e-05	0.0006622864821110852	0.0016842048754369897	8.310374687425792e-05	0.0016448183155716833	9.659149145591073e-05	0.000126034692594601	9.547537483740598e-05	9.802039421629161e-05	0.11955137283439399	8.476407423643195e-05	8.971702554845251e-05	9.04173582966905e-05	0.025801686816664216	9.842040308285504e-05	0.0006224774394468114	9.075407433556393e-05	9.65148639807012e-05	0.02050484983701608
A[C>T]G	6.848321991128614e-05	3.769886946201062e-05	0.9354820609092712	6.973963872951572e-05	0.09932134327018502	2.99922998973301e-05	7.555393404459209e-05	7.809757802306194e-05	5.673969983490679e-05	8.857542852638289e-05	6.939072548277636e-05	5.9721219247421684e-05	4.076144783056179e-05	6.768223639213034e-05	6.714642747454035e-05	7.079068684561207e-05	5.539493927990691e-05	7.97100086856517e-05	6.943596640667238e-05	8.801722578937188e-05	7.994282477739035e-05	7.942989316518378e-05	6.693468767480227e-05	7.815051012585172e-05	6.92767976056172e-05
A[C>T]T	7.498144538917729e-05	6.171144954159047e-05	6.23673102381872e-05	0.0009720117992401356	7.721960530489013e-05	5.83321197694886e-05	6.791954106120102e-05	0.00013193265622248873	0.000996434073385899	0.03774677988512849	8.872030666680075e-05	9.31380272959359e-05	0.00047574591990269256	7.776585189276375e-05	8.515021108905785e-05	8.217238500947132e-05	7.649969411431812e-05	0.3644575263439037	7.898474277681088e-05	0.0009183803903397347	8.37730565763195e-05	0.018800285072165933	8.408896981109138e-05	7.831416233159417e-05	7.070192735838531e-05
A[T>A]A	8.023962500374182e-05	8.628414761915337e-05	6.970280166456178e-05	0.00206321403502443	8.221976526101571e-05	6.632078118400387e-05	0.049661165721408905	0.0016372589474485722	0.0016901732626138255	0.049623966859144275	9.607671308913268e-05	8.510549996572081e-05	0.00159705031219346	9.7892721532844e-05	0.0015643342369003222	0.001768103059293935	8.518460185769072e-05	8.849792393448297e-05	9.694165783002973e-05	9.014190363814123e-05	0.020134987821802498	0.0006330216892820317	9.497827632003464e-05	0.028421431848983048	8.391887658945051e-05
A[T>A]C	6.577457188541302e-05	6.928494258460205e-05	5.5478558044796956e-05	7.135388237884399e-05	6.259748391244103e-05	6.028741385648573e-05	6.759280377082178e-05	7.145308612734879e-05	0.025026620896687744	6.633327830058988e-05	8.57710265336209e-05	7.742267880530562e-05	0.0015852662838824472	8.054358154367947e-05	0.0015562334112473764	0.0011113875920273132	9.207815019180998e-05	8.162591220752801e-05	7.640491212441702e-05	8.001138139661635e-05	0.32251619196031245	0.0006213844138983404	7.657838907055847e-05	7.087861697527842e-05	7.314194355103609e-05
A[T>A]G	6.359054448097367e-05	6.374770454620204e-05	4.5255333916882635e-05	9.225386746010144e-05	6.069371520425193e-05	5.913952709164505e-05	8.275944710476325e-05	0.0006535279231057566	7.086205014275037e-05	8.791024956735782e-05	6.845190887361241e-05	8.050297437875998e-05	0.009942050490262044	7.206965196928649e-05	8.641881322546396e-05	0.001762332262842392	7.731128075647576e-05	8.870371748344041e-05	8.425946762145032e-05	6.630567340835115e-05	8.663377066113754e-05	8.988844056148081e-05	7.598624762295003e-05	7.936300028177357e-05	0.422001116885076
A[T>A]T	7.644287352377432e-05	8.780141743045534e-05	7.613726419441746e-05	0.10053664782535635	8.55135609754143e-05	8.114328193187248e-05	8.925518704927526e-05	0.001637169337573141	0.001698206437868066	8.455472697050936e-05	0.001651079396924615	9.014791994559346e-05	9.831758288783021e-05	8.581106615679346e-05	0.0011415830158512108	0.0017809329925512428	9.67659208981786e-05	9.237764570571016e-05	9.759964814293198e-05	0.0017766926663171033	9.952654872904531e-05	0.001751045976561727	0.11597035332265478	8.655782162350078e-05	8.036280369196901e-05
A[T>C]A	0.030678160784214016	0.0062747207327829456	5.7994165645425254e-05	7.091041051294212e-05	6.0485027051981885e-05	7.417464203172131e-05	7.80665571113559e-05	8.283208517241291e-05	7.865092193242163e-05	8.811352236079984e-05	7.41080800708005e-05	7.756980398880842e-05	0.00011451180562289664	8.405423577642068e-05	0.2814667435537558	0.0011638389425868922	7.533341686212225e-05	7.856481352064293e-05	8.497148096466844e-05	8.776983195275534e-05	8.149366979068873e-05	0.0016143300243129488	0.03311747834122798	6.708878370318417e-05	9.213736120727845e-05
A[T>C]C	8.557109904359095e-05	7.790644456511231e-05	8.900941829779186e-05	0.0018935500789666548	9.459491921006701e-05	8.432576960331062e-05	9.464500471949578e-05	0.0016410786152846412	0.01642148742612335	9.199614687531721e-05	0.0016572415697737597	0.02489986445652903	0.00018701244516705628	0.025813759980519536	0.0015620548110746313	0.00010039074913947843	9.294087722082623e-05	8.744899569137487e-05	9.292452377849259e-05	0.0017699175466987071	9.973801206797361e-05	0.0017517023188702296	9.87593964964617e-05	9.589263863745146e-05	9.3396727606887e-05
A[T>C]G	8.908557283575647e-05	0.020089356719608986	6.11183870613985e-05	7.489658413533107e-05	8.796112124400678e-05	6.571418760614733e-05	7.549197289336007e-05	7.860264451551303e-05	0.0016964951661066151	8.988250301626977e-05	0.0016303952027556079	9.357167218695394e-05	0.001589192221945268	7.29692560184958e-05	0.0010129554940704112	7.243740772366891e-05	0.036310708596192856	8.142350185380565e-05	0.21270796424105357	7.829479241081572e-05	8.760800283198477e-05	0.0001242027303594684	7.941231833115125e-05	8.31319543067366e-05	0.03313955248886487
A[T>C]T	6.015205317453365e-05	5.094240311276366e-05	5.3688222396885973e-05	0.001858879983069528	5.8180543783237225e-05	5.253908265103746e-05	7.071214560028238e-05	9.753073973115534e-05	8.362148473679553e-05	7.415682755471665e-05	6.605284997931448e-05	5.628756020996662e-05	7.30656108146377e-05	8.596885527367704e-05	8.196346461772919e-05	6.885718516826955e-05	7.920253069642058e-05	6.938964725122787e-05	7.534582304629112e-05	0.00013286307564612797	8.209771201634908e-05	7.478406762402301e-05	0.5062864919040294	7.055577715391337e-05	8.104565145856668e-05
A[T>G]A	9.024207247421145e-05	7.161869150698052e-05	6.897240155012696e-05	0.0032618728961097076	9.18295503652189e-05	7.322770990616511e-05	8.021615662983095e-05	0.00163874020363437	0.001692455162992701	9.456574553041719e-05	0.0016492678936629091	9.415205458935816e-05	0.0001001810591469754	0.04779419159713143	8.897781262930948e-05	9.24482159462059e-05	8.681605098672662e-05	9.899321084958502e-05	9.106818979489617e-05	0.0017755801876774059	9.276600067096297e-05	0.06750448167367722	9.310003806604073e-05	8.502564924128819e-05	0.020520749445131513
A[T>G]C	9.516403733869083e-05	8.53359099692419e-05	8.989367270260118e-05	0.0032649236753059087	9.630455097067169e-05	9.566382504999638e-05	9.6736682462506e-05	0.0016462558160128538	0.0017016097110172268	9.816577876335942e-05	0.001660611523402622	9.958639348042197e-05	0.0016063378352555446	9.827812609728426e-05	0.001565800205571577	0.001783560546755325	9.74227295955643e-05	9.876335752778687e-05	9.937038703355938e-05	0.001777326913725119	0.0001000273296085652	0.0017541259141580668	9.934018380590715e-05	9.805932859308086e-05	9.890922738122753e-05
A[T>G]G	9.516403733869083e-05	8.53359099692419e-05	8.989367270260118e-05	0.0032649236753059087	9.630455097067169e-05	9.566382504999638e-05	9.6736682462506e-05	0.0016462558160128538	0.0017016097110172268	9.816577876335942e-05	0.001660611523402622	9.958639348042197e-05	0.0016063378352555446	9.827812609728426e-05	0.001565800205571577	0.001783560546755325	9.74227295955643e-05	9.876335752778687e-05	9.937038703355938e-05	0.001777326913725119	0.0001000273296085652	0.0017541259141580668	9.934018380590715e-05	9.805932859308086e-05	9.890922738122753e-05
A[T>G]T	9.557208541082219e-05	7.983238254203329e-05	8.805840843706392e-05	0.0032591002258413938	9.000751160783693e-05	9.516384379821829e-05	9.563008061377331e-05	0.00011004854095517658	0.0016994515426631551	9.824156077229418e-05	0.014242919931712094	9.86141967587173e-05	0.0016058564535342157	9.368191058456432e-05	0.0015654802889912389	0.0017833703750511631	9.369227591378148e-05	0.020527930720709263	9.427568802493625e-05	0.001010220669559203	9.79339994955808e-05	0.001750701879063854	9.304337290814147e-05	9.82689620286692e-05	9.404592419741676e-05
C[C>A]A	0.006338239781784693	6.119512186160136e-05	5.432658508652821e-05	0.0013363540139835095	8.792484695732127e-05	6.348529045681061e-05	0.0832969981674978	9.380739174957853e-05	0.0007489194169465919	8.509444778610486e-05	0.05125816268991912	8.32548346807016e-05	0.0002998690970343887	0.024956766486900504	0.0833019791116385	9.337989831692539e-05	8.412953138758894e-05	8.654360899527092e-05	9.3400344485417e-05	0.0017722168340696953	0.03437703570598387	0.0009670731094956863	8.893513586372137e-05	8.865978015819565e-05	8.701962906343397e-05
C[C>A]C	8.209759216697421e-05	6.45248349553429e-05	8.189867068040258e-05	0.003259259387414204	9.441981965210288e-05	7.561201322736633e-05	8.949116599978879e-05	9.400809212820605e-05	0.06702330888801952	0.04966191685743979	0.0016580978226556908	9.285679334425367e-05	0.06486330442676262	7.874504381106817e-05	0.0015588454851240385	0.0015009812323114602	8.748319224123335e-05	9.084041539608734e-05	9.219032217515633e-05	8.602784128015628e-05	9.256560588255525e-05	0.0017501582638942636	9.000245772767812e-05	9.288541332352906e-05	0.011150915546022589
C[C>A]G	8.673988049849868e-05	6.579314845707173e-05	8.038666856009513e-05	0.0032540332664211745	8.228344086091965e-05	8.170712790160906e-05	9.141937262029387e-05	8.153621911333175e-05	0.029156779981349246	9.634678499423899e-05	0.0008152909780619666	9.160238769254648e-05	8.668098707858008e-05	7.837967750674579e-05	0.03492399381939322	0.027255253941257253	8.303254644488333e-05	0.03790173452525778	8.783043376752176e-05	0.0003311327003757469	8.929545438149944e-05	0.01756903633722686	8.444586449058988e-05	8.610207441961393e-05	8.055805877109634e-05
C[C>A]T	7.228436688819784e-05	5.3759964667943194e-05	7.025107970548561e-05	0.21553376396485646	7.380134411505722e-05	7.117105506040388e-05	8.904355563572608e-05	8.23809653866192e-05	8.713811548659578e-05	8.98185207915958e-05	0.01003988231477706	7.104626258751523e-05	0.0015916644992103103	8.180681561498204e-05	0.0015588957518048118	8.9217750064563e-05	8.727189670025837e-05	8.493557597830659e-05	9.118406342167873e-05	8.447018190054223e-05	9.200371350743808e-05	0.0012704644504083263	0.03311591401688929	7.155921157391276e-05	8.675856297486461e-05
C[C>G]A	8.366764905076707e-05	8.344375135314053e-05	7.961516857903916e-05	0.0022759308551030697	9.206050235661678e-05	8.383518916161847e-05	0.012542888044845314	0.02553399582466227	0.001319920703099342	9.096017893170938e-05	0.05125317626661854	0.014680802723523812	0.0016047024655563291	8.96063493200927e-05	0.000495059292006772	9.69331755186431e-05	8.550689499315922e-05	9.702516326797195e-05	9.64626669883728e-05	0.001773512405634392	8.455093256998225e-05	0.0017520368768600748	8.581089387007523e-05	8.609205469838344e-05	9.706382188596762e-05
C[C>G]C	7.187759229054791e-05	6.653474996646259e-05	5.7961049223194744e-05	0.0014692970741634781	6.708085313675838e-05	7.424703112519637e-05	7.385773642454296e-05	0.016706954996880085	8.491221524309367e-05	8.130054754076354e-05	8.844434614729835e-05	0.03941527163988212	7.984701660461724e-05	0.01252801055816235	8.571129583287985e-05	0.13373268179348088	8.875089915818534e-05	7.638062652404187e-05	0.02509719370438006	0.0017479577034464455	9.673115418991074e-05	0.0013547788988944377	0.0496645031053049	7.788393925238779e-05	7.923774637674796e-05
C[C>G]G	7.031521432878662e-05	7.073863442021988e-05	0.0063074400165533005	0.0018628464424182312	8.911507902666926e-05	7.897032023720384e-05	9.389285623910837e-05	0.0014868540325551293	0.04932044005508942	0.014444865284804109	0.001652821685638628	9.50973408180289e-05	0.0001322959447861649	9.376001471537166e-05	0.0015557789716694969	0.0017743462005455513	9.20487436815165e-05	0.09919718077953803	9.716819695313462e-05	0.026842189657782	9.342880584881642e-05	8.09721813084252e-05	8.895274778097928e-05	9.432922888663597e-05	8.567464462885254e-05
C[C>G]T	8.592476515332237e-05	7.063414057304485e-05	8.272133054560981e-05	0.02380377012959798	9.55304662056733e-05	9.299900630139746e-05	9.270658192690462e-05	0.04065353474215953	0.0016933560025790939	0.020449981864658184	0.00018910242506535723	9.313524569733999e-05	0.0016039671092585195	9.709108198876492e-05	0.0006817819561547367	0.0017834132879215759	9.659992938395589e-05	9.925813355948776e-05	9.869466884993017e-05	0.001774470035888953	9.920406737364828e-05	0.0017488326520833652	9.798825412872247e-05	9.530380120850168e-05	9.394141670782119e-05
C[C>T]A	6.293427344985502e-05	4.9616600665558505e-05	4.9335631450491594e-05	0.002063972199903219	8.818321766739246e-05	6.558342963671748e-05	7.677139892621198e-05	8.850646663631778e-05	7.987827302713413e-05	8.608027164882514e-05	8.860948946676217e-05	0.36444793997434316	7.544219679402885e-05	7.774285313644214e-05	7.597584026370896e-05	0.0012766039991674917	7.579066373182286e-05	0.020002192216298908	6.240107662733863e-05	6.0845659936603626e-05	9.018173004733398e-05	9.251989031326957e-05	0.0396342158132029	7.910088806966087e-05	8.737277021282352e-05
C[C>T]C	7.571574603701948e-05	6.839438292445265e-05	5.7425546263090155e-05	0.00013756827943325333	5.7101186715868835e-05	5.549739183130509e-05	8.111661354632815e-05	0.0006957067928844652	8.152442530899862e-05	8.789037110545905e-05	0.3514617334694776	7.89947118292389e-05	0.03347265358995628	7.10181691829348e-05	8.095182893157471e-05	0.0017768432218872477	8.858339206199161e-05	7.545551466137113e-05	8.14989471109584e-05	6.213504886147803e-05	6.390832749048059e-05	0.0007514223906241568	8.666913272463717e-05	0.017072439011826646	0.033144793935935016
C[C>T]G	0.8427788615226746	7.345405773548919e-05	3.176572534018263e-05	8.22631571736565e-05	6.045854875011969e-05	8.344567741005448e-05	5.528277606572374e-05	6.547255889728376e-05	5.313278757910211e-05	5.323724733443669e-05	6.436823717876905e-05	6.343754537283531e-05	8.349521231139078e-05	6.7564697292255e-05	7.796851244847857e-05	6.183828798793645e-05	6.398429914042936e-05	5.855711607765102e-05	4.379677577190932e-05	7.29838713390052e-05	7.673501640965696e-05	7.959442773426417e-05	8.036427807383007e-05	8.668791997479275e-05	7.423509941872908e-05
C[C>T]T	0.0332151498737403	7.781894797886935e-05	6.696318469039398e-05	0.009183033286748942	6.966556304632832e-05	5.72396145798848e-05	6.373281858031987e-05	8.006633206605329e-05	0.31908689896663417	8.218220218623174e-05	7.25525344023481e-05	7.56673425257759e-05	6.87906954468076e-05	7.241850416903617e-05	9.958554692275356e-05	8.240441529778763e-05	8.449571396340616e-05	7.110539190762211e-05	7.249971113196808e-05	0.0017390773186349406	8.176842268312612e-05	7.68661123109915e-05	8.883360678737517e-05	7.615250955268493e-05	7.844865576771554e-05
C[T>A]A	8.758559197303839e-05	9.126891563937534e-05	8.550673010176979e-05	0.0014761784055735915	8.396373796131229e-05	8.876256142684725e-05	9.394289081683382e-05	0.0016404659592808458	0.013217504947533598	8.631648433947703e-05	0.0016524115055290168	9.327798907179385e-05	0.0015989217452442972	9.773414712981321e-05	0.0015613858107826673	0.00178181277733529	9.631638749851845e-05	9.68514577834867e-05	8.996415772344335e-05	0.0017702244746033101	0.04967670028709108	0.001240590916859219	9.727238357299939e-05	9.219215316988994e-05	0.033441513867001046
C[T>A]C	8.452586553175934e-05	0.009107403363392219	7.82441284172819e-05	0.05028310846973909	9.213540397468023e-05	9.09919552213978e-05	9.120863578573334e-05	9.287182801926974e-05	0.0016893152268494306	9.729746379889548e-05	0.0016570459505601321	9.600206976756454e-05	0.0016045569485868328	9.199482956319116e-05	0.0015629629495379049	0.0015874348293436924	9.475578626734204e-05	9.417352121090516e-05	0.014633237273665145	0.00045621782155649273	9.799607360037044e-05	0.0017426613149837066	9.57591000769753e-05	8.895529849723971e-05	9.30033165786881e-05
C[T>A]G	8.070837684499565e-05	5.7684801004143085e-05	6.332712695780173e-05	0.0006831109960330651	7.546658393948746e-05	8.683720952831208e-05	7.255705487523301e-05	0.0008220920815801946	0.001235580665525049	8.27245781692909e-05	8.319331973325462e-05	7.562552938793488e-05	8.110666130960454e-05	0.06485438256841007	0.0015604147338308394	0.27020851087218034	8.352028162335045e-05	9.146485972451046e-05	8.311216497531859e-05	0.00031661900866879477	8.413563518843148e-05	0.0006337793383863755	8.51505991704471e-05	0.019998953265348972	9.347751183668152e-05
C[T>A]T	0.012603579803544563	6.05552498289752e-05	7.535582881246228e-05	0.03707387339454726	8.021291837394529e-05	7.023423722785083e-05	0.024988138228218305	0.0016355892177671195	0.0009365522091684397	0.04915193884444306	0.001198901279713027	9.325659630121663e-05	0.00010819351082318463	0.012586693066447196	0.00032868924754438924	8.876096267393247e-05	9.129845420829952e-05	0.02026257764515549	8.906959265004843e-05	0.000926641125624883	8.33035181130981e-05	0.0017449624476284953	9.165844312519766e-05	9.025391736940946e-05	0.020518013622859144
C[T>C]A	8.704738320375327e-05	8.502523014612962e-05	8.141828241150506e-05	0.00018289887229911984	0.01820690252498025	9.174431979772635e-05	9.313628834206611e-05	0.0016361786692868918	0.0009312039931501203	9.514439007034526e-05	0.0016557335533434526	9.205849237332586e-05	0.0015983818155291373	0.024989616280072367	0.0015599854792526457	0.0008069080919085536	0.0174278624355793	9.356705813843292e-05	9.127398043347057e-05	0.001771660162921762	9.885908293654211e-05	0.0017488561610662146	9.366094818687997e-05	9.844065571087412e-05	0.04965757594545721
C[T>C]C	7.375398017757106e-05	6.249151283546083e-05	7.975290409376612e-05	0.0018744284512649755	9.051924771483755e-05	8.205916533370328e-05	8.019594997676904e-05	0.02053966656931152	0.001692924976669019	7.769032192186386e-05	0.0016556655114982276	0.01467489440101417	0.0016027135789045133	9.49002722336445e-05	0.05110698441603745	8.495088941344875e-05	0.04967530552362405	9.313343762187287e-05	8.840190039336449e-05	8.597367923357524e-05	0.03907939627533778	8.953029240217347e-05	7.729746657787473e-05	8.872441612766125e-05	8.774043617449933e-05
C[T>C]G	7.752579294901807e-05	0.006285638351606471	6.0423162994993615e-05	7.668638845743647e-05	0.03605797938632804	6.17380118921984e-05	6.924032718416128e-05	0.001601614120289696	0.033746912911811935	0.024946698441726766	7.034966975578493e-05	7.025416725809918e-05	8.237843519509624e-05	9.030624642036855e-05	7.768037803543849e-05	7.765630016365321e-05	0.195903018701938	7.305805931707709e-05	7.9079482020461e-05	5.746854426149639e-05	8.697811390447895e-05	0.0015996505511793658	7.704537184736183e-05	0.07360307312128497	8.318778018292505e-05
C[T>C]T	7.081176318024518e-05	7.630769959803274e-05	7.184005869476096e-05	8.585875907556329e-05	7.648944831544214e-05	6.781909569326672e-05	8.90934796188958e-05	0.020041566387772037	0.0016893697109480854	7.727337615506257e-05	0.0005584070706390776	0.02488750278025691	0.0002103609606365353	9.380802948726341e-05	0.0015616064963978715	8.747338288230821e-05	8.062870347202988e-05	8.16348969237879e-05	0.02897681240174279	7.862590537115466e-05	0.025803175460896454	0.03476872161718347	0.03385472496993316	0.02484348068865074	8.924993380787782e-05
C[T>G]A	9.361080155940726e-05	8.593457569077146e-05	8.425736232311464e-05	0.002370488293672679	9.08375335711753e-05	8.735486189834774e-05	9.719927693367936e-05	0.0016461243838421069	0.0017010144743835553	9.200207277899608e-05	0.001656144406661042	9.877729389700108e-05	0.0001121625697123818	8.96564237336861e-05	0.0015632893395377324	0.0017824457630922553	9.689073121990077e-05	0.019929401863191743	9.684693359304219e-05	0.0017767813536920586	9.88720523309894e-05	0.00175392212549923	9.594984585419297e-05	9.766562361619435e-05	0.020527259250957285
C[T>G]C	8.699740947122336e-05	8.285105984944252e-05	7.510406940127722e-05	0.01097273187187966	0.00914565605125972	8.739631812204607e-05	8.696625372976996e-05	0.001637274537642952	0.01858201743598329	9.676767003838905e-05	0.013145255719427951	8.6919349632808e-05	0.001604175022657728	0.025784982299956027	0.00014162411462166348	0.0012913285223476122	9.346594888484105e-05	9.254552714992315e-05	9.222864027833567e-05	0.0010069371732242872	9.893086025840603e-05	0.0017461180810641962	9.53351212956477e-05	8.579445940313236e-05	9.515201163594611e-05
C[T>G]G	0.012616019424967817	6.801214924507803e-05	7.993049584911204e-05	0.00010104556149599375	9.00077895494178e-05	8.050893302424811e-05	0.03351703938897117	0.0012337016461970052	0.026413271048659225	8.079656690824777e-05	0.0008206756392610259	8.689996175235138e-05	9.702727766125463e-05	8.422659375355579e-05	0.001552433204233239	8.429891622654395e-05	0.07470362717949683	8.595897197665181e-05	7.555060647064238e-05	0.0017603026388314901	9.359243194921874e-05	0.05157496710271516	8.242237472586567e-05	9.421121430932544e-05	8.553300467610825e-05
C[T>G]T	6.457090348703787e-05	7.026954713182932e-05	7.238328391849791e-05	0.0337342523605912	6.722178877680563e-05	7.154484337661416e-05	8.804887256701477e-05	0.05040170558277168	0.0016856262420333224	0.02903845230866864	0.0016521568366442807	0.04963398835550379	0.0006621370463108178	8.146608324750559e-05	8.999992714961991e-05	0.02045641628901649	8.210678279283457e-05	0.03254663309689931	0.025469666262506508	8.578366359870415e-05	8.19048409084644e-05	8.941749038058334e-05	8.732362548471428e-05	0.02841415369148308	7.755660653856467e-05
G[C>A]A	7.188378567661858e-05	6.422893436308641e-05	6.829295511359134e-05	0.0006846078897297048	7.513985645886123e-05	6.488452041253367e-05	0.022231904196814867	0.02000643494647534	7.21411604899913e-05	7.141635796870105e-05	0.0004847762734925709	0.041572825008552174	6.811051455599682e-05	7.703862324035527e-05	0.0006910131200129399	0.0001589353196322918	0.03313195529299264	8.16335163108306e-05	8.44394071464194e-05	0.046001253082795304	8.975742821348831e-05	0.08323946173222793	6.425430188880593e-05	0.017004078864647453	0.06656472810718697
G[C>A]C	8.864537048793863e-05	8.57195696880808e-05	8.547732250008266e-05	0.0009998162830015644	9.414727901457809e-05	8.903783709683921e-05	9.583596329321153e-05	0.018273659533952012	0.0007590505098050926	8.757724608585705e-05	0.0016574980822042563	0.03344606837054016	0.0015981102566001936	0.025812280777608977	0.001561391490395181	0.0010774476919323205	9.673726235632784e-05	0.019924176780477865	9.035814800881781e-05	0.001767795368868974	9.762816625880077e-05	0.0017517135449452326	9.701182862045243e-05	9.612628127797507e-05	9.373732646054123e-05
G[C>A]G	7.309202059637698e-05	7.29053747391184e-05	7.817092482582666e-05	0.035280173249338985	7.476446871552689e-05	7.953530439408496e-05	7.187362356688708e-05	0.0016365220133593538	0.0017001134932797869	9.037871641339734e-05	0.0016478097353683553	9.767014780663885e-05	0.2036258776127397	7.774113601044519e-05	9.42620332352817e-05	0.0007151748337491881	8.194290530809667e-05	8.775002061156556e-05	0.025134816482477618	9.171115998469759e-05	9.520881030766759e-05	9.723670591483824e-05	9.403259391547181e-05	9.375107838422991e-05	8.96220194590569e-05
G[C>A]T	7.115296743904764e-05	5.03392035224981e-05	0.0083655754444095	0.003255190018581189	7.766744820401073e-05	6.71371305941193e-05	7.084896226388082e-05	0.04447977306335815	7.800430301472261e-05	8.930427175073419e-05	0.011419892337289638	0.03313583036142518	9.171112251351587e-05	9.136622902587988e-05	8.491614144077176e-05	8.752758403716144e-05	9.367570164613426e-05	9.23636784136761e-05	7.5986271531292e-05	0.06587972554389125	0.19852845251953113	0.001275373636963195	8.333900659636128e-05	9.097021102206781e-05	8.46872918941699e-05
G[C>G]A	8.679558645781071e-05	7.65560337440796e-05	8.838967551128007e-05	0.003258555732827517	0.025107001861306343	8.341035772900796e-05	8.977166689874138e-05	0.0016450885239464696	0.0016981728815153474	9.021974001370836e-05	0.000776602919358993	9.922522367560305e-05	0.001604333717841655	9.670257350080647e-05	9.828046022448688e-05	0.0017809490593208466	9.283748659072444e-05	8.738821034057765e-05	9.834958327701316e-05	0.051315413154225095	9.409228041477036e-05	0.0017501084694231395	9.098387763515348e-05	9.619537449907511e-05	9.847422479651869e-05
G[C>G]C	9.183433285215869e-05	8.747802130528725e-05	7.968026463913702e-05	0.0029046214396657886	8.424430388913607e-05	9.649088824517093e-05	0.01662977793130267	0.0006703682905936148	9.838691985351034e-05	9.386961173731833e-05	0.0012544349916424834	9.794694706215523e-05	0.0016055241627327631	9.506839051027782e-05	0.0015565619423796306	0.04695756074652309	9.661689327913336e-05	9.366342637804337e-05	9.554719217703677e-05	0.01844851878413465	9.702632232801988e-05	0.001751011600572383	9.823086438700556e-05	9.440445574000478e-05	9.295402851421386e-05
G[C>G]G	8.507629099767655e-05	9.049573964148294e-05	8.265564792964142e-05	0.0023664132164412876	8.61817883560434e-05	8.70954587298911e-05	9.105993558478076e-05	0.03012270969484234	0.0007355036083026789	9.436931322852616e-05	0.0016583149132202379	0.04039061976363882	0.00011441462193033658	8.9339959595236e-05	0.02633749265660299	0.0017724455286952435	9.037672207341529e-05	9.131137921940536e-05	9.123940544668585e-05	0.0017667585721937939	9.906578634399921e-05	0.0017476345485192724	9.626113751437515e-05	9.278987672587392e-05	9.470855147810652e-05
G[C>G]T	7.826645767750051e-05	7.641795571364829e-05	7.219456319944584e-05	0.0018758688551315573	8.575078963986016e-05	7.941840838157077e-05	8.357669144061219e-05	0.0016377312724216609	0.0016994494151731487	9.135773798334413e-05	9.836841200012713e-05	0.09926582131229225	9.13680276426021e-05	0.02577395396256179	0.00014426789857679978	0.001777095217767055	8.681506806169636e-05	0.07912064562260639	7.998784326446184e-05	0.0017763622970960568	0.03312947424929007	0.00174140414210342	9.5845821488183e-05	7.91133742495731e-05	8.540374478798185e-05
G[C>T]A	0.01119279156769153	8.909274292818736e-05	6.86540499840682e-05	7.196957643864722e-05	7.200458595661985e-05	6.438062281688417e-05	8.291786580230109e-05	0.029790180038980908	7.015453847998287e-05	5.525587980977232e-05	0.0004933703450660687	8.767320578044746e-05	0.2200339180879382	0.04965604903163694	0.02873841606087808	0.0012538779170427005	8.185214101104066e-05	0.0397445128804975	8.051503245951608e-05	8.89244896825403e-05	7.974139189173001e-05	8.974961237981916e-05	0.014324313296904733	8.258050777385507e-05	9.151990016107448e-05
G[C>T]C	0.01664028379477287	6.684384877644333e-05	5.388003645627748e-05	7.979996762514929e-05	5.953943470302647e-05	6.37975503650523e-05	8.56130489410134e-05	0.33677240509787226	0.001193102373235888	6.920106434336049e-05	7.355569452442978e-05	6.296427809502348e-05	7.364265693468041e-05	8.681838335178327e-05	6.955603898646245e-05	8.104566350675135e-05	8.440053716185503e-05	8.200177580874879e-05	7.593900782012497e-05	7.619571742907283e-05	8.101454732241109e-05	0.001366386393419816	6.959689185350725e-05	7.45358370750182e-05	8.449015876976773e-05
G[C>T]G	3.0124660452202078e-05	0.9518419027328491	6.368153109121976e-05	0.10117584083764086	5.329939798581762e-05	4.712218598363904e-05	5.868777375663825e-05	6.749828889951459e-05	5.211239052869132e-05	9.109317543334327e-05	7.676042948787654e-05	7.733730205004009e-05	8.439742468908662e-05	8.409224137722049e-05	7.427720342150224e-05	7.249210908923942e-05	5.878083179595705e-05	5.5705762086644126e-05	7.557117046417262e-05	7.527451925806172e-05	6.385126927170859e-05	8.085352965281345e-05	5.726891714665783e-05	7.023891175776953e-05	8.232656436462094e-05
G[C>T]T	7.679285499762045e-05	4.3951447778933785e-05	7.032718347375067e-05	0.03598576186614082	0.010100537171629042	5.6226517187951686e-05	8.185864844563184e-05	0.0002805841827466793	0.018504848349402893	8.460246535832994e-05	0.03969190442439867	8.317133906530217e-05	0.1257361743500951	8.254931744886563e-05	0.00032508500580661346	8.137982063090021e-05	9.013504277390893e-05	0.01720335813033671	7.985108459251933e-05	8.214752160711214e-05	8.477270966977812e-05	8.152465452440082e-05	0.058999276866961735	7.818090655291599e-05	7.62432015108061e-05
G[T>A]A	9.5641722145956e-05	8.398724865221752e-05	0.008387100585969165	0.0018729459541646065	8.61796810568194e-05	9.037964482558892e-05	8.801077001407975e-05	0.001644737213064218	0.0017009811126627028	9.749784221639857e-05	0.0014613919403927867	9.337279261671938e-05	0.0015974506586644566	9.687353231129237e-05	0.0015549548138551472	0.0017802428345021326	8.939244034991133e-05	9.204205161950085e-05	9.338234121969435e-05	0.0017771382372302469	9.902909732772969e-05	0.0512837045287597	9.25804881262593e-05	9.76226874627173e-05	9.667704798630439e-05
G[T>A]C	9.179204389511141e-05	8.085292909347786e-05	9.07841938897036e-05	0.0019401131859922316	9.122463998210151e-05	9.364143188577146e-05	9.540273531456478e-05	0.0016441046362160705	0.0017005209781927987	9.340781944047193e-05	0.03628229903333704	9.694967739051207e-05	0.0016021582359826425	9.67425454291515e-05	0.0015656208932341542	0.001783681444794638	9.370513580506668e-05	9.823046275414526e-05	9.672031592344865e-05	0.0017767385208571796	9.844593441812321e-05	0.0017497786349849776	9.42195958486991e-05	9.710693411761895e-05	9.892668531392701e-05
G[T>A]G	8.781207470747177e-05	7.462173781931369e-05	8.679565908096266e-05	0.0030002509000269127	0.012487745454563992	8.424761196579311e-05	9.24893087358214e-05	0.0006742342011420988	8.770230747359164e-05	8.521565114278928e-05	0.0016504276551586373	9.58025237196125e-05	0.026780708727889645	8.23254290239106e-05	0.06734530390167492	0.022186756364681058	9.162696806015447e-05	9.438885317649692e-05	9.709256264613941e-05	0.0010114033197169193	9.904491089400836e-05	0.0013734766151173971	9.608287873561495e-05	0.01668604728183709	9.405585369677283e-05
G[T>A]T	9.217923798132688e-05	8.550515958631877e-05	0.010025352085312989	0.002907554939156398	8.781612968959962e-05	9.588285174686462e-05	9.060934607987292e-05	0.001633637429154624	0.0016988425748422741	9.723863113322295e-05	0.0016561632008233573	9.939277369994671e-05	0.0006767427588783903	9.611910645617172e-05	0.0015647966931283009	0.021949533627775963	9.714811167214066e-05	9.85626145848073e-05	0.012507455769082299	0.0017738447444571649	9.98208808596246e-05	0.0001007241167826578	9.253694952349178e-05	9.770833057700656e-05	0.04966342681509559
G[T>C]A	0.006331295573636453	6.366826808337222e-05	7.971712848302559e-05	0.1339790589423501	7.91901003140083e-05	8.471347682643681e-05	0.01706808097442263	7.606455077266983e-05	0.0016913952820686972	8.402933781326283e-05	0.0016447584100092172	7.5653639646589e-05	0.0006930252014626604	7.263930219778559e-05	0.049631057411124856	8.726744381419849e-05	9.571167101967149e-05	8.902233239496126e-05	8.684728410344179e-05	0.0017734363733325153	8.322464564116671e-05	9.701628296170384e-05	9.63324673648458e-05	8.515980111951648e-05	8.038920059334486e-05
G[T>C]C	8.208144863601774e-05	7.800056853559667e-05	6.436240566927154e-05	0.0024276270414702594	0.0112039512235242	0.01826144696897245	8.219086739700288e-05	0.0011287350760539993	9.580424521118402e-05	0.03151210010473733	0.000558733121943078	9.298627337557263e-05	0.035118636397237425	8.862218019203282e-05	0.0006788912494812393	0.03588970394193893	9.525116911390796e-05	9.32185590500012e-05	9.08650123164989e-05	0.0017694417321763467	8.855231917550554e-05	0.00143118130727089	9.215347454301081e-05	0.025735633916337975	9.013769704324659e-05
G[T>C]G	8.146376994773163e-05	6.211065881691624e-05	7.9832241681288e-05	0.0018730278439761604	0.01003361160858276	7.766492453811224e-05	8.49289855977986e-05	0.00012479861215979325	0.0013711854608118301	7.980457403391483e-05	0.06552177402481903	8.518001086486038e-05	0.001590621914328949	9.091425672522747e-05	0.00010151172464247792	0.0007760859196423552	8.22493042505812e-05	9.490668962826021e-05	9.011680740513838e-05	0.001769781092298217	0.02579643549506727	0.03510909071792412	8.37674399235766e-05	0.03349428586116119	0.014422068848216441
G[T>C]T	7.968007418304771e-05	7.00424304880265e-05	7.35862372705176e-05	0.002973769887466915	0.010123133822344244	8.656011013954412e-05	8.172580710379407e-05	8.072501690321587e-05	0.0010023672897659709	8.615704791736789e-05	0.010328200857475166	9.061989949259442e-05	0.00048328703924198634	9.104814671445638e-05	0.0015576235280605033	0.0017756365683453622	9.029710709000938e-05	0.014355583243013826	9.032126326928847e-05	0.06658045561780454	0.020133021561923668	0.017704476325889118	9.43319100770168e-05	9.23936182516627e-05	9.20363498153165e-05
G[T>G]A	9.466154151596128e-05	8.486326958339064e-05	8.392644376726821e-05	0.0018735771838692017	8.70241999564314e-05	8.779983691056258e-05	8.502326754751266e-05	0.001642561204789672	0.0010095020646986087	9.635896713007241e-05	0.0016601309282123112	9.392913161718753e-05	0.0015983111363311764	9.737187574501149e-05	0.0015551868600596208	0.001780299185338663	8.889766741049243e-05	0.014352030713416753	9.116994988289662e-05	0.0017763945455953945	9.820533305173739e-05	0.0512839561146393	9.311376525147352e-05	9.811583513510413e-05	9.743942937348037e-05
G[T>G]C	8.002966787898914e-05	7.206979787772738e-05	8.799459028523416e-05	0.0018869177460146603	8.162122530848137e-05	8.676947568346805e-05	9.083104741876013e-05	0.001640096783376066	0.027421160665471688	7.951905490699573e-05	0.0016582180905970745	0.04965207557834219	0.0015976807349943555	9.432113147340715e-05	9.352808847324922e-05	0.001772415875529987	8.671432915434707e-05	7.78070613705495e-05	9.049739528563805e-05	0.05130606034144876	9.10761118575465e-05	9.490525044384413e-05	8.550332368031376e-05	9.286251115554478e-05	9.293724397139159e-05
G[T>G]G	7.963952448335476e-05	7.498025511267769e-05	6.840331743923244e-05	0.0014653919430202222	6.666311332992336e-05	8.071923148236237e-05	9.374862456752453e-05	0.0016395439488405827	0.0006886327922984492	7.738754002275527e-05	0.001073437863124127	0.024898265739466297	0.00012174959210824454	8.9304650464328e-05	0.049735073238116455	9.404036100022495e-05	8.076310899737607e-05	7.792965789121808e-05	8.099791739368811e-05	0.051331956272770186	0.025120837027498056	0.010923204969003564	8.911168552003801e-05	8.785088102740702e-05	8.914906247809995e-05
G[T>G]T	8.113359290291555e-05	7.856596792228387e-05	7.953220865601907e-05	0.03629683710023528	8.599285520176636e-05	9.212922923325095e-05	9.398992115166039e-05	0.001638077491952572	0.0016994350851746276	9.459604116273113e-05	0.0016597415538853965	9.784978683455848e-05	0.00047836378548709034	8.643066448712488e-05	0.000338206478045322	0.0017810378143622075	9.809637267608196e-05	0.017227385491423775	9.196794526360464e-05	0.001776666837395169	9.230477953678929e-05	0.01716854897676967	9.788673196453601e-05	9.442151495022699e-05	9.270039809052832e-05
T[C>A]A	6.58211582617696e-05	6.963497785852368e-05	0.007744903899935473	0.001289280696073547	0.03377695284934816	7.549235260739806e-05	7.561414704468917e-05	0.0003268208041845355	0.056482311856234445	6.673618611188203e-05	0.0008029782264202367	0.05959209241154895	8.409304409724427e-05	7.880946341174422e-05	8.563455648982198e-05	0.06554678822576535	6.513863859605173e-05	7.607483084939303e-05	0.012684310311556146	0.011066787930030842	0.06490052823428413	8.716324287867394e-05	8.396618450206006e-05	8.489921965519898e-05	7.414681367663434e-05
T[C>A]C	7.591551234327198e-05	4.622093244535108e-05	6.86238611634582e-05	0.0013508232634194429	6.87340270360437e-05	4.938699058811835e-05	7.545435786369126e-05	8.18960737319685e-05	0.020522165306465466	7.10067803140646e-05	0.0016343048312656094	8.767396102484781e-05	0.009969535498385085	6.869307397892044e-05	8.680716309754644e-05	7.618260642630048e-05	0.38493471277033675	7.636781342625908e-05	7.476541062887421e-05	8.822335439617746e-05	8.64318306412315e-05	8.049960306379944e-05	7.745292451772911e-05	0.05654518916089728	8.716311058378778e-05
T[C>A]G	6.947851248498838e-05	7.173394169512903e-05	6.434136934529988e-05	7.298263473103362e-05	7.228637828120555e-05	6.861073036183996e-05	0.049662914981308856	0.10767928633867996	8.533947639079997e-05	8.408105313719715e-05	8.548575024178718e-05	9.600048142601735e-05	0.06699660140657215	8.904441456252244e-05	0.05111207699183069	0.001770157495411695	8.335209736287652e-05	9.517626749584451e-05	7.740650821688177e-05	8.116711901493546e-05	8.516392899764469e-05	0.0017405268672519014	8.917622781154933e-05	9.583944192854687e-05	9.299724297306966e-05
T[C>A]T	7.721574085053362e-05	6.349682177027583e-05	5.7605744971201245e-05	0.001475833960617967	7.926530788608943e-05	6.224234878118295e-05	7.295873583643698e-05	8.275111076727626e-05	0.01058821767437621	8.943610373535194e-05	0.13876644264898913	8.941482883528806e-05	0.04966664636722271	8.95399076398462e-05	0.04924991012994724	0.0017666249048133408	9.430433347006329e-05	7.56202577022691e-05	0.03661483924533968	0.0017575314253917896	9.04525808437029e-05	8.150483813409437e-05	9.568798923282884e-05	6.690487372793542e-05	8.826029770716559e-05
T[C>G]A	7.011045129559079e-05	6.602298367680003e-05	6.770590980522683e-05	0.001830225707453792	6.554419309168225e-05	7.262223430188896e-05	6.151515888195292e-05	7.28239713680523e-05	0.03679782536057931	8.230791581809171e-05	0.0005435891370931146	8.29173073725542e-05	0.0010263038193443208	7.585807647956245e-05	0.009690414318333751	8.976124081527814e-05	9.035987968672999e-05	0.12120576282259207	7.561441921097867e-05	7.762033892504406e-05	0.02569028334621635	0.0017298373006199418	7.806842414765924e-05	8.312743993883487e-05	0.13555875308375107
T[C>G]C	5.869574048062986e-05	6.276091153267771e-05	5.513764519785719e-05	0.0026625664977473207	0.029922526891240798	6.866367448310484e-05	8.386772606172599e-05	0.12745225390899578	0.015463314608496148	0.024875981166456285	0.05080408626672579	8.985557615233119e-05	0.00018303518227185122	0.012569248162435542	9.043493446370121e-05	8.979743215604685e-05	8.377074009331409e-05	7.889771659392863e-05	0.014624325589102228	0.0004479293840631726	8.270866528619081e-05	7.869920445955359e-05	7.914961133792531e-05	0.03349278572733283	9.100973475142382e-05
T[C>G]G	7.607354118590592e-05	7.02534599240856e-05	8.114015209912396e-05	0.001954849961475702	7.904665146725165e-05	6.658581953615794e-05	8.86918103788048e-05	0.016716296262165996	0.03407161100146823	7.970627568738564e-05	7.399149440061592e-05	8.944704932218883e-05	0.0015639939572449802	9.102741169044747e-05	9.710111480671912e-05	0.050602601489875096	0.01742502581255394	8.40701108245412e-05	7.974957097758306e-05	7.678167521589785e-05	9.483614121563733e-05	0.050465782059382035	8.501630691171158e-05	0.02484496448772191	8.685078323651396e-05
T[C>G]T	5.515460176965803e-05	6.266072034861736e-05	0.0062799152937607515	6.190385115267816e-05	8.958822363638319e-05	0.04713410291462168	0.5836451784220117	0.0014562115720764268	9.082674478122499e-05	7.96542561147362e-05	6.403857817292025e-05	7.120616210158915e-05	5.754361127401353e-05	6.514178237466694e-05	6.284976861934411e-05	8.677830301166978e-05	8.363200540770777e-05	7.447142161254305e-05	7.351120620793238e-05	7.590834395614366e-05	7.443531437729689e-05	7.853775332478108e-05	7.266640277521219e-05	7.296711664821487e-05	7.600747041465183e-05
T[C>T]A	3.730819591396539e-05	4.0883864763241465e-05	4.753136061630414e-05	8.135953371493087e-05	0.6752551312907599	3.5853832315524414e-05	0.033264892486803886	6.391710676325601e-05	5.8601903510790974e-05	3.829576012321922e-05	7.89570123743033e-05	5.853968458175984e-05	6.09650927799521e-05	3.5813000898077264e-05	7.100273224800447e-05	9.202299333992414e-05	6.247482171715114e-05	5.729901293136663e-05	6.445365411309468e-05	7.507804539272911e-05	9.362230630358682e-05	0.0001636889036035427	7.103237762748905e-05	7.147842079575639e-05	8.296828891616315e-05
T[C>T]C	4.945166410834645e-05	3.4079045044399515e-05	1.5413801065156106e-05	5.153135889486293e-05	7.775523320829313e-05	0.02851869936942819	5.2335455359298065e-05	7.534806009061868e-05	6.481116392933472e-05	0.5212123886623885	0.0007851767120882868	8.2871971608256e-05	6.237118413991994e-05	7.493475040973863e-05	7.378889313258696e-05	0.0007067975799145643	8.036145452479104e-05	8.060252239374676e-05	5.833565668131868e-05	4.713938787972438e-05	8.148454326146748e-05	9.101197283598595e-05	8.339144224009943e-05	7.539405870602423e-05	7.597838064157258e-05
T[C>T]G	2.7073254278642267e-05	7.025012240933216e-05	6.55589369671361e-05	5.1587474274583656e-05	8.726834512344795e-05	0.8316292762756348	5.03392421933313e-05	6.533766209031455e-05	7.58181294258975e-05	8.184661819541362e-05	7.852960684431309e-05	6.104044465473634e-05	7.249350701385993e-05	5.5049420286934494e-05	7.593722154979332e-05	6.141828780528157e-05	7.263139286806108e-05	8.756976349104662e-05	6.857476253117057e-05	4.905626503326488e-05	9.00065315363463e-05	6.68662731953873e-05	6.585202906013165e-05	9.075460984604433e-05	5.630434040142518e-05
T[C>T]T	4.6745862546014594e-05	2.9789234627486394e-05	4.486718648668966e-05	7.099407939676894e-05	8.297290514747147e-05	0.03634574189365587	8.625908485555555e-05	5.4717516786695344e-05	6.602312721497583e-05	6.41972117819023e-05	8.652311535115587e-05	7.997494394658133e-05	6.630147981567802e-05	0.6148224100274092	0.00020678587461588904	9.081906027859077e-05	8.22143586447055e-05	8.515206554875477e-05	7.093969270499656e-05	4.89987309379103e-05	7.407449126617394e-05	6.42296679870924e-05	6.678790759906406e-05	7.253156577462505e-05	6.316289654932916e-05
T[T>A]A	7.834081724556897e-05	8.128360335888374e-05	9.099946255446412e-05	0.0014748861693533399	9.128958627115935e-05	8.091365552900242e-05	9.524520501145162e-05	0.00030342787213157865	0.018865084747449145	9.266113083867822e-05	0.010330381365929498	9.571509945089929e-05	0.0015970781289070147	9.316811847384087e-05	0.0015644446008082013	0.00177479801041045	8.749371991143562e-05	9.201486755046062e-05	8.974641023087315e-05	0.0017752210347680374	9.607251995475962e-05	0.034773293514808755	9.794199431780725e-05	9.488639188930393e-05	9.689270882518031e-05
T[T>A]C	9.590854606358334e-05	7.639680159448048e-05	7.794250198003282e-05	0.0032567673137236853	9.231824878952466e-05	8.139178382862155e-05	9.60005578235723e-05	0.00010806262798723765	0.0006984787760302424	0.04963713647230179	9.886295520118437e-05	9.418954105058219e-05	0.001597071211108414	9.236007717845496e-05	0.001563512549182633	0.001782581678708084	9.043483914865647e-05	0.020519936043456255	9.39727106015198e-05	0.0017648468834522645	0.025125592739641434	0.0017501847149105742	9.268360481655691e-05	9.830061826505698e-05	8.219610517699039e-05
T[T>A]G	8.767298040766037e-05	9.13592375582084e-05	7.343300716866619e-05	0.0014981818880187348	8.352349370852608e-05	8.214146550926671e-05	9.208479896187783e-05	0.0016370999324863077	0.0013202274116338232	9.359478754049633e-05	0.0016591090316069312	9.951240281225182e-05	0.05117455785477887	0.012546900419692975	0.0015650416338758078	0.0017821272696892266	9.531875257380306e-05	8.820536968414671e-05	8.867453234415735e-05	9.420442038390319e-05	9.845212262007407e-05	0.001746234469646879	9.79671582172159e-05	0.024859252695023315	9.787545495782979e-05
T[T>A]T	9.265357148251497e-05	8.488422652410676e-05	8.703749554115348e-05	0.002882374263572274	9.456756233703346e-05	0.01342394156527007	9.119431997532957e-05	0.0016426569207396823	0.01573054573018453	9.649107960285619e-05	0.00165753589826636	9.70778455666732e-05	0.00019263426729594358	9.41597725613974e-05	0.0015633677714504302	0.0017831589524575976	9.57889533310663e-05	0.01435313096299069	9.464390823268331e-05	0.0017730920764734038	9.833072908804752e-05	0.0017536183375341352	9.722957111080177e-05	9.507847935310564e-05	9.734558479976841e-05
T[T>C]A	8.465316909678222e-05	7.121173200905773e-05	8.174263087568079e-05	0.0032643178041325883	9.2290767133818e-05	8.328971271112095e-05	8.649778519611572e-05	0.0003043926779355388	0.00170036106792395	9.765277281985618e-05	0.0016593244225077796	0.033147766972979296	0.035941829042712925	9.226541769749019e-05	0.0015561906152470328	0.0017781886905140708	9.690456790849567e-05	9.404568700119854e-05	9.384342665725853e-05	0.0001004391146125272	9.72665729932487e-05	0.0017527285213873255	9.121573821175843e-05	9.617167161195539e-05	9.804662404349074e-05
T[T>C]C	9.214150559273548e-05	6.532212732963671e-05	7.278104649230955e-05	0.002656871353474344	7.966702362409706e-05	7.535839533829858e-05	8.48306401167065e-05	0.001633565610700316	0.0016865014084032736	9.207811672240496e-05	0.001213784048013622	8.890040689948364e-05	8.584843017160893e-05	0.012587626803951934	0.05928121588076465	9.796098747756332e-05	0.01661361190235766	8.785813924987451e-05	0.055891532131499846	0.0017619145961361936	9.747496515046805e-05	0.0017494820880529006	8.822790950944182e-05	8.879951783455909e-05	8.944459550548345e-05
T[T>C]G	8.636677812319249e-05	7.99901261260061e-05	7.388124522549333e-05	0.002365038603602443	8.461738798359875e-05	8.488014609611127e-05	8.052033053900232e-05	0.010236042130117085	0.001697485025943024	8.876033227807056e-05	0.0016575497480516787	9.201553511957172e-05	0.0015985490223101805	8.448231296824815e-05	0.026340394026919966	0.001776346191036282	9.318173906649462e-05	9.174587175948545e-05	9.389068582095206e-05	9.101315390580567e-05	0.049615249862836205	0.0017451550327677978	9.55265699303709e-05	8.857182874635327e-05	9.799112885957583e-05
T[T>C]T	8.19120501546422e-05	6.658168504145579e-05	6.269970652246215e-05	0.0011655764008537516	8.265529686468653e-05	8.930270087148529e-05	8.4366588271223e-05	0.0016361079578928184	0.0016905636038245576	8.835673361318186e-05	0.001655711169951246	8.804036096989875e-05	0.0009009122739371378	9.229524403053802e-05	9.406087337993085e-05	0.0017679687718555215	0.018222815585613717	8.752511057537049e-05	0.0928899483405985	8.79583356436342e-05	9.660334399086423e-05	0.0486518106830772	8.749245353101287e-05	9.235331090167165e-05	8.636687889520544e-05
T[T>G]A	9.127094708674121e-05	8.255066975655367e-05	8.622019231552258e-05	0.0032648222550051287	9.541653489577583e-05	9.581642298144289e-05	9.213411067321431e-05	0.0016458808837342075	0.001701800778391771	9.803228895179927e-05	0.000562764141795924	9.462350208195857e-05	0.001606020665349206	9.476442355662584e-05	0.0015658601063478273	0.03555882699292852	9.682518139015883e-05	9.769936368684285e-05	9.940107993315906e-05	0.0017725616424286272	0.00010004085634136572	0.0017542041110573336	9.860333157121203e-05	9.4310567874345e-05	9.889387001749128e-05
T[T>G]C	9.035234033945016e-05	7.940522052924947e-05	7.915731603134191e-05	0.0032627425774990116	9.578683311701752e-05	9.383834621985443e-05	0.04964130132138962	9.424230556760449e-05	0.0016986385511700065	9.547676891088485e-05	0.0016562590280955192	9.764705973793752e-05	0.0016052725462941454	8.71419241093463e-05	0.001562186762021156	0.0015046495893329848	8.984530650195666e-05	9.397735775564797e-05	9.680703078629449e-05	0.0017714699570205994	9.771856493898668e-05	0.0008060798521910328	0.020106611525989138	9.338727177237161e-05	0.011151518197584665
T[T>G]G	9.516403733869083e-05	8.53359099692419e-05	8.989367270260118e-05	0.0032649236753059087	9.630455097067169e-05	9.566382504999638e-05	9.6736682462506e-05	0.0016462558160128538	0.0017016097110172268	9.816577876335942e-05	0.001660611523402622	9.958639348042197e-05	0.0016063378352555446	9.827812609728426e-05	0.001565800205571577	0.001783560546755325	9.74227295955643e-05	9.876335752778687e-05	9.937038703355938e-05	0.001777326913725119	0.0001000273296085652	0.0017541259141580668	9.934018380590715e-05	9.805932859308086e-05	9.890922738122753e-05
T[T>G]T	0.008366660545453897	6.389843918261918e-05	7.146506987112388e-05	0.001864686233602697	9.184472146444023e-05	8.74064331583213e-05	8.56011669156942e-05	9.443596209166572e-05	0.0014241360862797593	0.022216544514958515	0.0016541352873900906	9.068148210644722e-05	0.0015989879255357664	8.899717795429751e-05	0.001562126430508215	0.0012562773649960946	8.840543014230207e-05	8.355345496369182e-05	0.062256361026811646	0.00044828506379417376	9.401440474903211e-05	0.0010978658143358188	0.07321267569162729	8.634127943878412e-05	8.503717735948157e-05
