MutationType	SBS96A	SBS96B	SBS96C	SBS96D	SBS96E	SBS96F	SBS96G	SBS96H	SBS96I
A[C>A]A	8.67E-05	6.52E-05	6.25E-05	0.00E+00	4.63E-03	2.29E-05	8.66E-05	1.18E-04	4.21E-03
A[C>A]C	8.14E-05	7.64E-05	1.39E-04	1.57E-04	3.54E-03	7.13E-04	2.29E-04	1.39E-04	3.85E-03
A[C>A]G	4.07E-05	1.97E-05	3.37E-05	3.05E-05	1.62E-03	4.56E-05	1.01E-05	7.08E-05	1.41E-03
A[C>A]T	1.24E-03	8.10E-05	1.77E-04	2.83E-03	9.76E-04	5.00E-03	1.70E-04	6.85E-10	1.08E-03
A[C>G]A	4.45E-05	8.25E-05	4.13E-05	1.28E-04	2.07E-03	7.32E-05	1.70E-05	1.46E-04	1.83E-03
A[C>G]C	3.06E-05	5.25E-05	8.58E-05	3.58E-05	2.26E-03	0.00E+00	1.04E-04	1.04E-04	1.85E-03
A[C>G]G	8.69E-06	1.61E-05	3.16E-05	3.21E-11	1.75E-03	1.40E-05	4.88E-06	6.30E-05	1.58E-03
A[C>G]T	1.56E-05	4.72E-05	5.73E-05	3.29E-05	2.88E-03	0.00E+00	7.28E-05	1.75E-04	2.51E-03
A[C>T]A	0.00E+00	6.44E-04	9.79E-04	6.27E-04	5.58E-03	3.97E-03	3.62E-05	2.24E-04	1.04E-03
A[C>T]C	2.92E-04	4.84E-04	6.74E-04	1.47E-03	6.86E-03	4.12E-03	6.46E-04	1.27E-04	1.14E-03
A[C>T]G	1.57E-03	4.81E-03	1.24E-03	2.52E-03	1.11E-02	5.98E-03	2.30E-03	2.93E-04	1.87E-03
A[C>T]T	4.27E-04	5.25E-04	7.79E-04	7.81E-04	5.09E-03	2.93E-03	4.48E-04	1.84E-04	9.17E-04
A[T>A]A	3.95E-05	7.46E-06	8.91E-05	8.40E-05	1.04E-03	1.12E-04	1.37E-04	4.28E-05	9.20E-04
A[T>A]C	0.00E+00	0.00E+00	2.13E-04	2.14E-04	1.76E-03	0.00E+00	4.10E-04	6.98E-05	1.56E-03
A[T>A]G	8.61E-07	1.13E-05	5.12E-05	2.82E-06	2.14E-03	3.13E-05	7.01E-05	9.54E-05	1.92E-03
A[T>A]T	1.75E-04	9.95E-05	1.58E-04	1.38E-04	1.15E-03	1.81E-04	2.48E-04	3.06E-05	1.12E-03
A[T>C]A	3.02E-04	2.17E-04	6.87E-04	3.95E-04	8.69E-04	9.31E-04	1.10E-03	2.81E-05	1.43E-03
A[T>C]C	3.91E-04	2.09E-04	4.00E-04	5.40E-04	1.14E-03	5.00E-04	5.08E-04	8.20E-05	4.09E-04
A[T>C]G	1.53E-04	3.41E-04	9.41E-04	0.00E+00	1.59E-03	2.54E-04	1.71E-03	9.53E-05	1.25E-03
A[T>C]T	3.75E-04	1.45E-04	3.32E-04	0.00E+00	1.77E-03	9.23E-04	5.35E-04	7.92E-05	2.47E-03
A[T>G]A	1.32E-04	4.59E-06	2.15E-05	0.00E+00	6.13E-04	1.59E-05	1.03E-04	4.12E-05	4.37E-04
A[T>G]C	4.06E-04	5.18E-05	0.00E+00	2.03E-04	6.95E-04	2.21E-04	2.39E-04	3.48E-05	8.64E-04
A[T>G]G	1.23E-04	4.77E-05	1.57E-05	9.06E-05	9.53E-04	1.71E-04	1.42E-04	3.25E-05	6.43E-04
A[T>G]T	1.67E-03	0.00E+00	0.00E+00	5.42E-04	3.37E-03	1.23E-03	9.09E-04	0.00E+00	4.86E-03
C[C>A]A	3.33E-04	2.13E-04	3.69E-04	8.72E-04	4.06E-03	1.75E-03	7.28E-05	1.77E-04	3.46E-03
C[C>A]C	2.23E-04	2.77E-04	7.93E-04	7.40E-04	2.51E-03	1.44E-03	2.31E-04	1.25E-04	1.87E-03
C[C>A]G	1.40E-04	2.12E-04	2.24E-04	2.30E-04	1.50E-03	3.51E-04	6.99E-06	6.20E-05	1.30E-03
C[C>A]T	3.08E-03	1.37E-08	3.25E-03	1.36E-02	2.94E-09	2.60E-02	3.41E-08	1.04E-09	2.91E-09
C[C>G]A	0.00E+00	8.77E-06	0.00E+00	1.40E-46	2.13E-03	1.63E-05	4.32E-06	2.11E-04	1.88E-03
C[C>G]C	6.65E-06	0.00E+00	2.19E-06	1.98E-05	2.36E-03	0.00E+00	3.10E-05	9.49E-05	2.03E-03
C[C>G]G	1.66E-06	2.08E-05	4.34E-05	4.96E-06	2.04E-03	6.58E-06	0.00E+00	1.17E-04	1.84E-03
C[C>G]T	1.90E-05	1.01E-05	4.71E-06	1.21E-05	3.33E-03	3.16E-06	2.91E-05	2.63E-04	2.89E-03
C[C>T]A	9.50E-05	3.02E-04	2.34E-04	5.54E-04	3.60E-03	2.79E-03	1.89E-04	2.17E-04	3.67E-03
C[C>T]C	1.76E-04	3.43E-04	6.39E-04	1.63E-03	7.99E-03	6.48E-03	8.22E-04	3.06E-04	1.71E-03
C[C>T]G	6.28E-04	4.43E-03	1.20E-03	8.55E-24	1.49E-02	1.07E-02	2.30E-03	4.74E-04	2.57E-03
C[C>T]T	3.20E-04	1.97E-04	6.46E-04	1.05E-03	6.76E-03	5.88E-03	8.40E-04	3.19E-04	1.99E-03
C[T>A]A	1.16E-05	0.00E+00	4.64E-05	2.72E-05	1.16E-03	8.57E-06	8.02E-05	5.88E-05	9.41E-04
C[T>A]C	1.17E-05	1.17E-05	9.38E-05	1.66E-04	1.56E-03	1.60E-04	3.07E-04	4.36E-05	1.31E-03
C[T>A]G	3.78E-05	3.52E-05	8.49E-05	3.43E-05	3.16E-03	5.52E-05	1.67E-04	8.93E-05	2.41E-03
C[T>A]T	1.41E-04	0.00E+00	1.08E-04	1.69E-04	1.98E-03	4.60E-04	7.80E-04	3.15E-05	3.50E-03
C[T>C]A	2.80E-05	1.25E-04	3.78E-04	0.00E+00	9.66E-04	6.54E-06	6.45E-04	2.07E-05	7.55E-04
C[T>C]C	5.74E-05	2.36E-04	2.68E-04	3.53E-04	8.82E-04	2.39E-04	1.88E-03	4.28E-05	6.89E-03
C[T>C]G	8.92E-05	2.50E-04	1.09E-03	0.00E+00	3.62E-04	1.04E-39	1.78E-03	2.15E-09	4.59E-03
C[T>C]T	1.26E-04	1.83E-05	2.56E-04	0.00E+00	1.59E-03	6.60E-04	3.44E-03	4.76E-05	1.59E-02
C[T>G]A	2.94E-04	2.88E-05	3.54E-05	8.84E-06	6.16E-04	0.00E+00	8.46E-05	2.13E-05	3.88E-04
C[T>G]C	1.73E-04	2.10E-04	2.39E-04	2.21E-04	7.63E-04	2.17E-04	7.86E-04	4.64E-05	3.05E-03
C[T>G]G	3.55E-04	1.92E-04	2.92E-04	1.76E-04	1.22E-03	0.00E+00	8.36E-04	1.74E-05	2.89E-03
C[T>G]T	1.83E-03	9.99E-05	3.31E-04	4.73E-04	4.24E-03	2.76E-03	9.17E-03	1.44E-09	3.84E-02
G[C>A]A	1.23E-04	1.67E-04	1.32E-04	2.20E-04	5.58E-03	1.69E-04	6.21E-05	1.28E-04	4.72E-03
G[C>A]C	1.54E-04	2.36E-04	2.08E-04	5.58E-04	2.90E-03	6.29E-04	3.82E-04	8.37E-05	3.10E-03
G[C>A]G	2.48E-05	8.33E-05	9.81E-05	1.63E-04	1.69E-03	1.28E-04	1.05E-04	5.05E-05	1.53E-03
G[C>A]T	1.30E-03	2.89E-04	6.21E-04	6.71E-03	1.87E-03	1.25E-02	1.34E-04	2.02E-05	1.17E-03
G[C>G]A	3.29E-05	4.64E-05	0.00E+00	1.41E-04	1.29E-03	1.54E-04	5.21E-05	9.22E-05	1.19E-03
G[C>G]C	2.34E-05	8.41E-05	1.64E-04	1.36E-04	2.35E-03	0.00E+00	2.47E-04	8.43E-05	2.22E-03
G[C>G]G	1.83E-06	3.77E-05	4.86E-05	4.87E-06	1.10E-03	0.00E+00	2.13E-05	4.35E-05	1.04E-03
G[C>G]T	2.93E-05	8.11E-05	8.66E-05	1.08E-04	2.60E-03	3.88E-05	7.35E-05	1.72E-04	2.28E-03
G[C>T]A	0.00E+00	9.70E-04	1.41E-03	1.40E-03	8.38E-03	5.40E-03	1.30E-03	3.23E-04	1.97E-04
G[C>T]C	9.91E-04	2.61E-03	2.88E-03	7.50E-03	2.77E-03	2.05E-03	6.08E-03	1.73E-04	1.40E-46
G[C>T]G	2.62E-03	6.13E-03	5.70E-03	1.63E-02	1.40E-46	6.85E-03	3.98E-03	0.00E+00	1.02E-03
G[C>T]T	1.55E-03	1.05E-03	8.46E-04	3.22E-03	5.80E-03	3.24E-03	3.04E-03	2.26E-04	2.92E-03
G[T>A]A	6.48E-06	2.30E-05	6.70E-05	2.02E-05	9.68E-04	2.69E-06	1.19E-04	6.88E-05	8.89E-04
G[T>A]C	0.00E+00	2.62E-42	1.56E-04	2.60E-04	1.06E-03	2.10E-04	2.63E-04	4.57E-05	8.76E-04
G[T>A]G	0.00E+00	0.00E+00	1.02E-04	9.60E-06	1.43E-03	0.00E+00	1.11E-04	5.99E-05	1.31E-03
G[T>A]T	5.61E-05	0.00E+00	4.69E-05	6.49E-05	1.02E-03	1.37E-04	1.49E-04	3.09E-05	8.07E-04
G[T>C]A	3.30E-04	2.91E-08	1.32E-03	1.84E-03	7.04E-04	1.57E-04	3.48E-03	9.59E-09	5.96E-04
G[T>C]C	7.24E-04	2.27E-04	2.86E-04	2.41E-03	1.76E-03	4.13E-06	1.81E-03	0.00E+00	1.38E-03
G[T>C]G	1.60E-04	0.00E+00	1.22E-03	1.33E-03	5.14E-04	7.11E-04	3.16E-03	0.00E+00	7.35E-04
G[T>C]T	1.02E-03	1.26E-04	4.63E-04	1.21E-03	2.15E-03	6.99E-04	1.37E-03	2.27E-05	1.20E-03
G[T>G]A	1.13E-04	0.00E+00	1.49E-06	6.46E-05	6.84E-04	2.21E-05	6.70E-05	1.55E-05	4.44E-04
G[T>G]C	2.05E-04	0.00E+00	0.00E+00	1.90E-04	5.57E-04	6.77E-05	3.57E-04	4.84E-06	1.04E-03
G[T>G]G	7.92E-05	0.00E+00	2.14E-05	1.42E-04	1.34E-03	1.23E-04	1.83E-04	7.71E-06	8.94E-04
G[T>G]T	3.47E-04	8.87E-08	1.40E-46	2.76E-04	8.88E-04	9.86E-04	2.51E-03	0.00E+00	1.08E-02
T[C>A]A	1.68E-03	5.35E-05	1.74E-04	0.00E+00	3.32E-03	0.00E+00	0.00E+00	4.15E-04	2.66E-03
T[C>A]C	1.10E-03	1.79E-04	2.18E-04	2.06E-03	3.95E-03	2.89E-03	4.78E-05	3.24E-04	3.73E-03
T[C>A]G	3.47E-04	7.87E-05	1.23E-04	0.00E+00	1.75E-03	0.00E+00	0.00E+00	1.35E-04	1.46E-03
T[C>A]T	2.71E-02	0.00E+00	7.88E-04	4.18E-03	3.38E-04	1.49E-02	2.01E-06	6.16E-04	5.03E-05
T[C>G]A	2.63E-10	7.75E-09	0.00E+00	1.37E-07	3.00E-07	2.64E-08	2.07E-08	1.48E-03	1.60E-07
T[C>G]C	9.34E-07	3.60E-05	9.35E-06	2.43E-05	1.91E-03	0.00E+00	3.72E-05	6.92E-04	1.34E-03
T[C>G]G	3.06E-06	1.28E-05	1.11E-05	1.24E-05	1.13E-03	5.12E-06	4.71E-06	2.20E-04	9.11E-04
T[C>G]T	1.52E-05	0.00E+00	0.00E+00	0.00E+00	5.01E-04	5.43E-05	3.56E-05	2.12E-03	2.90E-04
T[C>T]A	4.03E-04	2.82E-04	4.46E-04	1.28E-03	4.41E-03	2.65E-03	4.59E-04	2.95E-03	9.76E-04
T[C>T]C	2.03E-03	4.88E-04	2.58E-04	4.03E-03	8.98E-03	7.86E-03	8.59E-04	8.71E-04	4.79E-03
T[C>T]G	2.25E-02	2.63E-03	4.41E-04	4.60E-03	3.44E-02	4.00E-03	7.10E-04	6.19E-03	6.44E-02
T[C>T]T	3.47E-03	1.89E-04	0.00E+00	2.96E-03	8.31E-03	5.14E-03	5.25E-04	1.33E-03	1.06E-02
T[T>A]A	4.36E-05	7.77E-05	1.19E-04	4.98E-05	1.69E-03	0.00E+00	1.21E-04	7.11E-05	1.43E-03
T[T>A]C	5.90E-05	2.54E-05	1.92E-05	1.93E-04	1.20E-03	2.16E-04	1.04E-04	6.13E-05	9.92E-04
T[T>A]G	5.08E-05	8.92E-06	4.02E-05	1.05E-05	1.24E-03	2.97E-05	1.02E-04	2.27E-05	1.05E-03
T[T>A]T	3.08E-04	3.50E-05	8.13E-05	1.40E-46	1.58E-03	1.97E-04	1.50E-04	2.22E-05	1.22E-03
T[T>C]A	1.18E-04	7.47E-05	6.07E-04	3.39E-04	5.20E-04	5.48E-04	8.67E-04	4.92E-05	3.89E-04
T[T>C]C	7.05E-04	1.53E-04	3.33E-04	3.65E-04	1.15E-03	4.75E-04	8.67E-04	6.44E-05	1.14E-03
T[T>C]G	2.93E-04	2.04E-04	6.15E-04	0.00E+00	1.30E-03	7.10E-04	9.44E-04	4.24E-05	1.26E-03
T[T>C]T	5.37E-04	1.14E-04	5.01E-04	0.00E+00	1.32E-03	1.19E-03	6.49E-04	5.65E-06	8.28E-04
T[T>G]A	9.01E-04	0.00E+00	0.00E+00	0.00E+00	1.50E-03	0.00E+00	3.65E-05	1.20E-05	6.74E-04
T[T>G]C	9.20E-04	1.05E-05	0.00E+00	3.31E-04	1.67E-03	3.01E-04	3.94E-04	4.10E-05	1.20E-03
T[T>G]G	2.23E-04	4.89E-05	4.33E-05	0.00E+00	1.08E-03	3.68E-05	9.53E-05	5.66E-05	9.07E-04
T[T>G]T	9.11E-03	6.21E-05	1.11E-05	1.60E-04	1.65E-02	6.16E-04	1.18E-03	0.00E+00	7.71E-03
