MutationType	SBS96A	SBS96B	SBS96C	SBS96D	SBS96E	SBS96F	SBS96G	SBS96H	SBS96I
A[C>A]A	0.001200811902526766	0.0009496142854914069	0.0006854287872556597	0.0	0.017101931528304703	5.2535226859617976e-05	0.0003448269621003419	0.001047718321206048	0.010991115536307916
A[C>A]C	0.002181069611106068	0.00042410819078213534	0.00208745637210086	0.00023899218795122578	0.02095554784173146	0.006216775393113494	0.000711425201734528	0.0011397059832233935	0.00958099497947842
A[C>A]G	0.0006562624650541693	4.745820533571532e-05	0.0005494158598594367	3.0504228197969498e-05	0.006118674646131694	0.00042041299457196146	1.0124042455572659e-05	0.00038557118168682793	0.0036061388804228046
A[C>A]T	0.010013682674616576	0.00030908967859915036	0.00018431322168908082	0.0028286192566156386	0.007638677535578608	0.04544537188485265	0.00036775166809093206	6.85228540575622e-10	0.0028670972620602696
A[C>G]A	0.00043657125206664205	0.0011566750763449818	0.00010816314402291027	0.0008106337103527039	0.008572448490303941	0.00016137603524839504	3.80248277323858e-05	0.002002435259055346	0.004863521311199293
A[C>G]C	0.00017297294089075877	0.0007287722051842138	0.000777002185350284	0.0002677914559171768	0.008360262779751793	0.0	0.0011732784914784133	0.0019401050638407468	0.005994044855469838
A[C>G]G	2.2105114089754353e-05	5.0818873933167194e-05	0.000297860948194284	3.214646882021555e-11	0.006304151068252395	3.6329506906440655e-05	7.710899262747262e-06	0.0007486762886401265	0.0039946892738953466
A[C>G]T	0.00020243157632648945	0.0010309319011867046	0.0015447069541551172	6.205178979143967e-05	0.010426725167781115	0.0	0.00046782265708316116	0.0026144918403588234	0.0064013045468527706
A[C>T]A	0.0	0.004529225896112621	0.05479080900549889	0.0018045366421574726	0.0245858431677334	0.026921378914266825	3.623046504799277e-05	0.0034522485453635453	0.004633526783436537
A[C>T]C	0.002266083931317553	0.0022487672802526506	0.026883338391780854	0.012578272121027112	0.028702966729179026	0.03959084805101156	0.004117723740637303	0.00046097571030259135	0.004089540308632423
A[C>T]G	0.011485029989853502	0.2864669650793076	0.0018876830115914344	0.012739381915889681	0.042874269932508466	0.06862724795937539	0.011761029937770218	0.001314596680458635	0.007012075069360435
A[C>T]T	0.003319664765149355	0.0026907572697382424	0.01955042816698551	0.001578312063793419	0.023788076685741545	0.036753497645258905	0.0014444277621805668	0.0005770146904978901	0.004662676097359509
A[T>A]A	0.00021159815150895156	1.1163820818183013e-05	0.00031179872166831046	0.000347018117463449	0.005604316620156169	0.00022939517184568104	0.0058286086656153206	0.00021693936359952205	0.002319339005771326
A[T>A]C	0.0	0.0	0.0027948588598519565	0.0019358053512405604	0.006645561105688103	0.0	0.011759360507130622	0.0004948219997459091	0.004431856467272155
A[T>A]G	8.608983080193866e-07	3.645049355327501e-05	0.000783286226214841	2.823235627147369e-06	0.008235141329350881	9.643098919696059e-05	0.0011412014486268164	0.0007535965996794403	0.005423284706193954
A[T>A]T	0.0021176208392716944	0.0007835640019038693	0.009089866559952498	0.000828569294026238	0.006172740762121975	0.0029447898268699646	0.004926113924011588	9.375468048347101e-05	0.004651006124913692
A[T>C]A	0.0017841329099610448	0.0017491535923909395	0.008406919240951539	0.002671497920528054	0.01080279196612537	0.003135219542309642	0.03828378655016422	0.0001289423496928066	0.004277775157243013
A[T>C]C	0.0033024774165824056	0.0013403523593296996	0.009625967685133218	0.0058720027795061466	0.00517681459459709	0.0024640198214910926	0.028211469948291778	0.0003467479935125084	0.007504684757441283
A[T>C]G	0.0016064120864029974	0.0028471839614212513	0.04193013049662113	0.0	0.007450609305038551	0.0005797620542580262	0.04701269418001175	0.0003665565254777903	0.0053009910043329
A[T>C]T	0.0033013120759278537	0.0006279071152675897	0.002308982564136386	0.0	0.0175125427544117	0.004935768351424485	0.021223786659538744	0.0007158124994020909	0.00824270328739658
A[T>G]A	0.0017347880348097533	4.585694114211947e-06	3.982485658982071e-05	0.0	0.002642800228932174	1.5882754814811052e-05	0.0007019598808255978	0.0002334695938770892	0.0033328432124108075
A[T>G]C	0.003419909509847745	0.00051832958124578	0.0	0.0007677751869778149	0.002589450373488944	0.0017446524754632265	0.0038122259546071293	0.00019896527446690017	0.005527281272225082
A[T>G]G	0.001687319646589458	0.0003038488124730065	1.5660900680813937e-05	0.0001039069665353054	0.003974437643773854	0.0010073987126816065	0.001104313920950517	0.00015645299718016758	0.004742873561917804
A[T>G]T	0.017552720243111254	0.0	0.0	0.0010981486360833515	0.0036289029610543366	0.008317032526247204	0.0019450125721050427	0.0	0.02078886181116104
C[C>A]A	0.0028997680405154825	0.001002633666212205	0.022617438063025474	0.0012295073334826156	0.014788568578660488	0.011153373261913657	0.00010915283346549282	0.001279315719148144	0.010604724613949656
C[C>A]C	0.0011735434061847627	0.0008919937630707864	0.048211488872766495	0.002491660590749234	0.00904329260813921	0.010533789964392781	0.0003833455732092261	0.00047780503848571243	0.006246386643033475
C[C>A]G	0.001321903197094798	0.001961738173849881	0.02184462584555149	0.0013667260878719389	0.005457849241793156	0.0016670408891513943	6.988457607803867e-06	0.0002452497341437265	0.0031557217240333556
C[C>A]T	0.010764474154075287	4.339540256026453e-08	0.10807499885559083	0.013624361664678019	2.9378711019489854e-09	0.18581493215027453	7.857158550450549e-08	1.0370146519278478e-09	3.2344463773981147e-09
C[C>G]A	0.0	1.6468389767609893e-05	0.0	1.4012984643248171e-46	0.0079285604719189	6.394762422132772e-05	6.400648817361798e-06	0.0044766079867258664	0.00515718937094789
C[C>G]C	1.8814545637724222e-05	0.0	2.194280750700273e-06	6.044035362720024e-05	0.008571221355668967	0.0	6.296788305917289e-05	0.0011515915510244667	0.005132730476907455
C[C>G]G	3.541669207152154e-06	7.023933103482705e-05	0.0007834271877072751	4.958611680194736e-06	0.007510765383631224	1.1052103863451977e-05	0.0	0.0006197698994128587	0.004614405747997807
C[C>G]T	0.00011028023836843204	1.9341058850841365e-05	1.3664789730682968e-05	2.2492773678095545e-05	0.012204803677741438	3.164910594932735e-06	9.737889122334309e-05	0.004046929348260164	0.007073653303086758
C[C>T]A	0.00045871348411310466	0.0015012135278084314	0.02030649147927761	0.001111591188237071	0.03326784627279267	0.0107099081389606	0.0004094668634934351	0.012852110993117094	0.015023926203139127
C[C>T]C	0.0006274793908232823	0.0007806792389601469	0.023388567380607128	0.0061308528995141385	0.03756492424290627	0.028967872739303856	0.007288470771163702	0.002068994886940345	0.005887896753847599
C[C>T]G	0.002168021934851157	0.2606980726122856	0.01941268900409341	8.55473960888557e-24	0.05006845388561487	0.06089687272906304	0.009894107026048005	0.004479527520015836	0.009411463304422796
C[C>T]T	0.0017471835715696215	0.0003699757369759027	0.01887924363836646	0.003470778837800026	0.039958099741488694	0.03420440261252224	0.0075698620174080135	0.003924011788330972	0.01067867879755795
C[T>A]A	2.8208897032300228e-05	0.0	0.0002197089223045623	4.555637933663092e-05	0.00431218830490252	9.115827242567321e-06	0.0010568302823230624	0.00031175870826700703	0.0028910254972288386
C[T>A]C	1.727385533740744e-05	1.1706272198352963e-05	0.0031606223434209823	0.0015330041409470142	0.0071630820981226865	0.002881619380787015	0.003647028259001672	0.0003345810095197521	0.010950683429837228
C[T>A]G	0.0003385006362805143	5.5477778369095175e-05	0.001555570459458977	6.191771346948371e-05	0.01170723289833404	0.00014528270694427192	0.0020959176938049493	0.0004672900584409945	0.01079893005080521
C[T>A]T	0.000618414266500622	0.0	0.001120073310448788	0.00016902105417102576	0.007501976971980184	0.0036400374956429005	0.0013387054947088472	7.919704949017614e-05	0.02520285453647375
C[T>C]A	9.693787806099862e-05	0.0004260695539414883	0.013936266768723726	0.0	0.0035612727180705404	6.54220930300653e-06	0.022501996345818044	5.757424423791235e-05	0.005938204657286406
C[T>C]C	0.00019616676727309822	0.001706263778032735	0.014896509610116482	0.000951937418358284	0.0057240077294409275	0.006779775070026517	0.02506706155836582	0.00012009603779006284	0.0369495895167347
C[T>C]G	0.00030239275802159684	0.0002496658156282194	0.0732248567044735	0.0	0.0006880476840706251	1.0365976470384117e-39	0.05323588438332081	3.5642687468140367e-09	0.02470142291858792
C[T>C]T	0.0003473584889434278	1.83254640433006e-05	0.013638527225703	0.0	0.003973166019568453	0.003246014140313491	0.022998936660587787	0.0003236330114305019	0.07796358168125153
C[T>G]A	0.002544006216339767	0.00014149792223179248	0.00039181375614134596	9.481813003731077e-06	0.0027142522390931844	0.0	0.0008217585127567872	4.78854528410011e-05	0.0032117760041728617
C[T>G]C	0.0013750613667070865	0.002345623215660453	0.003295562299899757	0.000982231242232956	0.00329811992123723	0.0007438269793055951	0.00498565782327205	0.00032795019724289886	0.017404926382005213
C[T>G]G	0.003082369695766829	0.0025383793748915196	0.005728888139128685	0.0004125851090066135	0.005467479350045323	0.0	0.0071017328184098	2.5432426627958194e-05	0.018429253436625003
C[T>G]T	0.014036584924906493	0.00016857822192832826	0.0005351910057470377	0.0030771868448937314	0.0054049925618162575	0.007234466085481017	0.011438958183862268	1.4382067092810758e-09	0.17631281912326813
G[C>A]A	0.0012115014280425385	0.0025086954003199933	0.000653719795809593	0.0011501325730932876	0.022866673837415873	0.001831926393788308	0.00010961969092022627	0.00037380645651410307	0.015680873882956803
G[C>A]C	0.0017257000727113336	0.0014633027312811464	0.002271192555781454	0.00866024438291788	0.01599018315318972	0.008923380961641669	0.005053148162551225	0.0006834167463239283	0.007984973916609305
G[C>A]G	9.961575933630229e-05	0.0024806934641674163	0.0012464239320252092	0.00129414698749315	0.007552405854221433	0.000475302102859132	0.00044897430634591726	0.0004763244287460111	0.004409948881948367
G[C>A]T	0.004946749005466699	0.001497942174319178	0.0006212009117007256	0.028785055875778197	0.006451118178665638	0.08771248757839203	0.0022665124852210283	2.0191712246742098e-05	0.0032584229833446444
G[C>G]A	0.0002716574934311211	0.0005961545975878835	0.0	0.0008284590789116919	0.005795031227171421	0.0005268893961329013	0.00023342967469943687	0.0013983733544591815	0.004531433957163244
G[C>G]C	0.00021586814837064593	0.0010712053277529775	0.003790364507585764	0.0005951525337877684	0.008645298521150835	0.0	0.002912214875686914	0.000911736220587045	0.005480448991875164
G[C>G]G	3.55445736204274e-06	0.00019581682354328223	0.0003798913166974671	5.477612421600497e-06	0.0039841039571911095	0.0	4.058440026710741e-05	0.0005958294845186174	0.0025359449908137323
G[C>G]T	0.0003043708260520361	0.0006678324585664086	0.0007435083185555414	0.0009367127495352179	0.009643406370014419	8.06339525297517e-05	0.0005695575862773694	0.002093944966327399	0.005599872350285295
G[C>T]A	0.0	0.002540022297762334	0.10345449298620224	0.03185460194945335	0.023761818837374448	0.02988227768801153	0.0058067451464012265	0.00471877355594188	0.00019658563597033663
G[C>T]C	0.012907609157264233	0.002607964351773262	0.09730229154229164	0.1577036201953888	0.005051742028445006	0.0030562341218498545	0.03868951882468537	0.001049668007181026	1.4012984643248171e-46
G[C>T]G	0.02617947682738304	0.2673436805605888	0.030501340311634095	0.38817847669124605	1.4012984643248171e-46	0.016485495984051114	0.0039801908864181	0.0	0.0018961524562286058
G[C>T]T	0.012736180797219342	0.0011594885494560004	0.07073334977030754	0.08805423825979233	0.015848868677858265	0.018917646701447667	0.02303245491348207	0.0010677355661755429	0.00300719047554594
G[T>A]A	7.89744708526996e-06	5.334163861334673e-05	0.00025783736709854564	6.188878324815157e-05	0.0035729496587009633	2.6884790713666007e-06	0.0033169170143082737	0.00032903942628763615	0.0021611691918224096
G[T>A]C	0.0	2.6240715042946523e-42	0.0027247424935922028	0.0023740318487398327	0.004872301057912409	0.0005770431765995454	0.00824451562948525	0.0005775175202870741	0.0037878921371884643
G[T>A]G	0.0	0.0	0.0018719391548074782	2.1439359443320427e-05	0.0053058298282621765	0.0	0.002365766267757863	0.00029289407955701563	0.003773045144043863
G[T>A]T	0.00030093403183855115	0.0	0.0021661843406036497	0.0005663127201842144	0.004642621771199629	0.001263723970623687	0.002545287075918168	0.00010379983177699614	0.006984364753589034
G[T>C]A	0.0020877478993497787	4.8050786105591216e-08	0.005035677249543369	0.021291578002274037	0.0007040385971777141	0.00019911849371965218	0.11754453852772713	9.59393773314332e-09	0.0005962195340543985
G[T>C]C	0.006124420510604978	0.00022661287803202868	0.0003995235623733606	0.044083832576870915	0.0018394417944367803	4.132891990593634e-06	0.057250725105404854	0.0	0.005468120150908362
G[T>C]G	0.0008139127603499219	0.0	0.020261424221098424	0.01369048934429884	0.0005137539468705654	0.003405980597017333	0.09658539220690728	0.0	0.002148924395442009
G[T>C]T	0.007994266506284476	0.0003134404745651409	0.00046269092708826063	0.0099132283590734	0.005468331882730127	0.0063816791400313376	0.07518254593014717	2.7375635181670076e-05	0.005961544427555055
G[T>G]A	0.000799651161651127	0.0	1.490786326030502e-06	0.00034058513447234875	0.0028058132622390984	4.750087564389105e-05	0.0004645597029593773	3.09857000512892e-05	0.0030096169910393657
G[T>G]C	0.0016568180988542735	0.0	0.0	0.004493548115715384	0.002427904703654349	0.0001229710836923914	0.0024246817221865056	6.0318148653593084e-06	0.007096234179334715
G[T>G]G	0.0006622012646403163	0.0	4.560297284115222e-05	0.0028907157480716704	0.005263026943430305	0.00044322828834992835	0.0014999460778199135	9.080219842694248e-06	0.0068574419245123865
G[T>G]T	0.0024902255972847342	8.87449573383492e-08	1.4012984643248171e-46	0.005106408195570111	0.0012160327518358828	0.0030401590367546303	0.0047366995073389265	0.0	0.04767779503017664
T[C>A]A	0.0422871682792902	0.0001455498713767156	0.0011491928366012872	0.0	0.014759938232600689	0.0	0.0	0.030063505470752715	0.008101030671969055
T[C>A]C	0.010040981508791447	0.0024773870245553553	0.0002813825743377407	0.00215976413246608	0.01992595107294619	0.026852570567280055	0.00011798068226198666	0.01617360580712557	0.00937711619772017
T[C>A]G	0.004926908435299993	0.0004062802836415358	0.0018238040036521852	0.0	0.0068198017950635405	0.0	0.0	0.00524302227422595	0.00472533879801631
T[C>A]T	0.35524325668811796	0.0	0.0007877539209857787	0.0041770334315174296	0.00033819459407986586	0.074723814960862	2.0212908246719506e-06	0.004944474156945944	5.0377403027823675e-05
T[C>G]A	3.875012977161418e-10	1.9896652458939455e-08	0.0	2.6208244605641087e-07	7.536375537409156e-07	3.523035632113647e-08	2.0686643154022023e-08	0.13938015699386597	3.98596091955028e-07
T[C>G]C	9.337956726085394e-07	0.00025621224340284244	1.5076398631208576e-05	2.4314959591720254e-05	0.00686983680643607	0.0	0.00022900588664924725	0.050093001872301104	0.003491774272697512
T[C>G]G	5.809679305457394e-06	4.219333150103921e-05	5.104138690512627e-05	4.080323608377512e-05	0.004097868444932829	7.632607594132424e-06	5.053879772276581e-06	0.015738110151141883	0.0022481822195913994
T[C>G]T	2.8260918043088168e-05	0.0	0.0	0.0	0.000996385893859042	0.00013833647262799785	6.290159726631827e-05	0.18141469806432725	0.001649295719107613
T[C>T]A	0.0023389862850308417	0.0006820838505518622	0.007734712259843945	0.008924078650306911	0.00954012842848897	0.008611503755673766	0.007550567202270031	0.2445808082818985	0.002784133906243369
T[C>T]C	0.014193984959274531	0.0028324981511104854	0.0003948279365456756	0.032917686924338344	0.0418697823304683	0.027862818702124058	0.008744573779404163	0.06569267176091671	0.0109094308456406
T[C>T]G	0.2143376462161541	0.1216127410531044	0.0004410566296428442	0.025962466187775136	0.05017749390099198	0.009709733026102185	0.0022902298718690873	0.055408452910887716	0.0645382407179568
T[C>T]T	0.03298548460006714	0.0002795941778458655	0.0	0.018865570612251758	0.026480045798234642	0.024519001226872207	0.006396508147008717	0.11753715872764588	0.011257334732363233
T[T>A]A	0.0005471504613524303	0.0005935966473771259	0.0019008660223335029	8.670271417940967e-05	0.006279777157760691	0.0	0.0026142607908695935	0.00020866183331236243	0.0036264171736547723
T[T>A]C	0.0006352116179186851	6.336537808238063e-05	5.215906603552867e-05	0.0007901191758719506	0.007202116609551013	0.0019485833938233555	0.002371396089438349	0.00032473085666424596	0.0047333618393167855
T[T>A]G	0.0006614865502342582	8.919271203922108e-06	0.0003882792399963364	1.0525463585508987e-05	0.005058458284474909	7.130331175631e-05	0.0008998851728392765	9.528029477223754e-05	0.0037113396159838886
T[T>A]T	0.003963768598623574	0.00024738390420679933	0.0009568047884386033	1.4012984643248171e-46	0.007923928881064057	0.0023999885539524256	0.0007708636418101378	7.342242824961431e-05	0.0074078410398215055
T[T>C]A	0.002487015596125275	0.00014102972636464983	0.006878030532971024	0.0017248982505407185	0.0040832104627043005	0.0024620405383757316	0.03655978664755821	0.00015371672016044612	0.0016950895660556853
T[T>C]C	0.006156949885189533	0.0006363758104271256	0.006678613321855664	0.005209267023019493	0.006419057538732886	0.004890678380616009	0.03917678706347942	0.0002815123938489705	0.00936924135312438
T[T>C]G	0.004070986085571349	0.00035140567196378925	0.020850537903606893	0.0	0.0031445000786334276	0.0035482291947118937	0.034517925977706906	0.00011828310307464563	0.004614974268770311
T[T>C]T	0.007790458598174154	0.00035410601194598714	0.003913217573426664	0.0	0.008781072241254151	0.007479505048831925	0.031106178276240827	8.19000088085886e-06	0.006130104744806885
T[T>G]A	0.007464347314089537	0.0	0.0	0.0	0.00454915058799088	0.0	0.00016193617984754382	2.8182959476907853e-05	0.002651761280139908
T[T>G]C	0.008221134915947914	1.0455933079356328e-05	0.0	0.002162640853202902	0.004642353078816086	0.0015471033446374349	0.0009243066087947227	0.00016978779349301475	0.010093031404539942
T[T>G]G	0.0025313468417152763	0.00018055825141800598	0.0008733444148674608	0.0	0.0053984497877536345	7.309925204026512e-05	0.00038858408624946604	0.00039510298665845767	0.005620000016642734
T[T>G]T	0.08258752329275013	0.0001222401912116311	1.2004889199690883e-05	0.0007404965115711093	0.016673080513930925	0.001364315477738387	0.001255120073983562	0.0	0.03212790717218468
