MutationType	SBS96A	SBS96B	SBS96C	SBS96D	SBS96E	SBS96F	SBS96G	SBS96H	SBS96I	SBS96J	SBS96K	SBS96L
A[C>A]A	1.82E-02	4.33E-06	1.26E-03	2.33E-02	5.67E-03	1.28E-02	5.31E-06	2.53E-02	4.57E-04	7.83E-03	6.42E-04	2.19E-02
A[C>A]C	8.00E-06	8.93E-06	2.28E-02	6.92E-03	1.02E-05	2.51E-02	9.56E-06	5.50E-02	1.11E-02	7.25E-06	1.48E-02	6.56E-06
A[C>A]G	1.14E-06	1.13E-06	1.26E-03	1.37E-03	7.03E-03	1.46E-03	1.55E-06	2.57E-06	1.48E-03	1.16E-03	9.66E-04	9.12E-04
A[C>A]T	5.05E-03	2.81E-06	1.26E-03	1.49E-03	3.01E-06	1.18E-03	1.72E-06	2.77E-06	1.39E-03	1.28E-02	9.66E-04	9.13E-04
A[C>G]A	5.21E-06	2.64E-06	1.26E-03	1.49E-03	2.04E-02	1.24E-03	7.46E-03	2.23E-02	1.32E-03	1.16E-03	4.79E-06	4.29E-04
A[C>G]C	1.99E-06	9.91E-06	1.26E-03	1.05E-03	4.88E-06	1.18E-03	3.27E-06	3.53E-06	9.18E-04	1.16E-03	3.02E-02	1.12E-02
A[C>G]G	1.13E-02	7.14E-06	2.21E-02	1.39E-03	8.97E-03	1.18E-03	4.59E-06	2.23E-06	1.37E-03	9.41E-04	9.20E-03	1.12E-02
A[C>G]T	5.19E-06	1.76E-02	6.65E-03	1.11E-02	1.02E-02	2.66E-02	2.69E-06	6.45E-06	9.18E-04	1.30E-05	9.44E-05	1.11E-02
A[C>T]A	1.18E-05	7.66E-03	9.84E-06	9.05E-06	2.77E-02	1.11E-05	1.26E-05	3.33E-02	1.92E-02	8.91E-06	8.91E-06	6.27E-02
A[C>T]C	4.98E-03	4.39E-03	1.28E-02	7.68E-03	2.39E-06	1.55E-03	5.03E-06	8.98E-06	9.46E-04	1.16E-03	6.36E-03	2.01E-02
A[C>T]G	1.08E-05	4.82E-02	9.92E-06	1.26E-05	7.81E-06	1.05E-05	1.22E-05	1.11E-05	1.02E-05	1.25E-05	9.72E-06	1.10E-05
A[C>T]T	4.99E-03	8.46E-06	1.13E-03	3.92E-02	5.09E-06	2.23E-02	4.99E-03	6.22E-06	1.32E-02	1.17E-05	2.15E-02	2.08E-06
A[T>A]A	2.63E-06	9.57E-03	6.67E-03	1.49E-03	7.19E-06	1.05E-02	1.98E-06	2.52E-06	8.26E-03	1.16E-03	4.63E-05	9.12E-04
A[T>A]C	9.55E-06	2.93E-06	2.94E-02	1.12E-02	3.34E-06	4.01E-04	5.05E-06	6.78E-03	2.35E-02	6.54E-04	2.73E-02	1.01E-02
A[T>A]G	5.61E-03	2.77E-06	5.79E-04	1.04E-05	1.22E-05	9.41E-05	8.86E-06	1.02E-05	1.88E-02	2.40E-02	5.37E-02	4.27E-04
A[T>A]T	5.24E-06	4.35E-06	6.84E-04	6.88E-03	3.43E-06	1.55E-03	6.99E-03	2.77E-06	1.27E-03	1.16E-03	9.66E-04	1.25E-02
A[T>C]A	5.73E-06	1.39E-02	2.78E-02	1.44E-02	6.99E-06	1.07E-02	5.85E-06	3.23E-06	1.15E-03	1.34E-02	4.77E-05	2.28E-02
A[T>C]C	5.46E-06	2.01E-06	8.23E-03	1.09E-03	5.65E-06	1.27E-02	3.87E-06	1.29E-02	1.48E-03	1.17E-05	9.66E-04	9.12E-04
A[T>C]G	1.19E-05	9.20E-03	1.26E-03	1.12E-05	1.19E-05	5.50E-02	3.66E-06	9.22E-06	9.64E-06	3.62E-04	1.02E-05	1.09E-05
A[T>C]T	9.59E-06	1.92E-02	8.69E-06	9.98E-06	7.97E-03	4.79E-02	1.15E-05	5.06E-02	2.39E-02	3.06E-06	6.72E-06	2.01E-02
A[T>G]A	1.24E-02	4.54E-06	1.13E-03	2.02E-02	1.84E-06	1.55E-03	2.82E-06	4.40E-06	1.48E-03	2.56E-05	9.66E-04	9.12E-04
A[T>G]C	9.78E-07	8.82E-07	1.26E-03	1.49E-03	1.73E-06	1.55E-03	1.25E-06	2.19E-06	1.48E-03	1.16E-03	9.66E-04	9.12E-04
A[T>G]G	9.78E-07	8.82E-07	1.26E-03	1.49E-03	1.73E-06	1.55E-03	1.25E-06	2.19E-06	1.48E-03	1.16E-03	9.66E-04	9.12E-04
A[T>G]T	2.37E-06	1.17E-06	7.07E-03	1.49E-03	1.84E-06	1.55E-03	1.35E-06	1.72E-06	1.02E-03	5.61E-03	9.66E-04	1.16E-05
C[C>A]A	8.21E-06	1.11E-02	7.17E-03	2.63E-02	7.16E-03	1.25E-03	4.40E-06	3.88E-06	8.35E-03	9.42E-04	3.58E-06	6.02E-03
C[C>A]C	4.89E-06	4.20E-06	1.46E-02	1.49E-03	1.86E-06	1.55E-03	1.76E-06	2.93E-06	9.16E-04	1.64E-02	9.67E-04	1.11E-02
C[C>A]G	9.42E-06	4.68E-06	5.00E-02	1.49E-03	9.69E-06	1.22E-03	9.66E-03	8.39E-03	9.18E-04	1.16E-03	1.49E-04	2.78E-06
C[C>A]T	3.97E-06	5.73E-06	1.26E-03	1.06E-03	7.36E-03	1.28E-02	2.57E-06	2.33E-02	6.82E-03	1.39E-05	2.32E-05	1.17E-02
C[C>G]A	9.44E-06	8.61E-03	4.21E-02	1.28E-03	1.41E-02	1.40E-03	1.47E-06	2.44E-06	1.48E-03	2.04E-06	9.66E-04	1.94E-04
C[C>G]C	1.27E-02	7.22E-03	9.77E-06	1.17E-03	3.72E-06	8.03E-04	2.20E-06	1.93E-02	1.29E-03	2.61E-02	6.36E-03	1.62E-02
C[C>G]G	4.80E-06	4.81E-06	7.29E-04	1.68E-02	7.63E-06	1.55E-03	3.93E-06	1.46E-02	9.78E-04	1.16E-03	2.38E-02	3.99E-06
C[C>G]T	1.92E-06	4.59E-06	1.26E-03	1.20E-03	4.79E-06	1.02E-02	2.65E-06	2.75E-06	1.48E-03	2.36E-02	9.66E-04	8.18E-05
C[C>T]A	9.14E-06	4.44E-06	5.86E-06	2.89E-02	1.59E-02	1.53E-02	6.81E-06	2.53E-02	4.42E-06	2.05E-02	1.40E-02	5.80E-06
C[C>T]C	9.47E-06	1.08E-05	1.79E-02	3.89E-02	1.22E-05	8.22E-03	8.33E-06	4.19E-06	1.32E-02	1.16E-03	3.90E-02	2.59E-05
C[C>T]G	1.29E-05	6.83E-06	1.09E-05	1.20E-05	3.53E-02	1.23E-05	1.38E-05	1.13E-05	1.20E-05	9.66E-06	9.21E-06	1.10E-05
C[C>T]T	1.08E-05	1.17E-02	9.56E-04	3.49E-02	7.79E-06	3.19E-02	9.29E-06	8.56E-06	1.27E-03	1.36E-05	4.14E-02	1.14E-05
C[T>A]A	5.61E-03	3.04E-06	1.26E-03	1.49E-03	2.63E-06	1.24E-03	1.35E-02	3.43E-06	1.27E-03	1.16E-03	7.73E-04	1.17E-02
C[T>A]C	1.62E-06	8.60E-03	1.26E-03	7.67E-03	2.57E-06	1.55E-03	4.38E-06	6.78E-03	9.78E-04	6.53E-04	1.01E-02	1.62E-05
C[T>A]G	6.29E-06	9.57E-03	1.47E-02	3.43E-02	1.02E-05	1.27E-02	5.30E-06	8.40E-06	7.71E-04	1.16E-03	2.63E-05	6.18E-06
C[T>A]T	1.61E-02	3.46E-06	5.77E-04	7.04E-04	3.72E-06	1.55E-02	7.77E-06	2.95E-06	1.05E-02	5.59E-03	9.14E-03	9.13E-04
C[T>C]A	2.86E-06	1.44E-02	1.26E-03	1.18E-03	8.08E-06	1.30E-03	4.22E-06	7.61E-06	1.27E-03	7.83E-03	9.66E-04	4.17E-02
C[T>C]C	1.01E-05	9.57E-06	4.21E-02	1.06E-03	6.64E-03	1.97E-02	2.82E-06	1.16E-02	1.36E-03	7.96E-06	2.38E-02	5.47E-06
C[T>C]G	1.77E-02	9.39E-06	6.85E-04	1.02E-02	1.71E-02	1.30E-02	8.12E-06	2.63E-02	5.86E-04	9.19E-06	6.42E-04	3.47E-02
C[T>C]T	9.97E-03	2.56E-06	9.98E-04	1.05E-03	7.16E-03	8.11E-03	2.92E-06	4.66E-06	1.51E-02	9.43E-04	1.47E-02	7.31E-06
C[T>G]A	5.05E-03	1.11E-06	1.05E-03	1.49E-03	5.26E-03	1.55E-03	1.22E-06	2.44E-06	1.38E-03	1.16E-03	9.66E-04	9.12E-04
C[T>G]C	5.91E-03	2.75E-06	1.26E-03	1.26E-03	3.13E-06	1.18E-03	8.68E-03	2.51E-06	1.33E-03	1.12E-02	9.66E-04	9.12E-04
C[T>G]G	4.82E-03	4.04E-06	1.43E-05	1.42E-02	1.01E-05	4.00E-04	5.89E-03	1.01E-05	1.17E-02	5.96E-06	1.82E-02	2.92E-02
C[T>G]T	5.06E-06	5.81E-06	7.30E-04	1.47E-02	1.25E-02	1.27E-02	1.35E-02	1.01E-02	1.06E-05	1.11E-02	6.19E-06	2.67E-02
G[C>A]A	1.11E-05	7.88E-06	1.34E-02	4.26E-02	9.90E-06	3.75E-04	1.83E-02	3.77E-02	1.11E-02	9.13E-06	3.59E-02	2.69E-02
G[C>A]C	5.91E-03	3.28E-06	8.61E-03	1.03E-02	2.90E-06	1.26E-03	1.99E-06	3.30E-06	1.27E-03	8.95E-04	9.66E-04	1.03E-02
G[C>A]G	5.36E-06	1.69E-06	2.50E-02	1.51E-04	7.16E-03	1.55E-03	9.66E-03	3.50E-06	9.18E-04	2.11E-02	1.49E-04	9.13E-04
G[C>A]T	1.15E-05	9.20E-03	4.81E-02	3.13E-02	4.41E-06	7.20E-04	2.30E-02	1.37E-02	9.18E-04	3.61E-04	2.26E-05	9.13E-04
G[C>G]A	2.31E-06	2.40E-06	1.26E-03	1.20E-03	1.82E-06	1.27E-03	9.98E-03	3.11E-06	1.48E-03	8.53E-03	9.66E-04	9.12E-04
G[C>G]C	3.80E-06	4.39E-03	1.26E-03	1.02E-02	4.27E-06	8.15E-03	3.00E-06	4.11E-06	1.27E-03	1.16E-03	7.50E-03	3.40E-04
G[C>G]G	8.03E-03	1.05E-06	1.92E-04	1.49E-03	4.34E-06	1.39E-03	2.00E-06	4.31E-06	1.67E-02	7.01E-03	9.66E-04	9.12E-04
G[C>G]T	8.43E-06	5.27E-03	9.92E-06	1.12E-02	3.88E-06	1.10E-03	5.27E-03	3.11E-06	1.48E-03	2.61E-02	9.67E-04	9.13E-04
G[C>T]A	1.01E-02	2.64E-02	6.03E-04	1.01E-02	4.60E-06	2.03E-04	3.07E-02	1.68E-02	5.14E-04	6.48E-04	2.73E-02	9.13E-04
G[C>T]C	1.08E-05	8.52E-06	1.21E-05	1.82E-02	1.11E-05	6.31E-02	1.80E-02	9.87E-06	8.63E-04	1.68E-02	1.00E-05	2.10E-02
G[C>T]G	3.58E-02	1.06E-05	9.51E-06	1.30E-05	1.16E-05	1.27E-05	1.07E-05	1.41E-05	9.52E-06	1.19E-05	1.01E-05	1.10E-05
G[C>T]T	7.81E-06	1.82E-02	7.06E-03	2.99E-02	4.36E-06	3.62E-02	5.89E-03	9.65E-06	9.21E-04	5.44E-06	1.01E-05	1.71E-05
G[T>A]A	2.04E-06	2.58E-06	6.67E-03	1.05E-03	4.59E-06	1.27E-03	2.38E-06	2.03E-06	1.48E-03	1.16E-03	1.28E-02	9.12E-04
G[T>A]C	1.07E-06	8.82E-07	1.26E-03	1.05E-03	3.22E-06	1.46E-02	1.53E-06	4.10E-06	1.48E-03	1.16E-03	9.66E-04	9.12E-04
G[T>A]G	8.14E-03	3.36E-06	1.78E-02	1.49E-03	2.62E-06	1.04E-02	1.37E-06	2.45E-06	1.14E-03	1.16E-03	2.48E-05	7.26E-04
G[T>A]T	2.32E-06	4.60E-03	7.20E-04	1.49E-03	2.90E-06	1.55E-03	9.66E-03	3.14E-06	8.33E-03	7.00E-03	1.49E-04	9.12E-04
G[T>C]A	2.82E-06	4.60E-03	7.20E-04	8.33E-04	2.52E-06	1.55E-03	1.05E-02	2.37E-02	8.28E-03	7.59E-04	2.17E-04	1.06E-02
G[T>C]C	8.28E-03	4.66E-03	1.13E-03	1.20E-03	3.80E-06	6.04E-04	5.27E-03	4.06E-06	1.48E-03	3.90E-04	2.79E-02	1.03E-02
G[T>C]G	1.20E-02	2.44E-06	7.07E-03	8.02E-04	1.58E-06	1.11E-03	1.23E-02	2.76E-06	5.26E-03	1.13E-02	9.66E-04	1.17E-05
G[T>C]T	6.58E-06	2.81E-06	8.13E-03	1.37E-03	7.04E-03	1.52E-02	1.57E-06	7.89E-03	1.48E-03	6.68E-03	2.53E-05	2.28E-06
G[T>G]A	5.34E-06	4.76E-06	1.26E-03	1.44E-02	3.14E-06	1.24E-03	4.44E-06	3.03E-06	6.82E-03	1.16E-03	9.66E-04	9.12E-04
G[T>G]C	1.20E-06	9.31E-03	7.18E-03	1.04E-03	1.93E-06	1.55E-03	1.58E-06	2.78E-06	5.89E-03	1.16E-03	2.41E-04	9.12E-04
G[T>G]G	3.64E-06	5.56E-03	6.65E-03	1.41E-03	5.86E-06	1.25E-02	1.27E-02	4.15E-06	1.17E-02	6.47E-04	1.56E-04	3.93E-02
G[T>G]T	3.15E-06	1.29E-06	1.01E-03	1.39E-03	6.26E-03	1.55E-03	7.68E-03	2.17E-06	1.48E-03	1.16E-03	6.35E-03	9.12E-04
T[C>A]A	8.40E-06	8.60E-03	1.45E-05	1.12E-02	6.26E-03	1.98E-02	5.87E-03	7.90E-03	1.07E-03	3.57E-02	1.83E-02	1.72E-05
T[C>A]C	1.04E-05	7.80E-06	1.31E-02	4.74E-04	5.78E-06	1.47E-02	8.31E-06	7.90E-03	1.19E-02	9.17E-03	3.59E-02	6.46E-02
T[C>A]G	9.67E-06	5.60E-06	1.26E-03	1.05E-03	6.07E-06	1.04E-02	1.04E-05	6.11E-06	4.19E-02	5.62E-03	2.25E-02	9.13E-04
T[C>A]T	9.98E-06	3.12E-06	1.92E-04	1.49E-03	4.31E-06	7.00E-03	1.50E-02	4.57E-06	1.67E-02	1.21E-02	2.25E-02	8.19E-05
T[C>G]A	6.90E-06	8.57E-06	1.01E-03	7.67E-03	8.89E-06	6.09E-04	1.87E-02	9.03E-06	3.62E-02	2.95E-02	2.17E-02	6.03E-06
T[C>G]C	4.05E-06	2.26E-02	6.93E-04	1.18E-03	3.35E-06	1.25E-02	2.12E-02	2.14E-02	4.58E-04	2.57E-02	1.02E-02	4.82E-06
T[C>G]G	2.31E-06	8.60E-03	1.26E-03	3.20E-02	1.10E-05	1.02E-02	4.55E-06	6.78E-03	8.26E-03	6.54E-04	9.67E-04	1.90E-05
T[C>G]T	1.39E-05	8.54E-06	9.18E-06	8.51E-06	1.16E-05	8.34E-06	1.10E-05	7.33E-02	5.76E-02	3.76E-02	1.26E-05	5.59E-06
T[C>T]A	2.36E-02	2.68E-02	8.62E-02	1.18E-05	4.18E-02	1.28E-05	6.66E-06	8.25E-06	2.92E-02	1.27E-04	1.20E-05	6.90E-06
T[C>T]C	1.06E-05	1.27E-05	8.37E-04	1.02E-02	1.05E-02	1.18E-05	8.40E-06	8.21E-06	1.17E-05	9.39E-02	1.00E-05	9.44E-06
T[C>T]G	1.21E-05	1.12E-05	1.08E-05	1.03E-05	1.25E-05	1.02E-05	2.84E-02	1.26E-05	1.08E-05	9.74E-06	1.06E-05	1.16E-05
T[C>T]T	2.01E-02	1.06E-05	1.38E-05	5.87E-06	1.36E-05	3.47E-04	1.02E-05	1.54E-02	8.30E-02	6.66E-06	1.03E-05	9.91E-06
T[T>A]A	3.31E-06	1.36E-06	1.26E-03	1.46E-02	6.50E-03	1.46E-03	1.85E-06	1.56E-06	1.40E-03	1.16E-03	9.66E-04	3.14E-06
T[T>A]C	2.29E-06	3.04E-06	1.26E-03	1.49E-03	2.88E-06	7.15E-04	2.86E-06	1.35E-02	1.48E-03	1.16E-03	7.50E-03	3.55E-06
T[T>A]G	5.13E-06	4.73E-06	1.26E-03	1.43E-02	1.80E-06	1.24E-03	4.85E-06	4.92E-06	5.99E-03	5.62E-03	9.66E-04	9.13E-04
T[T>A]T	1.44E-02	2.54E-06	6.84E-04	1.16E-03	3.16E-06	1.24E-03	3.78E-06	2.18E-06	1.16E-02	1.16E-03	9.66E-04	1.25E-02
T[T>C]A	1.10E-06	1.20E-06	1.26E-03	1.49E-03	1.33E-02	1.55E-03	7.46E-03	2.96E-06	1.24E-03	1.16E-03	9.66E-04	4.29E-04
T[T>C]C	8.46E-06	9.76E-03	1.29E-02	1.19E-03	9.86E-06	1.44E-03	2.19E-06	2.41E-06	5.25E-03	8.91E-04	3.49E-02	9.12E-04
T[T>C]G	4.98E-06	8.44E-07	1.26E-03	1.49E-03	5.11E-06	1.55E-03	1.46E-06	1.86E-06	5.55E-04	5.61E-03	2.42E-02	3.79E-06
T[T>C]T	1.42E-02	5.27E-03	7.29E-04	9.70E-04	9.63E-06	1.55E-03	2.60E-06	1.01E-02	5.12E-04	1.16E-03	1.98E-02	3.77E-02
T[T>G]A	1.11E-06	2.15E-06	1.26E-03	1.49E-03	1.99E-06	1.18E-03	2.94E-06	2.23E-06	1.48E-03	1.16E-03	9.66E-04	1.12E-02
T[T>G]C	1.11E-06	1.56E-06	1.26E-03	1.49E-03	1.39E-02	1.55E-03	2.23E-06	3.62E-06	1.48E-03	3.89E-04	6.40E-04	1.03E-02
T[T>G]G	9.78E-07	8.82E-07	1.26E-03	1.49E-03	1.73E-06	1.55E-03	1.25E-06	2.19E-06	1.48E-03	1.16E-03	9.66E-04	9.12E-04
T[T>G]T	6.78E-06	6.93E-06	4.94E-02	1.05E-03	4.86E-06	1.24E-03	2.39E-02	4.33E-06	9.18E-04	6.47E-04	7.54E-03	2.67E-02
