MutationType	SBS96A	SBS96B	SBS96C	SBS96D	SBS96E	SBS96F	SBS96G	SBS96H	SBS96I	SBS96J	SBS96K	SBS96L
A[C>A]A	0.018223302159822197	8.808410384517629e-05	0.001343324479239527	0.044897321742610075	0.00574941195336578	0.013757473598889191	8.503690551151522e-05	0.02537792326802446	0.0005464164576551411	0.007928164819895755	0.0007248392892506672	0.02198823671642458
A[C>A]C	6.710956986353268e-05	6.320881238934817e-05	0.031011209360440262	0.006996996743328055	7.147022841991202e-05	0.025638680880365427	7.228654218920383e-05	0.11748338515844807	0.012257881718733188	7.756121049169451e-05	0.014879933310294292	9.157634049188346e-05
A[C>A]G	9.609364715288394e-05	9.782173146959394e-05	0.0013571209805377294	0.0021556867039180362	0.010339854691846995	0.002292576552281389	9.867396074696444e-05	0.00010076487378682942	0.0022845408951980063	0.0012600894653587603	0.0010696863588236737	0.0010145648608158807
A[C>A]T	0.005144572979770601	9.47867454669904e-05	0.0013548181828809901	0.0023316440965572838	9.41102764045354e-05	0.0018064542877255008	9.726478092488832e-05	9.949476007022894e-05	0.002077840164201916	0.01892094201539294	0.0010683359345421196	0.00101104033892625
A[C>G]A	8.802150514384267e-05	9.409024423803202e-05	0.0013498495165549685	0.0023313178651733326	0.020476206785679095	0.001610091095790267	0.007546721921607968	0.029616311450081412	0.0020743075641803444	0.001256889015348861	9.88401963695651e-05	0.0005312272791343275
A[C>G]C	9.445016185054556e-05	8.472763995892585e-05	0.0013553402459365316	0.0011591227490498567	9.132236373261548e-05	0.0018080002453643828	9.517040161881596e-05	9.946741993189789e-05	0.0010067859819969272	0.0012543189393909415	0.04289860501448857	0.01223875255236635
A[C>G]G	0.01684985406391206	8.561451122659491e-05	0.022806782968109472	0.002156661742264987	0.013514557456801413	0.0018004313329583964	9.07144491065992e-05	9.901514786179178e-05	0.002134835162360105	0.0010398375969089102	0.009287941124966892	0.011863937417365378
A[C>G]T	8.30172692076303e-05	0.017665016653336352	0.007588542921439512	0.017870671745913568	0.010288420532015152	0.03941630174012971	9.12544273887761e-05	8.840949885779992e-05	0.0010084538298542611	0.00010276239772792906	0.00018082985188812019	0.01120838943279523
A[C>T]A	6.382146435015556e-05	0.0077170835360448106	7.238661464015195e-05	8.278722452814691e-05	0.027745058248910937	6.200570483088086e-05	6.82231901393493e-05	0.03341378351058211	0.020380164756352313	6.806238061471959e-05	7.385435528703966e-05	0.1997779450561211
A[C>T]C	0.005069664983602706	0.004488402830611448	0.014128573478956241	0.008159186429838882	9.536902362015099e-05	0.0024143372909747997	8.87109177710954e-05	8.708301847946132e-05	0.0013661890479852445	0.0012568448793899734	0.0064514791854890065	0.02054041887531639
A[C>T]G	5.350534677290852e-05	0.6459016323089599	5.958985848337761e-05	5.816152366833194e-05	6.366428306137095e-05	5.807555868386771e-05	6.0074228690609745e-05	6.363384636642877e-05	2.9569064798806723e-05	6.17017897070582e-05	4.118093546594537e-05	6.206120458500664e-05
A[C>T]T	0.0050490065466192394	7.966489574755542e-05	0.0012229936372023075	0.049423892740014706	8.441208337899298e-05	0.023548231589302304	0.005081903275277	8.362745647900738e-05	0.013752517946613807	7.063753098464076e-05	0.038898118417455406	9.642478471505456e-05
A[T>A]A	9.117113368120044e-05	0.00966731107328087	0.008049568977730815	0.0023276199113752226	8.760529326536925e-05	0.0126461429943447	9.664834215072915e-05	9.858104749582708e-05	0.009021828677214216	0.0012571960513014346	0.00014733039133716375	0.001011950739484746
A[T>A]C	7.47022955263077e-05	8.800384166534059e-05	0.04566769450466381	0.01256281270616455	8.614961334387771e-05	0.0004961290462233592	8.935750884120353e-05	0.006868604843475623	0.03483966392523143	0.0007437544289132347	0.027609847858548163	0.010145107058633585
A[T>A]G	0.005685316380913718	9.160797781078145e-05	0.0006582442307262682	8.783127232447896e-05	6.448740008964115e-05	0.00017209269208251499	8.330939604093147e-05	8.640775694743752e-05	0.02822013579607301	0.03512667237691858	0.11715556685958291	0.0005213813172304071
A[T>A]T	8.98301208508201e-05	9.310782843385823e-05	0.0007840981605113484	0.008192362308909651	9.394351582159288e-05	0.002415802297764458	0.007085257505968912	9.879529170575552e-05	0.0016367589709261666	0.0012591606115165631	0.001067972296732478	0.01361032319109654
A[T>C]A	7.258903824549633e-05	0.0176606908597023	0.04746484862043872	0.015373464661024627	7.237473491841228e-05	0.010756433458664106	8.187688363250344e-05	8.818769711069763e-05	0.0012339160321062081	0.013522856991767186	0.00013592826690000948	0.033114480965741676
A[T>C]C	8.722194943402428e-05	9.511130119790323e-05	0.00833026662003249	0.001593402925209375	9.281170350732282e-05	0.015283626879681832	9.451152727706358e-05	0.01295994075044291	0.0022835674142697828	0.0001116613857448101	0.0010635700353304855	0.0010132410730875562
A[T>C]G	7.065478913316344e-05	0.009271334500954253	0.0013324908321010298	9.160003210126889e-05	7.115855242547652e-05	0.184813786878658	8.71442611241946e-05	7.075280445860699e-05	8.61584650920122e-05	0.0004376118045342992	7.350469240918756e-05	7.778209599251795e-05
A[T>C]T	6.907666738698026e-05	0.026776799777880455	8.125639324134682e-05	8.563026260617334e-05	0.00805845714858151	0.04917153366550338	6.373874698510918e-05	0.07597971244699693	0.03545189519336418	9.152109778369777e-05	8.792911321506836e-05	0.02021261658446747
A[T>G]A	0.01704388502439542	9.234941680915653e-05	0.0012282956580747851	0.021739295015868264	9.655542744440027e-05	0.002415457219467498	9.607766405679285e-05	9.515817582723684e-05	0.0022800867474870755	0.00012582283743540757	0.001068263188790297	0.001013026965665631
A[T>G]C	9.697430941741913e-05	9.855772514129057e-05	0.0013576516052125954	0.002333552034542663	9.75620569079183e-05	0.0024185041162127162	9.943722034222446e-05	0.00010138587167602963	0.002285077928536339	0.0012602521703229286	0.0010697058765799738	0.0010148626170121133
A[T>G]G	9.697430941741913e-05	9.855772514129057e-05	0.0013576516052125954	0.002333552034542663	9.75620569079183e-05	0.0024185041162127162	9.943722034222446e-05	0.00010138587167602963	0.002285077928536339	0.0012602521703229286	0.0010697058765799738	0.0010148626170121133
A[T>G]T	9.401598435943015e-05	9.704085750854574e-05	0.008451574273203732	0.00232998923456762	9.526112189632841e-05	0.0024174303900508674	9.860547797870822e-05	0.0001000223564915359	0.0015706366611993872	0.0068826982955215495	0.0010658363433321937	0.00011259523380431346
C[C>A]A	7.754847720207181e-05	0.011197156766866102	0.008023702167702141	0.05352101343232789	0.007251276739407331	0.0013278967768201254	9.041740449902135e-05	8.650031304568984e-05	0.009750945104315178	0.001033621637179749	9.007052867673337e-05	0.006111963926014141
C[C>A]C	8.795529683993663e-05	8.969893897301518e-05	0.014991158393968362	0.002325873506924836	9.589778710505925e-05	0.0024088769507216055	9.638875781092793e-05	9.5503398188157e-05	0.001021005816437537	0.025145972630707548	0.0010593313825665973	0.011214968760032206
C[C>A]G	7.656758571101818e-05	8.795856119832024e-05	0.07799901584294275	0.002322679283315665	8.095412235604726e-05	0.0018802145214067423	0.00975348646607017	0.008487240134854801	0.0010065686714369805	0.001254877409519395	0.00024299308606714475	9.839559133979492e-05
C[C>A]T	8.481468976242467e-05	8.668626942380797e-05	0.0013480113637342583	0.0014031226605766278	0.010719070161576383	0.014151650898566005	9.296582138631492e-05	0.033291994463797894	0.009019505304968334	0.00010181823672610335	0.00010595092010134977	0.011827101594099077
C[C>G]A	8.484222962579224e-05	0.012864835943264551	0.043609865478356366	0.0020124434879107865	0.019710999633389292	0.0021429465734399853	9.82417659542989e-05	9.802120039239525e-05	0.002277245329605648	9.898331481963396e-05	0.0010671673822798765	0.00029220856813481075
C[C>G]C	0.017961673328409235	0.007305209940022905	8.315308209603245e-05	0.0014537614213622873	8.981378596217837e-05	0.0010892538026268995	9.153712817351334e-05	0.028387018281500788	0.00177071791185881	0.027179556284681893	0.006444131146054133	0.0163094286537671
C[C>G]G	8.55667756695766e-05	8.86864283529576e-05	0.0008202843346225563	0.026091260742396115	8.569045330659719e-05	0.002414058092108462	8.822739619063213e-05	0.021947657792770768	0.0014691798023704905	0.0012456375081455918	0.023928005265042886	0.00010222746641375124
C[C>G]T	9.541680628899485e-05	9.240012332156766e-05	0.0013538633538701106	0.0016819571770611218	9.257531019102316e-05	0.011530636194947874	9.579621400916949e-05	9.938722068909555e-05	0.002280146587145282	0.03442903099348769	0.0010690605209674685	0.00018006044410867617
C[C>T]A	6.459497835749062e-05	8.15532748674741e-05	8.136796313920058e-05	0.058494072833127575	0.01603118784223625	0.01615877498734335	7.439651708409655e-05	0.025371391506268992	8.593217316956724e-05	0.027606000455489266	0.014118821861848119	8.316509920405223e-05
C[C>T]C	7.139275476220064e-05	7.266820282438857e-05	0.025152463537006044	0.07121557664795546	6.91075478485459e-05	0.00961445130451466	8.362848566321191e-05	9.013730887090788e-05	0.013274379088767368	0.001240036154194968	0.03912363903436926	0.00011532940334291197
C[C>T]G	5.1285421648117335e-05	2.751125033455537e-05	3.769328243947711e-05	5.613177650047874e-05	0.6648839145898819	5.1646873134814084e-05	4.952943393239373e-05	5.2297261981948394e-05	4.756351330499342e-05	5.803136534723308e-05	6.940206003491767e-05	7.297896090676658e-05
C[C>T]T	6.334749811003349e-05	0.01179618863448013	0.0010302317299647258	0.03495183871573317	6.57344467981602e-05	0.04521692416224141	7.506383136473005e-05	7.469979154848261e-05	0.0013487844755218248	7.302499006982544e-05	0.11669211752350747	7.403299021007115e-05
C[T>A]A	0.005702115648455219	9.31853850488551e-05	0.00135433971445309	0.002330424083629623	9.415940730832517e-05	0.0014113309247477447	0.013622977076011011	9.793233839445747e-05	0.0013733010477153585	0.001258833940664772	0.0008760881835769396	0.012741772791923723
C[T>A]C	9.53973620198667e-05	0.008687092251057038	0.0013497565092620788	0.008865831196453655	9.395331580890343e-05	0.002416268899833085	9.380228184454608e-05	0.006870712596537487	0.0014694603902171365	0.0007526136963861063	0.011221165703318547	0.0001170838724647183
C[T>A]G	8.504723809892312e-05	0.009642862763809035	0.021397710001929228	0.07465681764624606	7.7202814645716e-05	0.012755741734144977	8.76558795425808e-05	8.143081595335389e-05	0.0012254311648575821	0.0012522266653832049	0.0001105152699892642	8.957438149082009e-05
C[T>A]T	0.023526261892129696	9.110097234952264e-05	0.0006734917311405298	0.001117932545162148	8.990725837065838e-05	0.024417001350957434	8.808790607872652e-05	9.82416451734025e-05	0.01215258245356381	0.006338604483698873	0.010252999384510986	0.0010084668836498167
C[T>C]A	8.966510140453465e-05	0.014526393425876449	0.0013554345321608707	0.0018070290738251061	8.259550231741742e-05	0.0018703287678363267	9.441785223316402e-05	8.899989989004098e-05	0.0013645960614667274	0.007922683598553703	0.001063799359690165	0.06005454500482301
C[T>C]C	7.718310421864772e-05	7.79677086029551e-05	0.043603837675618706	0.0011340061516875721	0.006729001583153149	0.022269960945413912	9.321439647465013e-05	0.011674953815963817	0.0021110023437358903	8.687778099556454e-05	0.02390557629187242	9.775085272849538e-05
C[T>C]G	0.017788711940556822	7.152878451961442e-05	0.0007736848056083545	0.0102478576891599	0.02252392555710685	0.013148700214878772	7.21978005458368e-05	0.026366083476750644	0.000959984923247248	8.103340232992195e-05	0.0007239951463589023	0.06503932113337214
C[T>C]T	0.010050499265344116	9.112312836805359e-05	0.0010897827953158413	0.0011492849604110233	0.007242303147359052	0.009322861790133174	9.357082017231732e-05	9.049406653502957e-05	0.02763625463921926	0.00102756807282276	0.015857017476082546	9.643530611356255e-05
C[T>G]A	0.005144123722129734	9.780608670553192e-05	0.0011475668026832864	0.0023333260207436977	0.00535408828582149	0.002417840329144383	9.908260399242863e-05	0.00010030650009866804	0.0020819974139158147	0.0012590535523486323	0.0010692381903936621	0.0010143255371076521
C[T>G]C	0.006006330042146147	9.372659842483699e-05	0.0013565891880716664	0.0019981129182269795	9.418847839697264e-05	0.0018080922454828396	0.01712112212917418	0.00010004589785239659	0.002081488459225511	0.012209791085479083	0.0010670725721865892	0.0010117437355802394
C[T>G]G	0.004905427420817432	8.971964489319361e-05	0.0001104221424611751	0.023803221432171996	7.904943197445391e-05	0.0005569719458435429	0.00597767056824523	8.891100794699014e-05	0.013102044371771626	9.173357393592596e-05	0.019316126216290287	0.03006406842469005
C[T>G]T	7.933302513265516e-05	8.058130006247666e-05	0.0008192468878405635	0.015605513179616537	0.012607201939317747	0.015272370288221282	0.013612646846013376	0.010160775458643911	0.00010692698851926253	0.011230487957436707	9.399937480338849e-05	0.04021579153923085
G[C>A]A	6.862828640805674e-05	7.675640626985114e-05	0.013490915552756633	0.06010371266602306	5.196092961223808e-05	0.0004475253245800559	0.018352545666857623	0.037796575867469075	0.012467003005804144	7.007111898928997e-05	0.03599388943293889	0.04040334460623853
G[C>A]C	0.00600078375719022	9.366340600536205e-05	0.01001141798478784	0.011842776391131338	9.249299764633179e-05	0.0017239693665032974	9.678606584202498e-05	9.811740383156576e-05	0.001373285556474002	0.0009947894912329502	0.0010647350223734974	0.01134400439041201
G[C>A]G	8.645868656458333e-05	9.518110164208338e-05	0.026461007579564468	0.0002538235828978941	0.007252315400546649	0.0024124602328811306	0.009752074986317893	9.668648708611726e-05	0.0010079597424919485	0.032928915845695884	0.0002435579492157558	0.001008311285841046
G[C>A]T	6.70727029195038e-05	0.009282045633517555	0.04878922394491383	0.04786465243935254	9.087527068913914e-05	0.0008143686871335376	0.023120285156073804	0.020261739768102416	0.0010055381957499777	0.00044940859952475877	0.0001088240845092514	0.0010065767281048465
G[C>G]A	9.39501689572353e-05	9.61467761953827e-05	0.0013568015368946363	0.0016825008351588622	9.700712034828029e-05	0.00198002919278224	0.010079843131097731	9.94067762803752e-05	0.002284699567098869	0.009838014088745694	0.0010695851771743037	0.0010150117486773524
G[C>G]C	9.061204546014778e-05	0.004488409664918436	0.0013547297654440626	0.012701387640117901	9.135870714089833e-05	0.008299366996288882	9.395719680469484e-05	9.537950245430693e-05	0.001372059887216892	0.0012591928207257297	0.008611020582611673	0.00043553495925152674
G[C>G]G	0.008118357524654129	9.769967800821178e-05	0.00029368909599725157	0.0023305760259972885	9.279054065700621e-05	0.00212205135539989	9.674943212303332e-05	9.684301257948392e-05	0.01831153551247553	0.008304201618739172	0.0010649130526871886	0.0010124386673851405
G[C>G]T	8.89493328941171e-05	0.005367121269955533	9.052738614627742e-05	0.013267679099226371	9.50270114117302e-05	0.0015734206630440895	0.005365263198473258	9.924557016347535e-05	0.0022807824629126118	0.027451963078055995	0.0010610132663714466	0.001006640273044468
G[C>T]A	0.01018572256907646	0.026441844975124695	0.0006945616274606437	0.010352236581820762	8.179431752068922e-05	0.0002916735640610568	0.042145646771678	0.016865910197520862	0.0005940873921645107	0.000732267967032385	0.05183680034169811	0.0010033362668764312
G[C>T]C	5.8412248107053696e-05	6.83511128045211e-05	7.116026347375737e-05	0.018267005704547045	7.362782769178011e-05	0.1324223061226803	0.02678710814579972	7.760288615372701e-05	0.0009673253593064146	0.016884987295918565	7.81893438215775e-05	0.022051258412830066
G[C>T]G	0.6898111343383789	3.745452500822921e-05	7.268443864631991e-05	6.240130931729481e-05	3.664217837808792e-05	5.884148065433692e-05	5.408902886330225e-05	5.773427380404428e-05	5.873920787848874e-05	5.046068030303275e-05	5.760548560829193e-05	6.147998998358161e-05
G[C>T]T	7.666374986001757e-05	0.018293841879267348	0.0077926157537149265	0.047724620041481106	8.606593364675063e-05	0.051757946489669845	0.005975918624244514	8.022693659768266e-05	0.000984403236725484	8.515729459759313e-05	8.720235491637141e-05	9.397016265211278e-05
G[T>A]A	9.414717278559692e-05	9.619484699214808e-05	0.008051823348068865	0.0011657313945761417	9.213643897965085e-05	0.0019807802862487735	9.721265087136999e-05	0.00010179638484260067	0.002282856358215213	0.0012558538466691971	0.013931925626820885	0.001013185475312639
G[T>A]C	9.637907569413074e-05	9.867505432339385e-05	0.0013550287949328776	0.0014006789941049646	9.491761375102215e-05	0.017225432489067317	9.898822027025745e-05	9.887302803690545e-05	0.0022837070646346547	0.0012568742284202016	0.0010692806339648087	0.0010148385183128994
G[T>A]G	0.012029445835651131	8.998159246402793e-05	0.02643508286564611	0.00232988260613638	9.167092357529328e-05	0.011788262610207313	9.719652880448847e-05	9.933283217833377e-05	0.0015515490362304264	0.0012596324311743956	0.00012261134979780764	0.0008241435738455038
G[T>A]T	9.203530207742005e-05	0.004696947390766581	0.0008214113644498866	0.002329527668916853	9.267279601772316e-05	0.00241387473870418	0.009755126165691764	9.835769451456144e-05	0.009928153445071076	0.007903750686818967	0.0002486328019585926	0.001012642676505493
G[T>C]A	8.935616788221523e-05	0.004687274876778247	0.0008188593055820093	0.0012869812655480928	9.299105149693788e-05	0.0024151455239916687	0.01062688337333384	0.034374469936301465	0.010669014959057676	0.000850619906486827	0.0003028898519005452	0.010667305692186347
G[T>C]C	0.01224982911171324	0.004749990798882209	0.0012252791035280096	0.001902929240895901	8.727556851226837e-05	0.000754439432057552	0.005357318948517787	9.094339184230193e-05	0.0022827134234830737	0.0004866452807618771	0.04570529506818275	0.010389708040747792
G[T>C]G	0.012058965843607439	9.089279628824443e-05	0.008450699101376812	0.00108676431918866	9.246788831660525e-05	0.0016901255068660249	0.016865467315074056	9.705092306830921e-05	0.007570894270611461	0.01240157959109638	0.001064410926483106	0.00011092445492977276
G[T>C]T	8.634127334516961e-05	9.149037214228883e-05	0.009033682326844428	0.002150877249368932	0.010337058633740525	0.017131245718337594	9.459207867621445e-05	0.007991048219264486	0.002279835145600373	0.007957476686351583	0.00012013550549454522	0.00010034077786258422
G[T>G]A	9.032202942762523e-05	9.347092091047671e-05	0.0013578462581790517	0.015885557213914582	9.441046713618562e-05	0.001349402600317262	9.595286574040073e-05	9.923691613948904e-05	0.009189513747696765	0.0012568642901896964	0.001067935532773845	0.0010135258184163832
G[T>G]C	9.588456159690396e-05	0.00940587901568506	0.008570477718603798	0.0016641252215777059	9.576520606060512e-05	0.002417838120163651	9.669673381722532e-05	9.961502582882531e-05	0.008227506908588112	0.0012594210063980426	0.0003450542251812294	0.0010136859214981086
G[T>G]G	8.770346612436697e-05	0.005639765118837658	0.007484096579719335	0.0021855732520634774	8.068032693699933e-05	0.013571562544530024	0.012804335940018063	9.136699518421664e-05	0.013162375875981524	0.0007343112703892985	0.00025311411955044607	0.05174440647970187
G[T>G]T	9.275832708226517e-05	9.679942668299191e-05	0.0011116964429675135	0.0021617994949338025	0.006356891929317499	0.0024154069535143206	0.00777833613101393	9.948054212145507e-05	0.002282274993194733	0.0012585986427438912	0.006457273832347709	0.0010135009528312367
T[C>A]A	7.247322537295986e-05	0.008683405004921952	0.00010688996044336819	0.012369070520855984	0.006334408452312345	0.020915156558476155	0.005947769756267008	0.007985236649983563	0.0011552354735613335	0.05310181623644894	0.01834803616729914	0.00011003922845702619
T[C>A]C	6.60858261426256e-05	8.30038259664434e-05	0.013982528683834516	0.0007685617954848567	7.763186476950068e-05	0.016712484941672302	8.051495842664735e-05	0.007960211910946669	0.012131821091594474	0.013826535218240111	0.035984227737662876	0.09705403560365085
T[C>A]G	8.221880735845844e-05	8.928552924771793e-05	0.0013448926856653998	0.0011623517901170998	8.639958396088332e-05	0.010560775178146287	8.39695260424378e-05	9.283036342822015e-05	0.042958661462034795	0.006868620249656487	0.0340381269529189	0.0010080303080030717
T[C>A]T	7.633731042702152e-05	8.984530795714818e-05	0.00028886632644571365	0.0023204006927699085	8.939255312725435e-05	0.007720687351684319	0.015066922020196216	9.112280531553552e-05	0.01830323699869041	0.01908706909234752	0.022594746707909508	0.00017797355612856336
T[C>G]A	7.702202492509969e-05	7.612879580847221e-05	0.0011004822272298043	0.008549333807604854	7.466598226528731e-05	0.0006950501148821786	0.03235509971254942	7.91449410826317e-05	0.043448881781296224	0.0295974759341334	0.031639495844137853	8.737513780943118e-05
T[C>G]C	8.708091554581188e-05	0.022663709011976608	0.0007788403861923143	0.0012666358592468897	8.763971927692183e-05	0.013459712050826056	0.031489962284103966	0.021505191638425458	0.0005401158900667724	0.048617196749910364	0.010243527983107015	8.55638809298398e-05
T[C>G]G	9.149585166596807e-05	0.008687496585480403	0.0013426214112769231	0.04023115101808798	7.86135645739705e-05	0.011457824967862962	8.979507692856714e-05	0.006867306488493341	0.009311622455152246	0.0007504436100134626	0.0010599155160889496	0.00010880170266318601
T[C>G]T	5.1046646406138765e-05	6.14972629591648e-05	6.772584034706597e-05	7.234350541693857e-05	5.305208662385041e-05	7.589797787659336e-05	5.493320506957389e-05	0.3123636099346186	0.05771293348580002	0.03764898658519087	5.82225846940787e-05	9.1679524484789e-05
T[C>T]A	0.023674457874577115	0.026860040762221614	0.260443279343599	5.584596091523508e-05	0.04180749122465386	6.968188632754391e-05	7.229379189084284e-05	6.516136337451073e-05	0.02971137830830344	0.00019340177304911778	6.555347670200717e-05	6.749653130100342e-05
T[C>T]C	5.304581860627877e-05	5.04220408117817e-05	0.0008994033023554948	0.010280210895871278	0.010577833320439822	6.0675164559143016e-05	6.850455574749503e-05	7.473522819054779e-05	5.6860754291676585e-05	0.37012327543852735	7.096841036400293e-05	7.599356522405287e-05
T[C>T]G	4.350122397909217e-05	3.439382272674152e-05	4.9684318480558434e-05	5.3437864778516087e-05	5.4635410334924474e-05	5.017542491145832e-05	0.5826768964529038	5.4738317038527386e-05	5.0351172512108636e-05	4.6984612072265006e-05	5.429852808447322e-05	5.257513947753978e-05
T[C>T]T	0.020117271617084497	7.372706104433747e-05	6.507803466888617e-05	8.388693167944438e-05	5.3939116457968336e-05	0.00043424163368399604	6.337859714449224e-05	0.015414250508052873	0.33745309133737467	6.834431333118119e-05	6.419736951102095e-05	6.909921430633403e-05
T[T>A]A	9.329884051112458e-05	9.594915827619843e-05	0.0013560742940171623	0.017124631524347934	0.009669585033407202	0.0022916656649613286	9.622960351407528e-05	9.96787755866535e-05	0.002115166965086246	0.001256122513586888	0.0010670167997886893	0.00010518682029214688
T[T>A]C	9.322863988927565e-05	9.358085953863338e-05	0.0013556124577007722	0.002325502142775804	9.288811997976154e-05	0.0008698406738403719	9.564978026901371e-05	0.020068318780977278	0.00228012024963391	0.0012566662902827376	0.008607094193212105	0.0001043001000653021
T[T>A]G	9.135363543464337e-05	9.325060964329168e-05	0.0013521334876713809	0.016800135844096075	9.630791246308945e-05	0.0013468641649524216	9.224339701177086e-05	9.500006781308912e-05	0.006680426873936085	0.00688112925272435	0.0010665153851732612	0.0010105842949997168
T[T>A]T	0.014462253957026406	9.459856082685291e-05	0.0007840073856641538	0.001779484062717529	9.52814007177949e-05	0.0014114554520347155	9.407412580912933e-05	0.00010075593672809191	0.01401678254842409	0.0012581900962686631	0.0010668329501640982	0.01361271377754747
T[T>C]A	9.560476755723357e-05	9.771048207767308e-05	0.0013552807475207373	0.0023317014500207735	0.013387011861050268	0.002416333214205224	0.007553674372320529	9.981257098843344e-05	0.001957140908780275	0.0012594367210112978	0.0010685651621315628	0.0005305140308337286
T[T>C]C	8.476666271235444e-05	0.013938871894788462	0.013002320638656783	0.0016232621514063795	8.689400533654635e-05	0.002252239622612251	9.66714054811746e-05	9.98619660094846e-05	0.007423379015381215	0.0009904946644383017	0.03610902953078039	0.0010118370482814498
T[T>C]G	9.023607562994585e-05	9.743004557094537e-05	0.0013512871253624325	0.002331413367210189	9.0692101730383e-05	0.0024170590928406454	9.691969607956707e-05	9.872876689769328e-05	0.0006716683339618613	0.006881335682555801	0.03691298738995101	0.00010387656802777201
T[T>C]T	0.021409420301642966	0.005362029661773704	0.0008253406260337215	0.001059898497260292	8.352139177709716e-05	0.002410496279117069	9.467086420045234e-05	0.010166372048115591	0.0006075980272726156	0.0012517409231804777	0.020532833944889715	0.03878919116323232
T[T>G]A	9.627820982132107e-05	9.689952203189023e-05	0.0013575513097748627	0.002333514139172621	9.700754671939648e-05	0.0018095437168085481	9.699394431663677e-05	0.00010118051723111421	0.0022851033361803276	0.0012601822410942987	0.0010677713500626851	0.012240135184401878
T[T>G]C	9.539135644445195e-05	9.481500601395964e-05	0.0013558948754507582	0.0023322918539633976	0.019121992349391805	0.0024155126644473056	9.717125431052409e-05	9.678298083599657e-05	0.002283191592869116	0.0004897207873000298	0.0007426135998684913	0.010586276500544046
T[T>G]G	9.697430941741913e-05	9.855772514129057e-05	0.0013576516052125954	0.002333552034542663	9.75620569079183e-05	0.0024185041162127162	9.943722034222446e-05	0.00010138587167602963	0.002285077928536339	0.0012602521703229286	0.0010697058765799738	0.0010148626170121133
T[T>G]T	7.910078675195109e-05	8.315395571116824e-05	0.05090445988462307	0.0011541309133463074	8.287091441161465e-05	0.0013777464258964756	0.03445039668949903	8.899675594875589e-05	0.0010110195558809209	0.0007379558213870041	0.007644939993042499	0.04022233776922803
