MutationType	SBS96A	SBS96B	SBS96C	SBS96D	SBS96E	SBS96F	SBS96G	SBS96H	SBS96I	SBS96J	SBS96K	SBS96L	SBS96M	SBS96N	SBS96O	SBS96P	SBS96Q	SBS96R	SBS96S	SBS96T	SBS96U	SBS96V
A[C>A]A	4.997525302314898e-05	0.02210495539809707	6.801489107975851e-05	7.472172633242735e-05	0.0001252057703823084	8.820493312668986e-05	8.48305577164865e-05	7.639559553354047e-05	9.172286663670093e-05	8.454390109591259e-05	0.0016148003836860881	7.061500450618041e-05	0.0001667590333681801	0.017434424975363072	9.054523034137673e-05	8.782374716247432e-05	8.659468148835004e-05	0.31575915155844997	0.0011886819263963843	6.96522827638546e-05	8.840095651976298e-05	0.017393986691968167
A[C>A]C	4.8895543790905546e-05	5.885534912977164e-05	7.561218626506161e-05	5.9980971093498425e-05	0.0006328772249617031	0.13574174751265672	5.143325224867823e-05	7.626969854754862e-05	0.0864552535454095	7.53768262782728e-05	0.0005644670247420436	7.662748721486423e-05	8.02476151193332e-05	8.37353989481926e-05	0.017391213022883	0.02485011232697616	0.0001557560175569961	0.02576488818594953	0.0008324561454875479	0.0012380867899992154	0.05889306961980765	0.03349544795410111
A[C>A]G	0.008471712121536256	8.572751598876494e-05	8.84607352418243e-05	8.900309749151347e-05	0.0015597023128066212	0.0013379751741013023	9.537084260955453e-05	9.211169635818806e-05	9.0217217530153e-05	0.024888761198235444	0.0016259288793662563	9.331835826742463e-05	0.0014596874156268314	0.0013442865973047446	0.0001003149118332658	0.001159169225866208	0.001474836011766456	0.00010061403954750859	0.0016479568381328135	0.0018435087033140008	9.661041694926098e-05	9.178107211482711e-05
A[C>A]T	7.376869202744276e-05	9.635577371227554e-05	9.188438780256547e-05	9.649074127082713e-05	0.0015572571406664792	0.00010105976980412379	8.269507379736752e-05	9.88542269624304e-05	9.751770630828105e-05	0.02488086165394634	0.001621516947488999	8.933363460528199e-05	0.0011321498706820421	0.0013436680499580688	0.0019286871822259855	0.00011278998135821894	0.0014730346723808908	0.011266999781219056	0.0016441100611700676	0.027566045576895702	9.338745658169501e-05	9.572581693646498e-05
A[C>G]A	0.005619041003228631	9.333951384178363e-05	8.469306230836082e-05	9.308202061220072e-05	0.02655875800846843	0.001341137861891184	0.009111767630747636	9.78097210463602e-05	9.596129675628617e-05	0.0001002792501822114	0.06774344086152269	9.400919589097612e-05	0.0014524692387567484	0.00010546138146310114	0.0019315592828206718	0.001497829314757837	0.0014616680449762499	9.962149561033584e-05	0.00010896551830228419	0.0016655095390888165	9.489460753684398e-05	9.87413601251319e-05
A[C>G]C	8.597709384048358e-05	7.826125956853503e-05	8.551239207008621e-05	8.187174062186386e-05	0.001555884716071887	0.0013412705608061514	9.268239737139083e-05	9.069346924661659e-05	9.766477160155773e-05	9.696946144686081e-05	0.0016249186577624642	0.03316160979884444	0.001458241707587149	0.0013399063274846413	0.001178917717334116	0.009281354811537312	0.0014722912826982792	9.857607437879778e-05	0.001645472129166592	0.020503154419566273	9.31016489630565e-05	9.693637184682302e-05
A[C>G]G	8.260263020929415e-05	4.67864450172244e-05	7.779580407780706e-05	0.04965977930214649	0.06827651627618252	0.001333749233162962	7.497708338632947e-05	7.564119623566512e-05	8.317048996104859e-05	9.527230286039412e-05	0.03310121378290205	7.490597126889043e-05	0.04964283461981234	0.03312287514854688	0.0019198160616724635	9.898678781610215e-05	7.013945265583743e-05	8.437632156983454e-05	0.0016312800798914395	7.98381347067334e-05	8.613964964752086e-05	7.985968359207618e-05
A[C>G]T	7.562128703284544e-05	6.765934023178488e-05	7.265747735800687e-05	8.00769948227753e-05	0.03872334682164365	0.02240185738373839	0.009282617512144497	8.218678885896225e-05	7.914199318292958e-05	9.256946650566533e-05	7.598960983159486e-05	0.0565992146031931	0.0009600582270650193	0.0536137833732937	0.0019198919922928325	0.000101928205913282	0.00043742090929299593	9.164480725303293e-05	0.0008590763234678888	7.47495543862442e-05	8.989906818896997e-05	8.218340899475151e-05
A[C>T]A	6.35691181656739e-05	0.017726851008455925	5.022666530010156e-05	0.024961875400049394	7.511828207498183e-05	0.0008611519941041478	7.056801332510077e-05	4.088236329842232e-05	5.393344800950217e-05	8.661042375024408e-05	7.539028597420838e-05	5.974725600026432e-05	7.506064234803489e-05	8.22936251097417e-05	0.001079697403974933	0.020358686405018034	0.0008707953983503103	8.692710998730036e-05	0.00029960990523250077	9.226452716575295e-05	8.234743590946891e-05	0.39255677332912453
A[C>T]C	7.767076488107705e-05	8.169526845449581e-05	7.676993045606651e-05	8.270439830084796e-05	0.00010472988142282703	0.03844976115506142	7.740862256468972e-05	0.018139643913673353	8.661562951601809e-05	9.79963610006962e-05	0.02582086296097259	9.42918544751592e-05	0.0014485109522865969	0.02013756432716036	0.0008596058811235707	0.0014925925745046698	9.052569657796994e-05	9.955129498848692e-05	0.001645017880218802	0.001445473002968356	0.014398392742168652	9.367213642690331e-05
A[C>T]G	7.031419372651725e-05	6.181908889928423e-05	0.8892352461814881	5.245362936262543e-05	6.284328632908399e-05	6.346449825320733e-05	7.026790644886205e-05	5.09236634034238e-05	4.251682775020526e-05	5.6675469129174874e-05	7.028476639359127e-05	6.961539745589107e-05	8.030627723201177e-05	6.58712763267122e-05	8.33927966596093e-05	6.512924073831527e-05	7.190522335349669e-05	7.913184527978956e-05	6.465498855184881e-05	7.860285022616153e-05	4.95801491396719e-05	6.517887806234413e-05
A[C>T]T	7.549457513960079e-05	7.321813473595284e-05	5.6159929263799314e-05	9.212062723236158e-05	8.419471041634096e-05	0.0004222142795697437	5.9588746853478367e-05	8.423059880442451e-05	0.017346234509864188	8.291212070616893e-05	0.0011170452820806532	0.008334027038469572	0.04772636043471721	0.0013365723942115437	8.214316723069715e-05	0.000151775492840045	0.024878604920741055	7.826796063454821e-05	0.1386790922471846	0.02098752042329579	0.011635309126904757	8.275406617030967e-05
A[T>A]A	8.362521148228553e-05	8.845441625453532e-05	8.710192960279529e-05	9.464073591516353e-05	0.0015557410391920713	0.00034053540803142824	8.554770829505287e-05	0.029124482139013707	9.672533778939396e-05	9.186495408357587e-05	0.001618915763538098	9.512396864010952e-05	0.027179621823597698	0.008256548213103088	0.0019296805730846245	0.00010928053525276482	0.0014692681892483962	9.324924249085598e-05	0.026426321074177396	0.0009565937369188759	8.999941783258692e-05	9.487576826359146e-05
A[T>A]C	5.9376332674185686e-05	6.0532598769214016e-05	6.499588844235404e-05	8.034101410885342e-05	8.763780779190711e-05	0.03311721876307274	8.494897374475841e-05	0.029970897876530955	8.533577711204998e-05	8.16665677120909e-05	0.0016025993586254116	8.076265094132395e-05	8.515918016200885e-05	0.20393674261031264	0.0005204559345656889	8.967383037088439e-05	0.0014541816624841885	8.700210237293504e-05	5.936310118279664e-05	0.04062225335801486	7.214109264168656e-05	8.376216166521289e-05
A[T>A]G	6.0619394388661266e-05	7.385893983205549e-05	0.016594293775369806	8.387846864934544e-05	0.0002466442594595719	9.353276436740998e-05	6.115380121912914e-05	7.665938872776223e-05	7.574053277039638e-05	8.70273397595156e-05	7.72005342241755e-05	8.41731634864118e-05	0.001443340735795573	0.0001018806182401022	7.761754922057662e-05	9.479183208895847e-05	0.020907185620853853	8.434893206867855e-05	0.28030275677883765	6.894915114353674e-05	7.550066877506367e-05	9.233250748366117e-05
A[T>A]T	8.223659606301228e-05	8.837037021294236e-05	9.469105352764018e-05	8.947438909672201e-05	0.0015586338173307012	0.008246450990554877	9.375981026096269e-05	9.432929800823331e-05	9.39469195145648e-05	0.013050262346951058	0.0011013937895768323	9.269028341805097e-05	0.0014549272425938397	0.018036473539541475	0.001926980767166242	0.001497163034218829	0.00029670134172192774	9.55793759203516e-05	0.0016453410884423648	0.001838763678097166	9.513244440313428e-05	9.407484321855009e-05
A[T>C]A	0.021547418785140666	7.817429742544846e-05	6.524554914904002e-05	8.239410744863563e-05	8.567085405957187e-05	9.448275777685921e-05	6.053627685922436e-05	8.179676515283064e-05	8.652798278490082e-05	0.011106417088012677	0.02583754859324472	9.110008977586403e-05	0.03376921693070471	0.01679176954057766	9.462105517741293e-05	8.769848936935886e-05	8.842470888339448e-05	9.427406621398404e-05	0.11764555025656591	0.06550438896447304	7.937769541968009e-05	8.728750035515986e-05
A[T>C]C	0.006718302353692707	9.311162357334979e-05	9.041342673299368e-05	9.358722600154579e-05	0.0015569087750918697	0.0013413188527920284	8.760885466472246e-05	9.827820103964768e-05	9.417878536623902e-05	0.020709117157093716	0.0014887667806760875	9.478818210482132e-05	0.0004467995080631226	0.0013441580296785105	0.0008610583143308758	0.0014981325279222802	0.00147523644627654	9.909891959978268e-05	0.021687270109396195	0.0018406909774057567	9.156555533991195e-05	9.877777702058666e-05
A[T>C]G	7.920651642052689e-05	7.51217293100126e-05	4.1049485591194804e-05	7.24332494655755e-05	0.09266129607167387	8.534176777175162e-05	7.245528587338513e-05	6.333429827805048e-05	6.931855857601476e-05	8.669012240716256e-05	0.001610496007197071	0.028408446367359376	8.221538366797177e-05	9.085107220698773e-05	7.257666352415982e-05	0.001476326366446301	7.828943498680018e-05	0.07350913729763989	0.0016281501460980508	9.804370558867959e-05	7.470285267459076e-05	0.1596970598318876
A[T>C]T	3.9156977845777877e-05	0.02535202702420065	5.175719687939839e-05	0.022116231345631832	0.0006423663763598597	0.0013243863762909315	6.667728145970386e-05	8.13714092146256e-05	7.803913409176744e-05	7.759887485008221e-05	8.060792351898272e-05	7.67368279866787e-05	7.734102255199104e-05	7.690350739721907e-05	7.869840464991285e-05	8.759876436670311e-05	8.808054772089236e-05	9.513619443168864e-05	0.0008369871578906895	0.4070778182183858	7.013029571680817e-05	8.209348852687981e-05
A[T>G]A	6.698129282085577e-05	8.495343121109333e-05	8.538236288586631e-05	8.528790895070414e-05	0.0015583050015266053	0.06581764365691925	9.198413099511526e-05	8.308725291499286e-05	8.921994813135826e-05	0.02458289010828594	0.0008044615075050388	9.436316395294853e-05	8.880829214765739e-05	0.0013385633945290464	0.01632348398634349	0.0014971925731515512	9.488249452260789e-05	9.598800970707088e-05	0.001643250287452247	0.0018380868285021279	9.529488525004127e-05	8.97638026799541e-05
A[T>G]C	8.649630908621477e-05	9.480734515818768e-05	9.541313556837849e-05	9.69997388892807e-05	0.0015603330837620887	0.0013426084966340567	9.616694951546379e-05	9.870829671854153e-05	9.869959685602226e-05	0.00010118729915120639	0.0016274268084089272	9.873027302091942e-05	0.0014601533250242938	0.001344748173141852	0.0019316904326842632	0.0014987046539317816	0.0014749881011084653	0.00010113091411767527	0.0016483406099723652	0.0018434243502269965	9.770322940312326e-05	9.95718888589181e-05
A[T>G]G	8.649630908621477e-05	9.480734515818768e-05	9.541313556837849e-05	9.69997388892807e-05	0.0015603330837620887	0.0013426084966340567	9.616694951546379e-05	9.870829671854153e-05	9.869959685602226e-05	0.00010118729915120639	0.0016274268084089272	9.873027302091942e-05	0.0014601533250242938	0.001344748173141852	0.0019316904326842632	0.0014987046539317816	0.0014749881011084653	0.00010113091411767527	0.0016483406099723652	0.0018434243502269965	9.770322940312326e-05	9.95718888589181e-05
A[T>G]T	8.528215325895872e-05	8.841520211717579e-05	8.571343032551604e-05	9.487760689808056e-05	9.883113671094179e-05	0.0013391166292421985	8.657164507894777e-05	9.592157803126611e-05	9.09930293346406e-05	9.629949927330017e-05	0.08426499626148143	9.19742145924829e-05	0.0014523502197334893	0.0013433459134830628	0.001929985892638797	0.0014959791624278296	0.001474232689361088	9.908762731356547e-05	0.0016452315903734416	0.00011415444878366543	9.353688510600477e-05	9.534275231999345e-05
C[C>A]A	6.634351229877213e-05	6.615718723139708e-05	8.285170333692804e-05	7.205621859611711e-05	0.1369654774272931	8.895378905435792e-05	7.351885788011713e-05	7.097403549778391e-05	0.025536170212308206	9.50748122704681e-05	8.700309772393666e-05	8.119120157061843e-05	0.00017886213954625417	0.0001851678403156143	0.014942800326025463	0.0014786776144319446	9.067284818229382e-05	9.598232500138693e-05	0.0012525742560683284	0.0018290195944210442	9.016014446387999e-05	0.034756141942489195
C[C>A]C	8.56245660543209e-05	7.67384164419127e-05	7.638067108928226e-05	9.311679095844739e-05	9.159752194136672e-05	0.0013365876257012133	8.85181983903749e-05	8.220529780373908e-05	8.904684182198253e-05	9.79652708338108e-05	9.669600003689994e-05	8.886783016350818e-05	0.02301653759786859	0.061863935998553644	0.0019222381404688349	0.0014873526659357594	0.0014677159011625917	9.08634508959949e-05	0.01433656411300035	8.646038806574552e-05	8.879133110895054e-05	9.078534003492678e-05
C[C>A]G	7.760986409266479e-05	7.04218448845495e-05	8.447750878985971e-05	8.810868130240123e-05	9.355020411021542e-05	0.048128070736129305	9.166069576167501e-05	7.918894461909077e-05	9.641524447943084e-05	9.359098548884503e-05	9.607870488252957e-05	9.178397449431941e-05	0.023629927774163662	0.00010808887673192657	0.0019220875059545507	0.0001539630169645534	0.0014701312575198244	0.049679344324977136	0.0016395392343838467	7.509212109653162e-05	0.01164465444671805	9.663993769208901e-05
C[C>A]T	7.80689406383317e-05	8.158756057810023e-05	8.889893579180352e-05	8.011870669122345e-05	0.026814408175778227	0.0013252099653982441	8.466043782391352e-05	0.014257370810810244	0.06451418929209467	8.642169009362988e-05	0.0016186311520868912	8.438799632131122e-05	0.00018930519436253235	0.0007533619915193413	0.013527360953594325	0.00014912230259369607	0.001469439126958605	9.337059964309447e-05	0.0013241315649793251	0.0014838794610568585	0.011634253446918619	0.01740524285050924
C[C>G]A	6.612509891965603e-05	8.275500695162919e-05	7.54862353652186e-05	0.05709231051805545	0.00010158871009480208	0.012727192052989268	9.039094438776374e-05	9.235197176167275e-05	8.679821912664945e-05	9.693158644950018e-05	0.0016140244799316861	9.297535070800223e-05	0.00010082472726935521	0.001339501475013094	0.012087638169759884	0.001493836171721341	0.0005560082390729804	9.06258195755072e-05	0.018518054998276058	0.0018338377754844259	9.369781109853647e-05	9.149033721769228e-05
C[C>G]C	4.861622096541397e-05	4.786410520289941e-05	0.02496101530723536	7.454117380802927e-05	8.563770788896363e-05	9.693149622762576e-05	5.9761235934274734e-05	7.20850997367961e-05	9.263593456125818e-05	9.7025437571574e-05	0.0009526990812446457	7.47001893387278e-05	7.078543794705183e-05	8.223434633691795e-05	0.21572402850870276	0.00016769937378739995	0.03314271152594302	0.03310596493065532	0.0009633109213609714	0.0018247088824864476	7.758132105664117e-05	8.47243416501442e-05
C[C>G]G	8.841555836625048e-05	0.008444745015549416	7.288911209570869e-05	7.799438144502346e-05	0.0005419220971816685	0.034365968206111576	7.400116707572124e-05	8.707766410225304e-05	9.736224965308792e-05	9.833529547904618e-05	8.565838911636092e-05	9.409103004145435e-05	0.0014589952676033135	0.0406651801415137	9.266921788366744e-05	0.03452088549456676	0.0014654183086349804	9.67255218711216e-05	0.018836681100947317	9.725308264023625e-05	8.946818488766439e-05	7.983691612025722e-05
C[C>G]T	8.168728018063122e-05	7.711384754511801e-05	8.636728291548934e-05	9.577501550666057e-05	0.00014553488872479648	0.0013385008111072238	8.195217983484327e-05	9.287728607887402e-05	9.412965337105562e-05	9.79730873950757e-05	0.03468354986689519	9.089698796742596e-05	0.0014573770880815574	0.0343763324090105	0.0019281970104202627	9.791048360057175e-05	9.851203139987774e-05	0.00010045910676126368	0.0016478363548230845	0.03659476907050703	9.618718759156764e-05	9.522317923256196e-05
C[C>T]A	5.884389806291024e-05	4.9632515186104344e-05	6.484051455117879e-05	6.273013362374513e-05	8.771299253567122e-05	0.015134799756924621	6.53390183515512e-05	8.010335246981804e-05	0.0067851312272978245	8.832357889332343e-05	8.335664979313151e-05	8.02154520934878e-05	0.029455575680367475	0.02851751065463759	0.13445820770466527	8.904563364922068e-05	0.039598086251584876	7.314659849271266e-05	0.001019567889852624	0.02896064410700916	8.350477764906827e-05	8.155112573149381e-05
C[C>T]C	6.005705893024072e-05	5.895381658547194e-05	6.948868158360711e-05	7.981624121384811e-05	0.0012846746252762387	9.405298660567497e-05	0.010102881458169576	8.35484625770988e-05	7.781223612255417e-05	7.113622948224929e-05	8.167927626345772e-05	7.252725608850597e-05	0.00145304789984948	9.478181455051527e-05	6.783426338188291e-05	0.06677720575753483	8.52466549986275e-05	0.12508479884254484	0.03343082695846533	5.401545644190264e-05	0.07030829818846529	7.52218669163085e-05
C[C>T]G	3.267589729887277e-05	0.8151210308074951	4.130644532882588e-05	7.550392151642882e-05	7.283730537892552e-05	9.494885671301745e-05	7.288761789823184e-05	4.617206095183235e-05	7.467650557373418e-05	7.687056258873782e-05	7.844630313229573e-05	8.086593479674775e-05	8.148142478603404e-05	9.17748264328111e-05	7.655575955141103e-05	7.242925290995572e-05	8.396006596740335e-05	8.190348444259143e-05	5.870940070593633e-05	5.5872390893796366e-05	7.139266526792198e-05	7.322209214635222e-05
C[C>T]T	3.7382283801806765e-05	0.01819491574637482	7.575010192120146e-05	6.668557070952375e-05	6.822337145422353e-05	8.719454126548953e-05	6.405818679127151e-05	6.76849474075425e-05	7.106029088177479e-05	0.2833760834109853	0.0010973516182730236	8.195261398213916e-05	6.840516965382904e-05	8.87958289240487e-05	0.0010461700232553995	0.02687669757360709	7.795127930876333e-05	7.922725380922202e-05	7.79915601100356e-05	0.0018143503682949813	0.012581468509233673	7.884101069066674e-05
C[T>A]A	8.36043509480078e-05	9.352624692837708e-05	8.384706234210178e-05	8.765019728116386e-05	0.0015584278204187284	0.00010150103335035965	9.450675424886868e-05	9.856418546405621e-05	0.012853533033194253	0.00010035113591584377	0.0016247202351223678	0.008366834455227946	0.0014586207646061667	0.0007552508061053232	0.001930155338777695	0.0014979361614678055	0.001474094087461708	0.0001004091820504982	0.0013894616873585618	0.10107119747553953	9.672569576650858e-05	9.389222868776415e-05
C[T>A]C	0.007253106228017714	9.05257802514825e-05	8.279158606683268e-05	0.01694001325304271	0.000572328623093199	0.026306325622135772	7.994897962362301e-05	9.522954351268709e-05	9.602740901755169e-05	9.990613398258574e-05	0.0016132379894315818	9.851768845692277e-05	0.0012152517105278094	0.0013430677834548987	0.0012114813187508843	0.03452515038807178	0.0014749266891158185	9.84554186288733e-05	0.001638040847319644	9.883561724564061e-05	9.197501130984165e-05	8.63565055624349e-05
C[T>A]G	0.006736606991766791	5.021757700909291e-05	6.904262210397994e-05	8.18802094727289e-05	9.373183675052133e-05	9.571018817950971e-05	7.403178924505482e-05	8.855488958943169e-05	0.030936034094702337	9.531964242341928e-05	7.267123383414287e-05	7.451846831827425e-05	0.26327249935857255	0.0011868890161167655	8.777419710064294e-05	8.48492787554278e-05	0.0014638893331721191	8.532944375474471e-05	0.0013140748222213005	0.001228769989913303	9.31499496800825e-05	9.516166610410438e-05
C[T>A]T	7.548712023890403e-05	7.89716468789725e-05	9.177419342449866e-05	8.50451375299599e-05	0.013955265936965588	0.0013392346168984658	8.556340362702031e-05	0.020027349732845322	8.962127649283502e-05	9.925541453412735e-05	0.0008042762325203512	0.04567150053335354	0.00018989813543157652	0.03437812787451548	0.0009941982440068386	0.0006486412799858954	9.993797284550965e-05	9.941693278960883e-05	0.0011211878634640015	0.03533002686090185	9.105436329264194e-05	9.473419486312195e-05
C[T>C]A	8.322488502017225e-05	8.15329171018675e-05	8.014392842596863e-05	0.02251390978199197	0.0015594682881783228	0.000684238090616418	0.018132841426631786	0.040416192440898155	0.09936756259485265	9.347435625386424e-05	0.0016265958205622156	9.067663886526134e-05	0.00010649054747773335	0.0013374380094319349	9.836628159973771e-05	0.001494523335713893	0.0014752599920029752	9.676474874140695e-05	0.0013504063383152243	0.0018413727877486963	9.750765239004977e-05	8.982744548120536e-05
C[T>C]C	8.429896770394407e-05	6.982937612747264e-05	8.443146107310895e-05	8.524982468998133e-05	0.000148754507972626	0.001326695927855326	8.716739612282253e-05	8.785797035670839e-05	9.197612380376085e-05	0.016608435913533625	0.0016211339687288273	8.500911870816808e-05	8.810132130747661e-05	0.015161331584386062	8.390396615145928e-05	0.0014842564442005823	0.04034923093713587	8.8249101099791e-05	0.03898068866479463	0.0012491219871662907	8.858223955030554e-05	0.017439729819807327
C[T>C]G	4.279872941310714e-05	4.4575667641910675e-05	6.77329417612782e-05	5.624756439601697e-05	0.09781138678226853	8.283889037556947e-05	7.996582446594403e-05	8.204443729482591e-05	7.295822651940398e-05	0.016598358911505785	0.0005427371432233485	7.271943886735243e-05	6.517308011098067e-05	0.0001021807813117448	7.419981544463106e-05	0.1664918831877003	6.997590680839494e-05	8.187912962966947e-05	7.371106017188822e-05	0.03596812409632548	0.03674791068697232	7.181173295722765e-05
C[T>C]T	0.006738915793903288	7.135777711937407e-05	7.564945426565827e-05	7.970394181029405e-05	0.00013677514943992718	0.001192602472292492	8.255365074205656e-05	8.13133749034023e-05	8.866249627317301e-05	8.897966581571382e-05	0.00019237226006225684	8.611404991825111e-05	0.00044664128072327005	0.07237792533487664	8.448415082966676e-05	0.009278713077947032	0.022086070536170156	0.04026795823447173	0.0016413319059211061	0.0009594517410732806	8.718443277757614e-05	8.538576221326367e-05
C[T>G]A	7.679701068354918e-05	9.4457534578396e-05	8.56381304174647e-05	8.814903710572253e-05	0.0015587169138598256	0.00010049451593658887	8.744821316213347e-05	9.60957710049115e-05	8.965919951151591e-05	0.12396047056026874	0.00010285985481459648	8.441919744655025e-05	0.0014588927551812958	0.0013439678092254325	0.001929763513908256	0.0014982459717430175	0.001473123151663458	9.912146488204599e-05	0.0016452406423923093	0.0018378705066425028	9.032408343045972e-05	9.148251228907611e-05
C[T>G]C	8.729092951398343e-05	7.472412535207696e-05	6.970700215343458e-05	8.571335220040056e-05	0.0015486051820516877	0.001332497443581815	7.850602669350338e-05	8.400316382903839e-05	7.860757630169246e-05	0.024885733724659076	0.10902222525910474	0.014736027913750149	9.031021363625769e-05	0.0013387697974394542	9.695559565443545e-05	0.0006473739857028704	9.406180288351607e-05	9.02869149513208e-05	0.0016389405149311643	0.00012007465120404959	8.530191571480828e-05	8.116960489132908e-05
C[T>G]G	6.390486178133872e-05	7.20475654816255e-05	7.75735245042597e-05	7.850137625524667e-05	9.456645202590152e-05	0.0005741833439969924	8.076297006027744e-05	8.84267734363675e-05	8.667939491715514e-05	8.770174827077426e-05	0.08462270636955509	7.545330445282161e-05	0.02413458660503238	0.001335614488198189	0.0006419922654458787	0.009504825535509553	0.021528441010741518	9.174740916932933e-05	0.0008631512973806821	0.001830130657981499	0.01163381899586433	7.94883420894621e-05
C[T>G]T	6.826345204444806e-05	0.014246670446735266	9.01583771337755e-05	6.543811141455081e-05	0.0001313600685534766	8.724904655537103e-05	7.923685589048546e-05	0.03393663045790163	0.04147417204112571	8.349981771971215e-05	0.0008034998456423637	0.01447412305387843	0.040233615635952444	8.926889313443098e-05	0.0002217982641013805	0.001480917133812909	0.00018874211782531346	8.367559694306692e-05	0.0016380431203288025	0.001512575435481267	0.058094025477112156	8.657207872602158e-05
G[C>A]A	4.823032041335053e-05	5.4260000820249846e-05	7.313116899467786e-05	5.794028138552676e-05	7.908162297098897e-05	8.472222361888271e-05	0.018183954346147856	8.330999189638532e-05	8.744508086238057e-05	6.634789433519472e-05	0.0011117178612039425	7.118552621250273e-05	7.731526368814912e-05	9.450238358112983e-05	0.00022042735217837618	6.74224749673158e-05	8.97600384632824e-05	8.482491366521572e-05	0.0006747777191776549	0.0018289320085386862	0.4764978243249061	7.657319074496626e-05
G[C>A]C	6.524344673835005e-05	9.48770968534518e-05	9.068359249795322e-05	0.00839182913332479	0.08573958553824923	0.0001004576071863994	8.681581821292638e-05	8.71366668434348e-05	9.301902682636864e-05	0.02488106504169991	0.0016185480240892502	9.033464812091552e-05	0.0001720471991575323	0.0013439253947581165	0.0016557582472159992	0.001496470021083951	0.001467654592852341	9.779406245797872e-05	9.247434936696664e-05	0.0018308264181541745	9.493677243881393e-05	8.925972506403922e-05
G[C>A]G	7.598328604387916e-05	8.25821191788645e-05	8.956462988862768e-05	9.52298374613747e-05	0.02964005353860557	0.0013337425549252656	7.236167475923593e-05	0.020482484799208577	9.02065534319263e-05	9.558236197335646e-05	0.001618180270816083	9.481595552642829e-05	0.0011247416194237303	0.0007627080809470499	0.03233540150285989	0.0014878952707476855	9.250857547158376e-05	0.011254507677858783	0.0016451176343252882	8.732209189759033e-05	0.03729290378469159	9.869137429632246e-05
G[C>A]T	8.834498366923071e-05	0.013440874073003073	6.360018466389228e-05	7.59692166171888e-05	0.0015453149870154447	0.0013365295351832173	5.6001564815366665e-05	8.04993710630697e-05	9.11917391931638e-05	0.01720066028428846	8.749032397190604e-05	8.360474785149564e-05	0.0009405633551068604	0.000633784365709289	0.0019228969613322988	9.77971292741131e-05	0.2713510377179773	9.357021663163323e-05	0.0002797903699274684	7.721971104786629e-05	7.50701408378518e-05	8.572984306738362e-05
G[C>G]A	8.297851418319626e-05	9.274022886529565e-05	0.005967229988891631	9.776696751941926e-05	0.0015594608383253216	0.0013408153419732117	9.569260510033928e-05	9.67537664109841e-05	0.025454217968945158	0.00010044720183941536	0.0016266118174826261	9.866395339486189e-05	0.0014593957748729736	0.0013405613295617512	0.0019279797921626595	0.00033174714553751983	0.001312706085445825	9.739687156979926e-05	0.0016463930791360327	0.0018416741244436708	9.643141893320717e-05	9.864409803412854e-05
G[C>G]C	8.2512189692352e-05	7.556880466097482e-05	8.16343348560622e-05	8.814391621854156e-05	0.00010640677355695516	0.110575398470246	9.420535934623331e-05	8.997847544378601e-05	8.984952000901103e-05	0.02582956853948417	0.001617227422320866	9.1688883912866e-05	0.00145415157021489	0.00134338364659925	0.0019245112784119557	0.0001080789756088052	0.021902489740750753	9.313626178482081e-05	8.76104328163152e-05	0.0018345800755923847	8.893211955864899e-05	8.958912076195702e-05
G[C>G]G	7.767828792566436e-05	9.203428926412016e-05	8.426392159890383e-05	9.243292952305637e-05	0.0015580061473883689	0.00010746424231911078	9.111403851420618e-05	9.761635519680567e-05	0.022132464234528016	9.915616974467411e-05	0.00010872515922528691	9.368448627355974e-05	0.0014574360371625516	0.0013432763167656957	0.030542759071977343	0.001497779214696493	0.021903954909794264	9.488030154898297e-05	0.0010200853255810216	0.001836653887585271	9.62107256782474e-05	9.450511315662879e-05
G[C>G]T	8.167913038050758e-05	7.987102385413891e-05	8.362265434698201e-05	8.732046139812156e-05	0.0015505771092648502	0.0013301493702090107	8.136608191762207e-05	9.378300928801764e-05	0.011230532021076555	9.702651368570514e-05	9.028103879984428e-05	9.028075401147362e-05	0.02717390579687091	0.0013374963025853503	0.0008563620009226725	0.0201503845739353	0.001202904490492074	9.761179608176462e-05	0.001635426032385112	0.0018289825253305025	0.05626214367439388	9.644208257668652e-05
G[C>T]A	7.332151379841889e-05	0.009108937619063794	6.13514005721072e-05	7.424904515573871e-05	0.0015389758787932805	8.781667420407758e-05	0.012545670383224206	6.392897243188145e-05	7.808358741385746e-05	7.797685545938294e-05	0.18138276441204654	7.716613108641469e-05	0.11042404473701026	7.826594573998591e-05	7.916204120306247e-05	7.778886429150589e-05	0.02177289162091256	8.308197066071443e-05	0.00012003122683381661	8.942965892799748e-05	8.251729806829644e-05	0.03311326187564419
G[C>T]C	0.025213734335048345	5.018163265617659e-05	6.632281966005849e-05	0.03333009618055751	0.001538023391913157	0.22100437821645755	7.631030239281244e-05	8.316985995406866e-05	7.2499752513977e-05	9.110841492656618e-05	0.0005793121235910803	0.041579809861468676	9.56847143243067e-05	6.843047196980478e-05	0.00014602230839955155	0.04330338820436737	8.150718203978614e-05	8.208936746996187e-05	0.0013777857466266141	7.21219286106134e-05	7.955409182613948e-05	8.69861582032172e-05
G[C>T]G	0.8913497209548951	6.027932498433586e-05	3.2559214894511966e-05	5.815333626344454e-05	7.323518398152373e-05	7.650395043157232e-05	4.345929724478559e-05	6.12161716943338e-05	6.404519747320592e-05	6.078438296981403e-05	5.704686205185716e-05	5.5029202042433664e-05	6.812304854975082e-05	5.205717259855191e-05	7.263109957956823e-05	6.019487805701829e-05	4.358516971434412e-05	7.274456988852762e-05	5.294075607480409e-05	0.0018306510722595703	7.038070261842222e-05	7.162662736757142e-05
G[C>T]T	8.542005816707388e-05	0.02013319763061645	0.025218325494824965	7.06426966644358e-05	0.025818540939872035	0.0013320003548869864	8.153199541993672e-05	5.8233262157614264e-05	8.150445869432587e-05	0.09842243075036095	8.034243046495249e-05	0.016936434087438102	0.0006836617198132444	0.04974679553124588	8.14789476862643e-05	9.12877825612668e-05	0.00027423758156146504	9.200765125569888e-05	0.0012492921800003388	8.6080782057252e-05	7.32448224468385e-05	8.043665366130881e-05
G[T>A]A	8.543905569240452e-05	8.909183998184744e-05	9.016707554110326e-05	9.641027354518883e-05	0.0015588084097544197	0.0013424722295894754	9.256079501938075e-05	9.349134707008489e-05	9.53211543674115e-05	0.025830624139780413	0.01822512930157245	9.691560553619638e-05	0.0014559743911377154	0.0013424275843135548	0.0015103887519217097	0.00011129784761578775	0.001473633081332082	9.922671597450972e-05	0.0016474863492476287	0.0018421738684992306	9.735932471812702e-05	9.779157771845348e-05
G[T>A]C	7.865609982218304e-05	9.203084628097712e-05	9.68902706517838e-05	9.668118073022925e-05	0.0015600668841216248	0.001342546520027099	8.855993346514878e-05	9.751062534633093e-05	9.971365507226438e-05	9.783576097106561e-05	0.0016273959328827914	9.538690428598784e-05	0.0014557401635101996	0.0013445090320601595	0.00010090827199746855	0.0014983373825089076	0.0014749518988537603	0.019921117617195706	0.0016475310483656358	0.0018410314252832905	9.631744396756403e-05	9.961899631889537e-05
G[T>A]G	6.113751281873192e-05	6.763099643194436e-05	7.965229983710742e-05	7.858110693632625e-05	9.270125228795223e-05	9.863018713076598e-05	8.925671281758695e-05	7.740531941635709e-05	8.710358943062602e-05	0.016605561940014012	0.03464039537411736	8.740314951865003e-05	0.0014389257499715312	0.05779437769961078	0.05142910229870949	0.0014933462494809645	0.0014654177270131187	9.464739487157204e-05	7.93317943191596e-05	0.00124090819790581	8.623403809906449e-05	7.578423505947285e-05
G[T>A]T	7.553911127615722e-05	7.716945947322529e-05	9.047298772202339e-05	8.73279266670579e-05	0.001555376235046424	0.042852522388420765	9.115413558902219e-05	9.284598745580297e-05	9.535935023450293e-05	9.712269820738584e-05	0.10003351734922035	8.503810622642049e-05	0.00015476710386792548	9.837440738920122e-05	0.0019255231927672867	0.001496688874613028	0.026603470948259655	9.492067474639043e-05	0.0016469865877297707	0.0018298003193194744	9.323633785243146e-05	9.095075947698205e-05
G[T>C]A	6.83646434936236e-05	7.004829367360799e-05	8.024199723877246e-05	8.478928139084018e-05	0.013008878699474735	0.0013383785422774962	0.007190579060988966	9.546393848722801e-05	8.831590930640232e-05	9.298522309109103e-05	0.0007680019647523295	8.615794231445762e-05	0.011294687261761282	0.050077444465568985	0.0017544427806569728	0.0014914042989403243	9.578023236826994e-05	8.73578505434125e-05	0.0016359934390493436	0.0018231083327918895	0.040403528364277005	0.03314433309788001
G[T>C]C	6.11825695159496e-05	7.039292358967941e-05	8.050475444179028e-05	8.870973688317463e-05	0.014409854553287004	0.034355555714137155	7.813670818563878e-05	0.014246199901936051	9.094763736356981e-05	0.033154221939912534	0.033109058815716706	0.014832630010334923	9.366218801005743e-05	9.641554570407606e-05	0.000775240725488402	9.479762356932043e-05	0.000431621813959282	0.033102975392966985	0.001322975495531864	0.02756101222039433	9.037802119564731e-05	7.831917519069975e-05
G[T>C]G	6.29974530180988e-05	7.003436824675191e-05	9.01235529454425e-05	8.943369939515833e-05	0.00014832151573500595	0.0013367690771701746	8.941614141804166e-05	8.69904317369219e-05	8.759203665249515e-05	9.826960813370533e-05	0.0016164732456672936	8.315415416291217e-05	0.009025589453813154	0.0013350573281059042	9.474145626882091e-05	0.000794590798614081	9.353745554108173e-05	8.74536931860348e-05	0.0013083425243166857	0.0018259086738908082	9.047586245287675e-05	0.18654881882539484
G[T>C]T	5.721492320276413e-05	0.008435479281752123	8.589163044234738e-05	8.886597024684306e-05	9.701336166472174e-05	0.034362579566368366	8.155111390806269e-05	8.61479702507495e-05	9.186520910589024e-05	9.624944577808492e-05	9.113561718550045e-05	8.874211926013231e-05	0.051050506303363365	0.0011215572936634998	0.014269747079379159	0.0007942293039377546	0.0014639549136063578	0.019915507379118937	0.0012534477558801883	0.0018286112853644454	9.449729186599143e-05	0.01706699613687306
G[T>G]A	8.43729329062626e-05	8.123495131826531e-05	9.305585845140741e-05	8.696077602508013e-05	0.0015576199322822504	0.0013426083256490528	9.15597818675451e-05	9.840683778747917e-05	9.841032515396364e-05	0.00010012249258579686	0.001617180592074874	9.670858198660426e-05	0.034513314785726834	0.0013442446790577379	9.676321533333976e-05	0.0014978478793636896	0.0014738654230313842	0.03313823415155639	0.0008696835720911622	0.0018386735082458472	9.435218526050448e-05	9.790951953618788e-05
G[T>G]C	8.199362418963575e-05	8.958923463069368e-05	0.012670068821716996	8.852351966197603e-05	0.00155829400246148	0.0013387309540121351	8.839497259032214e-05	9.445599062019028e-05	9.027863543451531e-05	9.999136018450372e-05	0.026380292881367496	9.181631867249962e-05	0.0014514000349663547	0.0007701476490183268	0.0006480691969045438	0.0014949935888580513	0.02016552548193431	9.930747401085683e-05	0.0016434951176051982	0.0018398276151856408	8.7607549266977e-05	9.001119215099607e-05
G[T>G]G	6.738298425261748e-05	7.949713985908602e-05	7.317162271647248e-05	8.613707614131272e-05	0.06822714313038887	9.469817850913387e-05	0.009278648613872065	7.729233093414222e-05	0.016743776293151314	0.017201274971012027	0.001226319391389552	9.407403631485067e-05	0.0009600218458217568	0.0006361511379509466	0.0019296393787954003	9.104023192776367e-05	0.05009247484304069	9.954969718819484e-05	0.021964222406495537	0.0018285061905771727	8.743548096390441e-05	8.959916267485824e-05
G[T>G]T	7.72709452576237e-05	9.449693461647258e-05	9.185885428451002e-05	9.361873017041945e-05	0.0015568029913993087	0.0013415068046015222	9.199417982017622e-05	0.025218393615068634	9.120926770265215e-05	0.01305398671029252	0.0009537848440231755	8.931338888942263e-05	0.0014595349253795574	0.00011093116772826761	0.0019255589737440459	0.027232750593975653	0.00029563437565229835	9.697550995042547e-05	0.0016448403963295276	0.0018361412639933405	9.312673792010173e-05	9.305697458330541e-05
T[C>A]A	5.638560809870796e-05	6.012121452840802e-05	7.24726345652016e-05	6.567745308529993e-05	8.892206715245265e-05	8.569717065256554e-05	7.018816248773873e-05	7.413590865326113e-05	7.282543185382906e-05	0.057925445229557226	8.691183211340103e-05	6.906941090676356e-05	0.0014527120649290737	8.649334340589121e-05	0.02483907559160343	0.24438323394588224	7.514161536619213e-05	7.67820873988967e-05	0.012119715367638229	0.00094052742410895	8.523046308255289e-05	5.739217526752327e-05
T[C>A]C	7.085962524797652e-05	4.922960837632218e-05	6.849875207990408e-05	5.997788259648473e-05	0.08684017703271821	0.00011587608387344516	0.043262124792454414	8.348152550752275e-05	0.011098297561329674	9.253446878574323e-05	0.034787447550843356	6.655139768554363e-05	7.652172762391274e-05	6.896737425670097e-05	0.09596136404488789	0.0014857794991257832	7.278731512485592e-05	7.698504400650563e-05	0.0013276090852741619	6.520478289702147e-05	7.192522891728004e-05	0.03313130163332971
T[C>A]G	6.904198972961241e-05	0.007170280288971753	7.534280305208086e-05	8.922591550799552e-05	0.0015499615399676258	0.0008996324759209529	7.78679593167908e-05	9.433645391254686e-05	9.309998713433743e-05	9.334240457974375e-05	0.03467523938600152	9.334676506114192e-05	0.0014523960675433046	0.0013417563983239233	0.05678349852241808	9.780626933206805e-05	0.0014739502643351444	0.01991964468106744	8.837002890800249e-05	0.001676736204262852	9.035554649017286e-05	0.016979080688884096
T[C>A]T	5.801585751826213e-05	8.55294885695912e-05	0.006754163042205619	8.660518615215551e-05	0.0496041065081954	0.037793563802188145	7.415355903503951e-05	9.611852947273291e-05	8.931292177294381e-05	0.02487440698532737	0.0005071739818959031	9.015123359858989e-05	0.001453427120213746	9.216790513164597e-05	0.016091412470268553	0.00011213936959393322	0.0014616496174539861	9.683492316980846e-05	0.00124199969068286	0.0018190933761616178	0.028725127962752596	9.318869488197378e-05
T[C>G]A	0.01424316441341773	6.619093028419343e-05	6.730476196956659e-05	6.612991360270826e-05	8.712997223483398e-05	0.00010095103061757982	0.009122468387891302	0.07353306298791722	0.059579647161081085	9.122329793171957e-05	0.0013573412828975506	8.062328288360732e-05	7.48416921851458e-05	0.0013372237553994637	0.017410376749830904	0.009258599112104093	0.02058410327299498	0.096764664543133	0.0013764197103228071	7.250778580807283e-05	8.118592859318596e-05	9.012621449073776e-05
T[C>G]C	5.9218911792413566e-05	4.491160257612537e-05	6.965576122297534e-05	0.016916323608347737	8.481810145894997e-05	8.289450480560844e-05	8.834010186546948e-05	7.00825779772929e-05	6.806617184338393e-05	0.033128277254581916	0.0007399218919090344	6.825353252963851e-05	0.011274106647397275	9.026383486343548e-05	0.026687379480426897	0.0010176608335314085	0.23408610941842198	0.049649837227673285	0.00046055080388214266	0.0009324951356120437	8.385421278944705e-05	6.808313003257017e-05
T[C>G]G	7.842747672839323e-05	7.711348753218772e-05	7.369688282778952e-05	8.47240238726954e-05	9.055956325028091e-05	0.0013268375220377494	7.15795068231273e-05	7.94476280134404e-05	9.32639610255137e-05	8.674512810102897e-05	0.0016134021716425195	7.557953904324677e-05	0.025831361363088945	0.0013399753283010797	0.050708947102612	8.64742585690692e-05	0.024900490840082057	9.268761532439384e-05	0.03497080336344425	0.020937560955644585	0.03146203102569416	8.732432943361345e-05
T[C>G]T	4.51728651263833e-05	7.087738185873604e-05	5.893918771278095e-05	6.019579668645747e-05	0.0006272418949606617	7.062545755616156e-05	6.848785815236625e-05	0.6735684782266617	5.540103509247274e-05	8.11888991847809e-05	7.125298861865303e-05	5.8796500115931846e-05	5.7461420897375605e-05	7.94527046082294e-05	6.462143953100963e-05	8.04044519099989e-05	7.294851170627225e-05	5.8619476567400854e-05	5.5315042499604064e-05	5.2827990464265896e-05	6.196101526825259e-05	7.736303923593369e-05
T[C>T]A	4.2246230458431454e-05	3.2547767321489116e-05	5.1669512481566925e-05	0.6918547660112381	6.928922989573039e-05	7.546149827248882e-05	3.249109493781432e-05	7.534940923505928e-05	6.39564110455737e-05	8.16725027107168e-05	4.874511234049805e-05	5.225728660036566e-05	5.959325951039318e-05	7.601783945574426e-05	6.963410370985912e-05	7.856543943489669e-05	7.977965388548114e-05	7.516296045650961e-05	9.150367050096975e-05	6.668727277769904e-05	7.12093482434284e-05	7.039492411422543e-05
T[C>T]C	5.549793445425166e-05	5.47477247152095e-05	4.393106550165393e-05	6.760469432265381e-05	6.789469637169532e-05	7.847340946227632e-05	4.930507791272021e-05	6.862579689368432e-05	6.728282583026157e-05	8.233298940467648e-05	9.279293808504008e-05	0.5765220165252686	9.069308471225668e-05	8.113318290270399e-05	6.977951035196384e-05	7.442218839237569e-05	8.195213663384494e-05	7.057901506470898e-05	6.118256208083039e-05	7.404541302124887e-05	8.137004788295598e-05	8.364923924091272e-05
T[C>T]G	5.455709766528649e-05	3.2707951316623964e-05	2.01020069504787e-05	8.060423870119849e-05	7.462339722223988e-05	6.55826786896796e-05	0.8216616004705429	5.447394382258608e-05	6.92561435926109e-05	6.414256722209188e-05	8.459052805847023e-05	7.025027458666955e-05	6.246832238900878e-05	6.819073125825525e-05	7.134810869899866e-05	6.761027971151634e-05	6.302888677964802e-05	5.344924875316792e-05	0.0003126957218114512	4.832260897273955e-05	7.827311578694207e-05	5.49413107592045e-05
T[C>T]T	3.682972392340389e-05	4.1552672337275e-05	6.203945004017442e-05	0.04916624326328929	7.111877353054297e-05	7.648734808753943e-05	6.833638426542165e-05	8.020724417292512e-05	0.44886192680314707	8.614163889433257e-05	5.938431127106014e-05	0.04428439000607796	6.396478070200829e-05	5.951329794697813e-05	0.0007059828665660461	7.569307617814048e-05	7.27632214022833e-05	6.276665528730519e-05	5.4036370928978175e-05	0.0009385224127072434	7.536553839599946e-05	7.763125977362506e-05
T[T>A]A	8.29805219836999e-05	8.582446862419602e-05	8.22911832074169e-05	9.326171202701516e-05	0.009672994248103351	0.0002674058228876675	9.56742456764914e-05	9.324132261099294e-05	9.673316235421225e-05	9.295659801864531e-05	0.00162251815199852	9.496519269305281e-05	0.0014548779327014927	0.0013406935868260916	0.0019311903794005047	0.00015584976208629086	0.0014693665340018923	0.03474426736720489	0.013228242631885222	0.0018353690415096936	9.369480903842486e-05	9.517344733467326e-05
T[T>A]C	7.615601862198676e-05	7.959622566886538e-05	9.27839420910459e-05	8.927367944124853e-05	0.00010816981375683099	0.012727128335245651	9.490042357356288e-05	8.790472456894349e-05	9.727083452162332e-05	9.57916141487658e-05	0.001621162032824941	9.641140422900207e-05	0.001458109888335457	0.001341765966208186	0.0019256316663813777	0.009277410501090344	0.0014718978491146117	9.843504885793663e-05	0.0008679510829097126	0.021671181388592232	9.622643628972582e-05	9.1651494949474e-05
T[T>A]G	8.322358371515293e-05	9.056730632437394e-05	9.525087298243307e-05	9.434850144316443e-05	0.013955340367829194	0.0005848900800629053	9.426559845451265e-05	9.844820306170732e-05	9.841103819780983e-05	9.901571393129416e-05	0.0016262198121694382	0.008367115707369522	0.0014582907082512976	0.0013442253490211441	0.001929952827777015	0.010850718530855374	0.0014746635730261914	9.779989486560225e-05	0.0013898547265853267	0.0014926833973731846	9.621842109481804e-05	9.8781319684349e-05
T[T>A]T	7.207629967964643e-05	0.014296963842207333	9.030074252223131e-05	9.156471060123295e-05	0.0015569128561764955	0.0013419536131550557	9.64583974564448e-05	9.264787804568187e-05	9.738376174937003e-05	9.807470050873234e-05	9.996534936362877e-05	9.681243027443997e-05	0.0014602451730752364	0.026117592043010517	0.0015796850355400238	0.0014979677311202978	0.0014682194481792977	9.851827853708528e-05	0.0504438873489562	0.0018423813919071109	9.585751577105839e-05	9.515398996882141e-05
T[T>C]A	8.560012191303202e-05	8.931204974942375e-05	9.061830751306843e-05	9.585491279722192e-05	0.009680889491573908	0.0013407247322902549	9.089498889807146e-05	9.743120317580178e-05	9.506509741186164e-05	9.917594070429914e-05	0.0016243123522144743	9.596310410415753e-05	0.001454822378582321	0.0013426665638689883	0.0019307256705360487	0.0014960524378693663	0.0014723739790497349	9.304502164013684e-05	0.0016473217874590773	0.0006697555545542855	0.024895367471617646	9.76272793195676e-05
T[T>C]C	7.092050018400189e-05	8.103715190372895e-05	8.99292434041854e-05	9.020789038913791e-05	0.0015516538063820918	0.00012812147906515747	8.244676932918082e-05	8.760517230257391e-05	9.520336097921245e-05	8.727404142518935e-05	9.146299936446667e-05	0.047776986327153284	0.025828939527451668	0.10180376732387231	0.0019279045700386632	0.0006440737321099732	0.00011504000285640359	9.006471736938693e-05	0.0016429504445113706	0.0018336163708227104	8.478616236970993e-05	8.905699960450874e-05
T[T>C]G	9.412850413355045e-05	8.464265156362671e-05	8.351558707317964e-05	8.629405638203025e-05	0.03482228635621141	0.011515221498848404	8.064212340741506e-05	8.824118922348134e-05	9.321988036390395e-05	9.822361607803032e-05	0.0016142878795108117	9.437494882149621e-05	0.0014549243973306148	0.0013387750717811287	0.0019306218178826383	0.03452488006005296	0.0014739894380909392	9.957670627045446e-05	0.0016423788212705404	8.931553456932306e-05	9.031797126226592e-05	9.122003320953809e-05
T[T>C]T	8.610052063886541e-05	7.90421302554023e-05	0.011819671108150942	8.577229746151716e-05	0.001549153947235027	9.16057571885176e-05	7.401561221875852e-05	8.98897043953184e-05	9.283640902140178e-05	9.687368728918954e-05	0.0007959962521454145	8.246384092274184e-05	0.0014575199682440143	8.621650013083127e-05	0.06459167998182239	0.001494021216785768	0.021224069935124136	8.722965258129989e-05	0.0711661237750377	7.620406395290047e-05	8.806813675619197e-05	8.184734178939834e-05
T[T>G]A	8.480768301524224e-05	9.377684109495022e-05	9.53079856117256e-05	9.739518209244125e-05	0.0015602574036165605	0.001342059305170551	9.620915807317942e-05	9.77450850768946e-05	0.012785323466232512	0.00010117722704308107	0.0016270341380732133	9.868619745247997e-05	0.0014597812310967128	0.0013430123566649855	0.0019300565494631884	0.0009096219844650477	0.0014730593298736493	9.927304927259684e-05	0.001647419171058573	0.0018426921888021752	9.739994202391244e-05	9.944137782440521e-05
T[T>G]C	6.992864546191415e-05	8.907831579563208e-05	9.213561861542985e-05	9.375231456942856e-05	0.0005380993417929858	0.0013403515280515422	9.450699799344875e-05	9.746798459673301e-05	9.831059433054178e-05	0.00010032782302005216	0.001626352970197331	0.03313320330998977	0.0210027008826728	0.00019902242420357651	0.019119328776287147	0.0014930374527466483	0.0014749875081179198	9.487266797805204e-05	0.001647282289195573	0.0018332113389078585	8.866034750099061e-05	9.692364255897701e-05
T[T>G]G	8.649630908621477e-05	9.480734515818768e-05	9.541313556837849e-05	9.69997388892807e-05	0.0015603330837620887	0.0013426084966340567	9.616694951546379e-05	9.870829671854153e-05	9.869959685602226e-05	0.00010118729915120639	0.0016274268084089272	9.873027302091942e-05	0.0014601533250242938	0.001344748173141852	0.0019316904326842632	0.0014987046539317816	0.0014749881011084653	0.00010113091411767527	0.0016483406099723652	0.0018434243502269965	9.770322940312326e-05	9.95718888589181e-05
T[T>G]T	8.643969922559336e-05	7.887192600719573e-05	6.798647784176382e-05	8.391980325654913e-05	9.831264396780171e-05	0.001338509652123321	0.025366613352889544	8.302201141141552e-05	9.585210937075317e-05	0.020703693424002266	0.0016103505329283507	8.764699214225402e-05	0.050010735479736466	0.0005258091870928184	8.735202216030302e-05	0.14028608875669307	0.0014538373507093638	9.594907314749434e-05	0.0008587485760813251	0.019917187277360426	9.236003788828384e-05	8.626695525890682e-05
