MutationType	SBS96A	SBS96B	SBS96C	SBS96D	SBS96E	SBS96F	SBS96G	SBS96H	SBS96I	SBS96J	SBS96K	SBS96L	SBS96M	SBS96N	SBS96O	SBS96P	SBS96Q	SBS96R	SBS96S	SBS96T	SBS96U	SBS96V
A[C>A]A	1.23E-05	2.20E-02	1.19E-05	9.75E-06	4.40E-05	9.46E-06	7.66E-06	8.33E-06	3.34E-06	9.82E-06	1.52E-03	1.06E-05	9.91E-05	1.73E-02	3.73E-06	4.41E-06	6.73E-06	1.08E-01	1.11E-03	1.09E-05	4.22E-06	1.73E-02
A[C>A]C	1.17E-05	7.65E-06	7.23E-06	1.14E-05	5.47E-04	9.09E-02	1.19E-05	5.36E-06	4.55E-02	1.25E-05	4.85E-04	6.01E-06	1.14E-05	5.90E-06	1.73E-02	2.48E-02	6.82E-05	2.57E-02	7.73E-04	1.16E-03	5.88E-02	3.34E-02
A[C>A]G	8.38E-03	9.17E-06	7.97E-06	8.33E-06	1.46E-03	1.24E-03	1.84E-06	6.91E-06	9.69E-06	2.48E-02	1.52E-03	4.48E-06	1.36E-03	1.24E-03	1.82E-06	1.06E-03	1.37E-03	1.07E-06	1.55E-03	1.74E-03	3.69E-06	7.69E-06
A[C>A]T	1.23E-05	7.24E-07	2.58E-06	1.68E-06	1.46E-03	1.04E-06	7.58E-06	7.13E-07	1.38E-06	2.48E-02	1.52E-03	7.20E-06	1.03E-03	1.24E-03	1.83E-03	1.50E-05	1.38E-03	1.12E-02	1.55E-03	2.56E-02	4.15E-06	3.78E-06
A[C>G]A	5.55E-03	1.58E-06	9.27E-06	2.57E-06	2.50E-02	1.24E-03	9.02E-03	1.19E-06	2.35E-06	2.03E-06	6.60E-02	3.49E-06	1.36E-03	3.03E-06	1.83E-03	1.40E-03	1.38E-03	7.12E-07	1.22E-05	1.57E-03	5.88E-06	9.57E-07
A[C>G]C	7.70E-06	1.10E-05	8.00E-06	8.95E-06	1.46E-03	1.24E-03	2.88E-06	6.53E-06	1.75E-06	2.93E-06	1.52E-03	3.31E-02	1.36E-03	1.24E-03	1.08E-03	9.18E-03	1.38E-03	2.53E-06	1.55E-03	1.99E-02	4.14E-06	2.56E-06
A[C>G]G	6.83E-06	1.39E-05	1.10E-05	4.96E-02	3.53E-02	1.24E-03	8.67E-06	7.68E-06	9.14E-06	3.49E-06	3.30E-02	7.94E-06	4.96E-02	3.30E-02	1.83E-03	1.70E-05	1.32E-05	9.67E-06	1.55E-03	1.15E-05	5.56E-06	9.52E-06
A[C>G]T	6.50E-06	1.18E-05	8.98E-06	9.73E-06	2.75E-02	2.10E-02	9.20E-03	9.70E-06	9.80E-06	4.83E-06	1.03E-05	4.27E-02	8.64E-04	3.54E-02	1.83E-03	1.66E-05	3.45E-04	5.55E-06	7.70E-04	1.19E-05	5.78E-06	8.45E-06
A[C>T]A	1.29E-05	1.77E-02	1.32E-05	2.49E-02	9.27E-06	7.76E-04	8.99E-06	1.40E-05	1.05E-05	6.66E-06	1.02E-05	1.23E-05	1.11E-05	9.77E-06	1.02E-03	2.03E-02	7.96E-04	6.73E-06	2.30E-04	1.76E-05	8.92E-06	9.44E-02
A[C>T]C	9.78E-06	5.73E-06	7.93E-06	5.99E-06	9.08E-06	2.68E-02	8.30E-06	1.80E-02	8.15E-06	2.48E-06	2.47E-02	1.74E-06	1.36E-03	2.00E-02	7.63E-04	1.40E-03	6.61E-06	6.60E-07	1.55E-03	1.36E-03	1.43E-02	4.53E-06
A[C>T]G	8.64E-06	1.28E-05	4.23E-02	1.37E-05	1.13E-05	1.36E-05	1.09E-05	1.43E-05	1.42E-05	1.46E-05	1.37E-05	1.15E-05	7.44E-06	1.37E-05	6.06E-06	1.33E-05	1.15E-05	9.86E-06	1.36E-05	8.57E-06	1.21E-05	1.34E-05
A[C>T]T	8.63E-06	1.03E-05	1.20E-05	2.58E-06	9.61E-06	3.43E-04	1.07E-05	7.12E-06	1.73E-02	5.85E-06	1.03E-03	8.27E-03	4.77E-02	1.24E-03	1.00E-05	6.93E-05	2.48E-02	9.53E-06	7.01E-02	1.99E-02	1.16E-02	9.37E-06
A[T>A]A	5.87E-06	5.58E-06	4.94E-06	2.08E-06	1.46E-03	2.43E-04	6.28E-06	2.90E-02	1.41E-06	6.22E-06	1.52E-03	2.97E-06	2.56E-02	8.16E-03	1.83E-03	1.55E-05	1.38E-03	2.99E-06	2.47E-02	8.68E-04	5.76E-06	3.83E-06
A[T>A]C	1.21E-05	1.20E-05	1.26E-05	6.28E-06	9.29E-06	3.30E-02	8.47E-06	2.99E-02	5.83E-06	6.71E-06	1.53E-03	7.74E-06	7.29E-06	8.17E-02	4.33E-04	7.34E-06	1.38E-03	4.56E-06	1.24E-05	3.96E-02	1.24E-05	9.60E-06
A[T>A]G	1.26E-05	9.84E-06	1.65E-02	5.06E-06	1.61E-04	4.67E-06	1.38E-05	1.01E-05	1.11E-05	4.21E-06	1.12E-05	7.86E-06	1.36E-03	1.24E-05	1.05E-05	2.34E-06	2.08E-02	7.84E-06	6.73E-02	1.12E-05	1.10E-05	2.76E-06
A[T>A]T	9.70E-06	5.11E-06	1.44E-06	4.73E-06	1.46E-03	8.14E-03	3.08E-06	3.11E-06	3.61E-06	1.30E-02	1.00E-03	5.55E-06	1.36E-03	1.66E-02	1.83E-03	1.40E-03	1.99E-04	3.65E-06	1.55E-03	1.74E-03	3.58E-06	3.23E-06
A[T>C]A	2.15E-02	9.39E-06	1.09E-05	5.75E-06	7.91E-06	4.37E-06	1.01E-05	6.40E-06	7.75E-06	1.10E-02	2.47E-02	2.64E-06	3.30E-02	1.67E-02	2.21E-06	3.04E-06	5.97E-06	1.83E-06	5.07E-02	6.45E-02	9.00E-06	4.89E-06
A[T>C]C	6.63E-03	1.89E-06	5.27E-06	2.72E-06	1.46E-03	1.24E-03	5.45E-06	1.07E-06	5.31E-06	2.06E-02	1.39E-03	4.27E-06	3.53E-04	1.24E-03	7.62E-04	1.40E-03	1.37E-03	2.01E-06	1.99E-02	1.74E-03	5.28E-06	9.12E-07
A[T>C]G	8.83E-06	1.17E-05	1.38E-05	1.23E-05	6.74E-02	6.29E-06	9.64E-06	1.30E-05	9.30E-06	7.10E-06	1.53E-03	2.83E-02	9.57E-06	1.04E-05	1.07E-05	1.40E-03	1.05E-05	7.34E-02	1.55E-03	1.69E-05	1.10E-05	8.99E-02
A[T>C]T	1.25E-05	2.53E-02	1.30E-05	2.20E-02	5.75E-04	1.24E-03	1.31E-05	7.52E-06	1.16E-05	9.43E-06	9.52E-06	1.00E-05	1.01E-05	1.11E-05	8.01E-06	6.85E-06	5.69E-06	1.63E-06	7.73E-04	1.01E-01	9.60E-06	7.68E-06
A[T>G]A	1.28E-05	9.52E-06	7.69E-06	7.85E-06	1.46E-03	6.44E-02	3.45E-06	1.01E-05	7.09E-06	2.45E-02	7.04E-04	2.67E-06	9.97E-06	1.24E-03	1.43E-02	1.40E-03	5.41E-06	3.46E-06	1.55E-03	1.74E-03	3.64E-06	6.15E-06
A[T>G]C	9.71E-06	1.31E-06	1.43E-06	1.36E-06	1.46E-03	1.24E-03	1.81E-06	1.07E-06	1.49E-06	1.49E-06	1.52E-03	1.31E-06	1.36E-03	1.24E-03	1.83E-03	1.40E-03	1.37E-03	9.13E-07	1.55E-03	1.74E-03	3.72E-06	1.02E-06
A[T>G]G	9.71E-06	1.31E-06	1.43E-06	1.36E-06	1.46E-03	1.24E-03	1.81E-06	1.07E-06	1.49E-06	1.49E-06	1.52E-03	1.31E-06	1.36E-03	1.24E-03	1.83E-03	1.40E-03	1.37E-03	9.13E-07	1.55E-03	1.74E-03	3.72E-06	1.02E-06
A[T>G]T	9.31E-06	6.70E-06	9.65E-06	2.18E-06	2.62E-06	1.24E-03	7.12E-06	2.71E-06	7.50E-06	5.20E-06	5.62E-02	6.18E-06	1.36E-03	1.24E-03	1.83E-03	1.40E-03	1.37E-03	2.25E-06	1.55E-03	2.24E-05	4.63E-06	3.81E-06
C[C>A]A	9.94E-06	1.08E-05	4.24E-06	1.21E-05	6.83E-02	8.42E-06	9.61E-06	9.87E-06	2.55E-02	2.83E-06	5.22E-06	8.08E-06	9.78E-05	1.03E-04	1.41E-02	1.40E-03	1.01E-05	2.98E-06	1.16E-03	1.74E-03	4.55E-06	2.31E-02
C[C>A]C	4.51E-06	1.06E-05	1.10E-05	2.34E-06	9.67E-06	1.24E-03	5.01E-06	8.70E-06	5.98E-06	2.40E-06	8.57E-06	7.47E-06	2.21E-02	4.03E-02	1.83E-03	1.40E-03	1.38E-03	5.93E-06	1.26E-02	1.01E-05	8.47E-06	7.70E-06
C[C>A]G	9.63E-06	1.10E-05	5.70E-06	5.15E-06	5.88E-06	3.12E-02	3.46E-06	1.07E-05	1.34E-06	4.38E-06	7.90E-06	2.87E-06	2.21E-02	7.18E-06	1.83E-03	6.89E-05	1.38E-03	4.96E-02	1.55E-03	1.24E-05	1.16E-02	1.58E-06
C[C>A]T	9.74E-06	9.36E-06	3.37E-06	9.36E-06	1.79E-02	1.24E-03	7.41E-06	1.42E-02	6.44E-02	9.47E-06	1.52E-03	5.69E-06	9.62E-05	6.55E-04	1.27E-02	6.97E-05	1.38E-03	2.92E-06	1.24E-03	1.39E-03	1.16E-02	1.73E-02
C[C>G]A	1.31E-05	5.28E-06	1.09E-05	4.36E-02	1.03E-05	1.13E-02	3.55E-06	3.95E-06	1.01E-05	2.53E-06	1.52E-03	2.81E-06	4.79E-06	1.24E-03	1.20E-02	1.40E-03	4.63E-04	6.25E-06	1.70E-02	1.74E-03	4.79E-06	4.91E-06
C[C>G]C	1.31E-05	1.19E-05	2.49E-02	9.73E-06	8.98E-06	1.39E-06	1.16E-05	1.17E-05	2.06E-06	1.01E-06	8.61E-04	1.13E-05	9.19E-06	6.58E-06	7.31E-02	8.88E-05	3.31E-02	3.30E-02	8.74E-04	1.74E-03	9.10E-06	7.33E-06
C[C>G]G	8.80E-06	8.36E-03	1.13E-05	1.05E-05	4.48E-04	3.29E-02	1.25E-05	7.91E-06	2.42E-06	2.22E-06	1.25E-05	2.98E-06	1.36E-03	3.94E-02	7.78E-06	3.29E-02	1.38E-03	2.80E-06	1.71E-02	2.40E-06	6.41E-06	1.10E-05
C[C>G]T	1.04E-05	1.28E-05	9.47E-06	1.28E-06	4.52E-05	1.24E-03	1.01E-05	4.17E-06	4.22E-06	2.11E-06	3.29E-02	6.34E-06	1.36E-03	3.29E-02	1.83E-03	1.65E-06	1.39E-06	9.16E-07	1.55E-03	3.46E-02	3.47E-06	3.36E-06
C[C>T]A	1.17E-05	1.36E-05	1.20E-05	1.19E-05	4.11E-06	1.50E-02	1.10E-05	1.09E-05	6.70E-03	6.71E-06	9.47E-06	9.62E-06	2.83E-02	2.83E-02	7.35E-02	4.76E-06	3.91E-02	1.01E-05	9.44E-04	2.89E-02	5.89E-06	8.08E-06
C[C>T]C	1.17E-05	1.27E-05	1.02E-05	9.66E-06	1.20E-03	4.57E-06	1.00E-02	9.57E-06	6.94E-06	1.25E-05	1.02E-05	9.92E-06	1.36E-03	1.44E-05	1.14E-05	4.45E-02	9.01E-06	8.35E-02	3.33E-02	1.26E-05	4.69E-02	1.11E-05
C[C>T]G	1.37E-05	3.45E-02	1.24E-05	9.61E-06	1.16E-05	1.80E-06	8.14E-06	1.02E-05	9.28E-06	8.25E-06	1.03E-05	4.86E-06	8.83E-06	3.96E-06	9.76E-06	1.22E-05	7.38E-06	1.09E-05	1.17E-05	1.25E-05	1.10E-05	1.15E-05
C[C>T]T	1.23E-05	1.81E-02	9.81E-06	7.97E-06	1.07E-05	5.53E-06	1.21E-05	1.10E-05	9.84E-06	8.25E-02	1.02E-03	5.71E-06	1.14E-05	3.48E-06	9.77E-04	2.68E-02	1.00E-05	8.75E-06	9.51E-06	1.75E-03	1.25E-02	6.07E-06
C[T>A]A	9.54E-06	1.70E-06	9.48E-06	9.68E-06	1.46E-03	8.94E-07	3.02E-06	1.08E-06	1.28E-02	1.17E-06	1.52E-03	8.27E-03	1.36E-03	6.55E-04	1.83E-03	1.40E-03	1.37E-03	1.24E-06	1.29E-03	9.90E-02	3.13E-06	5.10E-06
C[T>A]C	7.16E-03	2.88E-06	9.63E-06	1.69E-02	4.74E-04	2.49E-02	9.54E-06	2.18E-06	3.73E-06	2.05E-06	1.52E-03	1.32E-06	1.12E-03	1.24E-03	1.11E-03	3.29E-02	1.37E-03	2.13E-06	1.55E-03	2.20E-06	6.62E-06	7.94E-06
C[T>A]G	6.67E-03	1.39E-05	1.23E-05	6.36E-06	4.49E-06	3.70E-06	9.57E-06	5.61E-06	2.16E-02	1.71E-06	1.18E-05	8.04E-06	1.04E-01	1.10E-03	9.90E-06	8.88E-06	1.38E-03	8.05E-06	1.24E-03	1.16E-03	4.15E-06	2.80E-06
C[T>A]T	9.99E-06	9.20E-06	3.30E-06	4.98E-06	1.23E-02	1.24E-03	6.13E-06	1.99E-02	4.89E-06	1.77E-06	7.05E-04	2.33E-02	1.01E-04	3.29E-02	8.97E-04	5.49E-04	1.57E-06	1.63E-06	1.03E-03	3.37E-02	5.11E-06	2.20E-06
C[T>C]A	9.80E-06	7.28E-06	1.08E-05	2.24E-02	1.46E-03	5.83E-04	1.80E-02	4.03E-02	9.93E-02	4.32E-06	1.52E-03	5.88E-06	1.04E-05	1.24E-03	3.03E-06	1.40E-03	1.37E-03	3.03E-06	1.26E-03	1.74E-03	3.18E-06	7.76E-06
C[T>C]C	7.62E-06	1.12E-05	7.66E-06	9.40E-06	5.16E-05	1.24E-03	4.67E-06	4.44E-06	3.40E-06	1.65E-02	1.52E-03	9.83E-06	6.29E-06	1.51E-02	9.99E-06	1.40E-03	3.88E-02	6.84E-06	3.72E-02	1.16E-03	5.19E-06	1.74E-02
C[T>C]G	1.02E-05	1.39E-05	1.21E-05	1.27E-05	6.40E-02	6.49E-06	9.49E-06	6.36E-06	8.31E-06	1.65E-02	4.66E-04	8.71E-06	1.04E-05	3.14E-05	1.01E-05	7.24E-02	7.41E-06	8.83E-06	1.26E-05	3.46E-02	3.67E-02	9.91E-06
C[T>C]T	6.66E-03	1.05E-05	9.32E-06	1.10E-05	4.24E-05	1.10E-03	9.50E-06	7.10E-06	3.53E-06	6.54E-06	9.96E-05	4.66E-06	3.55E-04	4.14E-02	9.32E-06	9.18E-03	2.05E-02	4.02E-02	1.55E-03	8.68E-04	4.87E-06	7.17E-06
C[T>G]A	1.26E-05	1.23E-06	9.59E-06	9.58E-06	1.46E-03	1.52E-06	6.82E-06	2.57E-06	8.22E-06	9.94E-02	1.53E-06	1.01E-05	1.36E-03	1.24E-03	1.83E-03	1.40E-03	1.37E-03	2.22E-06	1.55E-03	1.74E-03	7.55E-06	6.08E-06
C[T>G]C	6.04E-06	1.19E-05	1.25E-05	8.19E-06	1.46E-03	1.24E-03	9.40E-06	7.79E-06	1.17E-05	2.48E-02	5.76E-02	1.46E-02	7.92E-06	1.24E-03	2.45E-06	5.50E-04	6.33E-06	9.78E-06	1.55E-03	2.06E-05	8.67E-06	9.38E-06
C[T>G]G	1.28E-05	1.03E-05	8.55E-06	1.02E-05	2.64E-06	4.84E-04	9.50E-06	5.30E-06	7.19E-06	4.65E-06	4.48E-02	7.78E-06	2.41E-02	1.24E-03	5.50E-04	9.35E-03	2.00E-02	3.89E-06	7.82E-04	1.74E-03	1.16E-02	9.06E-06
C[T>G]T	1.19E-05	1.42E-02	3.48E-06	8.03E-06	4.64E-05	4.98E-06	8.46E-06	3.38E-02	3.46E-02	9.15E-06	7.05E-04	1.44E-02	3.90E-02	6.59E-06	1.29E-04	1.40E-03	9.70E-05	8.90E-06	1.55E-03	1.43E-03	3.91E-02	7.06E-06
G[C>A]A	1.15E-05	1.37E-05	9.69E-06	1.01E-05	6.62E-06	6.92E-06	1.81E-02	4.09E-06	5.22E-06	1.20E-05	1.02E-03	7.89E-06	1.03E-05	8.99E-06	1.30E-04	7.17E-06	5.75E-06	8.08E-06	6.00E-04	1.74E-03	1.25E-01	7.89E-06
G[C>A]C	1.36E-05	1.29E-06	5.06E-06	8.29E-03	5.70E-02	1.47E-06	6.47E-06	8.99E-06	3.41E-06	2.48E-02	1.52E-03	7.32E-06	7.17E-05	1.24E-03	1.56E-03	1.40E-03	1.38E-03	2.62E-06	3.95E-06	1.74E-03	6.36E-06	6.73E-06
G[C>A]G	1.14E-05	9.35E-06	4.42E-06	1.19E-06	2.80E-02	1.24E-03	1.08E-05	2.04E-02	4.96E-06	5.72E-06	1.52E-03	3.52E-06	1.03E-03	6.68E-04	3.22E-02	1.40E-03	4.43E-06	1.12E-02	1.55E-03	9.82E-06	3.72E-02	1.09E-06
G[C>A]T	2.96E-06	1.34E-02	1.27E-05	1.03E-05	1.46E-03	1.24E-03	1.44E-05	1.19E-05	3.63E-06	1.71E-02	1.01E-05	8.53E-06	8.49E-04	5.45E-04	1.83E-03	1.60E-06	9.68E-02	4.39E-06	2.00E-04	1.29E-05	1.12E-05	9.19E-06
G[C>G]A	9.99E-06	3.24E-06	5.87E-03	1.04E-06	1.46E-03	1.24E-03	1.93E-06	2.88E-06	2.54E-02	1.52E-06	1.52E-03	1.29E-06	1.36E-03	1.24E-03	1.83E-03	2.32E-04	1.22E-03	3.68E-06	1.55E-03	1.74E-03	3.49E-06	1.10E-06
G[C>G]C	9.43E-06	1.04E-05	6.43E-06	6.00E-06	8.73E-06	9.85E-02	1.90E-06	5.67E-06	4.77E-06	2.57E-02	1.52E-03	5.30E-06	1.36E-03	1.24E-03	1.83E-03	1.38E-05	2.03E-02	5.78E-06	9.82E-06	1.74E-03	1.00E-05	5.89E-06
G[C>G]G	1.07E-05	2.40E-06	7.08E-06	4.11E-06	1.46E-03	5.98E-06	5.73E-06	1.17E-06	2.20E-02	1.96E-06	1.17E-05	4.68E-06	1.36E-03	1.24E-03	2.85E-02	1.40E-03	2.03E-02	5.21E-06	9.25E-04	1.74E-03	4.45E-06	5.35E-06
G[C>G]T	9.81E-06	9.96E-06	6.34E-06	9.44E-06	1.46E-03	1.24E-03	1.01E-05	5.04E-06	1.11E-02	3.39E-06	1.06E-05	4.74E-06	2.56E-02	1.24E-03	7.63E-04	2.00E-02	1.11E-03	2.15E-06	1.55E-03	1.74E-03	5.62E-02	3.39E-06
G[C>T]A	1.01E-05	9.07E-03	1.33E-05	1.05E-05	1.46E-03	5.28E-06	1.25E-02	1.22E-05	9.12E-06	1.13E-05	9.87E-02	7.81E-06	7.70E-02	1.24E-05	1.15E-05	8.50E-06	2.05E-02	9.49E-06	3.30E-05	1.76E-05	9.72E-06	3.31E-02
G[C>T]C	2.52E-02	1.11E-05	1.13E-05	3.33E-02	1.46E-03	1.14E-01	6.30E-06	9.82E-06	1.06E-05	3.83E-06	4.93E-04	3.34E-02	4.21E-06	1.31E-05	6.18E-05	4.28E-02	8.58E-06	9.60E-06	1.29E-03	1.11E-05	8.14E-06	5.19E-06
G[C>T]G	3.77E-02	1.32E-05	1.07E-05	1.24E-05	1.12E-05	1.27E-05	1.32E-05	1.43E-05	1.12E-05	1.43E-05	1.39E-05	1.33E-05	1.05E-05	1.41E-05	1.23E-05	1.13E-05	1.36E-05	1.19E-05	1.38E-05	1.75E-03	1.01E-05	1.15E-05
G[C>T]T	5.61E-06	2.01E-02	2.51E-02	1.02E-05	2.47E-02	1.24E-03	8.43E-06	1.25E-05	9.93E-06	5.16E-02	1.03E-05	1.69E-02	5.93E-04	4.95E-02	9.85E-06	3.43E-06	2.02E-04	2.88E-06	1.16E-03	9.88E-06	1.17E-05	8.76E-06
G[T>A]A	9.70E-06	5.11E-06	5.03E-06	1.80E-06	1.46E-03	1.24E-03	2.88E-06	4.71E-06	3.17E-06	2.57E-02	1.65E-02	1.67E-06	1.36E-03	1.24E-03	1.41E-03	1.31E-05	1.37E-03	2.15E-06	1.55E-03	1.74E-03	3.67E-06	1.70E-06
G[T>A]C	1.26E-05	2.81E-06	7.68E-07	1.38E-06	1.46E-03	1.24E-03	7.84E-06	1.61E-06	9.09E-07	3.68E-06	1.52E-03	3.63E-06	1.36E-03	1.24E-03	1.62E-06	1.40E-03	1.37E-03	1.98E-02	1.55E-03	1.74E-03	3.91E-06	1.02E-06
G[T>A]G	1.35E-05	1.23E-05	9.56E-06	1.17E-05	4.04E-06	1.44E-06	4.36E-06	9.51E-06	7.17E-06	1.65E-02	3.29E-02	6.55E-06	1.36E-03	4.93E-02	4.93E-02	1.40E-03	1.38E-03	2.84E-06	1.06E-05	1.16E-03	7.35E-06	1.08E-05
G[T>A]T	1.07E-05	7.99E-06	3.85E-06	5.32E-06	1.46E-03	3.47E-02	3.16E-06	4.41E-06	1.81E-06	2.33E-06	9.90E-02	9.57E-06	7.03E-05	2.19E-06	1.83E-03	1.40E-03	2.50E-02	3.50E-06	1.55E-03	1.74E-03	4.01E-06	3.93E-06
G[T>C]A	1.19E-05	1.02E-05	9.61E-06	6.14E-06	1.29E-02	1.24E-03	7.10E-03	1.75E-06	6.30E-06	6.31E-06	6.68E-04	7.32E-06	1.12E-02	4.95E-02	1.66E-03	1.40E-03	2.85E-06	9.79E-06	1.55E-03	1.75E-03	4.03E-02	3.30E-02
G[T>C]C	1.25E-05	1.27E-05	5.06E-06	4.78E-06	1.43E-02	3.29E-02	1.01E-05	1.42E-02	3.11E-06	3.31E-02	3.30E-02	1.48E-02	3.19E-06	3.32E-06	6.88E-04	1.89E-05	3.46E-04	3.30E-02	1.24E-03	2.56E-02	4.94E-06	1.02E-05
G[T>C]G	1.38E-05	1.07E-05	4.26E-06	3.90E-06	5.15E-05	1.24E-03	2.97E-06	4.77E-06	5.68E-06	1.89E-06	1.52E-03	7.44E-06	8.93E-03	1.24E-03	2.74E-06	7.01E-04	3.97E-06	9.49E-06	1.22E-03	1.74E-03	5.12E-06	9.69E-02
G[T>C]T	1.47E-05	8.36E-03	5.38E-06	5.04E-06	2.37E-06	3.29E-02	8.53E-06	7.91E-06	5.86E-06	3.63E-06	9.06E-06	4.72E-06	4.95E-02	1.03E-03	1.42E-02	7.01E-04	1.38E-03	1.98E-02	1.16E-03	1.74E-03	4.32E-06	1.70E-02
G[T>G]A	1.01E-05	9.73E-06	3.73E-06	6.98E-06	1.46E-03	1.24E-03	4.84E-06	1.19E-06	2.03E-06	1.94E-06	1.52E-03	2.56E-06	3.29E-02	1.24E-03	5.02E-06	1.40E-03	1.37E-03	3.30E-02	7.69E-04	1.74E-03	6.92E-06	2.23E-06
G[T>G]C	1.05E-05	4.76E-06	1.26E-02	4.87E-06	1.46E-03	1.24E-03	7.68E-06	2.13E-06	8.20E-06	1.59E-06	2.46E-02	5.11E-06	1.36E-03	6.73E-04	5.49E-04	1.40E-03	2.01E-02	1.13E-06	1.55E-03	1.74E-03	8.78E-06	6.42E-06
G[T>G]G	1.08E-05	8.90E-06	1.13E-05	4.87E-06	5.04E-02	4.57E-06	9.20E-03	1.18E-05	1.67E-02	1.71E-02	1.14E-03	3.16E-06	8.64E-04	5.45E-04	1.83E-03	3.79E-06	4.95E-02	1.46E-06	2.19E-02	1.74E-03	7.53E-06	6.08E-06
G[T>G]T	1.01E-05	1.23E-06	3.36E-06	2.53E-06	1.46E-03	1.24E-03	3.96E-06	2.51E-02	4.09E-06	1.30E-02	8.51E-04	5.68E-06	1.36E-03	1.02E-05	1.83E-03	2.56E-02	1.99E-04	3.09E-06	1.55E-03	1.74E-03	4.62E-06	4.78E-06
T[C>A]A	1.21E-05	1.17E-05	8.95E-06	1.14E-05	6.63E-06	6.07E-06	1.08E-05	8.32E-06	1.23E-05	3.91E-02	5.38E-06	1.01E-05	1.36E-03	4.74E-06	2.48E-02	9.50E-02	1.24E-05	1.05E-05	1.12E-02	8.69E-04	5.56E-06	1.19E-05
T[C>A]C	1.16E-05	1.12E-05	9.71E-06	1.26E-05	6.41E-02	3.21E-05	3.60E-02	6.93E-06	1.10E-02	4.22E-06	3.47E-02	9.42E-06	9.44E-06	1.07E-05	6.58E-02	1.40E-03	1.40E-05	1.18E-05	1.24E-03	1.23E-05	1.21E-05	3.30E-02
T[C>A]G	1.46E-05	7.09E-03	1.23E-05	6.12E-06	1.46E-03	8.01E-04	1.13E-05	3.17E-06	4.26E-06	4.27E-06	3.29E-02	4.07E-06	1.36E-03	1.24E-03	5.67E-02	1.69E-06	1.37E-03	1.98E-02	9.90E-06	1.59E-03	6.03E-06	1.69E-02
T[C>A]T	1.34E-05	6.77E-06	6.66E-03	6.81E-06	4.81E-02	3.77E-02	8.94E-06	2.10E-06	4.76E-06	2.48E-02	4.11E-04	6.70E-06	1.36E-03	8.04E-06	1.41E-02	1.51E-05	1.38E-03	2.42E-06	1.16E-03	1.75E-03	2.86E-02	4.37E-06
T[C>G]A	1.42E-02	1.19E-05	1.17E-05	1.25E-05	7.99E-06	7.29E-06	9.07E-03	7.35E-02	5.95E-02	3.78E-06	1.27E-03	7.57E-06	6.15E-06	1.24E-03	1.73E-02	9.18E-03	2.04E-02	7.72E-02	1.29E-03	1.04E-05	8.64E-06	5.31E-06
T[C>G]C	1.06E-05	1.05E-05	1.11E-05	1.68E-02	5.56E-06	9.94E-06	4.94E-06	1.14E-05	9.82E-06	3.30E-02	6.72E-04	1.02E-05	1.12E-02	5.12E-06	2.46E-02	9.40E-04	1.09E-01	4.96E-02	3.82E-04	8.70E-04	5.76E-06	1.22E-05
T[C>G]G	8.75E-06	8.81E-06	8.82E-06	7.74E-06	5.63E-06	1.24E-03	1.01E-05	9.40E-06	2.92E-06	8.22E-06	1.52E-03	7.84E-06	2.57E-02	1.24E-03	4.94E-02	8.86E-06	2.48E-02	4.72E-06	3.32E-02	1.99E-02	3.14E-02	5.63E-06
T[C>G]T	1.45E-05	9.83E-06	1.23E-05	8.31E-06	5.45E-04	1.04E-05	9.46E-06	6.27E-02	1.16E-05	1.02E-05	1.15E-05	1.27E-05	1.31E-05	1.01E-05	1.32E-05	7.92E-06	1.05E-05	1.26E-05	1.14E-05	1.38E-05	1.25E-05	9.69E-06
T[C>T]A	1.25E-05	1.03E-05	1.21E-05	6.06E-02	1.22E-05	1.23E-05	9.37E-06	1.04E-05	1.41E-05	9.64E-06	1.25E-05	1.21E-05	1.32E-05	7.30E-06	1.20E-05	7.88E-06	1.06E-05	9.01E-06	2.92E-05	1.35E-05	1.25E-05	1.01E-05
T[C>T]C	1.20E-05	1.30E-05	1.28E-05	1.11E-05	1.16E-05	9.55E-06	1.34E-05	1.17E-05	1.11E-05	7.92E-06	1.42E-05	8.32E-02	5.00E-06	6.45E-06	1.25E-05	1.23E-05	9.38E-06	1.27E-05	1.25E-05	1.14E-05	7.79E-06	8.10E-06
T[C>T]G	1.39E-05	1.04E-05	6.82E-06	8.60E-06	1.07E-05	9.76E-06	5.06E-02	1.16E-05	1.05E-05	1.32E-05	5.33E-06	1.17E-05	1.33E-05	1.21E-05	1.19E-05	1.10E-05	1.34E-05	1.26E-05	2.34E-04	1.24E-05	1.06E-05	1.16E-05
T[C>T]T	1.22E-05	8.99E-06	1.15E-05	4.91E-02	9.97E-06	8.04E-06	1.07E-05	7.37E-06	1.06E-01	4.84E-06	1.27E-05	2.95E-02	1.02E-05	1.07E-05	6.38E-04	9.82E-06	1.29E-05	1.29E-05	1.46E-05	8.70E-04	7.90E-06	8.21E-06
T[T>A]A	9.60E-06	6.72E-06	6.40E-06	3.10E-06	9.58E-03	1.73E-04	1.75E-06	3.38E-06	1.87E-06	4.99E-06	1.52E-03	3.63E-06	1.36E-03	1.24E-03	1.83E-03	5.99E-05	1.38E-03	3.46E-02	1.15E-02	1.74E-03	4.00E-06	2.32E-06
T[T>A]C	1.03E-05	9.85E-06	2.77E-06	7.86E-06	8.49E-06	1.13E-02	1.52E-06	7.22E-06	1.67E-06	3.26E-06	1.52E-03	1.71E-06	1.36E-03	1.24E-03	1.83E-03	9.18E-03	1.38E-03	2.52E-06	7.69E-04	1.97E-02	2.71E-06	5.37E-06
T[T>A]G	9.27E-06	3.03E-06	1.45E-06	2.43E-06	1.23E-02	4.83E-04	3.00E-06	1.15E-06	1.45E-06	1.70E-06	1.52E-03	8.27E-03	1.36E-03	1.24E-03	1.83E-03	9.30E-03	1.37E-03	3.04E-06	1.29E-03	1.39E-03	3.73E-06	1.29E-06
T[T>A]T	1.29E-05	1.42E-02	4.83E-06	4.57E-06	1.46E-03	1.24E-03	1.41E-06	3.61E-06	1.83E-06	3.59E-06	4.33E-06	2.08E-06	1.36E-03	2.47E-02	1.48E-03	1.40E-03	1.38E-03	2.81E-06	4.95E-02	1.74E-03	5.29E-06	5.09E-06
T[T>C]A	9.64E-06	5.07E-06	4.08E-06	1.35E-06	9.58E-03	1.24E-03	4.98E-06	1.22E-06	2.57E-06	2.64E-06	1.52E-03	2.58E-06	1.36E-03	1.24E-03	1.83E-03	1.40E-03	1.38E-03	6.44E-06	1.55E-03	5.75E-04	2.48E-02	1.49E-06
T[T>C]C	1.14E-05	7.29E-06	3.16E-06	6.19E-06	1.46E-03	3.06E-05	9.00E-06	5.82E-06	2.30E-06	9.39E-06	1.02E-05	3.46E-02	2.57E-02	7.07E-02	1.83E-03	5.50E-04	1.57E-05	7.42E-06	1.55E-03	1.74E-03	9.20E-06	7.82E-06
T[T>C]G	1.88E-06	6.19E-06	9.57E-06	6.94E-06	3.47E-02	1.14E-02	9.96E-06	5.63E-06	4.75E-06	2.53E-06	1.52E-03	4.33E-06	1.36E-03	1.24E-03	1.83E-03	3.29E-02	1.37E-03	2.08E-06	1.55E-03	6.43E-06	6.56E-06	7.72E-06
T[T>C]T	6.96E-06	9.63E-06	1.17E-02	5.46E-06	1.46E-03	5.27E-06	1.14E-05	5.25E-06	2.96E-06	2.12E-06	7.05E-04	1.06E-05	1.36E-03	7.30E-06	5.00E-02	1.40E-03	2.00E-02	9.60E-06	5.00E-02	1.04E-05	6.15E-06	7.35E-06
T[T>G]A	9.72E-06	2.24E-06	1.40E-06	1.14E-06	1.46E-03	1.24E-03	1.81E-06	1.95E-06	1.27E-02	1.49E-06	1.52E-03	1.30E-06	1.36E-03	1.24E-03	1.83E-03	8.10E-04	1.38E-03	1.92E-06	1.55E-03	1.74E-03	3.67E-06	1.04E-06
T[T>G]C	1.20E-05	4.94E-06	3.02E-06	2.51E-06	4.48E-04	1.24E-03	1.75E-06	9.74E-07	1.47E-06	1.85E-06	1.52E-03	3.30E-02	2.09E-02	9.86E-05	1.71E-02	1.40E-03	1.37E-03	4.96E-06	1.55E-03	1.74E-03	8.95E-06	1.82E-06
T[T>G]G	9.71E-06	1.31E-06	1.43E-06	1.36E-06	1.46E-03	1.24E-03	1.81E-06	1.07E-06	1.49E-06	1.49E-06	1.52E-03	1.31E-06	1.36E-03	1.24E-03	1.83E-03	1.40E-03	1.37E-03	9.13E-07	1.55E-03	1.74E-03	3.72E-06	1.02E-06
T[T>G]T	5.45E-06	8.64E-06	1.33E-05	9.64E-06	2.32E-06	1.24E-03	2.53E-02	1.03E-05	2.27E-06	2.06E-02	1.53E-03	8.23E-06	4.95E-02	4.46E-04	9.54E-06	1.02E-01	1.38E-03	2.24E-06	7.70E-04	1.98E-02	4.98E-06	7.42E-06
