MutationType	SBS96A	SBS96B	SBS96C	SBS96D	SBS96E	SBS96F	SBS96G	SBS96H	SBS96I	SBS96J	SBS96K	SBS96L	SBS96M	SBS96N	SBS96O	SBS96P	SBS96Q	SBS96R	SBS96S	SBS96T	SBS96U	SBS96V
A[C>A]A	1.48E-04	0.00E+00	1.40E-46	4.08E-04	1.40E-46	1.78E-04	1.28E-04	1.10E-04	1.87E-46	1.45E-04	1.78E-04	1.55E-04	1.33E-05	9.39E-05	2.30E-04	1.69E-03	2.91E-04	1.66E-04	7.14E-03	1.34E-03	1.68E-02	1.52E-03
A[C>A]C	2.71E-04	8.21E-06	2.37E-04	1.03E-04	2.79E-03	5.55E-46	9.57E-04	5.79E-04	2.30E-04	3.27E-04	4.75E-04	1.78E-03	1.48E-03	9.57E-04	1.15E-04	3.85E-04	3.95E-03	4.38E-06	4.45E-03	1.33E-02	1.03E-02	1.60E-03
A[C>A]G	1.53E-04	0.00E+00	0.00E+00	2.58E-05	2.58E-04	2.14E-46	1.57E-04	2.77E-05	2.09E-04	3.33E-06	1.36E-04	2.52E-04	4.10E-04	1.25E-04	4.33E-05	3.00E-04	2.13E-03	1.26E-04	1.02E-03	2.81E-03	2.87E-03	2.44E-04
A[C>A]T	2.32E-03	3.02E-09	1.40E-46	1.81E-05	6.65E-04	7.54E-07	1.35E-02	2.34E-46	3.84E-04	1.98E-04	1.30E-09	1.83E-02	9.00E-03	4.51E-03	0.00E+00	1.77E-03	6.68E-04	1.07E-04	1.90E-06	9.00E-03	1.04E-03	4.91E-07
A[C>G]A	9.93E-05	3.56E-04	1.19E-04	3.09E-04	1.79E-04	6.30E-04	3.19E-05	1.88E-04	2.49E-04	6.64E-05	0.00E+00	2.14E-04	1.87E-46	6.22E-04	3.23E-04	1.46E-04	7.19E-04	1.40E-04	2.57E-03	2.66E-03	2.29E-46	0.00E+00
A[C>G]C	1.42E-05	8.17E-05	2.86E-05	2.03E-04	1.66E-04	7.51E-04	1.06E-04	1.92E-04	1.79E-04	2.46E-04	3.20E-04	0.00E+00	4.54E-04	6.60E-05	2.92E-04	1.06E-03	3.45E-04	2.05E-04	1.92E-03	5.19E-03	2.50E-03	7.95E-04
A[C>G]G	3.48E-08	0.00E+00	0.00E+00	9.56E-06	0.00E+00	4.24E-05	3.95E-05	1.30E-05	4.32E-05	1.83E-05	1.08E-04	7.08E-06	3.05E-04	2.01E-09	1.45E-04	8.28E-05	3.15E-03	2.00E-05	2.79E-03	2.19E-03	7.19E-04	3.53E-09
A[C>G]T	4.68E-05	6.55E-05	2.38E-05	2.76E-04	1.46E-04	1.77E-03	0.00E+00	6.40E-05	1.37E-04	2.03E-04	6.06E-04	2.10E-05	7.56E-04	4.95E-05	4.39E-04	1.20E-03	1.70E-03	1.02E-04	3.11E-03	6.75E-03	2.06E-03	1.19E-03
A[C>T]A	1.87E-46	9.12E-05	1.62E-04	7.23E-04	2.46E-03	7.68E-03	3.78E-03	2.64E-04	2.01E-02	1.07E-03	1.74E-08	2.84E-04	6.95E-03	1.12E-03	3.81E-04	1.06E-02	1.04E-02	8.57E-04	3.02E-03	8.92E-03	3.80E-03	2.34E-46
A[C>T]C	5.02E-04	1.42E-03	1.68E-04	1.91E-04	8.24E-03	1.20E-03	5.64E-03	1.54E-03	7.07E-03	1.50E-03	1.84E-03	6.98E-03	1.68E-02	1.04E-02	3.63E-05	1.27E-03	4.67E-08	1.54E-04	8.90E-16	7.37E-46	1.87E-46	3.46E-03
A[C>T]G	4.16E-03	1.04E-02	4.77E-05	7.71E-02	2.20E-02	5.39E-03	1.70E-02	2.72E-03	1.15E-02	2.04E-03	2.45E-07	5.66E-03	1.15E-02	5.35E-03	3.72E-08	4.68E-03	1.33E-02	1.50E-03	2.27E-03	3.06E-03	1.06E-02	3.61E-03
A[C>T]T	8.59E-04	1.70E-04	1.09E-03	7.84E-04	3.57E-04	1.02E-03	2.09E-03	1.68E-03	9.81E-03	5.15E-04	7.59E-04	7.10E-03	1.41E-02	4.44E-03	1.33E-07	3.77E-03	4.10E-03	2.90E-04	7.57E-04	2.60E-03	2.27E-03	1.40E-46
A[T>A]A	8.66E-05	4.40E-09	2.80E-46	1.57E-08	1.73E-07	4.78E-05	1.84E-04	2.18E-04	1.69E-04	7.16E-04	0.00E+00	1.54E-04	9.38E-05	3.48E-04	1.17E-05	8.60E-07	1.53E-05	0.00E+00	9.14E-04	5.01E-05	1.25E-04	2.46E-03
A[T>A]C	2.45E-05	1.35E-04	0.00E+00	9.69E-09	7.11E-04	4.70E-04	4.99E-04	2.80E-46	1.78E-07	1.27E-03	4.49E-04	2.11E-04	5.54E-04	1.01E-04	5.32E-05	1.28E-03	2.29E-46	1.27E-04	9.53E-08	8.60E-04	2.92E-03	7.28E-03
A[T>A]G	0.00E+00	0.00E+00	0.00E+00	1.40E-46	3.16E-03	8.15E-05	1.14E-04	3.20E-04	1.27E-04	2.28E-05	7.27E-05	0.00E+00	1.99E-04	1.37E-04	7.85E-05	5.53E-05	6.80E-03	3.03E-04	3.62E-03	1.00E-06	4.90E-03	2.56E-03
A[T>A]T	3.84E-04	3.97E-04	2.99E-46	5.53E-04	6.64E-03	1.71E-03	1.66E-03	7.29E-04	2.66E-03	3.57E-09	1.24E-03	2.80E-46	1.13E-03	3.72E-04	7.51E-09	2.16E-03	3.84E-03	1.70E-04	1.87E-46	7.05E-04	1.58E-03	7.06E-03
A[T>C]A	7.41E-08	4.12E-04	3.92E-07	2.03E-04	8.17E-03	1.28E-03	6.05E-04	1.20E-03	2.64E-03	4.22E-03	2.10E-03	4.58E-04	2.02E-08	1.58E-03	2.45E-05	2.13E-03	9.43E-03	0.00E+00	2.37E-03	9.06E-03	1.22E-02	4.34E-03
A[T>C]C	2.13E-04	8.73E-04	1.14E-04	2.23E-04	3.88E-03	3.16E-03	2.83E-04	1.90E-03	3.16E-05	2.56E-03	2.53E-03	1.21E-03	3.50E-46	1.53E-04	1.29E-04	9.87E-03	1.13E-02	4.89E-04	1.67E-03	6.93E-04	1.60E-03	3.19E-08
A[T>C]G	1.25E-28	5.45E-46	4.78E-05	6.75E-46	4.75E-03	6.45E-06	6.09E-04	1.08E-03	2.13E-03	3.75E-03	7.55E-03	2.33E-03	2.73E-04	5.03E-05	4.95E-05	2.99E-07	9.65E-03	0.00E+00	4.54E-04	1.11E-03	5.71E-03	3.64E-04
A[T>C]T	3.06E-04	1.40E-46	4.28E-46	8.86E-05	5.17E-03	3.29E-04	1.38E-03	1.52E-03	1.19E-03	3.66E-03	1.01E-03	1.66E-03	3.13E-03	5.16E-04	3.95E-05	8.89E-03	9.22E-03	7.67E-05	2.87E-03	1.20E-02	1.39E-02	6.56E-04
A[T>G]A	1.61E-04	0.00E+00	0.00E+00	0.00E+00	1.69E-03	0.00E+00	2.80E-46	1.06E-03	0.00E+00	5.85E-05	4.95E-05	5.46E-05	0.00E+00	9.01E-09	4.05E-05	5.94E-05	2.60E-03	4.53E-04	7.21E-04	3.65E-03	1.68E-03	6.96E-04
A[T>G]C	4.45E-04	2.14E-46	1.06E-08	1.71E-04	2.63E-04	9.40E-05	0.00E+00	2.04E-03	1.40E-46	7.30E-04	2.39E-04	8.31E-04	1.87E-46	1.15E-08	9.20E-05	8.19E-03	5.06E-03	5.87E-04	6.68E-04	3.93E-04	8.59E-04	7.85E-04
A[T>G]G	2.44E-04	3.47E-06	7.46E-05	8.87E-05	0.00E+00	2.05E-04	2.91E-04	1.01E-03	0.00E+00	2.04E-04	2.28E-04	5.94E-04	2.80E-46	1.07E-04	5.59E-05	4.56E-03	2.16E-03	2.84E-04	1.01E-03	1.50E-03	2.17E-03	6.92E-04
A[T>G]T	2.98E-03	0.00E+00	4.23E-08	0.00E+00	8.77E-05	2.59E-08	2.45E-03	9.24E-03	0.00E+00	2.52E-04	0.00E+00	3.33E-03	1.55E-07	8.87E-04	9.49E-06	4.72E-03	2.84E-03	1.91E-03	2.55E-08	2.44E-07	2.44E-08	1.72E-04
C[C>A]A	5.25E-04	1.35E-04	2.85E-04	3.99E-04	3.81E-04	1.26E-02	3.40E-03	1.59E-04	3.10E-46	8.23E-05	4.66E-03	1.47E-03	1.25E-02	9.92E-04	1.78E-04	1.26E-02	1.62E-03	3.05E-04	5.02E-03	1.27E-02	1.06E-02	8.30E-04
C[C>A]C	1.07E-04	3.64E-08	1.08E-04	2.29E-04	1.83E-03	3.14E-02	8.92E-03	2.83E-04	6.83E-03	3.35E-04	1.31E-02	5.25E-03	2.74E-02	7.90E-05	5.04E-05	2.84E-02	1.13E-07	1.27E-04	4.41E-03	3.72E-02	6.49E-03	1.53E-03
C[C>A]G	2.83E-04	6.49E-04	0.00E+00	2.21E-04	3.01E-04	1.81E-02	4.31E-03	0.00E+00	1.65E-03	1.34E-05	6.87E-03	1.42E-07	1.66E-02	4.58E-04	4.94E-08	1.67E-02	5.34E-08	0.00E+00	2.30E-03	2.03E-02	2.57E-03	2.82E-04
C[C>A]T	1.27E-03	3.09E-07	3.36E-07	1.73E-07	5.63E-07	3.29E-02	3.09E-02	6.84E-07	1.63E-04	4.65E-06	6.28E-07	3.62E-02	2.50E-07	8.48E-03	8.15E-09	6.04E-07	3.99E-07	0.00E+00	1.06E-07	3.64E-07	1.93E-07	3.64E-07
C[C>G]A	0.00E+00	0.00E+00	0.00E+00	1.04E-09	0.00E+00	4.59E-05	0.00E+00	0.00E+00	0.00E+00	0.00E+00	0.00E+00	2.47E-05	5.98E-05	6.80E-05	6.88E-04	0.00E+00	4.50E-08	2.51E-04	3.29E-03	0.00E+00	2.62E-06	1.83E-04
C[C>G]C	1.74E-06	0.00E+00	1.44E-05	0.00E+00	5.12E-05	0.00E+00	1.04E-05	1.02E-05	0.00E+00	5.52E-05	0.00E+00	0.00E+00	0.00E+00	2.05E-06	2.66E-04	6.42E-05	4.29E-05	1.74E-04	3.30E-03	1.25E-08	4.04E-04	2.93E-04
C[C>G]G	0.00E+00	7.73E-06	0.00E+00	3.59E-06	3.37E-07	5.71E-04	1.80E-04	0.00E+00	2.36E-04	0.00E+00	1.67E-04	0.00E+00	6.28E-04	1.61E-05	1.26E-04	4.77E-04	7.23E-03	1.40E-46	5.05E-03	3.62E-07	1.07E-03	1.97E-04
C[C>G]T	3.63E-05	1.19E-06	9.80E-06	0.00E+00	1.57E-05	2.29E-05	0.00E+00	4.40E-05	9.81E-46	7.60E-05	2.76E-06	3.30E-06	3.80E-06	7.01E-46	7.51E-04	1.40E-46	7.29E-04	0.00E+00	4.39E-03	4.07E-04	1.52E-07	2.15E-06
C[C>T]A	0.00E+00	6.06E-05	1.13E-04	1.76E-12	3.03E-03	5.41E-03	3.43E-03	4.09E-03	4.78E-03	2.73E-04	3.29E-03	7.42E-05	1.18E-02	8.00E-03	1.81E-03	9.76E-03	3.34E-02	1.33E-03	3.71E-03	1.39E-02	1.35E-02	3.87E-03
C[C>T]C	8.02E-05	6.92E-04	1.48E-32	8.73E-05	2.47E-03	1.98E-02	5.78E-03	1.77E-04	1.29E-03	2.17E-03	2.81E-03	7.39E-44	2.29E-02	1.58E-02	1.62E-04	1.20E-04	3.94E-06	3.13E-04	0.00E+00	9.01E-03	1.14E-03	3.92E-03
C[C>T]G	1.72E-03	3.82E-03	2.65E-03	7.15E-02	3.35E-03	1.40E-01	1.17E-02	2.53E-03	2.77E-03	2.51E-03	7.11E-03	1.48E-02	2.07E-02	3.11E-07	4.91E-04	1.16E-03	9.75E-03	6.96E-06	1.96E-07	2.57E-03	5.70E-03	1.98E-06
C[C>T]T	2.10E-04	5.23E-04	6.32E-06	2.29E-46	2.65E-03	1.71E-02	6.06E-03	8.80E-04	1.79E-03	9.20E-04	2.33E-03	4.78E-03	1.86E-02	1.37E-02	3.85E-04	2.32E-03	5.86E-03	5.41E-04	3.19E-03	2.34E-03	2.45E-03	7.60E-46
C[T>A]A	2.02E-05	0.00E+00	1.16E-05	0.00E+00	9.55E-04	2.39E-08	1.57E-05	8.92E-06	0.00E+00	5.60E-06	0.00E+00	0.00E+00	0.00E+00	5.91E-05	8.27E-05	2.40E-03	1.19E-03	1.53E-04	1.27E-03	1.04E-03	1.74E-04	2.71E-03
C[T>A]C	0.00E+00	1.48E-04	0.00E+00	1.23E-06	6.18E-04	4.84E-05	2.43E-04	6.70E-06	5.84E-04	1.18E-04	6.89E-04	9.62E-04	7.32E-04	1.36E-04	6.36E-05	4.69E-03	2.50E-08	5.82E-04	2.24E-03	1.36E-03	2.06E-04	4.43E-03
C[T>A]G	1.05E-04	2.64E-05	0.00E+00	1.29E-04	2.93E-03	1.07E-03	1.94E-04	2.01E-04	0.00E+00	0.00E+00	3.78E-04	1.76E-04	9.16E-04	8.63E-05	3.48E-07	7.77E-03	8.85E-03	7.78E-04	3.30E-03	1.68E-03	2.46E-03	4.60E-03
C[T>A]T	1.81E-04	0.00E+00	0.00E+00	2.82E-10	2.67E-03	1.84E-04	5.66E-04	0.00E+00	1.40E-46	1.36E-04	1.77E-04	1.21E-03	1.05E-03	3.07E-04	8.29E-06	1.19E-02	5.65E-03	2.48E-03	1.90E-03	1.64E-03	1.62E-03	4.48E-03
C[T>C]A	4.42E-05	1.87E-46	2.99E-46	7.58E-05	0.00E+00	4.18E-03	1.97E-03	1.47E-04	2.69E-07	2.21E-03	3.13E-03	1.33E-07	4.12E-04	1.87E-46	2.77E-06	3.18E-03	1.89E-03	9.19E-04	5.66E-04	2.39E-04	8.52E-03	4.89E-03
C[T>C]C	1.71E-05	3.80E-04	0.00E+00	6.80E-05	1.74E-03	3.10E-02	1.40E-03	1.40E-46	1.12E-07	1.33E-03	8.32E-03	1.22E-03	4.28E-03	6.77E-04	1.99E-06	5.23E-03	8.02E-03	8.19E-03	9.14E-04	1.57E-08	2.91E-02	3.32E-03
C[T>C]G	1.50E-04	4.38E-07	9.55E-08	8.65E-09	8.09E-04	1.45E-02	4.12E-03	2.01E-04	2.25E-06	6.10E-03	1.03E-02	6.46E-08	2.94E-07	2.21E-08	0.00E+00	3.21E-05	3.22E-03	3.03E-03	1.87E-09	4.40E-07	1.04E-02	1.27E-06
C[T>C]T	2.24E-04	0.00E+00	1.40E-46	1.90E-08	1.56E-15	3.23E-02	9.65E-04	1.30E-04	2.31E-03	2.59E-03	6.86E-03	5.94E-08	3.18E-03	8.90E-05	7.90E-05	3.97E-03	9.68E-03	9.06E-03	7.51E-07	8.53E-04	2.88E-02	6.46E-03
C[T>G]A	4.62E-04	1.82E-05	2.38E-05	0.00E+00	1.30E-03	5.98E-05	4.20E-46	1.49E-03	9.45E-05	1.35E-04	2.26E-04	0.00E+00	1.40E-46	0.00E+00	4.78E-06	7.01E-04	2.79E-03	3.19E-04	6.60E-04	2.27E-03	1.17E-03	5.70E-04
C[T>G]C	8.70E-05	2.52E-04	3.38E-04	4.18E-04	1.17E-04	4.24E-03	0.00E+00	1.07E-03	1.40E-46	6.27E-05	2.33E-03	5.21E-04	1.40E-46	2.35E-04	6.36E-05	9.72E-03	4.99E-03	1.95E-03	1.61E-03	2.97E-03	1.38E-03	5.87E-04
C[T>G]G	4.17E-04	5.83E-04	9.41E-05	2.75E-04	4.89E-04	6.13E-03	3.00E-05	2.03E-03	0.00E+00	1.87E-46	3.46E-03	1.38E-04	4.07E-08	8.96E-05	0.00E+00	7.39E-03	7.84E-03	1.14E-03	2.48E-03	2.98E-03	7.57E-04	0.00E+00
C[T>G]T	2.13E-03	5.38E-05	3.55E-07	4.28E-46	7.44E-04	1.12E-08	2.19E-03	8.95E-03	2.87E-08	1.56E-04	2.29E-46	2.06E-03	5.76E-08	1.19E-03	0.00E+00	1.32E-03	1.69E-07	1.16E-02	2.80E-46	9.59E-08	2.99E-46	5.53E-08
G[C>A]A	1.67E-04	4.43E-04	3.85E-04	2.15E-04	7.11E-04	2.88E-04	6.07E-04	3.41E-04	1.81E-07	2.52E-04	1.40E-46	9.01E-04	6.74E-08	1.84E-04	0.00E+00	1.10E-03	8.28E-08	7.03E-04	1.05E-02	1.31E-03	2.54E-02	9.38E-04
G[C>A]C	7.59E-05	1.07E-03	1.87E-46	3.59E-04	2.75E-03	3.73E-03	0.00E+00	7.50E-04	8.41E-46	8.38E-04	9.13E-04	2.87E-03	8.43E-04	2.75E-04	1.53E-04	2.87E-03	1.87E-46	1.61E-05	2.89E-03	5.34E-03	9.32E-03	3.49E-03
G[C>A]G	3.16E-06	4.65E-04	0.00E+00	2.11E-04	8.22E-04	7.14E-04	5.78E-05	1.58E-04	3.94E-04	1.27E-04	6.84E-04	5.76E-04	5.78E-04	6.33E-05	7.83E-05	1.96E-04	2.14E-46	1.64E-04	2.61E-03	1.70E-03	8.92E-03	1.65E-03
G[C>A]T	9.90E-04	2.11E-03	1.68E-07	2.99E-46	3.72E-03	1.03E-04	4.24E-03	3.27E-04	7.19E-08	2.00E-04	8.78E-04	1.42E-02	5.75E-08	8.77E-04	3.88E-09	9.63E-03	4.47E-07	0.00E+00	1.40E-46	2.57E-07	6.85E-03	3.03E-07
G[C>G]A	1.64E-05	1.74E-04	1.29E-04	1.69E-04	5.00E-05	3.56E-04	1.10E-04	7.12E-05	1.40E-46	8.49E-05	5.35E-06	2.63E-04	2.41E-04	7.56E-04	2.01E-04	1.30E-03	2.57E-04	3.21E-04	2.60E-03	2.29E-46	1.14E-03	8.16E-05
G[C>G]C	6.03E-05	2.27E-08	1.32E-04	4.27E-04	3.37E-04	3.33E-03	5.01E-04	4.08E-05	5.53E-05	3.24E-04	1.34E-03	0.00E+00	2.21E-03	1.81E-05	2.35E-04	3.89E-03	1.13E-07	2.07E-27	2.65E-03	4.90E-03	1.02E-03	2.76E-03
G[C>G]G	1.15E-06	8.52E-06	0.00E+00	4.32E-05	4.23E-05	1.69E-04	1.40E-46	9.42E-06	3.14E-05	0.00E+00	2.00E-04	0.00E+00	2.88E-04	6.95E-05	1.70E-04	3.75E-04	2.23E-03	3.12E-05	1.82E-03	2.24E-03	4.65E-04	1.17E-03
G[C>G]T	7.86E-05	2.28E-04	8.71E-05	2.63E-04	2.26E-04	2.30E-04	0.00E+00	2.99E-46	5.01E-04	1.85E-04	0.00E+00	2.84E-04	0.00E+00	2.28E-04	4.15E-04	3.15E-04	2.41E-03	1.27E-21	4.12E-03	4.39E-03	5.25E-04	8.24E-04
G[C>T]A	4.45E-04	1.54E-03	3.14E-07	1.87E-46	2.94E-02	4.49E-03	3.84E-03	2.80E-04	3.16E-02	1.94E-03	2.36E-03	4.36E-03	6.16E-08	1.65E-07	5.07E-04	3.41E-03	8.86E-04	3.48E-07	1.75E-07	3.25E-07	2.31E-08	4.72E-03
G[C>T]C	3.59E-03	1.64E-02	5.16E-07	1.57E-07	5.47E-02	2.86E-07	2.87E-06	1.01E-03	3.75E-02	8.24E-03	9.45E-04	6.20E-04	5.58E-04	2.87E-03	0.00E+00	1.95E-02	7.39E-07	2.63E-06	0.00E+00	9.83E-03	1.82E-08	6.83E-07
G[C>T]G	5.12E-03	3.83E-02	2.74E-03	3.73E-02	6.30E-03	1.26E-02	1.14E-02	8.80E-03	1.42E-03	4.31E-07	2.40E-03	3.20E-03	1.58E-03	3.34E-07	0.00E+00	1.69E-02	5.16E-06	1.69E-03	7.04E-16	1.10E-02	1.86E-07	3.75E-07
G[C>T]T	1.75E-03	6.69E-03	1.98E-03	4.76E-46	2.24E-02	3.19E-45	1.15E-03	2.81E-03	8.05E-03	4.75E-03	2.19E-04	6.84E-03	3.06E-03	2.64E-03	1.40E-46	2.81E-02	8.05E-08	1.40E-46	2.34E-46	3.06E-07	1.95E-08	2.29E-46
G[T>A]A	2.00E-05	1.40E-46	3.90E-05	3.75E-07	5.20E-05	1.49E-07	1.79E-05	6.13E-05	0.00E+00	3.02E-04	8.02E-05	2.40E-05	9.54E-05	4.39E-05	3.96E-05	2.39E-04	6.64E-08	0.00E+00	9.76E-04	1.55E-04	9.76E-04	2.18E-03
G[T>A]C	0.00E+00	2.22E-04	0.00E+00	3.64E-09	9.56E-04	8.33E-04	6.02E-04	6.31E-05	3.28E-04	7.28E-04	5.97E-04	7.47E-04	6.74E-07	9.13E-05	7.27E-05	5.53E-05	7.38E-04	3.51E-04	7.80E-04	1.82E-07	6.74E-08	4.00E-03
G[T>A]G	0.00E+00	0.00E+00	0.00E+00	3.39E-08	3.46E-05	5.83E-04	2.69E-04	0.00E+00	2.29E-04	2.05E-04	3.88E-04	0.00E+00	8.38E-04	2.36E-09	2.26E-05	2.04E-03	1.96E-04	1.78E-04	1.84E-03	9.42E-05	7.05E-04	3.31E-03
G[T>A]T	1.12E-04	8.85E-05	0.00E+00	1.40E-46	7.28E-04	1.15E-03	3.92E-04	1.29E-04	2.14E-46	0.00E+00	5.60E-04	1.97E-04	6.34E-04	2.05E-04	2.80E-46	4.23E-03	3.84E-04	8.61E-04	1.34E-03	5.72E-04	2.10E-03	3.63E-03
G[T>C]A	8.10E-04	3.75E-06	2.98E-07	1.23E-07	3.15E-03	1.81E-03	7.09E-04	3.83E-04	6.52E-04	9.48E-03	5.37E-07	6.47E-04	9.71E-08	3.29E-04	0.00E+00	3.15E-03	7.72E-08	1.13E-08	1.40E-46	6.53E-05	3.38E-08	2.19E-07
G[T>C]C	2.68E-06	3.90E-03	8.87E-07	2.88E-07	2.29E-02	4.68E-07	2.23E-03	3.68E-03	1.67E-07	1.27E-02	1.81E-03	6.91E-04	1.71E-07	2.05E-08	0.00E+00	5.14E-02	7.33E-07	1.18E-03	2.39E-06	9.13E-08	1.32E-07	2.01E-07
G[T>C]G	3.26E-04	2.33E-07	1.15E-07	1.39E-08	3.19E-03	5.07E-04	1.03E-03	8.95E-04	2.22E-04	6.79E-03	4.55E-03	1.04E-03	1.21E-07	3.88E-08	2.63E-08	3.44E-03	1.40E-07	6.88E-04	0.00E+00	1.85E-07	6.52E-10	0.00E+00
G[T>C]T	1.02E-03	1.40E-46	1.36E-03	8.79E-06	1.38E-03	3.13E-46	1.36E-03	3.91E-03	1.87E-46	4.64E-03	0.00E+00	2.38E-03	1.44E-03	1.21E-03	0.00E+00	7.05E-03	8.12E-03	6.86E-04	1.03E-03	1.59E-03	2.89E-03	1.47E-03
G[T>G]A	1.33E-04	2.66E-05	3.34E-05	0.00E+00	9.38E-04	7.12E-06	0.00E+00	5.59E-04	0.00E+00	5.31E-05	0.00E+00	2.18E-05	0.00E+00	1.40E-46	7.94E-06	3.14E-03	2.47E-04	2.98E-04	9.04E-04	5.85E-04	5.38E-04	1.05E-03
G[T>G]C	1.71E-04	2.23E-04	1.40E-08	4.38E-07	2.01E-03	0.00E+00	0.00E+00	1.05E-03	0.00E+00	5.14E-04	0.00E+00	7.03E-04	0.00E+00	3.22E-08	1.04E-05	6.46E-03	2.09E-03	1.01E-03	9.28E-04	6.21E-08	8.86E-04	1.44E-04
G[T>G]G	1.91E-05	3.16E-04	0.00E+00	0.00E+00	9.52E-04	1.41E-04	0.00E+00	4.84E-04	0.00E+00	9.42E-05	1.89E-04	4.73E-04	0.00E+00	0.00E+00	0.00E+00	6.45E-03	2.65E-03	9.47E-04	2.40E-03	1.65E-04	2.10E-03	9.47E-05
G[T>G]T	9.58E-05	4.86E-04	3.18E-08	6.99E-08	1.47E-03	2.60E-06	4.68E-04	1.70E-03	4.79E-46	5.89E-05	3.72E-06	1.41E-03	0.00E+00	1.09E-08	0.00E+00	5.91E-03	1.23E-05	2.79E-03	4.28E-46	3.79E-07	1.50E-07	1.44E-06
T[C>A]A	1.02E-02	0.00E+00	2.78E-08	1.76E-09	1.39E-08	0.00E+00	1.46E-07	1.82E-02	0.00E+00	0.00E+00	1.07E-08	1.20E-03	5.91E-08	2.36E-06	6.14E-03	5.64E-03	2.48E-07	8.90E-05	4.01E-03	1.05E-01	1.22E-02	9.42E-08
T[C>A]C	1.94E-03	1.69E-04	1.56E-45	1.69E-04	1.09E-02	7.22E-04	4.19E-03	1.05E-04	9.81E-05	1.37E-04	5.63E-04	6.91E-03	7.74E-04	4.29E-03	1.87E-03	8.84E-04	7.73E-03	1.89E-05	5.42E-03	1.87E-02	9.91E-03	3.14E-03
T[C>A]G	1.02E-03	9.60E-05	0.00E+00	4.40E-07	3.54E-05	5.58E-04	2.83E-04	7.96E-04	3.20E-04	0.00E+00	5.64E-04	2.14E-46	1.34E-03	1.60E-04	9.76E-04	1.63E-03	7.15E-06	2.48E-04	1.88E-03	8.89E-03	7.54E-03	0.00E+00
T[C>A]T	2.08E-02	1.13E-07	1.58E-07	4.20E-46	2.26E-06	2.42E-07	6.14E-03	9.11E-04	9.03E-08	1.50E-04	5.84E-07	2.50E-06	2.80E-07	4.99E-02	1.01E-03	2.37E-06	7.16E-04	1.53E-04	1.85E-07	1.42E-03	3.22E-07	4.17E-07
T[C>G]A	0.00E+00	7.58E-10	0.00E+00	5.31E-09	1.25E-07	1.40E-46	0.00E+00	6.51E-07	1.40E-46	0.00E+00	0.00E+00	4.02E-07	4.83E-09	1.96E-07	1.88E-02	8.01E-05	2.12E-07	9.90E-46	5.88E-06	6.06E-08	3.24E-07	6.91E-08
T[C>G]C	0.00E+00	2.22E-05	1.40E-46	5.58E-05	1.38E-45	8.83E-05	2.80E-46	1.82E-05	0.00E+00	1.21E-04	1.40E-46	1.40E-46	1.06E-06	2.39E-05	7.64E-03	4.69E-04	2.18E-08	5.03E-05	4.42E-03	9.42E-05	8.40E-04	9.26E-04
T[C>G]G	0.00E+00	1.91E-05	1.21E-05	9.71E-06	3.95E-04	5.21E-06	6.89E-06	5.61E-46	6.16E-05	0.00E+00	0.00E+00	0.00E+00	3.75E-05	2.78E-05	2.36E-03	7.34E-05	1.53E-03	8.25E-05	1.63E-03	6.44E-05	9.06E-04	3.68E-04
T[C>G]T	2.63E-05	0.00E+00	0.00E+00	0.00E+00	0.00E+00	1.40E-46	3.55E-05	1.70E-06	0.00E+00	2.83E-05	0.00E+00	9.04E-05	0.00E+00	2.01E-04	2.80E-02	7.40E-05	2.25E-04	3.33E-04	6.68E-03	1.12E-45	0.00E+00	7.62E-04
T[C>T]A	3.98E-04	3.10E-46	9.66E-04	6.24E-08	2.20E-03	5.88E-04	1.56E-03	8.46E-02	3.63E-03	1.42E-03	7.45E-04	9.10E-07	6.60E-03	5.62E-02	4.24E-02	8.50E-02	1.23E-02	1.13E-03	2.14E-07	2.64E-03	1.58E-03	9.49E-03
T[C>T]C	2.40E-03	1.46E-03	4.56E-03	3.21E-04	1.11E-03	2.10E-02	2.52E-32	2.16E-03	2.56E-04	1.79E-03	1.26E-04	6.48E-03	1.99E-02	3.95E-02	9.21E-03	8.55E-03	4.08E-03	4.05E-04	3.40E-03	8.67E-07	2.61E-03	1.12E-02
T[C>T]G	1.81E-02	4.51E-03	1.01E-02	8.29E-03	1.26E-03	1.84E-03	4.75E-03	8.47E-03	7.99E-07	3.35E-06	4.13E-03	6.93E-07	4.47E-08	3.03E-03	5.42E-04	1.17E-02	6.52E-07	7.91E-04	1.40E-46	7.59E-03	5.99E-07	3.19E-08
T[C>T]T	7.10E-03	5.61E-46	5.90E-03	1.40E-46	1.23E-07	1.23E-07	1.88E-03	7.31E-03	1.20E-13	1.94E-04	8.94E-07	7.15E-03	1.17E-02	6.02E-02	1.75E-02	7.97E-03	2.77E-07	3.16E-08	1.74E-07	4.49E-07	1.26E-07	8.32E-04
T[T>A]A	1.10E-04	4.54E-05	6.99E-46	3.55E-04	4.11E-03	1.06E-03	6.87E-05	2.13E-04	1.88E-04	2.03E-04	2.47E-04	0.00E+00	7.63E-04	0.00E+00	5.26E-06	8.27E-04	3.64E-03	8.63E-09	2.64E-07	3.19E-03	4.38E-03	4.32E-03
T[T>A]C	1.49E-04	3.77E-46	4.55E-05	1.21E-05	2.15E-05	1.40E-46	5.87E-04	4.44E-04	1.40E-46	4.85E-05	1.40E-46	1.09E-03	2.42E-04	4.26E-04	6.56E-05	4.50E-03	2.49E-03	4.61E-04	1.22E-03	2.42E-03	1.82E-03	4.56E-03
T[T>A]G	1.31E-04	0.00E+00	0.00E+00	2.26E-08	3.81E-03	3.66E-08	2.52E-05	3.03E-04	1.34E-07	0.00E+00	1.16E-04	9.65E-05	3.73E-05	7.33E-05	7.67E-06	1.84E-03	4.53E-03	1.98E-04	1.20E-03	2.17E-03	2.00E-03	3.36E-03
T[T>A]T	6.13E-04	0.00E+00	1.40E-46	8.85E-05	6.71E-03	4.62E-04	4.89E-04	8.35E-04	4.72E-04	1.92E-04	1.89E-04	1.11E-03	5.67E-04	7.13E-04	1.40E-46	6.34E-03	7.08E-03	7.80E-04	1.27E-03	4.27E-03	9.18E-03	5.50E-03
T[T>C]A	3.32E-04	9.91E-05	1.87E-46	1.03E-21	1.13E-06	7.66E-04	1.02E-03	9.25E-04	1.86E-03	4.80E-03	2.34E-04	0.00E+00	1.42E-03	2.62E-04	5.56E-05	9.15E-04	1.24E-02	3.81E-04	9.57E-04	2.06E-03	1.63E-03	3.99E-03
T[T>C]C	8.70E-04	1.12E-03	2.47E-04	4.55E-08	3.95E-03	4.87E-03	1.35E-03	3.46E-03	3.30E-07	7.39E-03	2.59E-03	4.46E-04	1.82E-03	1.45E-04	7.97E-05	6.89E-03	2.48E-02	6.71E-04	4.94E-04	8.76E-04	2.42E-03	4.09E-04
T[T>C]G	7.59E-04	2.59E-08	1.42E-05	4.81E-09	4.14E-04	1.81E-03	1.06E-03	1.88E-03	2.51E-03	5.27E-03	4.55E-03	7.52E-04	1.71E-07	1.25E-04	0.00E+00	2.80E-46	1.83E-02	6.52E-04	0.00E+00	1.73E-07	5.61E-46	1.40E-46
T[T>C]T	9.21E-04	9.22E-07	3.71E-05	4.62E-05	7.12E-08	3.53E-03	2.06E-03	4.05E-03	2.16E-03	6.63E-03	1.94E-03	1.09E-03	3.47E-03	2.70E-04	0.00E+00	4.28E-46	2.55E-02	2.91E-04	5.43E-05	8.71E-04	1.70E-07	3.31E-03
T[T>G]A	1.49E-03	0.00E+00	0.00E+00	0.00E+00	4.37E-07	0.00E+00	0.00E+00	4.60E-03	0.00E+00	5.37E-05	0.00E+00	0.00E+00	0.00E+00	2.75E-08	4.50E-05	6.45E-09	5.39E-07	1.31E-04	1.46E-03	1.51E-02	7.08E-04	3.90E-04
T[T>G]C	1.21E-03	8.91E-05	5.85E-04	0.00E+00	2.00E-04	1.40E-46	8.90E-08	4.52E-03	1.40E-46	1.79E-04	0.00E+00	8.18E-04	3.60E-04	3.27E-04	6.90E-05	8.57E-03	5.90E-03	1.37E-03	9.80E-04	2.57E-04	3.27E-03	3.40E-04
T[T>G]G	2.62E-04	0.00E+00	1.45E-04	8.55E-05	1.12E-03	1.19E-03	8.02E-05	1.15E-03	2.40E-04	3.77E-05	2.53E-04	1.08E-04	7.41E-05	2.17E-04	4.14E-05	2.23E-03	1.13E-03	6.47E-04	1.15E-03	3.27E-03	2.72E-03	6.59E-04
T[T>G]T	1.55E-02	0.00E+00	3.39E-04	0.00E+00	1.01E-04	3.15E-08	3.77E-04	4.80E-02	4.17E-08	0.00E+00	0.00E+00	4.72E-04	3.67E-07	4.15E-07	0.00E+00	4.98E-07	1.21E-03	8.49E-03	4.79E-07	3.08E-03	2.68E-07	3.62E-07
