MutationType	SBS96A	SBS96B	SBS96C	SBS96D	SBS96E	SBS96F	SBS96G	SBS96H	SBS96I	SBS96J	SBS96K	SBS96L	SBS96M	SBS96N	SBS96O	SBS96P	SBS96Q	SBS96R	SBS96S	SBS96T	SBS96U	SBS96V
A[C>A]A	0.0015277790720574559	0.0	1.4012984643248171e-46	0.000418961649143057	1.4012984643248171e-46	0.00030289825081126766	0.0003103742943494581	0.0001315771264103205	2.8025969286496343e-46	0.00026665559008165474	0.0003179809981929793	0.00021715778510440488	1.3380465642853778e-05	9.442512396163107e-05	0.0006976820193813182	0.001787291350774467	0.00046157788262917164	0.00031830719202901036	0.015985642494530338	0.0034620969982643557	0.10551974936388434	0.005763438430079759
A[C>A]C	0.000501867937418865	8.208058716263622e-06	0.0005750134820118547	0.00019982457743026317	0.0028865084517747165	9.809089250273719e-46	0.0014286074787378312	0.0011081554112024605	0.0004515631590038538	0.0006592895835638047	0.0018546656181570142	0.016484912112355234	0.014610253274440765	0.0017931840455378627	0.0001363587405649014	0.0006830737343989313	0.007669526216341182	4.382327097118832e-06	0.03500723233446479	0.030947583657689393	0.04893218353390694	0.002822513645514846
A[C>A]G	0.0006895630171129596	0.0	0.0	2.575961989350617e-05	0.00025755357928574084	4.203895392974451e-46	0.00018350344707869227	2.7743238024413586e-05	0.0003089628640736919	3.3264223020523787e-06	0.000848356860660715	0.0006089122452976881	0.0012027456017676742	0.00016648972814437002	6.600946814607766e-05	0.000407754082698375	0.002125309407711029	0.00026518567465245725	0.0161673903465271	0.0066722851184295	0.015206104599400305	0.0003417944492866809
A[C>A]T	0.014356980033289802	3.0158407327007806e-09	1.4012984643248171e-46	1.8141392502002418e-05	0.0006653900258243084	7.538356840086635e-07	0.016283793346201492	7.006492321624085e-46	0.0005363891903101603	0.0003416273805115111	1.2952713568381568e-09	0.12548645474016668	0.014897647624653131	0.0045134700551372475	0.0	0.001768950450076545	0.0006705314094972437	0.00019291501101275087	3.846069589741319e-06	0.013397401460573378	0.0010378557867881	1.188476454672127e-06
A[C>G]A	0.00012576953740790487	0.0013604022227809765	0.00032795192097125894	0.0006716569594573229	0.000259282742626965	0.0013007255678530783	3.190592397004366e-05	0.0007317263589357026	0.000655094225112407	0.0001044080920109991	0.0	0.00021412186324596406	2.8025969286496343e-46	0.0013878098369161762	0.0020263469545170666	0.00021735417540185152	0.001874394214246422	0.00017944231890396623	0.04253034759312868	0.0026566267013549806	5.6051938572992686e-46	0.0
A[C>G]C	1.417257881257683e-05	0.0001235063638887368	4.5890942055848426e-05	0.0009911055269185454	0.00020130355551373214	0.0008718772514839657	0.00014255626156227662	0.0005933385386015288	0.0002984038170325221	0.0018360269954428078	0.00031950525008141997	0.0	0.0004537212196737528	7.237155259645078e-05	0.002073802426457405	0.003008279006462544	0.0005692194972652942	0.0018665685318410396	0.0373321870341897	0.0064163712580921125	0.007431551814079285	0.001259493017278146
A[C>G]G	3.483717421204347e-08	0.0	0.0	9.55618525040336e-06	0.0	4.2412001506164645e-05	7.573987822979688e-05	1.941845184774138e-05	5.8808237203322736e-05	1.8979063725055312e-05	0.0002397243988525588	9.765930735738948e-06	0.0004891959505258115	2.0093601449389097e-09	0.0005797734100504215	8.346652161890233e-05	0.0032309594535036013	2.652198084547308e-05	0.032433712482452394	0.002590056766723592	0.0007202372551354585	3.5308904244857333e-09
A[C>G]T	0.00010537648995523341	0.00020052217066533485	3.212369047105315e-05	0.0011255225428612903	0.0002025497378781438	0.0026039775155368263	0.0	9.487393699600944e-05	0.00021155342983547598	0.0006102311592258048	0.001380703947506845	2.095254458254203e-05	0.0007563808932900429	6.81880846968852e-05	0.0031175959506072105	0.0012967898452188819	0.002303295658202842	0.00015262140659615396	0.046286122500896455	0.011392794351559132	0.005088338605128228	0.0030507996969390662
A[C>T]A	2.8025969286496343e-46	9.122248739004135e-05	0.0001620329450815916	0.0010984112989945061	0.0034517777152359486	0.012927790731191635	0.017745525017380713	0.0005426293733762577	0.1802237130701542	0.001065089739859104	1.741774582342259e-08	0.0002843518042936921	0.024567337334156038	0.00248888703645207	0.0009135400061495603	0.01344373463653028	0.014878420904278756	0.004877660483907675	0.006336492917921016	0.009616402862593531	0.00979198021814227	7.006492321624085e-46
A[C>T]C	0.001967595226597041	0.004547256778459996	0.00017654406983638182	0.0002721156408661329	0.022567971120588483	0.0011950232088565826	0.017808431643944782	0.005141606339700955	0.04705591442416335	0.006313009424843585	0.003662256570532918	0.04258887674659491	0.12477521151304245	0.010396318137645721	3.63160070264712e-05	0.001424546225462109	6.406959727200955e-08	0.0002871119027956892	8.90317601408416e-16	2.942726775082116e-45	2.8025969286496343e-46	0.004372371018689592
A[C>T]G	0.00974311215610295	0.010408208900798244	4.812779906160388e-05	0.7361907869577408	0.04697657376893592	0.007991922014093693	0.028666998211519967	0.0029283174182751313	0.024215929333462328	0.003010935188134356	3.677393180183397e-07	0.00749072171747691	0.011464940909013422	0.007672688150938712	3.718595280588488e-08	0.006914120759327203	0.013569495985734648	0.0026523915736788696	0.0022680930818296473	0.005078729837077844	0.01897399305498766	0.003615701519254344
A[C>T]T	0.0015956044779159128	0.00017000725492835044	0.0033150994975585492	0.0011846808658447117	0.00035740945022553203	0.0013230358483269811	0.004487336898692608	0.0076176277012564245	0.06523560769855977	0.0011723125353455544	0.001478090649470687	0.060543416626751424	0.07575155291706323	0.004491804423741997	1.327539735029859e-07	0.006622134428471327	0.008635311918311572	0.0003328980463038533	0.001110929909987135	0.0032153473818652854	0.0041569199420735	1.4012984643248171e-46
A[T>A]A	0.0003714087308253511	4.402267350656075e-09	2.8025969286496343e-46	1.5737812475435932e-08	1.867950061296142e-07	4.809617952084011e-05	0.00023862570524215698	0.0008219089155318216	0.00028050033372437614	0.0025001375121064483	0.0	0.00026298222550806826	9.444109456637761e-05	0.0004158671148490001	1.1747416864693605e-05	8.597018677392043e-07	1.809990404524342e-05	0.0	0.0010319271376630467	5.995735077704012e-05	0.0001247966472980977	0.06444095410406589
A[T>A]C	4.2481204582145436e-05	0.0002581570905789476	0.0	1.3696593370582377e-08	0.0018713562923949212	0.0006748298804534869	0.0018344004114624114	2.8025969286496343e-46	1.776119688656763e-07	0.008660782617516816	0.0005460102183235449	0.00021065121982246637	0.000553756848730913	0.00014963449657052764	5.3189446167500876e-05	0.0013626139118599668	5.6051938572992686e-46	0.00017269882482651155	1.4182600960310765e-07	0.0008695986417720291	0.003887018624366334	0.10490144044160843
A[T>A]G	0.0	0.0	0.0	1.4012984643248171e-46	0.0031645607770769855	8.145656320266426e-05	0.0002498134344932623	0.00032045904081314804	0.00023714555136393755	2.2756075486540796e-05	0.00013781384623143822	0.0	0.0005357482528779656	0.00022853869838286301	0.00020765556982951238	7.478418810933363e-05	0.007670088293525623	0.0011013396899215877	0.011469864556056563	1.0006258889916353e-06	0.015570742369163781	0.030368874222040175
A[T>A]T	0.0018480407365132124	0.0017140650714281946	4.203895392974451e-46	0.0017775617567110658	0.006642080843448639	0.0017078818753361702	0.011748424347024411	0.0032813741592690347	0.004800679852382928	3.5668303866032147e-09	0.011597580136731267	2.8025969286496343e-46	0.001568168399214187	0.0003717418399534544	7.512267785614312e-09	0.002162800481545446	0.006468563061207533	0.00016977913910523056	2.8025969286496343e-46	0.0009293941082432866	0.001579611748456955	0.05553053838666529
A[T>C]A	7.412076570290083e-08	0.0009433009312488138	3.917149570042966e-07	0.00020290834570459992	0.00960748100044384	0.002412802161416039	0.0018714162113610655	0.004642776143737137	0.011394918290898204	0.05482318326830864	0.016432426404207945	0.00045763962232854533	2.0232589292845658e-08	0.0016682628134731202	2.4465456954203545e-05	0.005756712070069625	0.05893012416672718	0.0	0.005976462394755799	0.01025577804342106	0.013648595567792654	0.009366666804999113
A[T>C]C	0.0004209828155580908	0.0009941550437361003	0.00011351256398484111	0.00042723362621472917	0.008001131564378738	0.004533410118892789	0.000340445275651291	0.005794312315993011	3.167503285226303e-05	0.007925790245644748	0.0452960267663002	0.007261263478494584	1.1210387714598537e-45	0.00015340648824349045	0.0003831597840644463	0.04198049530386925	0.0543587613850832	0.0013701233328902163	0.00593106153755798	0.0009222873020917177	0.0016005534678697586	3.1907319453239325e-08
A[T>C]G	1.2453285465316445e-28	1.6815581571897804e-45	4.828574255952844e-05	1.541428310757299e-45	0.005348320351407665	6.763869092104359e-06	0.0006090424877214673	0.005381034873425961	0.0037392053808616766	0.017071606358513236	0.19082635641098022	0.010530265180636888	0.0002732980997421919	5.0421886447082896e-05	8.6781262052682e-05	2.994380793097662e-07	0.026287709502622648	0.0	0.00045590665513870474	0.0011096804586088638	0.005713657499029523	0.0003652881015625554
A[T>C]T	0.000507499324157834	1.4012984643248171e-46	8.407790785948902e-46	8.862765971571208e-05	0.005454569054813873	0.0003290941939919634	0.0044394128257408735	0.006944731090334244	0.0016737973317503929	0.018534838780760766	0.0017116805524494793	0.002858606190420687	0.006276180581966173	0.0012291306194214258	6.326816255750601e-05	0.009198725991882383	0.08369129672646522	7.665383163839579e-05	0.008213625935405844	0.015736582781755715	0.048063206230290235	0.0006560763048469199
A[T>G]A	0.00022497736033528782	0.0	0.0	0.0	0.0016915902495384216	0.0	2.8025969286496343e-46	0.0038316591493526174	0.0	7.425065414281561e-05	7.429935794789344e-05	5.456416984088719e-05	0.0	9.013161417215087e-09	5.034520934117381e-05	6.051716163710807e-05	0.006923699239268899	0.0022301060147583486	0.0017923333261592234	0.014664224721491337	0.004819196299649775	0.0021498067841321244
A[T>G]C	0.0007166849391069263	4.203895392974451e-46	1.595665821696457e-08	0.0006161619843624066	0.00032732472755014896	0.00010805978381540626	0.0	0.013084334135055543	1.4012984643248171e-46	0.003233735542744398	0.00047501489380010755	0.005788001581095159	2.8025969286496343e-46	1.1515791698002432e-08	0.00026291994071527827	0.013565197726711631	0.013583767856471241	0.0044866809621453285	0.002060163638088852	0.0003934166394174099	0.0020091777667403223	0.0019251126796007156
A[T>G]G	0.000489983347870293	3.466652560746297e-06	7.460732012987137e-05	0.00020014835099573246	0.0	0.00021848124306416138	0.00029072389006614687	0.005514940136345103	0.0	0.0004525138734607026	0.0005275508970953524	0.002716787322424352	2.8025969286496343e-46	0.00010678578400984407	0.0001142141736636404	0.007003669260302559	0.005382484289157219	0.0015420048031955958	0.009701510006561876	0.0030566168151381135	0.007863220653325698	0.001796462247148156
A[T>G]T	0.0051186808163819816	0.0	4.82153993175416e-08	0.0	9.025927683978808e-05	2.797719798053322e-08	0.0024507718160748483	0.07646924704313278	0.0	0.0007219901139720264	0.0	0.024728960543870925	1.638793776237435e-07	0.0008871381017002023	1.3084391537176997e-05	0.00574607671302374	0.005974531425226815	0.025653516314923762	2.554963032252999e-08	3.6110469352479414e-07	2.438512467506371e-08	0.00018246146865124046
C[C>A]A	0.002221407656907104	0.00015763237606734038	0.000886698073009029	0.0003987587057054043	0.0006069168163797655	0.017859022319316863	0.043972530774772166	0.00017980419955676102	8.407790785948902e-46	0.0001685817289398983	0.009342076955363154	0.0014674668200314045	0.012471944838762284	0.0009920179843902587	0.0006672336719930172	0.016049908497370778	0.004052021168172359	0.0007187776835053227	0.025179486995023127	0.027945922035745797	0.05849801041185856	0.0008300134912133216
C[C>A]C	0.00010702550644055009	3.6419064031179e-08	0.0001079832026675831	0.0003417399595491588	0.002578872430672163	0.04276397391667928	0.0410449692979455	0.0007248488455843472	0.014699493682564934	0.0004217149792566488	0.029792904199348415	0.010758785152211204	0.027398303151130676	7.900616619735957e-05	5.938059985055588e-05	0.02937837802427694	1.7863112091731637e-07	0.00012728147062563978	0.010853125366863026	0.05743746885436849	0.008750172331929207	0.001527352170025864
C[C>A]G	0.0014223007601685822	0.002077699459910044	0.0	0.00022144760005176066	0.0003015226122784043	0.02342127612355398	0.015218805882614105	0.0	0.003049487144926388	1.416336083366332e-05	0.015109084796938533	2.03716979285673e-07	0.016774480145636518	0.00047383626543116006	4.9442007821198786e-08	0.016662969201638587	7.93534049137179e-08	0.0	0.00534320566803217	0.038825038075447085	0.004020851180746377	0.0004542246251698856
C[C>A]T	0.0024860704232253284	9.561123789580962e-07	9.325529731540883e-07	3.6071143085791844e-07	1.9066526107280879e-06	0.03288640189349827	0.5517851650714874	1.1176577078941819e-06	0.00016388753385285782	9.387423506268534e-06	1.7076817148825585e-06	0.036692444040317795	8.178476093689824e-07	0.008482876481375001	1.1846759306877174e-08	1.1159112659697713e-06	1.8749619584923495e-06	0.0	1.411509657600618e-07	6.324359197035223e-07	4.1698896779962524e-07	1.2743676009563388e-06
C[C>G]A	0.0	0.0	0.0	1.0357301682972775e-09	0.0	5.278087264741771e-05	0.0	0.0	0.0	0.0	0.0	2.465123834554106e-05	0.00016575089139223565	0.00015043872699607163	0.005759021523408592	0.0	4.496422150168655e-08	0.001089817476531607	0.046680749580264094	0.0	2.8774447514479106e-06	0.00026276487770928727
C[C>G]C	1.7404354366590269e-06	0.0	1.905844709426674e-05	0.0	5.115661188028753e-05	0.0	1.0389525414211676e-05	1.0226968879578634e-05	0.0	0.00012225418613525106	0.0	0.0	0.0	2.0915268180488055e-06	0.0007467024685411161	0.00013536821860498093	4.2893996578641236e-05	0.00035900888957556275	0.04827428963035345	1.2534282234355487e-08	0.00040432649022359435	0.0008205674686905696
C[C>G]G	0.0	1.02133668406168e-05	0.0	3.590315345469719e-06	3.3683634228509616e-07	0.0009496276439207918	0.0003398495580768213	0.0	0.0003408313457384793	0.0	0.0002985456752139015	0.0	0.0008816672279067461	1.6081145598434433e-05	0.0001988115696889281	0.00047680667408513957	0.007229197213817429	1.4012984643248171e-46	0.03762532312339317	3.6201743114361307e-07	0.001437046131950126	0.00020043964884735032
C[C>G]T	8.55426658745273e-05	1.192232230096124e-06	9.804845467442646e-06	0.0	3.701878849824425e-05	2.2914015223562954e-05	0.0	4.400017205625772e-05	9.809089250273719e-46	0.00029169508270570076	2.7555543061772564e-06	3.301510150777176e-06	4.219876018396462e-06	7.006492321624085e-46	0.004744780610781163	1.4012984643248171e-46	0.0007285972125828267	0.0	0.0696700643748045	0.0012452997722903092	1.7290596190377983e-07	2.4967074182313808e-06
C[C>T]A	0.0	6.058901781216264e-05	0.00021525757038034498	1.7608872693308797e-12	0.003962140265502967	0.008624488914938411	0.00527415492106229	0.004123539364081807	0.011161229969002307	0.00043990875710733237	0.006206751789960663	7.416291628032922e-05	0.08911304995417595	0.01775430633977635	0.007329404610209167	0.01352355107815261	0.04545403318479657	0.005991702280724098	0.006041340669617057	0.02089085280895233	0.06529231682914087	0.012468930333852768
C[C>T]C	0.00015143667114898564	0.001357105154174576	1.4771944974650973e-32	0.0001308003765949195	0.008429901517138206	0.021829350913268188	0.021890953509137036	0.0001869230776463837	0.0016549146211303877	0.011919144704006613	0.008476386975645766	7.482933799494523e-44	0.1897126529365778	0.01617963323894287	0.0003952691987443302	0.00012048357747573846	4.105659855097133e-06	0.00031278282403945923	0.0	0.009391752541425546	0.001135196047684417	0.0039168689742126615
C[C>T]G	0.003454107482672296	0.005399686060684417	0.006238225568085909	0.183033993435825	0.004618017181797995	0.5920626688748598	0.0381085197592256	0.006450853732817663	0.0027682965089752543	0.0055896417898868124	0.010617505292977553	0.020452132141262437	0.042076072711915914	4.172690839118753e-07	0.0010994751297403126	0.001162662322407534	0.012639917934835427	6.961340841371566e-06	1.958858547368436e-07	0.002567328806708247	0.005702205268119087	2.9761610676359853e-06
C[C>T]T	0.00033921025751624254	0.0005228451918810606	6.316128565231338e-06	5.6051938572992686e-46	0.007184312597382813	0.018685008771717547	0.019795480856555515	0.0026746590214315803	0.003713303664699197	0.0009875633812043815	0.010941439494490623	0.012789359310409055	0.17753590419888496	0.014616040413966403	0.002539167262149252	0.0040406339103356	0.028489611111581326	0.0016724663021235996	0.012624276475980878	0.004683511005714536	0.0024497047066688537	2.1019476964872256e-45
C[T>A]A	4.0751368669589286e-05	0.0	1.1669136260650247e-05	0.0	0.0010077281127450987	2.3900895484985085e-08	1.571433967910707e-05	1.3360534876483143e-05	0.0	5.601278826361522e-06	0.0	0.0	0.0	0.00010318986405195573	0.0002837353419522515	0.0024401280372153165	0.0011945635490178575	0.000786579319454006	0.0037244642652353834	0.0010354720056056977	0.0001743787937115826	0.030454342626035212
C[T>A]C	0.0	0.0003475878147479718	0.0	1.2263979442650453e-06	0.0010949626797810198	4.838782188016921e-05	0.00036357607459649446	6.69536748318933e-06	0.0014979922656308986	0.00017425194382667542	0.006670993147417903	0.012272872868925333	0.0010769539231660018	0.0001363127026706934	0.0001818311109673232	0.0049387636386556966	2.5027668471011567e-08	0.01391279986128211	0.013860485795885325	0.002036718651652336	0.00020552733348750963	0.04315527137368917
C[T>A]G	0.0004717180039733648	2.63647292740643e-05	0.0	0.0001285390084944993	0.0029403526590613184	0.0010689575225114822	0.00044120940319771764	0.00036450899788178506	0.0	0.0	0.0011726338404514536	0.00031715297627670224	0.0009164587594568729	0.00011364516685716808	3.49431941959466e-07	0.008347724098712206	0.010432115755975246	0.006131609342992306	0.02282359655946493	0.003200756273582783	0.004806167894213331	0.04944508764892817
C[T>A]T	0.0009002401377074421	0.0	0.0	2.820573330453158e-10	0.002673075906932354	0.00018401347333565354	0.001280537286947947	0.0	1.4012984643248171e-46	0.00013623717240989207	0.0001770086819306016	0.004653905145823955	0.004658966898114158	0.0004158736323006451	8.292098937090486e-06	0.011903472512494772	0.005672898834745865	0.04828307740390301	0.010156980719013475	0.0016750032853444451	0.0029647289353789573	0.023457341915172947
C[T>C]A	6.525823555421084e-05	2.8025969286496343e-46	4.203895392974451e-46	0.00011425693688806859	0.0	0.007299014155915984	0.0026195776506938275	0.00018068924709950805	3.986193831906348e-07	0.019585332460701467	0.04675634503364563	1.3290537026477978e-07	0.00041198199936047785	2.8025969286496343e-46	2.7731163104505185e-06	0.003178713470697403	0.002865462784968642	0.0039106782313240275	0.0005671167092359042	0.0004271709709200877	0.00915440577444997	0.03731668498367071
C[T>C]C	1.7139136616606265e-05	0.0006087374137109692	0.0	9.738591511450067e-05	0.0026902242643700447	0.03597124094510491	0.0038167414255440234	1.4012984643248171e-46	1.6680578482919372e-07	0.003691513579889475	0.04855617115582618	0.0037964131557288285	0.014984633140303672	0.0006769917519068968	1.9875538782798686e-06	0.019937608018517496	0.024194842390716075	0.04865731708705425	0.0013247222639620304	1.5703872691119614e-08	0.03836583867669106	0.0033172628570895314
C[T>C]G	0.00026459314533440194	5.663814874878881e-07	1.572933285842737e-07	8.653940852809682e-09	0.0013696806579559962	0.018399836959679304	0.007070725010089518	0.0002982154418987193	5.201423164180596e-06	0.011915302410002937	0.28145640194416044	1.286042106585228e-07	6.010580319673986e-07	4.2182183790373526e-08	0.0	3.25180574066053e-05	0.0033300844245701456	0.018765514809638263	1.8746183272355666e-09	4.6597785114954603e-07	0.010360065118555894	1.909988338866242e-06
C[T>C]T	0.00022370363585650922	0.0	1.4012984643248171e-46	1.8964939840770967e-08	1.5580464639264845e-15	0.03367354227520991	0.000964819496346081	0.00012968412798954886	0.002829469707830867	0.004331255448050797	0.038044114410877225	5.9369011751186915e-08	0.009017825989121774	8.901946555681662e-05	0.00018332549166188983	0.003970051184296608	0.025884619322016533	0.14052896946668625	1.2368754710223583e-06	0.0016543858644567423	0.03369108093574482	0.015401811406172783
C[T>G]A	0.0006888213334605098	4.169529538557981e-05	3.051121675525792e-05	0.0	0.0012991170398890973	8.9777700354432e-05	4.203895392974451e-46	0.009068967634811997	9.454534156247974e-05	0.00013497635954990984	0.0013842502376064658	0.0	1.4012984643248171e-46	0.0	4.7845554945524785e-06	0.001214035993325524	0.008687240164726972	0.0013054156231286974	0.0032367037161748157	0.0058423283509910105	0.004034617195429746	0.0012617061115633987
C[T>G]C	0.00012037676060572267	0.0007385898905340582	0.0004434701772936478	0.0010970346513204277	0.00017469648737460374	0.005798566303565167	0.0	0.004880443884758279	1.4012984643248171e-46	6.272185128182173e-05	0.01596334152854979	0.003922732826322317	1.4012984643248171e-46	0.00023496360518038273	0.00016360280428671104	0.020269623817875983	0.006656622420996428	0.02434426136314869	0.006285407999530435	0.005352793633937836	0.0020634445361793043	0.0010647075352608227
C[T>G]G	0.000608054840749106	0.001574564969905623	9.412930133656516e-05	0.00035858047940564577	0.0004893460776656866	0.007667944009881467	3.0010947375558318e-05	0.012309872778132558	0.0	2.8025969286496343e-46	0.02767210907277331	0.00025287724783993324	4.067377403771388e-08	8.962026331573724e-05	0.0	0.018662639643798683	0.008489692583680153	0.018737347703427075	0.018436955332180104	0.004132772982120514	0.0007573080417671463	0.0
C[T>G]T	0.007863238985737552	5.398174549420022e-05	1.0320179512746109e-06	5.6051938572992686e-46	0.0008465197447605988	1.1212410555572205e-08	0.003381483952895792	0.05359870120882988	5.2067720091031336e-08	0.0002992365555883225	5.6051938572992686e-46	0.002059446863319181	1.182231827101532e-07	0.0011853644624352454	0.0	0.001984825829723036	4.145398904142894e-07	0.42780581712722776	2.8025969286496343e-46	1.3179937354834693e-07	4.203895392974451e-46	5.527638791136269e-08
G[C>A]A	0.0006710703906719573	0.0009251552284545994	0.0006536755960041774	0.00021533241905444812	0.001872663156791532	0.0002900765090856794	0.002390119980555028	0.0007919250341728912	2.0362774364457436e-07	0.0004079982940453419	1.4012984643248171e-46	0.005443906886830519	6.743439371348358e-08	0.00018428520997986196	0.0	0.0024529620774956127	1.2075633151198418e-07	0.0026095619366969915	0.015658693596059335	0.001958646084015925	0.15111867850646377	0.0009378287391200501
G[C>A]C	7.59222311899066e-05	0.0016712411925254855	2.8025969286496343e-46	0.000361276830699353	0.015564690064638852	0.0037311557680368423	0.0	0.0018277923605637624	8.407790785948902e-46	0.003035299142356962	0.002286202902905643	0.04185094367712736	0.00340690107550472	0.00027456239331513643	0.00032295928976964203	0.0094938617200321	1.1210387714598537e-45	1.6566046633670338e-05	0.020854692626744508	0.021314482484012843	0.039068433828651904	0.02056657647481188
G[C>A]G	3.164932059007697e-06	0.0017469409620389342	0.0	0.0002855799407370796	0.0027316262188833208	0.0018952600308693945	5.778963677585125e-05	0.00016566030826652421	0.0009834429132752121	0.00019343224012118297	0.0011926495195112353	0.0018801811578214255	0.0005779307335615158	7.395925958384453e-05	0.00013384320640286163	0.00025411024398636073	4.203895392974451e-46	0.00034685731079662217	0.003915855288505554	0.003239410882815719	0.04985527768731117	0.0032804213046844664
G[C>A]T	0.002471374207561894	0.002352326508108149	4.6902924850655835e-07	4.203895392974451e-46	0.005805366801666878	0.0001037633668545368	0.014174205065137358	0.00032964460736906176	1.0518971578221681e-07	0.00020054545661878364	0.0008786161876358278	0.3241708159446716	5.746443321186234e-08	0.00087704477907522	3.879684840057962e-09	0.02922235892489198	8.401476833341803e-07	0.0	1.4012984643248171e-46	4.3505764324436313e-07	0.006846160474106	3.034023166037514e-07
G[C>G]A	2.3648993374081328e-05	0.0005229747825069353	0.00037675012445106406	0.0006720958932419308	6.26502325758338e-05	0.0008390454720871076	0.0002838327462086454	0.00024881524732336404	1.4012984643248171e-46	0.0005776248333859257	5.348015474737622e-06	0.0005027078674174845	0.0005055930127127794	0.0033868527563754467	0.0008470935397781431	0.001722833188250661	0.0004304749658331275	0.002861204242799431	0.02878368217498064	5.6051938572992686e-46	0.0011393596418201924	0.00011650528788262754
G[C>G]C	6.938586880096409e-05	2.2699798307712627e-08	0.0007150350109441205	0.0019777487497776745	0.0007538498903159052	0.004548442992381751	0.0005008800886571408	5.97838310568477e-05	8.044513233471662e-05	0.001982730658710352	0.0029050131796074874	0.0	0.002209297753870487	2.682385456864722e-05	0.0007761960281641222	0.005118173331720754	1.1274180451437133e-07	2.0695607151845826e-27	0.027839730307459832	0.008691224205540493	0.0020071058068424465	0.032773248851299286
G[C>G]G	1.1514703146531247e-06	8.516747038811446e-06	0.0	8.18031228845939e-05	4.2303520604036746e-05	0.00040569080321972706	1.4012984643248171e-46	1.0384933557361364e-05	6.428283668356017e-05	0.0	0.0003007464310940122	0.0	0.00028775744140148164	6.949950475245714e-05	0.0005697180662536993	0.00037500066682696345	0.0022264685481786727	4.480425268411636e-05	0.017719275690615176	0.0027816781483124943	0.000599663442903875	0.003956385678611696
G[C>G]T	0.00047228261246345937	0.0008123671749899585	0.00018842762110580225	0.0006891672208439558	0.00033989058865699915	0.0002296380465850234	0.0	4.203895392974451e-46	0.001967429363867268	0.0014659661072073504	0.0	0.0004581392713589594	0.0	0.00027978432335658	0.0018017747264821083	0.00061970555269113	0.0024067895486950875	1.272553637500401e-21	0.048887578397989274	0.00484880680974129	0.0005254895891994238	0.0012368973315460608
G[C>T]A	0.0006914639152682866	0.001543579444390275	3.1427830435859507e-07	2.8025969286496343e-46	0.07705141725662941	0.005055161671999997	0.005704362657692741	0.00031706876977750654	0.29181198626756666	0.009231643720704596	0.0024954305417509205	0.006835781303846622	6.156130325507547e-08	2.144713789675734e-07	0.0033885078330058603	0.003411146320357261	0.0008863205194046486	3.4765996588248536e-07	3.1913183597964687e-07	3.251338284826488e-07	2.3131552495669894e-08	0.004722997152083508
G[C>T]C	0.014047789441247006	0.016680794080622265	1.1997118050999233e-06	1.7160188576781364e-07	0.4295358777046204	4.2427312791915027e-07	4.755881138862605e-06	0.0013769203160922858	0.08943044623446265	0.008244371558373587	0.0009688705363544159	0.0006206096003836592	0.0005586434571270615	0.002872098426465186	0.0	0.026887606399847643	1.29612858472683e-06	3.5506477615854237e-06	0.0	0.01381195567826694	2.4097576556414423e-08	1.1470019671833143e-06
G[C>T]G	0.007424371481680225	0.9129970908164978	0.004063478680359367	0.051912362521088426	0.007947443482633787	0.02173446525827103	0.02205534683201034	0.021276281987353755	0.0020975122893560536	8.225777662573819e-07	0.003923574937118701	0.0032059630782101008	0.0015758269955142624	4.385634156278684e-07	0.0	0.020116106524944034	5.860165194349065e-06	0.004894494754080369	7.036398407564513e-16	0.013278853618756515	2.65511778252403e-07	7.342106982833868e-07
G[C>T]T	0.018105035834014415	0.006693189178986358	0.004069301374556744	8.407790785948902e-46	0.1785099223256111	3.7835058536770063e-45	0.0011536737739235759	0.007037299690122722	0.16452182903885842	0.0047549918976841354	0.00021950467527389605	0.018391093228706266	0.0030657189871760695	0.0036872983267429047	1.4012984643248171e-46	0.09864915981888771	1.5932928363326936e-07	1.4012984643248171e-46	7.006492321624085e-46	4.4287863829595155e-07	2.8294165588249597e-08	5.6051938572992686e-46
G[T>A]A	2.396693525952287e-05	1.4012984643248171e-46	8.184191574400757e-05	5.146483786688805e-07	5.196872516535223e-05	1.529624555018927e-07	1.7948562162928284e-05	0.0001845378428697586	0.0	0.0011083668210631003	0.000154222965662143	2.4001060228329153e-05	9.54030896537006e-05	4.40993637766951e-05	6.0690547117303594e-05	0.0004846914481362319	6.64030665120663e-08	0.0	0.002453134757894304	0.00022712611003044002	0.0011202762278397671	0.04010994601994753
G[T>A]C	0.0	0.0003248749821764818	0.0	3.640706935925664e-09	0.004548529197927564	0.0012137707922207142	0.0034676711657084525	6.313284975476564e-05	0.00048282945062965154	0.002869331942420672	0.0008474930809796888	0.0011041439795235418	7.55934371454714e-07	9.1403136988788e-05	0.00015846592050081654	5.5468185907159294e-05	0.0007812521789617221	0.001214239653199911	0.0010478184091994081	1.8233484979646165e-07	6.73541819651291e-08	0.0771523356437683
G[T>A]G	0.0	0.0	0.0	3.385921874516051e-08	6.510722450911999e-05	0.0010320596455130726	0.0002694964176043868	0.0	0.0008390046968088427	0.00024962165334727613	0.0011252955117925013	0.0	0.0009227460708643775	2.3576122387680697e-09	4.986170091711983e-05	0.0026848921552300453	0.00019579296931624413	0.0003600925236241892	0.00689858899690563	9.461120581537586e-05	0.000829869766151603	0.04883319959044456
G[T>A]T	0.0006006694718962535	0.00014711266946960678	0.0	1.4012984643248171e-46	0.0012049271375872196	0.0016403959540184586	0.0021364718850236386	0.00012934048427268863	4.203895392974451e-46	0.0	0.0016196494281757623	0.0005078610478108203	0.004918330640066415	0.00026953896740451456	2.8025969286496343e-46	0.004912332120957786	0.0003841643448765808	0.006640519294887781	0.0030636574064260456	0.0007991440429179874	0.002544072268759123	0.03786194324493408
G[T>C]A	0.0038515876978635786	9.849213890333886e-06	5.667270379206002e-07	1.938839943704807e-07	0.0039203579214446725	0.001810673747780811	0.0016657103648356042	0.0004165302997257925	0.0011924636724444325	0.2644102513790131	1.7354886637122035e-06	0.0006469562679498608	1.1412929410425931e-07	0.0003288579624594945	0.0	0.003157675811226568	1.4027260704096988e-07	1.125074149399552e-08	1.4012984643248171e-46	6.538485868645694e-05	3.3802555776674124e-08	2.417980910607298e-07
G[T>C]C	4.450160772151435e-06	0.003900227484870274	1.0775045296895768e-06	3.28656963827223e-07	0.04443439046690969	7.409120785339951e-07	0.003388487524534867	0.00814126245622333	3.6045949514118547e-07	0.050871739418653306	0.0018193651502997454	0.000691472142011662	1.774955777023024e-07	3.077206258694787e-08	0.0	0.18758095610579523	2.224388419946877e-06	0.0022653428507965145	2.4892483281746537e-06	1.505990354644382e-07	2.4218788396979107e-07	4.6360391792177325e-07
G[T>C]G	0.0006102204232490749	3.9085276313244324e-07	1.190339759205017e-07	1.8669324575171232e-08	0.005232243277806166	0.0005067461137969076	0.011579748569056391	0.0014452152348496839	0.00022358758335023766	0.17434173077344894	0.07118392810225486	0.0016448696783243123	2.9018305127692654e-07	7.558833830612153e-08	5.055329950209853e-08	0.0051484485130607995	2.267133879740868e-07	0.002667566757008899	0.0	2.1618437244796952e-07	6.517084649715343e-10	0.0
G[T>C]T	0.004381699598161504	1.4012984643248171e-46	0.0025321092091019183	8.78697755979374e-06	0.0013843230903148652	7.006492321624085e-46	0.0013641172088682651	0.027240957133471966	2.8025969286496343e-46	0.14324042946100235	0.0	0.01387030384503305	0.0019495828542858361	0.0012247463208041153	0.0	0.02105631958693266	0.018209898087661713	0.004611890017986298	0.0010906670675808528	0.0029015870308057856	0.005428118444979191	0.0014669742294842081
G[T>G]A	0.0001915861328598112	2.6610688655637206e-05	3.3457792278568375e-05	0.0	0.0012623608492049244	7.120483496692032e-06	0.0	0.003360332499141805	0.0	5.30912191607058e-05	0.0	3.1236914946930486e-05	0.0	1.4012984643248171e-46	7.949710266785814e-06	0.007657557248603552	0.0003343690840608815	0.0012082375294994562	0.008203848218545317	0.0007561995407741051	0.0013135427496308693	0.0036028139407278557
G[T>G]C	0.0002361000026212423	0.00022295014932751655	1.3990502623073553e-08	4.3827526496897917e-07	0.0035578012466430664	0.0	0.0	0.004743836100098519	0.0	0.0005140907596796751	0.0	0.0028745410588271623	0.0	3.806086148472332e-08	1.1056335087289425e-05	0.024514673464000224	0.003612703791804961	0.00894736247137189	0.004931668593749805	6.212179073372682e-08	0.0019482363836289096	0.00014690481418995206
G[T>G]G	1.9136152695864438e-05	0.00031608487479388713	0.0	0.0	0.001521129219327122	0.0001411675475537777	0.0	0.0014556543639628217	0.0	0.00014122486635059772	0.0005372841289499775	0.004131153668276965	0.0	0.0	0.0	0.01925066448748112	0.00373854227832453	0.0051711640669964256	0.016779745277017356	0.00016548243440865916	0.006038224708279927	9.555663291394012e-05
G[T>G]T	9.632202379634691e-05	0.0005702766421457284	4.763904115634432e-08	6.987899041632772e-08	0.0028117682327291503	2.6162280228447797e-06	0.0007248629670357331	0.010718648368492723	7.006492321624085e-46	5.97298297634552e-05	6.539452260767575e-06	0.008632477652281523	0.0	1.0903255542871193e-08	0.0	0.019583889990099124	1.533860078026805e-05	0.1068632647395134	5.6051938572992686e-46	4.89346041376848e-07	2.1789568904750922e-07	2.9192821877188633e-06
T[C>A]A	0.02352677609278544	0.0	2.7802286695077782e-08	1.7607586499934769e-09	1.3899587258947577e-08	0.0	1.455410142625624e-07	0.03700601694940815	0.0	0.0	1.0716733100935017e-08	0.0020396530072673614	1.1387053575617755e-07	3.3683633532177736e-06	0.025925318485928984	0.00563981863748495	2.47798334385152e-07	8.897625375539064e-05	0.004006944925960454	0.4062545527370503	0.019325921888084706	9.418297963748046e-08
T[C>A]C	0.016438410989940165	0.00016906760865822434	2.942726775082116e-45	0.0003120473222224973	0.011291705723851918	0.002324570156633854	0.009819406562019139	0.00010458265896886587	0.0001460554136428982	0.00022259763991314686	0.0008074906296315021	0.07212552390992641	0.0018661906011402606	0.007809401961276307	0.022924493812024594	0.0008840358816087246	0.007896680769044906	1.889498089440167e-05	0.02835784780327231	0.024206699430942537	0.045793254487216474	0.0031389299780130385
T[C>A]G	0.004479599672777113	0.00019545057002687827	0.0	4.404323590279091e-07	4.895708989351988e-05	0.0009595480863936245	0.0002829921431839466	0.0018352527637034654	0.0008556258808681605	0.0	0.0010552604522331421	4.203895392974451e-46	0.0013783252700989123	0.00015986033251920163	0.0044895302504301075	0.0020786814857274294	9.87929743132554e-06	0.0005491764677344691	0.0027072064345553316	0.055108428560197355	0.031163595244288446	0.0
T[C>A]T	0.7202212333679199	1.801377521815084e-07	2.4931308502118553e-07	9.809089250273719e-46	3.7575539749923338e-06	2.8931797544373696e-07	0.008166210912668248	0.0021270590421409	1.5318058785851462e-07	0.00015481478952779072	1.2751937418897797e-06	5.773916734597151e-06	7.866390518529464e-07	0.0503674371802262	0.0010104736142579895	4.220107975072551e-06	0.0007174393754667107	0.00022547969902007026	4.051970904583868e-07	0.0021258621143772417	9.724729238769215e-07	1.2033576446413008e-06
T[C>G]A	0.0	7.575471805409962e-10	0.0	7.874163898691222e-09	1.2520670225057984e-07	1.4012984643248171e-46	0.0	6.513851985801011e-07	1.4012984643248171e-46	0.0	0.0	4.455972952399634e-07	8.123337558174626e-09	2.0204987798422281e-07	0.23654603511095046	8.02282500558249e-05	2.2335123404104706e-07	1.2611686178923354e-45	1.8133317166757478e-05	1.0360380693352767e-07	1.248943172527106e-06	7.62244127372469e-08
T[C>G]C	0.0	3.315380599815399e-05	1.4012984643248171e-46	0.000102154552587308	1.6815581571897804e-45	0.0003374183623236604	2.8025969286496343e-46	3.0109537874523085e-05	0.0	0.00030969420477049424	1.4012984643248171e-46	1.4012984643248171e-46	1.05843209894374e-06	3.2545369685976765e-05	0.07920009605586528	0.0006064191431505606	3.1076334749968736e-08	7.533965399488806e-05	0.04352262951433659	9.419617708772421e-05	0.0008396640419960022	0.004317489522509277
T[C>G]G	0.0	3.2303422449331266e-05	1.964144285011571e-05	9.71406334429048e-06	0.0004129848413867876	7.807438669260591e-06	6.886228220537305e-06	5.6051938572992686e-46	0.00010917791078099981	0.0	0.0	0.0	7.587771015096222e-05	2.8596766969712917e-05	0.024194660224020482	7.809481030562893e-05	0.0015251754783093929	0.00021340426610549912	0.02313774973154068	0.00010724222083808854	0.0009062560275197029	0.0011330963228829206
T[C>G]T	8.281930640805513e-05	0.0	0.0	0.0	0.0	1.4012984643248171e-46	3.5509270490763355e-05	1.8105420274139306e-06	0.0	4.321175779864461e-05	0.0	0.00015954102273099124	0.0	0.00020755749210366048	0.2989724397659302	0.00010891034617088735	0.00044946066045667974	0.0006106070617533987	0.024882204178720713	1.1210387714598537e-45	0.0	0.000825701416715674
T[C>T]A	0.0007431326245750825	8.407790785948902e-46	0.0014402890283008673	8.115887766280138e-08	0.0035185964195989074	0.0005877895939846667	0.0023390057225810778	0.08534552335943317	0.017241809703455915	0.0028167411662849418	0.0009798925348789567	1.0866910542972618e-06	0.006604691237293991	0.1552820003224724	0.19646787123035664	0.08629860162371869	0.012502587608811667	0.0033398526958535514	2.1410862700577126e-07	0.0035390006341344815	0.0022628057680179835	0.02298601694581066
T[C>T]C	0.009302539005875587	0.00819073931488674	0.015937448712065816	0.0003211088012903929	0.0021524019073694946	0.02306809858419001	2.5241930922608916e-32	0.005282461718171305	0.0002558418549597263	0.0042834151303395625	0.00012555799912661314	0.03350332156452562	0.07488563731312751	0.2620549138635397	0.021307264151982964	0.020886464789509774	0.006851605559257119	0.0008508099825121462	0.007229979420401378	8.669048838783056e-07	0.003224657801911235	0.020570834125089733
T[C>T]G	0.02823151556522232	0.004511512807597387	0.9410733640193939	0.010001881739196961	0.001261638133348697	0.0018450227044583545	0.016842640436152946	0.01926576754643964	9.676722767082424e-07	4.680236315834918e-06	0.008705136375043748	7.17760974469628e-07	4.470733472317079e-08	0.0036560818461381928	0.0010591909092074491	0.01302031161535524	1.0115678182636182e-06	0.001498351921327469	1.4012984643248171e-46	0.009032397522304336	6.44325632492837e-07	3.188259825037676e-08
T[C>T]T	0.04146719705313444	8.407790785948902e-46	0.013736076936915403	1.4012984643248171e-46	1.2275195331312717e-07	1.2250865211171913e-07	0.004602375352649801	0.010479253218295525	1.1990767536870784e-13	0.0001944854332379009	1.1402015729821892e-06	0.01072460260233754	0.018223663951047797	0.40297847613692284	0.04370269510138201	0.01324111139077786	5.774826234983266e-07	3.158321248974971e-08	2.2176112111083057e-07	4.487137630349025e-07	1.8558495185061474e-07	0.0008318828418850899
T[T>A]A	0.00036067879645997893	4.5362970558926464e-05	8.407790785948902e-46	0.0012678346189204603	0.004376962630158232	0.00119563426123932	6.871073273941874e-05	0.0012935319798998534	0.0006216124980710447	0.00031346755833254746	0.0004993115746685817	0.0	0.0007630826439708471	0.0	5.841249122795489e-06	0.0008552481114747934	0.003975181970574582	8.629310599417295e-09	2.764728499471403e-07	0.006863900611642748	0.009646942419931293	0.04539303481578827
T[T>A]C	0.0005141200323123485	7.006492321624085e-46	8.685852108101245e-05	1.2124498607590794e-05	2.5226087984719925e-05	1.4012984643248171e-46	0.0006574866245500743	0.0011036650554160587	1.4012984643248171e-46	6.841441645519808e-05	1.4012984643248171e-46	0.007758911140263081	0.0005225480041644914	0.0007738817133940756	0.00015008722023139852	0.005579684092663228	0.004364592995261774	0.0017518952576210723	0.0028000346922908647	0.003032336406795366	0.002722020580617368	0.045196757093071936
T[T>A]G	0.0008845490476232954	0.0	0.0	2.2628923090906027e-08	0.0038080181926488875	3.662242420432449e-08	3.658754139905796e-05	0.0007969412156739964	1.3428714282781584e-07	0.0	0.000457257578818826	0.0002690556117158849	3.728294686879963e-05	9.862027154323022e-05	7.710199059829393e-06	0.0018411066383123397	0.004528890550136566	0.0009887437327847693	0.005280386766564504	0.0024288777806646066	0.004179329090038664	0.021135030966252088
T[T>A]T	0.006134897668380291	0.0	1.4012984643248171e-46	0.00013420153700280935	0.006710084527730942	0.0004837585598579608	0.0004886689130216837	0.00252219270914793	0.0012595206843343475	0.00019221260445192456	0.00018860107520595192	0.00406783705111593	0.0005782483822201811	0.0007878102081578575	1.4012984643248171e-46	0.006342653185129166	0.010320893964217249	0.005243357014842331	0.0018905506202401058	0.007666617293455147	0.01520718830443002	0.02198527359869331
T[T>C]A	0.002811195398680866	9.913933002678733e-05	2.8025969286496343e-46	1.0256115479816957e-21	1.1290259863017126e-06	0.0007669050741810679	0.001627065089996904	0.0019401024328544736	0.012983153434470296	0.05977176614105702	0.00023404550705663496	0.0	0.0016479395376563844	0.0002620977949231218	8.417809367529116e-05	0.0009147668154241729	0.04328800694585198	0.0008481498596665915	0.0013889382073749347	0.0030629108546662565	0.0023214850574731828	0.0069546839582130815
T[T>C]C	0.0012992637261390882	0.0013579456357831533	0.00024728206844883973	6.25777445861786e-08	0.011898025311529637	0.008511800392531655	0.008074233832303435	0.012566674855770543	3.9764009471809916e-07	0.024625833821926336	0.00585567555281159	0.0004457449456012341	0.0018188218317845895	0.00014450843445956707	0.00022253076313063502	0.025709362514317036	0.13279795050621032	0.0013445455348119139	0.0007021915400400758	0.0008770429830292414	0.002419834549556299	0.0004090066533535729
T[T>C]G	0.003964088347856887	2.5863990997428967e-08	1.7925918645302076e-05	4.814794607455042e-09	0.00047260053893865005	0.001807918060903546	0.0017133312299847602	0.0059069566649213815	0.02344988416880369	0.02723630014779701	0.048565682396292685	0.0007519820728504101	2.496657316441997e-07	0.00012459126695851808	0.0	2.8025969286496343e-46	0.06660994328558445	0.0017023133869884077	0.0	1.8790325242434847e-07	5.6051938572992686e-46	1.4012984643248171e-46
T[T>C]T	0.004269102634862065	9.22051003726665e-07	3.7105233801071336e-05	6.873940292280167e-05	1.0286244673807232e-07	0.0035288759917172286	0.004970917237527015	0.015839422720000586	0.00495132797586848	0.021643896795558247	0.0029069152660667896	0.0030800339300196726	0.005562009177219096	0.0002703224094545931	0.0	5.6051938572992686e-46	0.13438745960593224	0.0005459180250942513	5.4329652369133893e-05	0.0008786037753303333	1.751913526248927e-07	0.005753082740699256
T[T>G]A	0.0017654097216166064	0.0	0.0	0.0	4.3733120946853887e-07	0.0	0.0	0.02160967974923551	0.0	0.00010143595643548053	0.0	0.0	0.0	3.7659703444603566e-08	4.4980879753886426e-05	6.454983747516962e-09	8.64300966085807e-07	0.00013130278707151888	0.004153955351819149	0.05160736897960305	0.0007972124067208597	0.001483288508836722
T[T>G]C	0.0012127503014312424	8.909767493605613e-05	0.0011076796117350796	0.0	0.00020023701037672482	1.4012984643248171e-46	8.898437044990715e-08	0.03795865848660469	1.4012984643248171e-46	0.0002892679316573776	0.0	0.008544231485575437	0.00039618005203010396	0.0006310356688345564	0.00022507875546580182	0.014606399630429224	0.011848296411335469	0.006594835687428713	0.0025068919640034437	0.0002569760428741574	0.0051374635711454175	0.00033995988511037467
T[T>G]G	0.0008176918287063018	0.0	0.000254320319800172	0.00011662118486128747	0.0011202450841665268	0.0013456534885335713	9.882152953650802e-05	0.008617803454399109	0.0010390760551672428	4.876864404650405e-05	0.0007762809167616069	0.00015995429166650865	7.41430907510221e-05	0.00043592540280915125	4.2913757442875064e-05	0.0038100141217000784	0.0017641399332205764	0.0023352990043349563	0.014421291183680296	0.012371608824469148	0.007655348442494869	0.0024022569647058844
T[T>G]T	0.015499212942509643	0.0	0.00033895507796728453	0.0	0.00010100176741616451	3.1466615268982426e-08	0.0005663125714676198	0.39675394892692567	4.892989551308346e-08	0.0	0.0	0.00048488933213093334	1.2967706652489142e-06	7.277376635528299e-07	0.0	1.0129176416739939e-06	0.0015973270103586401	0.008908494917073994	1.2055817634859523e-06	0.0037560740383440817	7.669601217230593e-07	8.371562216780148e-07
