MutationsType	SBS96A	SBS96B	SBS96C	SBS96D	SBS96E	SBS96F	SBS96G	SBS96H	SBS96I	SBS96J
A[C>A]A	0.00525477	0.00118274	0.00707596	0.02475647	0.03936839	0.05485934	0.06314153	0.13374328	0.02572735	0.05624072
A[C>A]C	0.00265060	0.00282126	0.00364871	0.01471171	0.00211409	0.00420933	0.00510081	0.00520662	0.00632406	0.00469472
A[C>A]G	0.00080690	0.00052118	0.00069419	0.00714371	0.00082653	0.00086458	0.00449027	0.00529087	0.00568736	0.00221342
A[C>A]T	0.00894372	0.00779942	0.00795576	0.01585834	0.01390689	0.01886413	0.02215650	0.01772813	0.01019390	0.02738272
A[C>G]A	0.00205396	0.00291547	0.00235659	0.01048478	0.00293913	0.00000000	0.00236034	0.00289536	0.00741251	0.00056797
A[C>G]C	0.00102820	0.00176521	0.00257793	0.00867268	0.00173618	0.00551796	0.00131108	0.00194851	0.00339331	0.00010417
A[C>G]G	0.00032097	0.00029655	0.00046859	0.00969124	0.00224417	0.00192592	0.00041572	0.00190501	0.01163388	0.00010576
A[C>G]T	0.00457487	0.00369256	0.00506523	0.01191172	0.00033613	0.00188485	0.00195863	0.00414942	0.01579074	0.00047604
A[C>T]A	0.06499976	0.06614126	0.01490919	0.01681441	0.08521820	0.05352449	0.02395247	0.02521481	0.03071992	0.02751693
A[C>T]C	0.01938864	0.01764729	0.01104558	0.00932275	0.04073919	0.00331387	0.00968590	0.00852866	0.01014672	0.01065090
A[C>T]G	0.02727537	0.03279700	0.01569087	0.00787358	0.01348121	0.07235617	0.00532472	0.01223393	0.01447713	0.01141309
A[C>T]T	0.02761554	0.03145478	0.01074218	0.01565247	0.01568046	0.00901931	0.00682279	0.01132229	0.01535812	0.00565125
A[T>A]A	0.00082113	0.00123364	0.00338882	0.00903789	0.00101657	0.00505620	0.00439979	0.00351303	0.00363721	0.00050127
A[T>A]C	0.00118346	0.00146376	0.00206495	0.00574865	0.00101646	0.00215121	0.00181732	0.00044238	0.00200612	0.00000000
A[T>A]G	0.00058782	0.00094056	0.00072619	0.00592889	0.00324266	0.00222593	0.00000000	0.00189203	0.00242018	0.00079981
A[T>A]T	0.01463730	0.01867907	0.02168639	0.00705613	0.00267458	0.00222357	0.00434564	0.00453334	0.01263826	0.00262499
A[T>C]A	0.02178850	0.02074731	0.05460595	0.04370719	0.00436924	0.00038950	0.00367874	0.00818013	0.04729038	0.00084114
A[T>C]C	0.01011469	0.00891515	0.02539048	0.00538065	0.00000000	0.00198547	0.00020655	0.00222913	0.00736997	0.00000000
A[T>C]G	0.02967570	0.03054057	0.06754962	0.01224324	0.00065916	0.00308667	0.00545442	0.00457305	0.02231553	0.00416355
A[T>C]T	0.00874414	0.00598899	0.01624884	0.01731363	0.01065546	0.00444355	0.00340765	0.00250321	0.01719534	0.00814018
A[T>G]A	0.00021092	0.00026993	0.00027615	0.00291703	0.00000000	0.00000822	0.00634855	0.00023533	0.00142912	0.00057544
A[T>G]C	0.00055655	0.00029948	0.00173418	0.00160780	0.00000000	0.00107056	0.00096094	0.00017429	0.00184491	0.00163631
A[T>G]G	0.00091136	0.00065335	0.00166839	0.00505513	0.00000000	0.00262900	0.00000000	0.00022713	0.00465049	0.00077505
A[T>G]T	0.00212462	0.00152703	0.00367135	0.00545221	0.00285868	0.00000000	0.00150573	0.00280790	0.00575650	0.00079291
C[C>A]A	0.02037946	0.02044432	0.01196855	0.01303620	0.01806793	0.02728110	0.04875471	0.02719325	0.01974853	0.03700853
C[C>A]C	0.02762813	0.03360929	0.01954316	0.00855142	0.00376424	0.00679376	0.00219800	0.00997802	0.01303572	0.00317642
C[C>A]G	0.00520646	0.00395995	0.00742565	0.00847739	0.00544162	0.00117313	0.00467090	0.00254740	0.00391159	0.00590614
C[C>A]T	0.09652822	0.09558983	0.03780473	0.00825390	0.01386790	0.01447904	0.01477948	0.04288728	0.02922543	0.00532653
C[C>G]A	0.00024070	0.00015148	0.00050419	0.01149488	0.00165234	0.00090521	0.00211033	0.00007505	0.00771366	0.00188395
C[C>G]C	0.00020563	0.00003358	0.00002627	0.00336176	0.00454747	0.00002750	0.00282426	0.00040757	0.00200170	0.00000000
C[C>G]G	0.00033555	0.00010299	0.00067992	0.00379241	0.00000000	0.00314374	0.00186419	0.00006940	0.00422838	0.00177264
C[C>G]T	0.00038028	0.00039323	0.00024003	0.00990539	0.00073559	0.00251117	0.00080637	0.00061648	0.00696593	0.00023966
C[C>T]A	0.01075071	0.00963414	0.00596858	0.02173404	0.05481535	0.02137637	0.03420149	0.01838809	0.01363918	0.00301323
C[C>T]C	0.01060189	0.01362906	0.00841851	0.00867519	0.03610670	0.01265011	0.00854187	0.00353962	0.00745909	0.02792975
C[C>T]G	0.01599308	0.02377176	0.00917119	0.00656660	0.00728055	0.05449276	0.00622216	0.00681348	0.00809408	0.01323000
C[C>T]T	0.01145256	0.01385146	0.00805097	0.01874348	0.03219422	0.01267926	0.00679892	0.00632927	0.01222072	0.00671329
C[T>A]A	0.00050768	0.00047535	0.00100277	0.01014606	0.00143676	0.00221740	0.00075758	0.00063655	0.00602575	0.00229697
C[T>A]C	0.00213254	0.00205995	0.00311996	0.00786015	0.00144985	0.00002085	0.00087244	0.00056838	0.00450098	0.00247503
C[T>A]G	0.00089955	0.00123495	0.00214443	0.00938696	0.00000000	0.00096135	0.00112289	0.00020698	0.00687892	0.00109516
C[T>A]T	0.00139613	0.00057078	0.00196882	0.00679801	0.00256610	0.00280072	0.00345886	0.00144297	0.00582457	0.00000000
C[T>C]A	0.01880085	0.01694758	0.03626981	0.01491606	0.00237654	0.00094359	0.00458293	0.00593815	0.01428248	0.00024898
C[T>C]C	0.01349474	0.00951400	0.02746806	0.00666034	0.00002582	0.00041041	0.00144115	0.00258924	0.00728841	0.00000000
C[T>C]G	0.03755088	0.03049963	0.06983664	0.00497794	0.00006938	0.00014085	0.00570208	0.00763630	0.01041229	0.00050307
C[T>C]T	0.01197114	0.01176784	0.02499317	0.01144528	0.00000000	0.00467234	0.00333403	0.00208659	0.01475119	0.00212064
C[T>G]A	0.00090458	0.00078652	0.00072750	0.00124948	0.00072854	0.00199961	0.00168042	0.00031355	0.00148527	0.00432513
C[T>G]C	0.00301541	0.00374426	0.00555264	0.00263981	0.00179042	0.00000000	0.00030066	0.00058646	0.00269315	0.00000000
C[T>G]G	0.00385557	0.00354779	0.00866061	0.00706232	0.00141150	0.00071505	0.00182076	0.00062624	0.00567320	0.00042135
C[T>G]T	0.00570134	0.00616816	0.00875266	0.00374951	0.00250579	0.00261791	0.00308926	0.00265117	0.00326703	0.00000000
G[C>A]A	0.00941397	0.00432599	0.00792360	0.03641630	0.05953592	0.09075845	0.18153577	0.18721369	0.02918830	0.42142961
G[C>A]C	0.00468729	0.00406559	0.00661219	0.01255328	0.00308320	0.00917306	0.00969445	0.00789272	0.00554433	0.03381799
G[C>A]G	0.00222587	0.00055702	0.00098293	0.00446610	0.00312632	0.00307444	0.00675319	0.01009330	0.00492116	0.00447982
G[C>A]T	0.01741741	0.01321729	0.01004271	0.02445324	0.03525617	0.06538692	0.06796744	0.08124114	0.01951247	0.04444128
G[C>G]A	0.00065498	0.00062402	0.00142370	0.00847843	0.00424063	0.00000000	0.00250418	0.00268562	0.00693144	0.00260726
G[C>G]C	0.00192761	0.00139127	0.00335369	0.00491551	0.00100915	0.00324670	0.00087680	0.00083570	0.00376301	0.00396450
G[C>G]G	0.00009496	0.00004874	0.00010494	0.00190156	0.00001781	0.00122371	0.00062077	0.00010083	0.00327771	0.00136714
G[C>G]T	0.00150088	0.00136673	0.00356342	0.01015749	0.00301660	0.00071260	0.00219909	0.00021178	0.00990060	0.00520520
G[C>T]A	0.06844326	0.08372185	0.01371203	0.01430424	0.04752601	0.02575466	0.00467932	0.02626842	0.02516696	0.00679525
G[C>T]C	0.05222023	0.05315598	0.02365824	0.00494953	0.02723744	0.00150971	0.00414101	0.01615430	0.01481497	0.00041839
G[C>T]G	0.03428139	0.04365955	0.03109344	0.00469185	0.00549725	0.03955920	0.01142982	0.01264748	0.01186349	0.01387732
G[C>T]T	0.05015268	0.05908529	0.01526435	0.01389127	0.02559802	0.00348169	0.00001618	0.01994580	0.02082771	0.00350344
G[T>A]A	0.00017596	0.00042718	0.00102408	0.00579485	0.00001794	0.00018192	0.00000000	0.00011287	0.00267178	0.00009755
G[T>A]C	0.00095544	0.00065922	0.00237323	0.00536551	0.00080109	0.00080515	0.00121859	0.00032915	0.00211263	0.00195545
G[T>A]G	0.00068948	0.00072895	0.00075646	0.00671006	0.00195803	0.00001988	0.00000000	0.00028777	0.00386613	0.00022270
G[T>A]T	0.00214946	0.00214215	0.00261967	0.00530149	0.00094927	0.00065247	0.00160346	0.00070013	0.00604420	0.00337831
G[T>C]A	0.01327251	0.01103292	0.03282307	0.00672427	0.00182893	0.00161141	0.00000000	0.00214744	0.00891092	0.00095733
G[T>C]C	0.00768286	0.00557885	0.01511217	0.00220523	0.00014049	0.00000000	0.00063186	0.00284935	0.00358674	0.00060221
G[T>C]G	0.01686312	0.01854418	0.02546444	0.00201154	0.00119993	0.00468737	0.00054166	0.00365947	0.00868103	0.00000000
G[T>C]T	0.00662472	0.00538318	0.01685742	0.00552948	0.00009800	0.00281512	0.00160649	0.00099847	0.00913990	0.00071243
G[T>G]A	0.00017790	0.00001273	0.00020491	0.00205441	0.00000000	0.00001931	0.00176515	0.00041601	0.00025916	0.00036744
G[T>G]C	0.00031776	0.00003720	0.00037840	0.00124164	0.00230985	0.00000037	0.00453481	0.00000000	0.00072592	0.00077830
G[T>G]G	0.00010292	0.00007595	0.00053412	0.00560965	0.00069742	0.00146299	0.00038319	0.00050298	0.00540627	0.00000000
G[T>G]T	0.00117103	0.00079960	0.00285526	0.00373666	0.00229915	0.00229764	0.00066442	0.00018950	0.00349448	0.00040355
T[C>A]A	0.00514724	0.00395398	0.00548697	0.03075043	0.04113271	0.05007928	0.07541942	0.04618569	0.02428611	0.01998265
T[C>A]C	0.00539998	0.00416575	0.00445694	0.02005419	0.01022033	0.02637326	0.02961823	0.01712894	0.02080899	0.00472271
T[C>A]G	0.00165708	0.00085072	0.00133150	0.00408516	0.00033124	0.00952680	0.00522992	0.00882886	0.00442402	0.00248331
T[C>A]T	0.02924653	0.01719278	0.01977762	0.03659453	0.08371037	0.12885258	0.14456466	0.08995650	0.03735889	0.03551136
T[C>G]A	0.00055226	0.00018749	0.00079517	0.01295028	0.00614381	0.00070393	0.00131673	0.00088610	0.01159692	0.00000000
T[C>G]C	0.00046328	0.00034978	0.00144130	0.00570517	0.00255250	0.00000000	0.00348757	0.00034946	0.00505962	0.00281005
T[C>G]G	0.00007377	0.00000714	0.00026233	0.00437456	0.00076566	0.00244613	0.00137757	0.00089581	0.00297809	0.00000000
T[C>G]T	0.00143697	0.00169143	0.00166382	0.01516500	0.00517520	0.00134920	0.00557143	0.00106613	0.01536151	0.01387132
T[C>T]A	0.01000737	0.00913884	0.00501864	0.02268585	0.05890284	0.02181587	0.01449716	0.00566878	0.01342527	0.02651947
T[C>T]C	0.00860704	0.00998085	0.00529280	0.01388904	0.03375137	0.00676247	0.00860909	0.00459325	0.01193936	0.01757323
T[C>T]G	0.00859457	0.01126309	0.00303980	0.00573657	0.00499233	0.02587870	0.01068894	0.01094286	0.01106754	0.00049185
T[C>T]T	0.00911271	0.01097474	0.00627203	0.01764147	0.04116508	0.00482284	0.00304138	0.00713779	0.01507600	0.00194353
T[T>A]A	0.00361812	0.00254489	0.00775075	0.01698521	0.00247116	0.00418870	0.00532328	0.00377431	0.01334665	0.00143141
T[T>A]C	0.00042587	0.00047071	0.00083052	0.01438490	0.00161995	0.00077880	0.00003222	0.00057309	0.00928395	0.00101888
T[T>A]G	0.00063574	0.00044096	0.00062433	0.01113020	0.00356945	0.00396663	0.00067910	0.00202762	0.00525023	0.00245971
T[T>A]T	0.00344321	0.00226301	0.00532530	0.02043159	0.00470987	0.00356995	0.00875705	0.00147911	0.01904781	0.00425269
T[T>C]A	0.01754438	0.00999158	0.03397842	0.02419726	0.00812613	0.00046400	0.01362576	0.00462805	0.02895129	0.00076345
T[T>C]C	0.01145547	0.00815175	0.02953220	0.00468104	0.00125636	0.00275915	0.00015985	0.00227989	0.00692288	0.00026538
T[T>C]G	0.01664405	0.01775007	0.03157313	0.00525296	0.00066154	0.00232346	0.00531054	0.00335891	0.00831418	0.00084363
T[T>C]T	0.01216204	0.01109354	0.02742350	0.01399076	0.01136145	0.00919846	0.00520460	0.00275700	0.01289474	0.00025358
T[T>G]A	0.00001947	0.00011750	0.00003750	0.00424096	0.00192710	0.00166806	0.00286092	0.00003890	0.00217171	0.00838839
T[T>G]C	0.00062967	0.00066430	0.00169766	0.00280136	0.00073608	0.00238701	0.00239516	0.00016362	0.00171449	0.00000000
T[T>G]G	0.00126499	0.00136388	0.00248979	0.00413769	0.00220160	0.00215985	0.00117214	0.00077139	0.00228553	0.00120842
T[T>G]T	0.00245192	0.00196834	0.00361854	0.01084336	0.00715327	0.00286707	0.00490780	0.00141867	0.00907667	0.01426769
