MutationType	SBS96A	SBS96B	SBS96C	SBS96D	SBS96E	SBS96F	SBS96G	SBS96H	SBS96I	SBS96J	SBS96K	SBS96L	SBS96M	SBS96N	SBS96O	SBS96P	SBS96Q	SBS96R	SBS96S	SBS96T	SBS96U
A[C>A]A	1.93E-04	1.40E-46	8.86E-06	2.13E-04	0.00E+00	8.09E-03	8.80E-05	2.09E-04	0.00E+00	1.23E-04	1.63E-04	2.26E-08	1.35E-04	5.27E-03	7.75E-05	2.67E-03	2.29E-04	3.17E-03	6.03E-03	1.13E-02	1.69E-03
A[C>A]C	4.07E-04	8.53E-05	2.68E-04	1.40E-46	1.35E-04	4.17E-03	1.51E-03	6.74E-04	7.45E-04	5.13E-04	6.47E-04	2.16E-03	5.95E-04	1.39E-02	6.05E-05	2.96E-03	6.74E-05	7.68E-03	3.80E-03	8.63E-03	1.72E-03
A[C>A]G	1.73E-04	0.00E+00	0.00E+00	0.00E+00	0.00E+00	5.59E-03	2.27E-04	1.40E-46	8.91E-09	9.05E-06	1.72E-04	1.79E-04	1.40E-46	4.24E-03	6.37E-05	2.19E-04	1.28E-04	3.54E-03	1.73E-03	4.08E-03	1.17E-04
A[C>A]T	2.03E-03	0.00E+00	4.04E-09	1.04E-07	1.87E-46	2.33E-02	1.57E-02	8.40E-05	3.06E-04	2.22E-04	4.45E-04	4.05E-03	6.21E-07	2.51E-02	0.00E+00	1.36E-07	7.15E-06	7.35E-03	1.70E-03	2.07E-05	4.64E-05
A[C>G]A	7.86E-05	3.45E-04	1.07E-04	6.15E-04	2.29E-46	2.73E-04	1.11E-04	1.72E-04	2.82E-04	6.45E-05	0.00E+00	2.58E-04	6.82E-04	1.40E-04	2.78E-04	1.27E-03	1.02E-04	1.44E-03	2.12E-03	6.66E-04	1.40E-46
A[C>G]C	1.33E-05	8.47E-05	7.71E-05	1.80E-04	2.37E-04	1.06E-03	2.85E-05	9.39E-05	1.70E-04	2.65E-04	1.59E-04	0.00E+00	3.33E-28	2.68E-04	1.28E-04	5.02E-03	2.23E-04	3.16E-04	2.43E-03	2.50E-03	6.13E-04
A[C>G]G	5.49E-06	0.00E+00	0.00E+00	9.26E-06	0.00E+00	1.32E-04	2.23E-05	1.70E-05	5.51E-05	1.40E-46	1.10E-04	7.86E-05	5.04E-05	0.00E+00	1.09E-04	8.86E-04	3.67E-05	1.26E-04	2.13E-03	7.73E-04	7.19E-09
A[C>G]T	3.92E-05	9.99E-05	2.04E-05	2.94E-04	6.71E-05	1.92E-03	0.00E+00	4.77E-05	1.50E-04	1.81E-04	4.43E-04	0.00E+00	2.29E-04	1.26E-04	1.19E-04	5.46E-03	1.96E-04	1.07E-03	2.54E-03	1.19E-03	1.28E-03
A[C>T]A	1.97E-04	4.61E-28	2.32E-04	5.71E-04	0.00E+00	1.69E-02	2.24E-03	2.02E-04	1.88E-02	2.16E-08	1.72E-04	5.67E-03	6.27E-04	6.83E-03	4.53E-04	1.03E-02	5.98E-04	8.93E-04	1.90E-03	1.25E-02	3.99E-08
A[C>T]C	6.12E-04	2.31E-03	1.00E-04	4.18E-46	6.73E-03	1.68E-02	4.46E-03	1.23E-03	8.35E-03	9.90E-04	2.52E-04	1.58E-02	3.02E-04	1.01E-02	0.00E+00	6.97E-03	2.25E-04	1.18E-02	0.00E+00	3.13E-46	2.89E-03
A[C>T]G	4.29E-03	4.95E-03	1.03E-17	7.03E-02	1.19E-02	1.27E-01	2.51E-02	1.40E-03	1.17E-02	2.76E-03	4.54E-04	2.73E-07	3.40E-04	7.96E-03	2.14E-46	2.07E-05	1.24E-03	5.44E-03	1.41E-03	1.48E-02	6.52E-03
A[C>T]T	7.24E-04	8.75E-04	7.41E-04	1.72E-04	9.56E-04	2.19E-02	1.07E-03	1.37E-03	7.74E-03	5.37E-04	3.90E-04	1.33E-02	6.40E-04	9.70E-03	2.52E-05	5.40E-03	4.85E-04	2.96E-03	5.23E-04	1.95E-03	2.36E-03
A[T>A]A	1.15E-04	2.23E-08	2.12E-08	1.78E-09	1.87E-46	2.48E-04	8.49E-05	1.62E-04	9.40E-05	1.37E-03	0.00E+00	2.00E-04	4.67E-04	7.76E-04	1.65E-05	1.49E-08	1.96E-09	4.27E-04	1.78E-03	7.17E-08	7.17E-03
A[T>A]C	2.24E-05	1.50E-04	1.02E-08	2.78E-05	5.71E-04	4.99E-04	4.31E-04	5.56E-05	1.51E-08	3.07E-03	1.19E-04	3.90E-08	7.00E-05	1.51E-04	3.37E-05	8.51E-04	1.74E-04	2.07E-04	1.57E-03	1.27E-03	1.30E-02
A[T>A]G	0.00E+00	0.00E+00	0.00E+00	0.00E+00	5.70E-05	6.91E-03	7.29E-05	0.00E+00	6.08E-05	1.68E-04	2.40E-04	1.18E-04	3.45E-04	1.47E-03	9.09E-05	3.04E-03	3.13E-04	4.72E-05	2.96E-03	4.67E-03	3.93E-03
A[T>A]T	3.42E-04	6.04E-04	4.39E-09	1.56E-04	1.87E-46	2.80E-03	1.83E-03	8.03E-04	1.19E-03	3.35E-04	1.51E-03	9.36E-05	8.01E-08	4.18E-03	1.81E-05	2.78E-03	2.54E-04	2.01E-03	1.31E-03	1.78E-03	5.87E-03
A[T>C]A	2.34E-05	3.55E-04	1.44E-04	4.63E-04	1.33E-03	6.49E-03	1.08E-03	1.16E-03	2.45E-03	3.25E-03	2.60E-03	2.34E-03	1.31E-02	9.55E-04	1.65E-05	3.15E-02	0.00E+00	1.28E-02	3.22E-03	3.29E-03	2.76E-03
A[T>C]C	1.54E-04	4.44E-04	3.56E-04	1.17E-04	5.00E-03	9.75E-03	4.39E-04	1.69E-03	4.28E-46	3.75E-03	2.70E-03	8.12E-04	9.67E-03	2.19E-03	1.05E-04	2.33E-04	5.67E-04	1.09E-02	1.69E-03	3.14E-03	1.09E-02
A[T>C]G	3.13E-46	2.04E-07	1.46E-07	4.20E-04	7.08E-04	1.89E-03	1.35E-03	9.66E-04	1.85E-03	3.20E-03	1.16E-02	9.06E-06	1.72E-04	2.27E-03	5.10E-05	3.75E-03	0.00E+00	2.15E-02	7.67E-04	1.06E-08	8.74E-03
A[T>C]T	3.06E-04	0.00E+00	2.14E-46	1.87E-46	5.86E-05	3.04E-03	7.34E-04	1.87E-03	1.03E-04	4.43E-03	1.70E-03	3.09E-03	1.59E-02	8.97E-03	7.09E-05	3.79E-02	1.46E-04	3.33E-03	4.21E-03	1.25E-02	1.02E-03
A[T>G]A	0.00E+00	0.00E+00	0.00E+00	0.00E+00	0.00E+00	4.21E-04	1.68E-05	7.61E-04	0.00E+00	1.03E-04	5.75E-05	0.00E+00	5.35E-04	2.01E-03	7.80E-05	4.74E-04	3.76E-04	3.52E-03	6.91E-04	1.63E-03	1.00E-03
A[T>G]C	0.00E+00	0.00E+00	1.40E-46	9.11E-05	3.99E-04	1.73E-03	5.42E-04	7.00E-04	0.00E+00	6.04E-04	3.85E-04	0.00E+00	1.03E-03	1.10E-03	5.36E-05	4.65E-04	3.31E-04	1.85E-03	6.81E-04	5.26E-04	2.00E-03
A[T>G]G	5.95E-05	1.15E-05	1.40E-04	7.37E-05	1.97E-04	4.23E-04	3.10E-04	4.37E-04	0.00E+00	1.93E-04	2.11E-04	0.00E+00	7.89E-04	7.33E-04	3.25E-05	1.10E-03	3.02E-04	1.60E-03	9.46E-04	2.07E-03	6.81E-04
A[T>G]T	5.20E-04	0.00E+00	3.46E-08	0.00E+00	6.49E-04	3.87E-03	3.03E-03	2.60E-03	1.40E-46	1.69E-04	7.80E-07	6.38E-06	6.71E-05	5.69E-03	1.01E-05	1.40E-46	7.31E-04	1.55E-03	0.00E+00	1.37E-07	1.43E-04
C[C>A]A	4.70E-04	1.41E-05	4.37E-04	1.32E-23	6.18E-04	1.46E-03	5.30E-03	3.54E-04	7.97E-04	5.20E-04	3.42E-03	1.40E-46	8.36E-08	6.95E-04	1.89E-04	1.20E-02	3.10E-04	1.07E-02	3.94E-03	1.43E-02	8.51E-06
C[C>A]C	6.89E-08	1.95E-04	1.89E-05	1.99E-04	4.26E-04	8.52E-04	6.39E-03	3.04E-04	6.15E-03	6.19E-05	9.77E-03	9.65E-08	1.22E-07	5.58E-03	3.36E-05	3.90E-02	1.18E-04	4.56E-04	4.22E-03	8.18E-03	4.76E-04
C[C>A]G	1.61E-04	6.51E-04	0.00E+00	9.83E-05	1.19E-04	4.37E-06	2.47E-03	0.00E+00	2.19E-03	4.85E-08	4.91E-03	1.01E-04	2.12E-08	9.71E-04	1.26E-05	2.32E-02	0.00E+00	8.41E-46	1.62E-03	6.59E-03	8.41E-04
C[C>A]T	1.07E-03	7.69E-07	6.25E-07	9.64E-08	3.21E-07	5.38E-05	4.75E-02	5.30E-07	1.62E-04	1.91E-06	4.50E-07	4.12E-05	1.65E-07	5.40E-04	0.00E+00	4.52E-02	0.00E+00	9.72E-08	7.21E-08	2.15E-07	4.18E-07
C[C>G]A	0.00E+00	0.00E+00	0.00E+00	7.62E-06	0.00E+00	2.37E-08	0.00E+00	0.00E+00	0.00E+00	3.32E-06	0.00E+00	7.52E-05	2.07E-06	3.97E-05	3.29E-04	1.00E-05	3.91E-04	1.96E-07	2.79E-03	3.98E-04	4.47E-05
C[C>G]C	1.40E-46	0.00E+00	1.53E-05	0.00E+00	5.62E-05	5.19E-05	4.20E-46	1.34E-05	0.00E+00	6.49E-05	0.00E+00	0.00E+00	1.40E-46	0.00E+00	1.30E-04	9.96E-06	1.79E-04	3.34E-05	2.77E-03	1.22E-07	2.38E-04
C[C>G]G	0.00E+00	9.90E-07	0.00E+00	2.03E-05	0.00E+00	0.00E+00	4.47E-05	0.00E+00	2.52E-04	0.00E+00	1.52E-04	1.41E-04	1.40E-46	1.40E-46	5.53E-05	1.29E-03	3.01E-05	1.59E-05	2.33E-03	7.64E-05	1.47E-05
C[C>G]T	3.36E-05	1.38E-06	6.94E-05	4.28E-46	1.66E-05	1.45E-05	0.00E+00	5.53E-05	0.00E+00	7.09E-05	6.62E-06	2.68E-06	1.40E-46	0.00E+00	3.06E-04	6.72E-06	2.02E-05	3.26E-04	3.95E-03	1.36E-08	1.53E-04
C[C>T]A	1.87E-46	1.08E-04	2.15E-04	3.86E-04	2.59E-04	2.52E-03	8.01E-04	1.49E-06	3.69E-03	8.29E-04	1.56E-03	2.16E-02	4.58E-03	5.62E-46	1.35E-03	9.32E-03	1.24E-03	1.99E-04	2.89E-03	2.73E-02	4.52E-03
C[C>T]C	2.07E-04	3.95E-07	2.29E-46	2.82E-04	5.29E-03	2.88E-03	4.10E-03	2.04E-04	1.87E-03	1.82E-03	2.46E-03	3.37E-02	4.18E-07	1.61E-07	2.61E-04	8.71E-03	4.96E-04	1.26E-03	1.16E-07	2.10E-02	2.72E-04
C[C>T]G	7.00E-04	9.78E-08	1.81E-03	7.39E-02	5.68E-03	5.57E-03	9.74E-03	3.27E-03	3.49E-03	2.30E-03	3.64E-03	2.33E-02	1.32E-03	3.44E-02	4.19E-04	2.48E-02	8.67E-04	4.04E-02	3.93E-07	2.27E-07	1.86E-06
C[C>T]T	2.14E-04	2.26E-04	3.64E-45	1.50E-08	3.42E-03	6.47E-03	5.00E-03	9.80E-04	1.37E-03	9.18E-04	2.07E-03	1.95E-02	3.53E-03	4.45E-03	5.29E-04	1.12E-02	5.77E-04	3.95E-02	3.37E-03	1.87E-02	2.30E-03
C[T>A]A	1.24E-05	0.00E+00	1.40E-46	0.00E+00	0.00E+00	3.15E-03	1.93E-05	3.38E-05	0.00E+00	3.77E-04	0.00E+00	2.26E-05	5.41E-05	6.04E-08	6.08E-05	2.55E-05	1.96E-04	1.39E-07	1.21E-03	6.10E-04	3.16E-03
C[T>A]C	0.00E+00	1.90E-04	0.00E+00	9.50E-06	3.34E-04	9.28E-04	5.13E-04	2.10E-05	5.73E-04	7.77E-04	8.55E-04	4.42E-04	7.42E-11	1.47E-03	3.79E-05	2.45E-03	5.96E-04	1.40E-46	1.15E-03	2.76E-04	4.54E-03
C[T>A]G	1.01E-04	1.40E-46	1.40E-46	8.16E-07	1.40E-46	8.18E-03	1.44E-04	1.16E-04	5.88E-06	4.59E-04	3.84E-04	1.33E-07	5.98E-05	1.68E-03	7.67E-05	2.02E-03	3.29E-04	1.79E-03	3.33E-03	8.27E-04	5.84E-03
C[T>A]T	1.47E-04	0.00E+00	0.00E+00	2.82E-09	0.00E+00	6.80E-03	6.52E-04	1.40E-46	0.00E+00	1.42E-04	2.37E-04	1.45E-03	1.95E-09	1.65E-03	0.00E+00	7.25E-04	8.84E-04	1.67E-03	2.44E-03	2.96E-03	3.10E-03
C[T>C]A	1.58E-05	2.29E-46	1.40E-46	1.19E-04	0.00E+00	2.45E-07	3.02E-04	3.35E-04	5.19E-04	2.85E-03	2.88E-03	1.21E-04	8.47E-04	6.85E-09	1.51E-06	3.79E-03	8.23E-04	3.17E-04	5.58E-04	1.19E-04	6.16E-03
C[T>C]C	1.38E-04	1.82E-04	1.87E-46	9.97E-05	1.64E-03	3.55E-03	3.63E-04	8.56E-46	1.40E-46	2.42E-03	4.02E-03	4.59E-03	5.55E-03	2.08E-03	7.68E-06	3.04E-03	1.52E-03	2.88E-03	1.05E-03	3.68E-03	3.36E-03
C[T>C]G	3.26E-05	2.35E-07	2.96E-07	2.78E-08	6.72E-04	3.97E-06	6.77E-04	5.45E-04	7.78E-04	5.27E-03	8.60E-03	5.66E-04	1.93E-08	1.88E-08	0.00E+00	6.18E-03	1.88E-03	2.51E-04	1.40E-46	8.52E-08	1.78E-06
C[T>C]T	5.17E-05	0.00E+00	0.00E+00	1.33E-08	0.00E+00	2.87E-03	5.61E-46	3.74E-46	2.60E-04	2.40E-03	4.20E-03	3.50E-03	8.95E-03	2.65E-03	1.10E-04	1.99E-03	3.22E-03	1.20E-03	3.31E-04	2.70E-03	4.46E-03
C[T>G]A	1.40E-46	1.65E-05	2.14E-46	1.40E-05	1.03E-04	1.02E-04	0.00E+00	3.63E-04	0.00E+00	1.16E-04	2.69E-04	1.01E-04	5.14E-04	1.45E-03	4.79E-06	1.51E-03	2.43E-04	2.51E-03	6.32E-04	1.24E-03	4.50E-04
C[T>G]C	1.40E-46	2.51E-04	7.72E-05	5.48E-04	7.12E-04	1.33E-03	2.79E-04	7.21E-04	2.34E-07	3.47E-04	2.95E-03	0.00E+00	2.12E-04	9.49E-04	2.57E-05	7.99E-03	4.50E-04	1.07E-02	1.79E-03	1.87E-46	2.81E-04
C[T>G]G	9.66E-05	6.68E-04	1.68E-04	2.81E-04	5.47E-04	1.63E-03	7.19E-04	1.17E-03	0.00E+00	4.51E-05	3.71E-03	0.00E+00	5.03E-09	5.07E-04	0.00E+00	6.15E-03	9.48E-04	1.66E-02	2.65E-03	2.80E-04	9.71E-09
C[T>G]T	9.23E-04	8.70E-08	6.70E-07	9.85E-44	2.19E-03	1.26E-05	1.86E-03	4.33E-03	4.83E-08	2.35E-04	1.87E-46	3.62E-08	1.23E-07	5.94E-07	0.00E+00	7.29E-09	5.58E-03	4.05E-03	1.40E-46	0.00E+00	3.10E-08
G[C>A]A	2.37E-04	2.41E-04	4.11E-04	1.40E-46	7.21E-04	9.17E-04	4.06E-04	3.85E-04	5.49E-05	1.63E-04	0.00E+00	5.03E-08	5.64E-08	1.61E-03	0.00E+00	2.43E-03	6.70E-04	1.03E-03	6.47E-03	1.84E-02	2.69E-04
G[C>A]C	1.18E-05	5.41E-04	2.80E-46	1.45E-04	2.04E-03	6.48E-03	1.06E-03	6.57E-04	3.00E-04	5.85E-04	5.14E-04	1.02E-03	2.16E-20	3.34E-03	1.11E-04	3.56E-03	2.23E-05	3.29E-03	3.07E-03	7.78E-03	4.81E-03
G[C>A]G	0.00E+00	5.24E-04	0.00E+00	2.32E-04	6.43E-04	1.68E-03	1.88E-04	0.00E+00	3.47E-04	1.96E-04	5.03E-04	0.00E+00	2.70E-04	6.59E-04	7.11E-05	3.07E-03	2.44E-04	1.41E-04	1.76E-03	6.06E-03	7.16E-04
G[C>A]T	9.28E-04	4.88E-04	1.95E-07	2.99E-46	3.10E-03	1.26E-02	1.57E-02	4.81E-05	3.40E-07	9.93E-07	2.21E-07	7.22E-08	2.14E-07	4.14E-02	0.00E+00	1.21E-06	0.00E+00	2.05E-02	6.66E-08	2.67E-06	3.39E-07
G[C>G]A	4.80E-05	2.09E-04	1.08E-04	2.46E-04	1.38E-04	2.88E-04	2.86E-04	7.22E-05	1.73E-05	9.25E-05	1.87E-46	3.51E-04	8.91E-04	9.59E-05	1.44E-04	1.40E-46	3.48E-04	3.76E-04	1.60E-03	9.20E-04	3.15E-04
G[C>G]C	7.07E-05	2.18E-04	9.71E-05	3.03E-04	4.16E-04	3.56E-03	1.40E-46	1.24E-04	1.68E-04	4.31E-04	1.14E-03	0.00E+00	1.25E-04	0.00E+00	1.27E-04	4.74E-03	0.00E+00	1.12E-04	1.89E-03	3.13E-03	3.15E-03
G[C>G]G	0.00E+00	5.00E-06	0.00E+00	5.17E-05	1.40E-46	1.46E-04	1.40E-46	4.83E-06	2.73E-05	1.40E-46	1.24E-04	1.23E-07	0.00E+00	2.66E-04	7.96E-05	1.43E-03	1.21E-05	4.15E-05	1.29E-03	7.27E-04	8.86E-04
G[C>G]T	8.51E-05	2.11E-04	1.29E-04	1.96E-04	3.07E-04	1.58E-04	8.16E-05	5.42E-05	4.09E-04	1.63E-04	1.40E-46	0.00E+00	4.69E-46	1.19E-04	2.81E-04	2.28E-03	5.25E-05	4.09E-04	3.73E-03	1.25E-03	4.44E-04
G[C>T]A	2.27E-04	1.87E-07	4.20E-46	2.53E-07	1.24E-02	3.41E-07	2.76E-03	5.18E-04	1.90E-02	2.27E-03	6.08E-04	2.35E-08	1.29E-07	4.19E-03	6.99E-04	7.35E-03	5.52E-04	2.94E-07	2.03E-07	1.90E-08	4.42E-03
G[C>T]C	2.91E-03	1.23E-02	9.28E-07	7.72E-07	4.50E-02	1.39E-07	1.93E-03	2.11E-03	3.36E-02	4.81E-03	1.51E-03	2.01E-07	1.05E-06	5.73E-07	6.35E-07	6.26E-04	2.72E-05	2.76E-04	0.00E+00	8.80E-08	4.82E-03
G[C>T]G	3.45E-03	1.68E-02	4.53E-04	2.19E-02	8.89E-03	1.78E-02	1.28E-02	5.62E-03	7.10E-07	3.83E-03	2.85E-03	3.67E-04	6.09E-07	1.79E-03	1.40E-46	5.22E-07	9.54E-04	1.22E-02	1.05E-07	2.85E-08	2.42E-07
G[C>T]T	3.20E-03	2.31E-07	3.40E-03	3.08E-07	1.52E-02	2.54E-02	1.39E-03	3.77E-03	1.50E-02	1.57E-03	2.43E-08	7.67E-03	3.62E-08	6.53E-03	6.49E-07	3.20E-04	0.00E+00	8.07E-03	2.57E-07	1.40E-46	3.10E-46
G[T>A]A	1.54E-05	0.00E+00	3.01E-05	1.43E-05	7.10E-05	2.60E-03	0.00E+00	6.90E-05	0.00E+00	7.60E-04	7.62E-05	3.57E-08	3.02E-05	2.01E-07	8.17E-05	1.13E-04	0.00E+00	1.38E-04	1.54E-03	3.42E-04	4.47E-03
G[T>A]C	0.00E+00	3.58E-05	0.00E+00	2.99E-06	8.57E-04	3.32E-04	7.06E-04	0.00E+00	1.69E-04	1.99E-03	3.77E-04	3.67E-04	1.94E-05	1.34E-03	9.32E-05	7.53E-04	4.45E-04	2.53E-04	1.67E-03	0.00E+00	8.75E-03
G[T>A]G	0.00E+00	0.00E+00	0.00E+00	1.87E-46	7.30E-06	6.28E-08	1.53E-08	0.00E+00	2.76E-04	8.32E-04	2.12E-04	3.22E-04	4.29E-09	6.11E-08	4.47E-05	1.14E-03	2.09E-04	0.00E+00	1.44E-03	4.45E-04	5.37E-03
G[T>A]T	8.97E-05	9.39E-05	0.00E+00	0.00E+00	6.43E-05	1.30E-03	4.42E-04	5.98E-05	1.40E-46	5.63E-04	5.12E-04	8.82E-04	2.36E-04	7.55E-04	2.53E-05	7.07E-04	5.40E-04	1.34E-03	1.35E-03	2.40E-03	4.57E-03
G[T>C]A	4.86E-04	9.65E-04	4.23E-07	7.60E-08	4.96E-03	4.73E-07	9.09E-04	5.89E-04	3.26E-03	1.57E-02	1.11E-06	1.07E-08	4.37E-08	6.67E-07	0.00E+00	2.04E-03	0.00E+00	8.33E-03	0.00E+00	9.73E-08	1.52E-03
G[T>C]C	4.61E-04	1.24E-03	1.50E-03	2.32E-08	2.33E-02	4.86E-02	9.53E-04	4.13E-03	3.75E-07	1.41E-02	1.88E-03	5.16E-08	7.82E-08	5.87E-03	0.00E+00	1.04E-03	1.26E-03	2.27E-02	1.75E-08	8.80E-08	2.66E-07
G[T>C]G	2.71E-08	9.24E-04	1.24E-08	3.13E-46	4.82E-03	1.25E-06	1.89E-03	3.28E-04	1.54E-04	8.26E-03	3.83E-03	1.86E-07	9.47E-08	1.19E-03	2.40E-08	2.33E-03	4.96E-04	7.06E-03	0.00E+00	0.00E+00	1.04E-06
G[T>C]T	1.25E-03	4.20E-46	1.06E-03	1.57E-40	3.33E-03	9.81E-03	2.48E-03	2.86E-03	2.78E-04	8.79E-03	0.00E+00	2.75E-03	4.39E-03	3.12E-03	0.00E+00	3.11E-03	7.17E-04	6.06E-03	1.15E-03	2.09E-03	6.67E-03
G[T>G]A	3.10E-46	0.00E+00	9.92E-05	0.00E+00	3.58E-04	8.74E-04	5.93E-06	3.79E-04	0.00E+00	6.67E-05	0.00E+00	0.00E+00	0.00E+00	1.02E-03	8.44E-06	1.13E-04	1.89E-04	2.02E-03	9.14E-04	6.13E-04	5.76E-04
G[T>G]C	7.03E-05	1.82E-04	1.10E-04	0.00E+00	2.64E-03	4.84E-03	2.82E-04	8.25E-04	0.00E+00	7.87E-04	0.00E+00	3.93E-08	1.40E-46	1.80E-03	2.49E-06	1.50E-04	6.32E-04	3.66E-03	4.91E-04	7.64E-04	4.69E-04
G[T>G]G	1.87E-46	8.54E-05	1.12E-08	0.00E+00	1.07E-03	2.37E-03	3.63E-04	4.20E-04	0.00E+00	5.11E-04	1.71E-04	0.00E+00	1.94E-08	1.33E-03	6.26E-06	9.74E-04	5.30E-04	3.78E-03	1.43E-03	1.32E-03	1.65E-06
G[T>G]T	7.01E-37	1.54E-04	1.42E-08	2.96E-08	2.78E-03	3.97E-03	9.70E-04	1.15E-03	2.14E-46	3.42E-04	9.46E-07	9.42E-09	2.55E-07	2.72E-03	0.00E+00	1.17E-06	1.70E-03	4.28E-03	1.08E-08	7.70E-08	1.17E-06
T[C>A]A	4.00E-03	0.00E+00	1.40E-46	0.00E+00	0.00E+00	1.07E-03	1.26E-06	2.04E-02	0.00E+00	0.00E+00	1.35E-08	1.70E-07	2.00E-07	1.18E-03	4.69E-03	2.79E-04	2.85E-05	9.63E-02	1.06E-07	1.21E-02	1.75E-07
T[C>A]C	4.75E-04	2.85E-04	3.03E-04	7.87E-04	3.20E-04	4.12E-03	7.57E-03	3.77E-46	7.23E-04	1.35E-05	2.02E-04	8.75E-04	2.25E-03	1.45E-02	7.38E-04	3.84E-03	2.09E-05	5.32E-03	4.22E-03	8.55E-03	6.85E-05
T[C>A]G	7.82E-04	8.36E-05	0.00E+00	0.00E+00	3.20E-05	7.15E-05	1.74E-05	1.32E-03	2.46E-04	0.00E+00	1.97E-04	2.27E-04	2.67E-04	1.72E-03	4.06E-04	3.17E-03	1.72E-04	1.00E-02	1.22E-03	5.52E-03	1.40E-46
T[C>A]T	1.66E-02	1.84E-07	1.41E-03	7.20E-10	5.91E-07	1.11E-06	4.97E-04	8.45E-04	6.99E-07	8.97E-05	1.49E-06	2.65E-07	6.25E-07	4.17E-04	1.40E-07	4.11E-07	8.33E-05	3.27E-03	1.75E-06	3.63E-07	5.95E-07
T[C>G]A	0.00E+00	4.17E-10	0.00E+00	2.71E-09	0.00E+00	2.26E-07	0.00E+00	0.00E+00	5.81E-09	0.00E+00	0.00E+00	8.29E-09	8.60E-09	3.30E-07	8.08E-03	1.03E-07	1.85E-07	3.37E-08	1.49E-03	3.79E-07	5.84E-08
T[C>G]C	0.00E+00	2.03E-05	1.87E-46	6.52E-05	3.02E-05	5.86E-05	1.53E-05	1.98E-05	0.00E+00	1.18E-04	1.40E-46	0.00E+00	2.41E-04	1.40E-46	3.24E-03	8.47E-05	6.36E-05	3.71E-05	3.28E-03	2.82E-04	9.08E-04
T[C>G]G	3.86E-07	1.98E-05	8.89E-06	1.62E-05	1.08E-05	7.71E-04	0.00E+00	0.00E+00	3.47E-05	0.00E+00	0.00E+00	4.69E-05	1.39E-05	0.00E+00	9.59E-04	2.94E-05	1.12E-04	6.67E-05	1.48E-03	5.51E-04	2.47E-04
T[C>G]T	2.64E-05	0.00E+00	0.00E+00	0.00E+00	1.40E-46	1.40E-46	3.54E-05	2.80E-06	0.00E+00	7.77E-05	0.00E+00	0.00E+00	9.38E-05	1.18E-04	1.22E-02	5.99E-09	3.36E-04	8.76E-06	6.97E-03	0.00E+00	3.92E-04
T[C>T]A	6.39E-11	3.40E-31	1.57E-03	3.34E-05	9.78E-04	1.54E-08	8.32E-04	4.47E-04	3.55E-03	8.62E-04	3.46E-05	7.68E-03	3.45E-02	1.12E-03	8.51E-03	1.79E-03	6.98E-04	2.33E-03	0.00E+00	5.92E-05	8.54E-03
T[C>T]C	3.10E-03	1.92E-03	6.67E-03	7.54E-04	5.13E-03	4.19E-03	5.90E-03	1.02E-03	1.52E-04	1.03E-03	1.10E-03	2.16E-02	5.57E-02	7.02E-03	9.97E-03	6.61E-04	4.76E-04	8.93E-03	4.36E-03	1.42E-03	5.52E-03
T[C>T]G	2.36E-03	4.04E-03	2.16E-02	1.82E-02	3.09E-03	2.80E-03	3.24E-03	3.56E-03	2.22E-06	1.09E-06	2.02E-03	4.24E-03	7.94E-03	5.19E-04	7.53E-04	3.54E-03	6.17E-04	3.59E-02	2.14E-46	9.20E-08	3.98E-07
T[C>T]T	5.66E-03	0.00E+00	1.13E-02	0.00E+00	5.53E-03	6.48E-04	5.84E-03	3.36E-03	4.31E-46	7.33E-06	3.62E-07	1.60E-02	6.69E-02	8.24E-03	1.70E-02	9.28E-08	3.44E-09	1.55E-03	4.21E-08	1.10E-08	6.32E-03
T[T>A]A	1.26E-04	2.14E-46	1.87E-46	1.95E-04	1.98E-05	3.35E-03	1.25E-45	3.04E-04	2.45E-04	6.31E-04	2.71E-04	0.00E+00	1.11E-45	2.86E-08	2.29E-05	4.28E-03	4.28E-46	1.65E-03	1.39E-03	3.34E-03	5.23E-03
T[T>A]C	1.06E-04	5.61E-46	1.27E-04	4.28E-46	8.85E-05	2.75E-03	9.17E-04	2.32E-04	0.00E+00	4.71E-04	0.00E+00	3.02E-04	2.36E-04	3.63E-03	3.93E-05	1.31E-03	4.06E-04	1.63E-03	1.53E-03	1.74E-03	4.46E-03
T[T>A]G	1.34E-04	0.00E+00	1.40E-46	0.00E+00	1.40E-46	4.24E-03	6.17E-05	2.67E-04	6.65E-06	1.57E-04	1.32E-04	2.99E-46	8.63E-08	2.66E-03	1.40E-46	1.71E-03	1.83E-04	1.17E-03	1.62E-03	1.51E-03	2.78E-03
T[T>A]T	3.56E-04	0.00E+00	1.87E-46	7.37E-05	0.00E+00	6.07E-03	7.22E-04	7.35E-04	3.10E-04	0.00E+00	1.49E-04	2.45E-04	4.32E-04	5.87E-03	3.60E-08	6.90E-03	5.07E-04	2.20E-03	2.52E-03	2.86E-03	3.25E-03
T[T>C]A	5.31E-04	1.69E-07	1.87E-46	1.40E-08	5.47E-04	7.65E-04	8.20E-04	8.97E-04	2.44E-03	4.00E-03	5.60E-05	4.80E-04	1.44E-02	1.42E-08	3.62E-05	4.17E-03	3.15E-04	1.49E-03	1.00E-03	6.89E-04	4.82E-03
T[T>C]C	3.59E-05	2.67E-04	9.78E-08	4.58E-46	4.39E-03	6.99E-03	1.06E-03	3.03E-03	1.17E-03	7.85E-03	4.34E-03	4.53E-03	2.70E-02	1.27E-03	9.12E-05	3.66E-03	9.11E-04	6.22E-03	1.55E-03	6.95E-04	1.94E-02
T[T>C]G	5.74E-04	3.80E-09	3.36E-04	3.82E-08	1.47E-03	1.94E-03	1.91E-03	1.80E-03	3.51E-03	5.62E-03	5.70E-03	1.25E-03	2.12E-02	7.01E-05	0.00E+00	2.16E-03	5.33E-04	1.12E-07	0.00E+00	0.00E+00	1.40E-02
T[T>C]T	5.53E-04	2.00E-07	2.75E-08	2.29E-46	1.27E-06	5.06E-03	1.89E-03	2.40E-03	1.13E-03	7.72E-03	1.75E-03	5.16E-03	2.87E-02	1.98E-03	0.00E+00	1.46E-07	6.37E-04	4.69E-03	6.53E-04	5.02E-08	2.04E-02
T[T>G]A	0.00E+00	0.00E+00	0.00E+00	0.00E+00	0.00E+00	2.57E-07	0.00E+00	3.57E-03	0.00E+00	5.89E-05	1.11E-09	0.00E+00	5.72E-08	1.29E-07	2.33E-05	4.55E-07	4.42E-08	1.27E-02	9.63E-04	1.25E-03	3.37E-04
T[T>G]C	0.00E+00	1.18E-04	3.13E-04	1.40E-46	2.36E-03	2.25E-03	7.23E-04	1.72E-03	1.40E-46	2.15E-04	1.40E-46	5.79E-04	4.44E-04	1.74E-03	7.29E-05	1.96E-03	8.24E-04	2.71E-03	8.73E-04	1.00E-03	2.59E-08
T[T>G]G	1.32E-04	0.00E+00	9.33E-05	9.44E-05	1.87E-46	1.20E-03	5.66E-05	5.01E-04	2.16E-04	5.31E-05	2.93E-04	1.21E-04	1.99E-04	1.93E-03	4.46E-05	1.81E-03	3.30E-04	1.96E-03	7.44E-04	2.15E-03	7.64E-04
T[T>G]T	4.17E-06	0.00E+00	3.54E-07	4.48E-31	4.74E-04	7.91E-04	3.36E-04	9.33E-03	7.15E-09	0.00E+00	1.40E-46	3.80E-07	1.27E-07	1.32E-03	0.00E+00	6.78E-06	4.69E-04	1.04E-03	1.99E-07	3.54E-07	1.61E-07
