MutationType	SBS96A	SBS96B	SBS96C	SBS96D	SBS96E	SBS96F	SBS96G	SBS96H	SBS96I	SBS96J	SBS96K	SBS96L	SBS96M	SBS96N	SBS96O	SBS96P	SBS96Q	SBS96R	SBS96S	SBS96T	SBS96U
A[C>A]A	0.001434133475413546	1.4012984643248171e-46	8.860333036864176e-06	0.0003000290242198389	0.0	0.008368933224119246	0.00011486809235066176	0.0003136301285650234	0.0	0.00017422374221496285	0.0004010393002317869	2.259864828602076e-08	0.00023009777069091797	0.005814841247047298	0.0005409510413301177	0.0036194148706272244	0.0005769086041254923	0.005284192603721749	0.01089939027678497	0.0887773610651493	0.0058230874012224374
A[C>A]C	0.0005891083215828985	8.532537613064051e-05	0.0006050908996257931	1.4012984643248171e-46	0.00018527802894823252	0.007697610589093529	0.002735241982736625	0.0012829366138703336	0.0016088679403765127	0.0009476259278017096	0.0013473041979139566	0.010742636315990239	0.0011154939191328594	0.02618724568746984	8.894162601791322e-05	0.006429277698043734	8.847157441778108e-05	0.024413216393440962	0.030284674651920796	0.040026601194404064	0.00356292717915494
A[C>A]G	0.0007613181020133199	0.0	0.0	0.0	0.0	0.006147277270792983	0.000389030299265869	1.4012984643248171e-46	8.910172510923076e-09	9.052801033249125e-06	0.000534794143459294	0.00031161714671270604	1.4012984643248171e-46	0.004939734865911305	0.0001474261423574319	0.0004379672626512843	0.0003828418535704259	0.005977476458065211	0.011003950067436107	0.014310745266971025	0.00019642033357172294
A[C>A]T	0.01494437800720334	0.0	4.03549869076869e-09	1.4787324005283152e-07	2.8025969286496343e-46	0.0398058645427227	0.026700386204902317	9.151730100711574e-05	0.0003937958096628336	0.00029217354949651053	0.00044499856785034096	0.004928515562387048	7.743194505138718e-07	0.09038556811005946	0.0	1.9584872177347278e-07	7.158044717137102e-06	0.009886222015983038	0.0021745568591569507	2.209336904499537e-05	5.584301553653859e-05
A[C>G]A	0.0001187043555546552	0.0013193183680414223	0.00044453268346842376	0.0017137862028903327	5.6051938572992686e-46	0.00034077122545568274	0.0001555869705043733	0.0008212899963837117	0.000837209407472983	0.00015243462403304874	0.0	0.0002580940257757902	0.0014756321084021108	0.0002149780615582131	0.0016285264980979263	0.002360090974252671	0.00012481627090892288	0.0021497498320968587	0.03916770145297051	0.0006747962484951131	1.4012984643248171e-46
A[C>G]C	1.9823474576696754e-05	0.00018683710077311845	0.00014203355676727368	0.0005903175042476505	0.0002877747465390712	0.0019707956729689614	2.8541331994347273e-05	0.0004178923147264868	0.00045374204055406155	0.0021657666307874023	0.00016282545220747124	0.0	3.326191177149575e-28	0.00026824171654880045	0.0019174853805452585	0.008786785008851439	0.0018411358294542878	0.0006676102697383612	0.03273298051208258	0.008613277226686478	0.0008912146789953112
A[C>G]G	5.493573189596645e-06	0.0	0.0	1.0225079495285173e-05	0.0	0.00014390428295882885	3.406063115107827e-05	3.550096334947739e-05	9.30121837882325e-05	1.4012984643248171e-46	0.00026239376084049584	0.00021366156925068936	5.035370704717934e-05	0.0	0.0005175597724360159	0.002058157082979051	3.687744258513703e-05	0.00024185736338040443	0.032582633942365644	0.0011537187059476929	7.188844364236502e-09
A[C>G]T	9.95369694578585e-05	0.00026433157472638413	3.0498529667966068e-05	0.0011976520472671837	7.989501318661496e-05	0.002504856762243435	0.0	7.515295001212508e-05	0.0004467501090857695	0.0005853537062648684	0.0008796892856480554	0.0	0.00039133952232077717	0.0001262389705516398	0.0024980313377454878	0.013933491084026172	0.0002943160128779709	0.0025825102525800503	0.04428739957511425	0.0027839064598083494	0.002367593441158533
A[C>T]A	0.00019720629788935184	4.6120005562928035e-28	0.0003384587005712092	0.001369502850069182	0.0	0.022979196440428496	0.008086070348508657	0.0003568343527149409	0.19175662994384765	2.164947687788299e-08	0.00017223440809175373	0.011063214330428294	0.001224914335352878	0.006829268485307694	0.0015032089341275423	0.0306550033390522	0.005317898886278272	0.0012780975084751844	0.0038960435087673773	0.019511585170403124	3.993131372226344e-08
A[C>T]C	0.0017042475519701838	0.00503108616139798	0.00010047046273666994	1.401298464324817e-45	0.02189026778324319	0.032945373642724006	0.011653412575833499	0.004202654463006184	0.0420571219176054	0.0040535532520152625	0.0003772627329453826	0.10544626340429372	0.0003018009010703719	0.030458454416321955	0.0	0.01647972669452429	0.00030501433648169043	0.018128750163265296	0.0	7.006492321624085e-46	0.0052623603888150685
A[C>T]G	0.016801615582038208	0.006919696713024592	1.0298697025067265e-17	0.3235813102101474	0.03724224205166138	0.3784189364872873	0.06075109019875526	0.001404088537287862	0.025531101305523406	0.004022252568829998	0.000454925181861654	3.758383968488488e-07	0.0004738671299207908	0.014899013801710012	4.203895392974451e-46	2.3393271982413308e-05	0.0037590595427900554	0.010213693532341497	0.002052760914614282	0.03602647038199791	0.00744068752389353
A[C>T]T	0.0017617618257645517	0.0008747102833908116	0.0033125868532806633	0.0003384076670045033	0.001406201533973217	0.036310457694344225	0.0015919331858242458	0.008637804877571398	0.057032622210681436	0.0011808710928107758	0.0007405242824461312	0.06476275362074375	0.0006397362798452377	0.048950657807290555	2.519128902349621e-05	0.013617038074880839	0.0009445867908652872	0.006421740259975195	0.0006763418088667095	0.002004804678989558	0.0023573817685246467
A[T>A]A	0.0004911181738862069	2.5551953086733194e-08	2.1161476126962953e-08	1.7817137987208297e-09	2.8025969286496343e-46	0.00030918735844807086	0.00010825319095886243	0.0004920086934816937	0.000200431706284121	0.0026021503475519127	0.0	0.0003403361305693409	0.0004991857737778105	0.0010313779723219341	2.4444793288580514e-05	1.4934155956325413e-08	1.9559561081905484e-09	0.0005056694845961829	0.002429196063884831	9.950332184871513e-08	0.05932582728564739
A[T>A]C	2.236563595943153e-05	0.0002496855294225497	1.0239313041893183e-08	2.7842011718171022e-05	0.0017659067292697729	0.0004987509465742334	0.0014972472272347659	7.371630927082151e-05	2.1145788764442842e-08	0.007603694753561286	0.00012053089708530251	3.898948364167154e-08	7.077188963364734e-05	0.00015096681640045518	3.373331273905933e-05	0.002456827770071568	0.0003289717889856547	0.0003723015172909072	0.0015672399609059084	0.0018584088071406768	0.10744734704494477
A[T>A]G	0.0	0.0	0.0	0.0	8.508257742505521e-05	0.0070913570256379895	0.00010288625417160801	0.0	8.029423770494759e-05	0.00024238203768618406	0.0003306688944576308	0.0003235956647586136	0.0005006914334238389	0.001521648612106219	0.0003092417774219314	0.003316200204426423	0.0011722326773451642	4.720193101093173e-05	0.01261754865578979	0.014054490439593791	0.02424336657859385
A[T>A]T	0.0021186336933169516	0.0018485435866750777	4.389470120713668e-09	0.0003761696832953021	2.8025969286496343e-46	0.0066178952343761924	0.009374364418908954	0.0033285996556514873	0.002067927020834759	0.0003345280885696411	0.011984858801588416	9.690367933217204e-05	8.010197802832408e-08	0.004182266071438789	1.8056377302855254e-05	0.009036012895433033	0.00036780088979160297	0.0022997164400294424	0.001787256850476382	0.004127885226625949	0.048411507112905386
A[T>C]A	2.336979960091412e-05	0.0005370844673052488	0.00014432178574281808	0.0008968399767098845	0.002848884934792295	0.013842387218028307	0.0014378320367541165	0.004730770003348539	0.009860759307048283	0.05044124275445938	0.015522972494363785	0.003635480729434448	0.025590350083075464	0.0009554909542202949	1.6505183884873988e-05	0.04511604279242931	0.0	0.02042664084583521	0.008494120442753684	0.004319796152412891	0.006114833630317662
A[T>C]C	0.00022270237459451892	0.0009711642633192241	0.0005254863291156653	0.00013563753600465134	0.008228696964215488	0.019041599042247982	0.0006263093557208777	0.009345401637256145	8.407790785948902e-46	0.01163101730775935	0.048119927570223806	0.001202534328490401	0.018579959869384766	0.009761643223464489	0.00036648776404035743	0.0002329536946490407	0.0018665446449062984	0.02320562032982707	0.006351952235854696	0.0031354140490293505	0.010939668864011765
A[T>C]G	7.006492321624085e-46	3.232451263102121e-07	2.0474845996432123e-07	0.00042061363117795736	0.0016516718767206839	0.001895003198080758	0.00269178943708539	0.005331392399966717	0.0033336550230160357	0.011018209024405224	0.19401164203882218	1.0330732465035908e-05	0.00019664455867030028	0.00574771388805857	5.978434277267297e-05	0.004295450993612349	0.0	0.025790278101339936	0.0015122699606209267	1.0579278608702226e-08	0.008742440305332621
A[T>C]T	0.00030647742096334696	0.0	4.203895392974451e-46	2.8025969286496343e-46	5.857488149071217e-05	0.003038196721672648	0.002260576747357845	0.011315763947641245	0.00010347255738452077	0.02010366930490761	0.004958619154058397	0.010504129079913582	0.031119963296612242	0.013440071024888312	0.0001142653010901995	0.050266594713320956	0.00022233050178783743	0.003733408474363387	0.013465078844615164	0.037819775318143914	0.0010186505219493824
A[T>G]A	0.0	0.0	0.0	0.0	0.0	0.000421276967972517	1.6827623767312616e-05	0.005729755462380126	0.0	0.0002717038820264861	0.0001097072328436255	0.0	0.0009841447230428458	0.0020855109847616403	0.00013842714142811018	0.0005158281162039203	0.0021705183641309135	0.010035385884111746	0.002389104284713994	0.005675843568917571	0.0021768317317764742
A[T>G]C	0.0	0.0	1.4012984643248171e-46	0.000411301976419054	0.0003989485092461109	0.0033685867208987476	0.0005804221495054662	0.016020513512194155	0.0	0.0034410445688990874	0.0008306188130518422	0.0	0.0016203786784899422	0.007270627561956644	0.00022886683633522865	0.00046557258267512227	0.004705521324649453	0.004341115429997444	0.004234028235077858	0.0009852558141574264	0.0036137786926701667
A[T>G]G	8.925118600018322e-05	1.1498091771500185e-05	0.00015401437121909112	0.00010932775226990543	0.00019681202247738837	0.0008490666617944953	0.0005372891435399651	0.006781284790486097	0.0	0.0007316614966839552	0.0007152090431191028	0.0	0.0007888676598668098	0.0030910330591723324	7.738026965249389e-05	0.0017460094299167396	0.0022456077160313724	0.003504390543093905	0.009396338672377168	0.009311213856562972	0.0011866229207953564
A[T>G]T	0.0009158753807184894	0.0	3.462565416612051e-08	0.0	0.0006487178150564432	0.0065619301181641275	0.0059107273911649825	0.08135293051600456	1.4012984643248171e-46	0.0005866739333441728	8.047609782124709e-07	7.271942502029561e-06	6.892965434133203e-05	0.020139063437277116	1.0055846360046417e-05	1.4012984643248171e-46	0.02323860414326191	0.0022403016686439515	0.0	1.3709585573451476e-07	0.00015881640027117782
C[C>A]A	0.001688031619414687	1.4145301247481256e-05	0.0015565156587399541	1.3229266800316027e-23	0.0009167431853711605	0.0021255145780742168	0.04024627050384879	0.0006034518824890256	0.0008277142798760906	0.0009235130557499361	0.007261463749455288	1.4012984643248171e-46	8.359729122275895e-08	0.0006948960038656082	0.0006073865632515663	0.061272787675261495	0.0007810957073161262	0.012747465405846014	0.016618617037602236	0.06945345439016819	8.506081940140575e-06
C[C>A]C	6.894754847053264e-08	0.00019489820280114146	2.1510643244937454e-05	0.0001987365074455776	0.0006351461495512467	0.0008526790773146331	0.030762075632810592	0.0011004246749507728	0.0179023735339797	7.91105415146376e-05	0.01931778641846904	9.648050536270603e-08	1.477266167171365e-07	0.010199666186230161	3.363470444810446e-05	0.16600290089845657	0.00011846818510381496	0.0004711646694772753	0.009865169433960829	0.012662053619433778	0.0007135251500493212
C[C>A]G	0.0017073431401513517	0.0019185533172617398	0.0	9.832530049607158e-05	0.0001698134048723432	4.453050286201687e-06	0.009109168453142047	0.0	0.004410804302906968	4.85023576857202e-08	0.010315722410589956	0.00017468975353409632	2.1164478880564275e-08	0.0014075837563723326	1.887716681068241e-05	0.09200212731957436	0.0	1.9618178500547438e-45	0.0028543918047944316	0.016525664099092553	0.0012012632533298984
C[C>A]T	0.0018878778354064706	1.215062710180348e-06	1.713822530291509e-06	2.7051660254073797e-07	5.913151923664373e-07	5.491596435689416e-05	0.5575436145067215	1.0335622164348024e-06	0.00016320108104537213	5.46743572158448e-06	1.4396161930108064e-06	4.150467100032529e-05	3.418609487937374e-07	0.000543297913435481	0.0	0.08864767830552296	0.0	3.3883145249546943e-07	1.1456667081688465e-07	4.4211897431978286e-07	1.0598811996942459e-06
C[C>G]A	0.0	0.0	0.0	7.621500117238611e-06	0.0	2.3696719608778948e-08	0.0	0.0	0.0	5.496950461747474e-06	0.0	0.00023957871744642034	3.8283455978671554e-06	5.892605986446142e-05	0.00486905740108341	1.0035849845735356e-05	0.0011942592137415887	1.961061798283481e-07	0.04341645296663046	0.0005742949346938531	4.4650147901847956e-05
C[C>G]C	1.4012984643248171e-46	0.0	2.0627892979163674e-05	0.0	8.425222185906022e-05	6.169068427652746e-05	4.203895392974451e-46	2.005253263632767e-05	0.0	0.00016385080889449454	0.0	0.0	1.4012984643248171e-46	0.0	0.0006252814403410412	9.976571632819287e-06	0.00041642128635430706	3.34479525918141e-05	0.04547824375331402	1.5803999362518084e-07	0.0006192281991843629
C[C>G]G	0.0	9.902354577207006e-07	0.0	3.053396130772157e-05	0.0	0.0	5.542661601793952e-05	0.0	0.0004872595813708358	0.0	0.00021376353858499898	0.0003896684847290999	1.4012984643248171e-46	1.4012984643248171e-46	7.035299405568906e-05	0.0039515753742307425	4.257891996530816e-05	1.620111272586655e-05	0.039341529831290245	7.716670665303127e-05	2.1798150649487978e-05
C[C>G]T	6.196393514983356e-05	1.6526340687050833e-06	0.0001192715899378527	5.6051938572992686e-46	3.9164531335700305e-05	1.4473401824943721e-05	0.0	8.278185268864035e-05	0.0	0.00021287323970682338	9.44073958635272e-06	2.6750300094136038e-06	1.4012984643248171e-46	0.0	0.0036900194827467203	6.837124817593576e-06	2.0197973935864865e-05	0.000691622407612158	0.06618287935853004	1.3550851463151048e-08	0.00015464433021747937
C[C>T]A	2.8025969286496343e-46	0.00010834170590783288	0.0002856447776139248	0.0007149064156692475	0.00036792666651308537	0.0036120713921263814	0.0011920422639377648	1.492261748059498e-06	0.011890671821311117	0.0011605767533183098	0.0034902260148840015	0.093378796428442	0.010082791588502005	7.006492321624085e-46	0.010442022327333688	0.04481405440347146	0.006707163667306304	0.00019922659266740083	0.0062908484048875835	0.10663382075726986	0.0074361063190735875
C[C>T]C	0.00027281179209239783	5.770787013054113e-07	5.6051938572992686e-46	0.0005170424348193592	0.01505048125718531	0.0028806717408770056	0.010575338369420706	0.00035070589801762254	0.001866782316757443	0.008544352347962558	0.004232973963996756	0.2128562867641449	6.738586982635298e-07	1.6070168840087717e-07	0.0004280823711681592	0.01640871050476278	0.0004961882694033193	0.0012606922596759772	1.156252324108209e-07	0.026542134081732626	0.00027285988952492347
C[C>T]G	0.0007248019977241825	9.776354090718199e-08	0.003870988043740908	0.5682852238416671	0.005684194802631737	0.010240815579891205	0.015918643178413384	0.01124780224636197	0.0034930460155010224	0.0040508609753287655	0.004856324566117509	0.08201908902409656	0.001980988360863789	0.05154891121161427	0.0015370782813988626	0.06873960561342755	0.0012916020583361386	0.050484762713313105	3.9251467569556554e-07	3.2791168678159013e-07	3.069752208425492e-06
C[C>T]T	0.00027003937866538764	0.00022645112926049648	6.165713243029196e-45	1.501826574212828e-08	0.008661949820816518	0.009661543643181147	0.007161394343711436	0.004124960582703352	0.001986865885555744	0.0018443900826241588	0.007974760982881435	0.15316778495907785	0.007699693646281957	0.016616456024348737	0.0019413576112128795	0.024152580415830016	0.0020119232397988185	0.04170539363701664	0.011210052693877514	0.01997945550076281	0.0022994960871983495
C[T>A]A	4.419935849000467e-05	0.0	1.4012984643248171e-46	0.0	0.0	0.0032198879634961486	2.943011550087249e-05	3.493915301078232e-05	0.0	0.00037928078872937474	0.0	2.2644255659542976e-05	0.00010462646605446935	6.036896138539305e-08	0.0002959550081868656	2.54556704401665e-05	0.001256889576325193	1.3926787687523756e-07	0.006139748752406149	0.0019087715540081263	0.023153040930628775
C[T>A]C	0.0	0.00032317491713911294	0.0	1.421382330590859e-05	0.0005436056773760356	0.0009280892089009285	0.000513461884111166	2.0969320030417293e-05	0.0010757717842352576	0.0007768393028527498	0.005319288419559598	0.000872992441122733	7.420840608673984e-11	0.012034087162464856	0.00014097020593908382	0.006185024781734683	0.014357289671897889	1.4012984643248171e-46	0.016225446388125418	0.0002761705778539181	0.03729132823646068
C[T>A]G	0.0006119853045674972	1.4012984643248171e-46	1.4012984643248171e-46	8.155361683748197e-07	1.4012984643248171e-46	0.008637528115650639	0.00034409084983053615	0.00013751037663496392	5.879473246750422e-06	0.00045856223441660405	0.0010113414144143462	1.973194912352483e-07	5.977852187726285e-05	0.002101032237166578	0.00017286498768953606	0.00540412159753032	0.006972055975347757	0.002166016603587195	0.02950101811438799	0.0011039348261419946	0.0432109396904707
C[T>A]T	0.001074110550689511	0.0	0.0	2.8232227222702024e-09	0.0	0.009540229570120573	0.0012927742565352674	1.4012984643248171e-46	0.0	0.0001418621279299259	0.0002368855881343279	0.004268075933214277	1.9534418527200614e-09	0.00501523136626929	0.0	0.001313055254286155	0.05057120956480503	0.0016888831713004037	0.015374398836866022	0.0030799575758031494	0.015912208663939963
C[T>C]A	1.6125336833283656e-05	5.6051938572992686e-46	1.4012984643248171e-46	0.0001731664067250449	0.0	2.44768375523563e-07	0.0007614902278874069	0.0004960840894611352	0.0006445447628777856	0.018954132590442895	0.049121007323265076	0.00012148175222250756	0.0008521836767613422	6.8534525610175475e-09	1.5116395397640758e-06	0.010495845287732664	0.0045198025755240675	0.0003344638460902161	0.0005776496985159696	0.00012137002337908598	0.04110706225037575
C[T>C]C	0.00020678865257650614	0.00018677892482514834	2.8025969286496343e-46	0.00017915625630848808	0.002287076646462083	0.009737739796401001	0.0005340788746252656	1.1210387714598537e-45	1.4012984643248171e-46	0.008828850067220628	0.06347675062716007	0.026079454738646746	0.010662789456546307	0.005647148052230477	8.425970327152754e-06	0.005280520720407367	0.06163166090846062	0.0037578129209578036	0.0017693031404633075	0.013101115776225924	0.0033568769693374636
C[T>C]G	3.689860141662393e-05	5.363881314224273e-07	4.78633637612802e-07	3.712253544563282e-08	0.0020991801754234986	4.621521513570315e-06	0.0019182702089835858	0.00081130069156643	0.0007835141695522907	0.008127305693800935	0.2860974341630936	0.0006716119932491438	3.591670747482567e-08	1.87893320457988e-08	0.0	0.01370494088405394	0.02101816195063293	0.00025109617972844943	1.4012984643248171e-46	1.0941236041617231e-07	2.186123447245336e-06
C[T>C]T	5.171156954020262e-05	0.0	0.0	1.631039587834948e-08	0.0	0.00330904689617455	5.6051938572992686e-46	5.6051938572992686e-46	0.0002605159205813834	0.008057904519955628	0.04939226023852825	0.011471671271488048	0.01729852445423603	0.0026480857282876968	0.00023333588239324854	0.0032717506978030995	0.15383996814489365	0.002330229191102262	0.000332162883513476	0.007366874733799022	0.013790464099838574
C[T>G]A	1.4012984643248171e-46	2.3991202033357696e-05	4.203895392974451e-46	2.0216685516061262e-05	0.00013407522637862713	0.00010167760774493217	0.0	0.011550017073750496	0.0	0.0001645995468777528	0.0011038259395263594	0.00010105560068041086	0.0008890811703167855	0.0014504934661090374	4.79315422126092e-06	0.003352463436021935	0.0012097212602384388	0.005899554296047427	0.0031541983713395893	0.004799466725671664	0.0015041515580378473
C[T>G]C	1.4012984643248171e-46	0.0005291566156756744	9.663280216045677e-05	0.0015508281358052045	0.0010283326031640173	0.0022512588067911564	0.0003772232448682189	0.006509381451178342	2.3426182451657951e-07	0.0006278405664488674	0.012396796699613332	0.0	0.0006686281994916499	0.005643679050263017	3.333073897273664e-05	0.01772779910825193	0.02506498619914055	0.013010287983343005	0.007828349061310292	2.8025969286496343e-46	0.0003662057570181787
C[T>G]G	0.00014629051947849802	0.0017123118601944042	0.0001679251081327493	0.0005133032508183533	0.0005476287929923274	0.00271919637452811	0.0009856889490038156	0.013803416304290295	0.0	4.5142622548155485e-05	0.025906633026897906	0.0	5.032929095705186e-09	0.0008670916373375803	0.0	0.012020967093121726	0.018744878750294448	0.02022225735709071	0.01842197694969343	0.000280091050080955	1.4235860135158873e-08
C[T>G]T	0.006541746680159122	1.6661894051139824e-07	1.4026642382702903e-06	9.865141188846713e-44	0.002729092778920972	2.4598401672193405e-05	0.006068754708843471	0.05881678089499474	6.966193666357867e-08	0.0002898462815437597	2.8025969286496343e-46	7.965964146094962e-08	1.5201688938759616e-07	1.0247593998258253e-06	0.0	7.293731840718465e-09	0.3959749102592468	0.0040494347364074205	1.4012984643248171e-46	0.0	3.095003364705917e-08
G[C>A]A	0.000594245593794085	0.00035810437056014164	0.001207770025030186	1.4012984643248171e-46	0.002183642274894737	0.0016302617212659242	0.001047771306798495	0.0005738014040844064	5.4872024338692424e-05	0.0003702650474536995	0.0	5.40537314464018e-08	5.636901505567948e-08	0.008123338853899043	0.0	0.003519314628799828	0.0023008759274489423	0.0015114446712104269	0.00646745446247401	0.1560446061193943	0.0002697420389552008
G[C>A]C	1.1771022400353104e-05	0.0009352567925816402	2.8025969286496343e-46	0.00020870889202342368	0.01532819219864905	0.009573692083358764	0.0010603738948702813	0.0025030445962329396	0.0002995214890688658	0.0019441335694864391	0.0014865380697301589	0.0023499776667449622	2.1561300186564877e-20	0.04271591044962406	0.00023927110160002485	0.006797412503510713	3.0159523567054556e-05	0.017400060198269784	0.0167522095143795	0.04305106019601226	0.01886906598228961
G[C>A]G	0.0	0.0019057350603191026	0.0	0.0007592983215431559	0.00153859665520404	0.0021757139591500165	0.00027698985068127515	0.0	0.0008228401661424467	0.00033642846101429315	0.0011358320945873857	0.0	0.00032457974834017024	0.0021354306489229204	0.00013176391840801215	0.006773426127620041	0.00048751437352620994	0.00021142478799447418	0.0017592692273410647	0.04953467156738043	0.002063142856206923
G[C>A]T	0.003144066740060225	0.0006386843153663336	4.2813255163309805e-07	4.203895392974451e-46	0.00868340510405119	0.021834003875767394	0.031148613221239428	5.0365734037427504e-05	4.764930530143374e-07	2.0197404239752357e-06	5.726718740106662e-07	7.218164341793453e-08	2.590076952913024e-07	0.30968430936336516	0.0	1.4804386225364397e-06	0.0	0.021319811439587964	1.2161346170103115e-07	3.1758938035864047e-06	5.972031573264758e-07
G[C>G]A	0.0001216445496538654	0.00039661649789213065	0.00037538652250077573	0.0011742937262170018	0.00020092561608180403	0.00041272551170550286	0.0006192883403855376	0.0002639973623445258	1.7323263455182315e-05	0.00035759285387086947	2.8025969286496343e-46	0.00096502531087026	0.002963415638078004	0.00016247381572612069	0.0005954950873274356	1.4012984643248171e-46	0.0027457791322376577	0.0007401396578643471	0.026330398954451086	0.0015032000374048948	0.0003394638762983959
G[C>G]C	7.067624828778208e-05	0.00021825083531439303	0.0005711841353331692	0.0010128045920282601	0.0009434564970433712	0.00566290994756855	1.4012984643248171e-46	0.00020202852319926024	0.0002620162922539748	0.00226627147058025	0.0025038282212335615	0.0	0.0001251041772775352	0.0	0.0006037305705831386	0.015715158707462252	0.0	0.00016490814159624277	0.026038050558418034	0.004836897784844041	0.025690851733088493
G[C>G]G	0.0	5.002455145586282e-06	0.0	0.0001549994147353573	1.4012984643248171e-46	0.00016359993196601863	1.4012984643248171e-46	7.971225022629369e-06	6.0679820307996124e-05	1.4012984643248171e-46	0.0001723471563309431	1.2258281003596495e-07	0.0	0.0002710857047532045	0.00048702242620493055	0.0035968633161246543	1.2273789070604835e-05	6.20829378021881e-05	0.017684497777372597	0.0007268319837749005	0.0036002624081447722
G[C>G]T	0.00045404988638892975	0.0008574473322369158	0.00018917891720775514	0.00040789201157167556	0.0006018544663675129	0.00024304542093886994	0.00011875625641550868	5.422232206910849e-05	0.002483133744681254	0.0013104647339787334	1.4012984643248171e-46	0.0	9.809089250273719e-46	0.00018523204344091936	0.0017079980752896518	0.0031852866384724622	5.245068459771574e-05	0.0006378137302817777	0.047515101544559	0.001252557709813118	0.0010887561598792671
G[C>T]A	0.00026399985945317893	2.5801328860097785e-07	9.809089250273719e-46	2.7814643104306925e-07	0.05991832818835974	4.270202623501973e-07	0.002758730702601042	0.0005699512315914035	0.3338520646095276	0.006967579187744377	0.0011214079520868836	2.349740242379994e-08	1.92643511809365e-07	0.00495944507420063	0.0025095033012007663	0.007348043125935533	0.0005517315807210821	2.9356906452449037e-07	2.0265038074285259e-07	2.4403098919378863e-08	0.004759431765194222
G[C>T]C	0.016548252328357195	0.01510738649393133	1.6878435332046137e-06	9.399009400112845e-07	0.43657262697815896	2.0656399328800036e-07	0.0024374696496067827	0.00383270733509562	0.06362686468039377	0.004811051523438437	0.002907336846264741	3.4475089876195853e-07	1.6337576667524445e-06	7.713708555456833e-07	6.347287126118317e-07	0.0009439391181103929	3.253374854921276e-05	0.00027815189938849014	0.0	1.1938396795585505e-07	0.005475907463082308
G[C>T]G	0.003460530642384896	0.9351441264152527	0.00046541227950589695	0.04585305251337104	0.012155344124147404	0.02261282354496643	0.034238658206822946	0.008332854796790912	1.6054554521360889e-06	0.005208093617693521	0.0028526364658659985	0.0003675145966212768	9.049716481968062e-07	0.0017910986146944196	1.4012984643248171e-46	9.930039141348731e-07	0.001128354444517773	0.01353280513859545	1.0505240197744569e-07	2.850773341833701e-08	4.128450271256856e-07
G[C>T]T	0.016744435675599335	2.811473695629729e-07	0.007747112551965074	3.0773933303862575e-07	0.21399257183074952	0.049072657811666434	0.002770879746913124	0.011836686249830563	0.14241992309689522	0.0027512160611422587	2.4286031011800105e-08	0.007665741010235649	3.6182925100547436e-08	0.013608041161693053	6.493113232863834e-07	0.0003197841494795739	0.0	0.011492278103321495	3.6228518638381504e-07	1.4012984643248171e-46	5.6051938572992686e-46
G[T>A]A	1.53736473293975e-05	0.0	5.166982199042991e-05	2.6634045890716607e-05	7.095964392647147e-05	0.0029434176161885262	0.0	0.00022477532620541752	0.0	0.001462391097447835	0.00010094445939046182	3.570684441456251e-08	3.0175058054737746e-05	2.0077632143511436e-07	0.000244498201038823	0.00011259323617025529	0.0	0.00014269958216885925	0.003505379280568377	0.0003419817673606218	0.03404453178072231
G[T>A]C	0.0	3.583820071071386e-05	0.0	3.162267091205706e-06	0.004358362295897677	0.00033195356372743844	0.0027437217999249698	0.0	0.00020553215685126247	0.0030101605283562095	0.0007472667025112401	0.0003672038304621594	1.9369236542843283e-05	0.002509235948122068	0.0002560749502379167	0.0014132366636502524	0.001535558159230277	0.00025256075896322726	0.0018420381986103962	0.0	0.07437288537621498
G[T>A]G	0.0	0.0	0.0	2.8025969286496343e-46	7.299098069779575e-06	6.281859441514825e-08	1.5261834107604956e-08	0.0	0.0009199368039844557	0.0008727186104920293	0.000670032332030246	0.00037961611398742436	4.288858690415509e-09	6.110163894845754e-08	7.937645678595118e-05	0.004136183187530662	0.0006754550099117296	0.0	0.010004105838015675	0.0004641595650468844	0.041265963762998584
G[T>A]T	0.0006900392807438038	0.00011586650653043762	0.0	0.0	0.00011060483921028208	0.0018878869712352752	0.0014953542617149652	0.00010970780749630649	1.4012984643248171e-46	0.0005627168342471123	0.0016610790880804416	0.003651602970518297	0.00023649212536908207	0.0011143149866256862	3.9072056824807075e-05	0.0033719364147486884	0.00862423274666071	0.001439745008246973	0.0037108148778571604	0.004462184011936187	0.030949641205370425
G[T>C]A	0.0029297492117621006	0.0009736836230668899	6.343435771327677e-07	9.595437333587142e-08	0.01097141712951526	6.624158629620069e-07	0.0032008011901268675	0.0005899541133203457	0.005707528466187739	0.24637895226478576	1.947264695445483e-06	1.070159143523597e-08	4.373160891191219e-08	6.79780472978564e-07	0.0	0.0038852107638334132	0.0	0.008329075204176205	0.0	9.72605675997329e-08	0.0018947104866668951
G[T>C]C	0.0008627982276408375	0.002347864641859587	0.0027736865501978513	3.336613616511386e-08	0.05050200576545194	0.09147914307232981	0.0018233420992089578	0.011042814995914797	3.960483653031588e-07	0.07712245311649894	0.0020493459624731257	5.156211955181789e-08	8.212397482054711e-08	0.010995176113701178	0.0	0.0010385587411133469	0.0031210240234543106	0.033938631711225756	1.751356109025437e-08	8.804457820588141e-08	2.6571158286969874e-07
G[T>C]G	4.0537548784413956e-08	0.00092469282132015	1.2408037264322047e-08	7.006492321624085e-46	0.012313132932825965	1.2873253908196602e-06	0.011097313759091777	0.0006411168792887168	0.00015636048510359046	0.16108759343624116	0.06985840424895287	5.156378421133922e-07	1.8000732744383184e-07	0.0012010491638761779	5.434502572398969e-08	0.00415794719318967	0.0014097779279836687	0.007061552681858529	0.0	0.0	1.0987880131096971e-06
G[T>C]T	0.003732558031548372	4.203895392974451e-46	0.0031648575044528116	1.569867663090771e-40	0.003331773355603218	0.02463535562856123	0.004243805026635528	0.02349365334957838	0.0002784248907119036	0.14199073016643524	0.0	0.0068202270664187385	0.004474902746733278	0.00968348704788582	0.0	0.0037393118567706552	0.004320423434319309	0.009498681456634017	0.0011551889742989375	0.0020855007700617987	0.00667618164270607
G[T>G]A	5.6051938572992686e-46	0.0	0.000155509905475526	0.0	0.0005085938959382474	0.001954396584187634	5.930827319389209e-06	0.003657399269286543	0.0	6.683207727746776e-05	0.0	0.0	0.0	0.0013012569983843036	8.830833553474805e-06	0.00011346127139404416	0.001448207482462749	0.0030009462963790415	0.007997924336098094	0.001571832662818906	0.003102562576532364
G[T>G]C	0.00018994948331965133	0.00027290884172543884	0.00019170325465438508	0.0	0.003794327720970614	0.01006414236955564	0.00028230694588273766	0.00543871201807633	0.0	0.0018254099063238272	0.0	3.925663634163357e-08	1.4012984643248171e-46	0.0044743740698322656	2.496740450652624e-06	0.00014999564737081528	0.009732238901779055	0.005372310057282448	0.00638480072375387	0.0013289300596284193	0.0007372751657385379
G[T>G]G	2.8025969286496343e-46	8.539328700862825e-05	1.1216387463264254e-08	0.0	0.001494448771700263	0.004589546332135796	0.00036297054030001166	0.0020478375954553485	0.0	0.0008670038427226245	0.0005199287756113335	0.0	1.9357428016064658e-08	0.00550480776000768	6.260652298806235e-06	0.001524682343006134	0.006878601806238294	0.007642725179903212	0.019053367897868156	0.002961785935451644	2.006107530405643e-06
G[T>G]T	7.008360607005542e-37	0.00026513749045875556	2.083155195009567e-08	3.760530553620356e-08	0.004237831700993411	0.007605173806859966	0.0016491675982251764	0.01170575451105833	4.203895392974451e-46	0.0008030248922295868	1.2733158549771417e-06	9.419733970617017e-09	2.6556303467373255e-07	0.009315074387995993	0.0	1.2985475223104005e-06	0.10088606774806977	0.0061420942106735765	1.4771655543199813e-08	9.087313799227558e-08	2.30366546745131e-06
T[C>A]A	0.013850666926191479	0.0	1.4012984643248171e-46	0.0	0.0	0.0010706561887786846	1.6665862062836823e-06	0.06682872051794675	0.0	0.0	1.3468407189520804e-08	3.0669914963254996e-07	2.0955039090608806e-07	0.0018988261590379806	0.029592386772856118	0.00038987759171789095	2.853160840459168e-05	0.30488852262496946	3.4185289905508397e-07	0.029590069003984355	2.2982213323530232e-07
T[C>A]C	0.01747496100142598	0.00043769035837613044	0.0003424948576139286	0.001948961935704574	0.0003195385215803981	0.005223800987005233	0.020620849216356874	7.006492321624085e-46	0.0007234131917357445	1.3485735689755528e-05	0.0003682417154777795	0.0019991420675069095	0.005365625210106373	0.07809356022626161	0.019338806346058845	0.005544245638884604	2.0915683126077057e-05	0.009046066366136075	0.028354753321036697	0.048138073086738585	6.848527700640262e-05
T[C>A]G	0.004112834535771981	0.00010782523086163564	0.0	0.0	3.1964853405952454e-05	8.6766737527455e-05	1.7390926950611173e-05	0.0031939279288053513	0.0006224235403351486	0.0	0.0003474406839814037	0.00031217080540955065	0.00026927924693325166	0.0017187416553497315	0.005411768285557628	0.009578040899157259	0.00038241821359008554	0.03425842523574829	0.0012564591613525521	0.03379768668346657	1.4012984643248171e-46
T[C>A]T	0.7736877202987671	4.3490749845886967e-07	0.0014113033662908948	7.195052997843731e-10	1.0320441802491588e-06	2.5075430201582096e-06	0.0006333132820259379	0.002058202564342082	9.643132298897707e-07	0.0001761691634442286	2.9061358617354927e-06	6.975189774549583e-07	1.8437298647436263e-06	0.0006243999337925743	4.1908936339041246e-07	8.647653515936326e-07	8.349082735321644e-05	0.005850161476723769	2.175206611809699e-06	8.753005218409271e-07	2.5308782028332645e-06
T[C>G]A	0.0	4.174792955780049e-10	0.0	2.7139607894355324e-09	0.0	2.49716588362342e-07	0.0	0.0	5.808611547308829e-09	0.0	0.0	9.96710594058925e-09	8.596818190653722e-09	5.943807583674854e-07	0.2017769306898117	1.0331031035093474e-07	1.8473988347977865e-07	3.3732729320945507e-08	0.0015138626393763842	9.38618791224144e-07	1.281477480574722e-07
T[C>G]C	0.0	2.0427626975560997e-05	2.8025969286496343e-46	0.0002544733477407135	3.0193093698471786e-05	5.8593665016815066e-05	1.9233869534218683e-05	4.01668807171518e-05	0.0	0.00029952200275147335	1.4012984643248171e-46	0.0	0.00024057284463196993	1.4012984643248171e-46	0.06607933379709721	0.00017899418598972262	0.0001619748945813626	6.110619942774065e-05	0.042787757143378256	0.00036772700614164935	0.0038542790047358722
T[C>G]G	3.8572807170567103e-07	5.244336171017494e-05	9.930943087965716e-06	2.3797551875759382e-05	1.0756629490060731e-05	0.0007859026765800082	0.0	0.0	7.186136572272517e-05	0.0	0.0	0.00012653446683543734	1.386004005325958e-05	0.0	0.02038334161043167	3.372448991285637e-05	0.0002613319767988287	0.0001204919011797756	0.0229102935642004	0.0007839785997930448	0.0008878262509824708
T[C>G]T	8.215750658848719e-05	0.0	0.0	0.0	1.4012984643248171e-46	1.4012984643248171e-46	5.293948051985353e-05	2.8011572794639505e-06	0.0	0.00011631214008502865	0.0	0.0	9.381353738717735e-05	0.00020191705363288294	0.25291243493556975	5.989363671687897e-09	0.0007682361872866749	8.759616321185604e-06	0.0256197699913173	0.0	0.0005990317033138127
T[C>T]A	6.39071240371436e-11	3.4018614672119043e-31	0.003036522435519018	3.337201196700335e-05	0.0014927762793377041	1.5376980400105823e-08	0.0010860401904210447	0.0010509088635444642	0.028594996267929673	0.0027233812325221153	3.460780200441605e-05	0.014985423162579536	0.1323827624320984	0.001115923747420311	0.2813253879547119	0.0025501532634450543	0.00447629444533959	0.004575653001666069	0.0	6.0139119312907496e-05	0.0405939648752792
T[C>T]C	0.012821843358688056	0.008260960248299075	0.017823037505149842	0.0013714522210648283	0.012109306175261736	0.006417145725754381	0.014031476574018598	0.0022686854237690566	0.00015350851217590388	0.0031914195020135592	0.001357821631245315	0.09636848270893097	0.23258463889360428	0.022411684785038233	0.021049700491130353	0.0007993423263542354	0.0017051649978384376	0.013607978137483512	0.01142625901725296	0.0014187281019985675	0.007194207422435284
T[C>T]G	0.002980975399584745	0.0062484738061812095	0.9202044010162354	0.042023799764524486	0.003095501158696834	0.003985832328098127	0.0052088574637650705	0.009609160528998472	2.6090689175362057e-06	1.3329530419881052e-06	0.0020449718048531906	0.004244423846239442	0.007946101142530892	0.0005197491605372307	0.000995144080911814	0.007498705097049196	0.0007487439235774219	0.050171190312138944	4.203895392974451e-46	9.197751751344186e-08	3.976804237026954e-07
T[C>T]T	0.05076218182221055	0.0	0.026959549569258456	0.0	0.005833747610449791	0.0007022734386993079	0.015670986767554497	0.005948605605010471	7.006492321624085e-46	7.330222433665767e-06	3.615720061134198e-07	0.029961248426970143	0.2966245740652084	0.008251293481967537	0.05804072848191026	1.312655058427481e-07	3.4397114490047896e-09	0.0015547340517798602	7.627789599951029e-08	1.1025031199096702e-08	0.009061566488841067
T[T>A]A	0.0003365989711255679	4.203895392974451e-46	2.8025969286496343e-46	0.0006681311861029826	2.514239573940813e-05	0.003924329512028635	1.401298464324817e-45	0.0014897685701726004	0.0012321751681156456	0.0007036098919343204	0.00070011907373555	0.0	1.2611686178923354e-45	2.861298185052874e-08	2.847313808160834e-05	0.007865956830210052	5.6051938572992686e-46	0.0036711629945784807	0.002387442983419774	0.007962354879828127	0.040197630599141124
T[T>A]C	0.0003051087594940327	5.6051938572992686e-46	0.0002051508990689738	5.6051938572992686e-46	0.00010318372223991901	0.004036913756863214	0.0018327447935007513	0.0008636340287921484	0.0	0.0006030216369254049	0.0	0.0006680229081666766	0.0003893292840530194	0.009657410159707069	7.234910874736045e-05	0.0013098607771098614	0.00294011888327077	0.0032285054141539147	0.007036248687654734	0.00257453266531229	0.03495268076658249
T[T>A]G	0.000921797585033346	0.0	1.4012984643248171e-46	0.0	1.4012984643248171e-46	0.00427219921402866	9.106983077344921e-05	0.0009074144024452835	6.6549779148772356e-06	0.00015735852066427468	0.000399630110587168	4.203895392974451e-46	1.2589577274013665e-07	0.0029825552489000985	1.4012984643248171e-46	0.0017147406980484448	0.0013076530682155862	0.0012070697041963285	0.007214748545084149	0.004094194201752543	0.017469706921838225
T[T>A]T	0.006321087945252657	0.0	2.8025969286496343e-46	9.901585144689307e-05	0.0	0.008394091174750429	0.0012742777122184633	0.003005746107014673	0.0008925905131036416	0.0	0.00014914722414687275	0.0004937119665555656	0.0004316767030701385	0.009523444436490535	3.601896594318532e-08	0.007583598687779159	0.006312260264530778	0.0028836497571319343	0.007294680371705909	0.00896736322902143	0.017972476524300875
T[T>C]A	0.0030177472942881423	1.6939177385211224e-07	2.8025969286496343e-46	1.4026110761733435e-08	0.0010191182373091578	0.0007647507236583806	0.001876710163196549	0.002114906334236366	0.012339995289221407	0.058130855485796926	5.6156827131026434e-05	0.0008268944619857166	0.027483627200126648	1.4208096388301783e-08	5.3668451437260954e-05	0.009019423065365118	0.0008950843010097742	0.0018311631167307497	0.0021277877638056	0.0010201334148419506	0.014278942837017894
T[T>C]C	3.595237168079191e-05	0.0005683659788246586	9.78994578976905e-08	1.1210387714598537e-45	0.008850649374653585	0.015969821065664292	0.0040501375449821355	0.02256638356484473	0.0013471664213510204	0.03242240399400771	0.015486321841581229	0.009430054598487914	0.052693516904119164	0.002530291466973722	0.0002832163270795718	0.005550425068940967	0.0030313702300190926	0.010105273686349392	0.003376007778570056	0.0008743502432480455	0.021267046220600605
T[T>C]G	0.0027615365506676428	3.80418825329798e-09	0.00038699274876989874	3.8218698250602754e-08	0.0024721849763487567	0.0019355526357690777	0.0028415793637293517	0.008542608663628926	0.018160264630569144	0.024070430961364762	0.04994669910520315	0.0012539200778519445	0.04151059985160828	7.014244468166453e-05	0.0	0.004008291754871607	0.0010828705905169046	1.5112864275579342e-07	0.0	0.0	0.014024545252323151
T[T>C]T	0.00223577740471228	2.067514614623178e-07	2.7470764507597777e-08	5.6051938572992686e-46	1.3992762433190364e-06	0.005145762341092564	0.003234233194962144	0.024372346699237823	0.001987718060763655	0.02782619372010231	0.0055092422291636465	0.015821620246674682	0.05629195123910904	0.0051859399885358926	0.0	1.4636425476055593e-07	0.0014127878348517697	0.00965162698341544	0.0011773010915959504	5.0191050604553314e-08	0.025094930624720745
T[T>G]A	0.0	0.0	0.0	0.0	0.0	2.574271775301895e-07	0.0	0.025471596932038664	0.0	0.00014591076217946864	1.1087015749922102e-09	0.0	5.717674298466591e-08	1.290509430873499e-07	3.2310770348953356e-05	4.5515093916037586e-07	8.525413619508981e-08	0.03814409077167511	0.0036346668289525042	0.0026691614519137375	0.0010710340081260482
T[T>G]C	0.0	0.00017181680946123378	0.0005283024802338332	1.4012984643248171e-46	0.0023551991209387778	0.005201106565073133	0.0007230027578771115	0.04079328440129757	1.4012984643248171e-46	0.000501131853525294	1.4012984643248171e-46	0.001064017286989838	0.0007968799735408538	0.006642172043211758	0.00024667173165653366	0.001969990746874828	0.006562904547899961	0.003982429578900337	0.006236992799676955	0.001003774173977945	2.5906149403454037e-08
T[T>G]G	0.00047361845263367287	0.0	0.0002461223193677142	0.00019085986241407227	2.8025969286496343e-46	0.0012021945051266414	7.718319084233371e-05	0.00968153914436698	0.0010374807374319063	0.00010104194134328282	0.0015858531376579776	0.00014638426655437796	0.0004726125887827948	0.002561718395736534	4.5263178617460656e-05	0.0019009912179171807	0.002695609873626381	0.004871683020610362	0.014854749478399754	0.006824615481309593	0.0023928007460199295
T[T>G]T	1.2974571200174978e-05	0.0	4.662704064628542e-07	4.478333302395489e-31	0.0004744082223623991	0.0007919721594021212	0.0005000619946031292	0.4101556599140167	7.1510292798393495e-09	0.0	1.4012984643248171e-46	1.6161332948350093e-06	2.4325035994365864e-07	0.0013430716791930307	0.0	6.8654014697244746e-06	0.0009100783011774638	0.0010399899779798716	5.367344300566401e-07	8.266987066463116e-07	5.779464075317264e-07
