Samples	SBS96A	SBS96B	SBS96C	SBS96D	SBS96E
OGG1_boot	0.00E+00	5.51E-04	0.00E+00	1.71E-03	4.48E-03
OGG1_boot.1	0.00E+00	1.08E-03	9.40E-70	4.31E-03	5.18E-03
OGG1_boot.2	0.00E+00	4.94E-118	3.99E-106	6.84E-03	5.87E-03
OGG1_boot.3	0.00E+00	1.04E-03	1.16E-51	6.85E-03	5.75E-03
OGG1_boot.4	1.67E-38	1.71E-03	9.88E-13	5.68E-03	3.63E-03
OGG1_boot.5	3.56E-62	1.44E-03	1.25E-161	1.44E-03	4.42E-03
OGG1_boot.6	1.52E-105	8.05E-04	2.76E-141	6.21E-03	5.37E-03
OGG1_boot.7	9.17E-129	8.21E-04	9.60E-115	5.38E-03	5.28E-03
OGG1_boot.8	0.00E+00	1.07E-03	9.55E-100	5.17E-03	4.62E-03
OGG1_boot.9	7.81E-112	2.02E-03	2.02E-53	6.63E-03	4.51E-03
OGG1_boot.10	3.10E-88	8.44E-149	2.81E-27	5.33E-03	5.57E-03
OGG1_boot.11	5.01E-130	0.00E+00	9.96E-04	6.02E-03	4.63E-03
OGG1_boot.12	1.98E-138	2.02E-04	3.60E-123	5.35E-03	5.30E-03
OGG1_boot.13	0.00E+00	5.00E-04	3.39E-105	6.13E-03	5.50E-03
OGG1_boot.14	8.67E-29	2.26E-03	4.46E-04	8.57E-03	5.63E-03
OGG1_boot.15	7.35E-101	1.96E-03	1.73E-05	6.82E-03	4.19E-03
OGG1_boot.16	1.87E-102	1.36E-03	0.00E+00	6.10E-04	4.24E-03
OGG1_boot.17	0.00E+00	1.92E-03	8.88E-57	8.31E-03	5.95E-03
OGG1_boot.18	6.92E-134	8.37E-04	1.08E-03	5.93E-03	4.07E-03
OGG1_boot.19	2.00E-23	1.93E-03	1.50E-03	7.89E-03	4.57E-03
OGG1_boot.20	2.14E-12	1.05E-03	2.03E-52	7.94E-03	5.80E-03
OGG1_boot.21	0.00E+00	1.03E-137	0.00E+00	4.56E-03	5.26E-03
OGG1_boot.22	3.81E-08	1.65E-03	1.01E-41	5.39E-03	3.58E-03
OGG1_boot.23	0.00E+00	1.16E-03	2.05E-118	6.53E-03	5.58E-03
OGG1_boot.24	2.13E-04	1.69E-03	5.33E-119	6.68E-03	5.03E-03
OGG1_boot.25	0.00E+00	1.77E-03	4.01E-97	7.89E-03	5.66E-03
OGG1_boot.26	0.00E+00	8.65E-04	6.85E-66	2.78E-03	2.95E-03
OGG1_boot.27	1.33E-152	1.13E-10	6.52E-04	6.60E-03	5.78E-03
OGG1_boot.28	3.79E-04	8.01E-76	0.00E+00	6.49E-03	5.44E-03
OGG1_boot.29	0.00E+00	8.35E-04	1.92E-151	6.14E-03	5.49E-03
OGG1_boot.30	0.00E+00	6.48E-04	3.13E-155	4.85E-03	5.50E-03
OGG1_boot.31	5.19E-133	5.02E-42	8.94E-75	6.05E-03	5.64E-03
OGG1_boot.32	3.12E-104	8.75E-04	7.05E-07	6.58E-03	5.05E-03
OGG1_boot.33	5.54E-146	5.00E-04	2.31E-63	7.48E-03	5.91E-03
OGG1_boot.34	9.88E-129	5.25E-04	1.08E-64	7.52E-03	5.54E-03
OGG1_boot.35	2.53E-29	4.69E-04	2.04E-64	6.61E-03	5.43E-03
OGG1_boot.36	2.67E-69	0.00E+00	1.46E-94	6.02E-03	5.47E-03
OGG1_boot.37	0.00E+00	1.30E-03	8.09E-15	8.08E-03	5.99E-03
OGG1_boot.38	0.00E+00	0.00E+00	6.16E-95	4.99E-03	5.35E-03
OGG1_boot.39	0.00E+00	1.61E-03	1.14E-03	5.86E-03	5.05E-03
OGG1_boot.40	0.00E+00	1.10E-03	3.64E-85	5.38E-03	5.27E-03
OGG1_boot.41	8.69E-162	1.10E-03	1.10E-146	5.36E-03	5.37E-03
OGG1_boot.42	1.06E-76	4.60E-04	2.42E-18	7.45E-03	5.67E-03
OGG1_boot.43	0.00E+00	1.24E-104	3.80E-39	5.15E-03	4.68E-03
OGG1_boot.44	9.84E-131	5.71E-50	9.80E-05	7.17E-03	5.90E-03
OGG1_boot.45	0.00E+00	7.81E-04	2.38E-80	5.72E-03	5.34E-03
OGG1_boot.46	1.64E-93	1.96E-03	5.65E-75	9.46E-03	6.00E-03
OGG1_boot.47	1.45E-72	0.00E+00	1.69E-65	8.09E-03	5.93E-03
OGG1_boot.48	3.49E-39	1.05E-19	1.38E-103	7.64E-03	5.72E-03
OGG1_boot.49	1.24E-03	0.00E+00	7.25E-37	7.24E-03	4.88E-03
OGG1_boot.50	3.88E-53	0.00E+00	4.17E-150	4.12E-03	4.99E-03
OGG1_boot.51	2.51E-20	0.00E+00	3.01E-116	5.53E-03	5.51E-03
OGG1_boot.52	4.73E-95	0.00E+00	0.00E+00	3.97E-03	5.05E-03
OGG1_boot.53	1.56E-03	0.00E+00	2.08E-29	9.24E-03	5.87E-03
OGG1_boot.54	4.34E-148	0.00E+00	6.75E-04	7.52E-03	5.68E-03
OGG1_boot.55	1.22E-29	4.06E-20	4.24E-103	7.91E-03	5.74E-03
OGG1_boot.56	2.19E-44	7.30E-157	1.07E-115	7.43E-03	5.79E-03
OGG1_boot.57	6.68E-79	0.00E+00	1.29E-75	6.64E-03	5.65E-03
OGG1_boot.58	1.30E-70	0.00E+00	1.25E-81	5.78E-03	5.45E-03
OGG1_boot.59	6.31E-12	0.00E+00	2.78E-05	5.55E-03	4.48E-03
OGG1_boot.60	4.37E-05	0.00E+00	2.87E-23	5.92E-03	4.27E-03
OGG1_boot.61	1.44E-05	0.00E+00	2.09E-55	6.78E-03	5.51E-03
OGG1_boot.62	1.37E-03	0.00E+00	5.88E-52	8.77E-03	5.71E-03
OGG1_boot.63	1.36E-41	7.84E-23	1.24E-93	5.19E-03	5.10E-03
OGG1_boot.64	1.20E-09	0.00E+00	3.68E-109	5.24E-03	5.20E-03
OGG1_boot.65	2.23E-03	1.03E-116	6.73E-83	9.03E-03	5.55E-03
OGG1_boot.66	8.83E-108	0.00E+00	6.72E-143	6.12E-03	5.46E-03
OGG1_boot.67	9.59E-20	0.00E+00	1.07E-160	5.31E-03	5.29E-03
OGG1_boot.68	6.58E-04	0.00E+00	0.00E+00	6.66E-03	5.40E-03
OGG1_boot.69	3.71E-85	0.00E+00	4.42E-54	5.91E-03	5.35E-03
OGG1_boot.70	2.10E-78	0.00E+00	7.51E-60	5.80E-03	5.29E-03
OGG1_boot.71	1.99E-95	0.00E+00	6.42E-60	7.23E-03	5.73E-03
OGG1_boot.72	2.82E-08	0.00E+00	1.20E-59	6.65E-03	5.41E-03
OGG1_boot.73	3.17E-16	5.52E-127	9.15E-104	5.49E-03	5.24E-03
OGG1_boot.74	2.25E-14	0.00E+00	1.97E-128	7.30E-03	5.54E-03
OGG1_boot.75	1.45E-91	0.00E+00	5.35E-47	6.38E-03	5.49E-03
OGG1_boot.76	9.35E-146	0.00E+00	9.48E-80	5.65E-03	5.58E-03
OGG1_boot.77	1.44E-07	0.00E+00	8.46E-04	7.42E-03	5.46E-03
OGG1_boot.78	3.63E-83	0.00E+00	3.79E-51	5.61E-03	5.44E-03
OGG1_boot.79	1.96E-05	0.00E+00	0.00E+00	6.48E-03	5.46E-03
OGG1_boot.80	4.57E-60	0.00E+00	9.61E-102	7.17E-03	5.70E-03
OGG1_boot.81	1.77E-111	0.00E+00	1.45E-69	7.17E-03	5.90E-03
OGG1_boot.82	1.08E-25	0.00E+00	1.74E-46	7.34E-03	5.77E-03
OGG1_boot.83	3.98E-30	0.00E+00	1.40E-98	6.25E-03	5.44E-03
OGG1_boot.84	4.79E-53	4.16E-101	9.19E-08	6.31E-03	5.53E-03
OGG1_boot.85	6.77E-124	0.00E+00	3.48E-40	6.80E-03	5.77E-03
OGG1_boot.86	8.25E-64	6.36E-28	9.44E-48	8.05E-03	5.82E-03
OGG1_boot.87	8.27E-12	0.00E+00	3.60E-52	6.63E-03	5.44E-03
OGG1_boot.88	6.47E-08	0.00E+00	5.06E-67	7.20E-03	5.66E-03
OGG1_boot.89	1.81E-05	0.00E+00	1.63E-85	6.09E-03	5.16E-03
OGG1_boot.90	0.00E+00	0.00E+00	5.85E-03	1.01E-02	2.52E-03
OGG1_boot.91	5.68E-82	0.00E+00	2.55E-42	6.10E-03	5.40E-03
OGG1_boot.92	3.08E-60	0.00E+00	1.87E-03	7.57E-03	5.03E-03
OGG1_boot.93	2.12E-107	3.32E-134	2.04E-03	6.90E-03	3.35E-03
OGG1_boot.94	0.00E+00	0.00E+00	4.01E-03	7.93E-03	2.00E-03
OGG1_boot.95	2.37E-105	0.00E+00	4.98E-03	9.08E-03	2.79E-03
OGG1_boot.96	0.00E+00	0.00E+00	1.59E-03	4.22E-03	1.69E-03
OGG1_boot.97	2.89E-25	4.05E-04	4.36E-05	5.81E-03	4.59E-03
OGG1_boot.98	0.00E+00	0.00E+00	5.19E-03	8.04E-03	2.58E-03
OGG1_boot.99	0.00E+00	0.00E+00	2.25E-03	6.18E-03	1.93E-03
OGG1_boot.100	1.57E-51	1.37E-20	1.27E-03	8.13E-03	5.48E-03
OGG1_boot.101	1.65E-05	4.10E-07	9.11E-21	6.10E-03	5.31E-03
OGG1_boot.102	2.60E-97	0.00E+00	4.64E-03	9.42E-03	3.31E-03
OGG1_boot.103	5.72E-17	1.24E-03	4.99E-13	5.98E-03	3.87E-03
OGG1_boot.104	0.00E+00	0.00E+00	2.39E-39	6.61E-03	5.77E-03
OGG1_boot.105	8.81E-26	1.74E-111	3.38E-03	7.92E-03	2.09E-03
OGG1_boot.106	9.11E-152	2.17E-54	3.36E-03	7.19E-03	1.99E-03
OGG1_boot.107	0.00E+00	0.00E+00	4.81E-03	9.41E-03	3.09E-03
OGG1_boot.108	1.78E-82	0.00E+00	3.61E-03	7.40E-03	3.12E-03
OGG1_boot.109	0.00E+00	0.00E+00	3.79E-03	8.49E-03	3.59E-03
OGG1_boot.110	1.12E-127	0.00E+00	5.88E-03	8.77E-03	2.13E-03
OGG1_boot.111	3.87E-90	2.54E-03	5.51E-03	1.07E-02	2.63E-03
OGG1_boot.112	1.72E-03	3.05E-146	3.98E-03	1.08E-02	3.72E-03
OGG1_boot.113	2.31E-84	0.00E+00	4.30E-03	8.32E-03	3.17E-03
OGG1_boot.114	5.26E-92	5.54E-146	1.31E-03	4.97E-03	4.76E-03
OGG1_boot.115	3.46E-123	0.00E+00	2.30E-03	6.72E-03	3.51E-03
OGG1_boot.116	2.95E-30	0.00E+00	2.83E-03	8.27E-04	1.19E-03
OGG1_boot.117	0.00E+00	6.36E-04	1.18E-03	6.21E-03	5.02E-03
OGG1_boot.118	1.68E-143	0.00E+00	3.29E-03	8.18E-03	3.77E-03
OGG1_boot.119	5.06E-119	8.78E-04	1.09E-05	8.54E-03	5.77E-03
OGG1_boot.120	7.93E-95	4.27E-47	3.31E-03	9.30E-03	4.10E-03
OGG1_boot.121	0.00E+00	9.25E-53	5.57E-03	9.27E-03	2.65E-03
OGG1_boot.122	1.57E-131	0.00E+00	3.69E-03	7.41E-03	3.30E-03
OGG1_boot.123	1.72E-131	7.27E-70	8.63E-49	5.41E-03	5.31E-03
OGG1_boot.124	0.00E+00	0.00E+00	6.64E-03	9.54E-03	2.01E-03
OGG1_boot.125	1.68E-08	1.26E-03	4.40E-04	4.21E-03	2.79E-03
OGG1_boot.126	4.45E-163	0.00E+00	4.67E-03	8.07E-03	2.83E-03
OGG1_boot.127	1.07E-36	1.58E-03	1.84E-03	9.09E-03	4.80E-03
OGG1_boot.128	2.73E-117	0.00E+00	5.82E-03	9.40E-03	2.22E-03
OGG1_boot.129	0.00E+00	5.60E-04	1.25E-03	4.68E-03	1.74E-03
OGG1_boot.130	1.74E-127	6.02E-86	1.85E-03	5.94E-03	3.34E-03
OGG1_boot.131	6.94E-98	0.00E+00	5.42E-03	1.08E-02	2.55E-03
OGG1_boot.132	0.00E+00	0.00E+00	1.61E-03	4.97E-03	2.03E-03
OGG1_boot.133	1.25E-139	0.00E+00	4.85E-03	8.53E-03	2.63E-03
OGG1_boot.134	5.97E-34	0.00E+00	4.58E-03	8.49E-03	3.03E-03
OGG1_boot.135	5.86E-133	0.00E+00	2.08E-03	8.50E-03	5.14E-03
OGG1_boot.136	0.00E+00	0.00E+00	2.94E-03	8.31E-03	4.17E-03
OGG1_boot.137	0.00E+00	0.00E+00	1.59E-03	4.12E-03	5.09E-03
OGG1_boot.138	1.64E-144	0.00E+00	1.90E-03	7.53E-03	5.28E-03
OGG1_real	3.77E-130	5.22E-04	4.80E-78	6.53E-03	5.59E-03
OGG1_real.1	5.29E-46	0.00E+00	2.47E-82	6.86E-03	5.60E-03
OGG1_real.2	6.57E-136	0.00E+00	4.27E-03	8.65E-03	3.11E-03
UNG_boot	2.22E-02	1.99E-02	1.34E-22	4.52E-02	1.06E-02
UNG_boot.1	2.28E-02	1.89E-02	0.00E+00	4.38E-02	9.60E-03
UNG_boot.2	2.28E-02	1.85E-02	2.68E-03	4.34E-02	1.05E-02
UNG_boot.3	2.06E-02	1.66E-02	1.18E-09	4.12E-02	9.57E-03
UNG_boot.4	2.35E-02	1.93E-02	3.31E-03	4.30E-02	1.12E-02
UNG_boot.5	2.07E-02	1.79E-02	1.05E-03	4.07E-02	9.51E-03
UNG_boot.6	2.35E-02	1.69E-02	4.94E-03	4.34E-02	1.24E-02
UNG_boot.7	2.44E-02	1.95E-02	1.97E-117	4.64E-02	1.03E-02
UNG_boot.8	2.10E-02	1.63E-02	0.00E+00	3.90E-02	8.73E-03
UNG_boot.9	2.24E-02	1.80E-02	2.06E-03	4.22E-02	9.81E-03
UNG_boot.10	2.13E-02	1.69E-02	0.00E+00	4.23E-02	9.06E-03
UNG_boot.11	2.27E-02	1.80E-02	8.40E-50	4.32E-02	9.13E-03
UNG_boot.12	2.34E-02	1.93E-02	1.42E-03	4.53E-02	1.05E-02
UNG_boot.13	2.18E-02	1.83E-02	7.00E-04	4.20E-02	9.76E-03
UNG_boot.14	2.36E-02	1.89E-02	1.87E-89	4.72E-02	1.06E-02
UNG_boot.15	2.33E-02	1.83E-02	0.00E+00	4.39E-02	1.08E-02
UNG_boot.16	2.28E-02	1.88E-02	2.07E-03	4.43E-02	1.09E-02
UNG_boot.17	2.12E-02	1.79E-02	3.55E-04	4.10E-02	9.52E-03
UNG_boot.18	2.00E-02	1.66E-02	0.00E+00	3.96E-02	9.28E-03
UNG_boot.19	2.30E-02	1.79E-02	9.69E-04	4.33E-02	1.02E-02
UNG_boot.20	2.14E-02	1.60E-02	2.84E-70	4.13E-02	9.12E-03
UNG_boot.21	2.34E-02	1.88E-02	3.63E-03	4.43E-02	1.18E-02
UNG_boot.22	2.32E-02	1.92E-02	0.00E+00	4.60E-02	1.05E-02
UNG_boot.23	2.31E-02	1.83E-02	2.56E-03	4.42E-02	1.08E-02
UNG_boot.24	2.30E-02	1.81E-02	0.00E+00	4.67E-02	1.08E-02
UNG_boot.25	2.06E-02	1.54E-02	2.91E-114	4.03E-02	8.83E-03
UNG_boot.26	2.23E-02	1.70E-02	3.33E-03	4.09E-02	1.05E-02
UNG_boot.27	1.96E-02	1.87E-02	1.72E-124	4.17E-02	1.07E-02
UNG_boot.28	2.10E-02	1.53E-02	8.29E-45	3.95E-02	8.55E-03
UNG_boot.29	2.25E-02	1.92E-02	0.00E+00	4.47E-02	1.06E-02
UNG_boot.30	2.22E-02	1.82E-02	1.33E-152	4.33E-02	9.54E-03
UNG_boot.31	2.36E-02	1.93E-02	4.65E-19	4.62E-02	1.08E-02
UNG_boot.32	2.27E-02	1.77E-02	5.01E-03	4.21E-02	1.17E-02
UNG_boot.33	2.25E-02	1.92E-02	2.68E-03	4.24E-02	1.10E-02
UNG_boot.34	2.18E-02	1.70E-02	0.00E+00	4.30E-02	9.51E-03
UNG_boot.35	2.43E-02	2.01E-02	1.88E-03	4.70E-02	1.12E-02
UNG_boot.36	2.21E-02	1.64E-02	5.32E-06	4.40E-02	1.00E-02
UNG_boot.37	2.19E-02	1.53E-02	6.86E-70	3.91E-02	8.15E-03
UNG_boot.38	2.41E-02	1.87E-02	2.99E-03	4.69E-02	1.18E-02
UNG_boot.39	2.33E-02	1.84E-02	2.69E-03	4.53E-02	1.13E-02
UNG_boot.40	2.04E-02	1.65E-02	0.00E+00	3.92E-02	8.71E-03
UNG_boot.41	2.38E-02	2.04E-02	4.85E-62	4.78E-02	1.09E-02
UNG_boot.42	2.20E-02	1.74E-02	1.43E-03	4.39E-02	1.09E-02
UNG_boot.43	2.09E-02	1.65E-02	0.00E+00	4.00E-02	8.91E-03
UNG_boot.44	2.24E-02	1.75E-02	1.44E-03	4.22E-02	9.75E-03
UNG_boot.45	2.25E-02	1.92E-02	0.00E+00	4.39E-02	1.03E-02
UNG_boot.46	2.24E-02	1.83E-02	0.00E+00	4.55E-02	1.01E-02
UNG_boot.47	2.31E-02	1.80E-02	2.56E-03	4.50E-02	1.13E-02
UNG_boot.48	2.19E-02	1.83E-02	0.00E+00	4.30E-02	9.80E-03
UNG_boot.49	2.18E-02	1.71E-02	4.14E-03	4.02E-02	1.07E-02
UNG_boot.50	2.28E-02	1.88E-02	0.00E+00	4.35E-02	1.04E-02
UNG_boot.51	2.30E-02	1.72E-02	0.00E+00	4.17E-02	9.71E-03
UNG_boot.52	2.25E-02	1.80E-02	0.00E+00	4.38E-02	1.08E-02
UNG_boot.53	2.27E-02	1.71E-02	2.23E-72	4.24E-02	9.32E-03
UNG_boot.54	2.40E-02	1.88E-02	0.00E+00	4.47E-02	1.04E-02
UNG_boot.55	2.27E-02	1.75E-02	2.81E-05	4.24E-02	9.56E-03
UNG_boot.56	2.11E-02	1.91E-02	0.00E+00	4.27E-02	1.07E-02
UNG_boot.57	2.31E-02	1.66E-02	0.00E+00	4.23E-02	9.48E-03
UNG_boot.58	2.23E-02	1.64E-02	0.00E+00	4.16E-02	9.38E-03
UNG_boot.59	2.16E-02	1.79E-02	0.00E+00	4.13E-02	9.52E-03
UNG_boot.60	2.27E-02	1.65E-02	2.86E-24	4.07E-02	8.92E-03
UNG_boot.61	2.31E-02	1.68E-02	0.00E+00	4.22E-02	9.73E-03
UNG_boot.62	2.48E-02	1.80E-02	0.00E+00	4.48E-02	1.02E-02
UNG_boot.63	2.40E-02	1.79E-02	0.00E+00	4.43E-02	1.03E-02
UNG_boot.64	2.28E-02	1.91E-02	5.90E-08	4.47E-02	1.05E-02
UNG_boot.65	2.22E-02	1.69E-02	0.00E+00	4.23E-02	9.43E-03
UNG_boot.66	2.27E-02	1.74E-02	0.00E+00	4.27E-02	9.34E-03
UNG_boot.67	2.13E-02	1.66E-02	0.00E+00	4.02E-02	9.25E-03
UNG_boot.68	2.30E-02	1.69E-02	0.00E+00	4.14E-02	9.68E-03
UNG_boot.69	2.30E-02	1.80E-02	0.00E+00	4.28E-02	1.02E-02
UNG_boot.70	2.30E-02	1.86E-02	2.28E-03	4.40E-02	1.12E-02
UNG_boot.71	2.15E-02	1.77E-02	0.00E+00	4.14E-02	9.30E-03
UNG_boot.72	2.17E-02	1.84E-02	0.00E+00	4.26E-02	1.06E-02
UNG_boot.73	2.31E-02	1.59E-02	0.00E+00	4.12E-02	9.09E-03
UNG_boot.74	2.28E-02	1.62E-02	0.00E+00	4.07E-02	9.60E-03
UNG_boot.75	2.37E-02	1.77E-02	0.00E+00	4.29E-02	9.90E-03
UNG_boot.76	2.31E-02	1.72E-02	0.00E+00	4.25E-02	9.76E-03
UNG_boot.77	2.27E-02	1.68E-02	0.00E+00	4.17E-02	9.14E-03
UNG_boot.78	2.17E-02	1.80E-02	2.13E-32	4.17E-02	9.68E-03
UNG_boot.79	2.25E-02	1.69E-02	1.20E-31	4.22E-02	9.01E-03
UNG_boot.80	2.45E-02	1.75E-02	8.88E-47	4.41E-02	1.02E-02
UNG_boot.81	2.30E-02	1.59E-02	0.00E+00	3.99E-02	9.17E-03
UNG_boot.82	2.22E-02	1.70E-02	0.00E+00	4.12E-02	9.71E-03
UNG_boot.83	2.29E-02	1.87E-02	2.03E-93	4.37E-02	1.03E-02
UNG_boot.84	2.39E-02	1.76E-02	2.05E-52	4.39E-02	1.02E-02
UNG_boot.85	2.15E-02	1.65E-02	0.00E+00	3.97E-02	8.90E-03
UNG_boot.86	2.34E-02	1.86E-02	0.00E+00	4.43E-02	9.93E-03
UNG_boot.87	2.28E-02	1.69E-02	4.24E-78	4.22E-02	9.17E-03
UNG_boot.88	2.41E-02	1.70E-02	0.00E+00	4.40E-02	9.57E-03
UNG_boot.89	2.42E-02	1.76E-02	0.00E+00	4.35E-02	1.03E-02
UNG_boot.90	2.45E-02	1.86E-02	3.92E-14	4.48E-02	1.04E-02
UNG_boot.91	2.37E-02	1.77E-02	0.00E+00	4.36E-02	9.96E-03
UNG_boot.92	2.47E-02	1.74E-02	0.00E+00	4.37E-02	1.02E-02
UNG_boot.93	2.36E-02	1.81E-02	1.35E-43	4.39E-02	9.44E-03
UNG_boot.94	2.22E-02	1.69E-02	1.83E-111	4.08E-02	9.38E-03
UNG_boot.95	2.31E-02	1.71E-02	1.82E-127	4.23E-02	9.61E-03
UNG_boot.96	2.23E-02	1.72E-02	0.00E+00	4.09E-02	9.58E-03
UNG_boot.97	2.04E-02	1.54E-02	0.00E+00	4.22E-02	1.67E-02
UNG_boot.98	2.28E-02	1.88E-02	0.00E+00	4.45E-02	1.02E-02
UNG_boot.99	2.21E-02	1.80E-02	9.10E-04	4.23E-02	9.79E-03
UNG_boot.100	1.56E-02	1.45E-02	0.00E+00	4.07E-02	2.33E-02
UNG_boot.101	2.31E-02	1.88E-02	1.53E-149	4.43E-02	1.05E-02
UNG_boot.102	2.41E-02	1.79E-02	2.18E-04	4.42E-02	1.03E-02
UNG_boot.103	2.26E-02	1.79E-02	2.83E-03	4.19E-02	1.02E-02
UNG_boot.104	2.41E-02	1.69E-02	6.27E-77	4.40E-02	9.78E-03
UNG_boot.105	2.34E-02	1.76E-02	0.00E+00	4.31E-02	1.02E-02
UNG_boot.106	1.99E-02	1.52E-02	0.00E+00	3.69E-02	7.95E-03
UNG_boot.107	2.37E-02	1.94E-02	0.00E+00	4.52E-02	1.01E-02
UNG_boot.108	2.00E-02	1.80E-02	2.04E-76	4.13E-02	9.46E-03
UNG_boot.109	2.04E-02	1.45E-02	3.13E-136	3.61E-02	7.69E-03
UNG_boot.110	2.41E-02	1.96E-02	0.00E+00	4.66E-02	1.04E-02
UNG_boot.111	2.25E-02	1.76E-02	1.14E-03	4.27E-02	9.95E-03
UNG_boot.112	2.42E-02	1.81E-02	2.24E-157	4.46E-02	9.71E-03
UNG_boot.113	2.27E-02	1.71E-02	0.00E+00	4.13E-02	9.61E-03
UNG_boot.114	2.15E-02	1.61E-02	0.00E+00	3.99E-02	8.31E-03
UNG_boot.115	2.21E-02	1.61E-02	1.52E-06	4.05E-02	8.35E-03
UNG_boot.116	2.18E-02	1.73E-02	0.00E+00	4.16E-02	8.85E-03
UNG_boot.117	2.24E-02	1.73E-02	0.00E+00	4.20E-02	9.07E-03
UNG_boot.118	2.23E-02	1.71E-02	4.42E-04	4.18E-02	9.22E-03
UNG_boot.119	2.24E-02	1.47E-02	1.61E-92	3.91E-02	7.97E-03
UNG_boot.120	2.16E-02	1.63E-02	0.00E+00	3.99E-02	8.47E-03
UNG_boot.121	2.28E-02	1.88E-02	0.00E+00	4.51E-02	9.62E-03
UNG_boot.122	2.40E-02	1.71E-02	1.37E-44	4.34E-02	9.34E-03
UNG_boot.123	2.26E-02	1.83E-02	5.49E-153	4.41E-02	9.32E-03
UNG_boot.124	2.20E-02	1.79E-02	0.00E+00	4.19E-02	9.80E-03
UNG_boot.125	2.38E-02	1.94E-02	3.14E-03	4.49E-02	1.11E-02
UNG_boot.126	2.29E-02	1.67E-02	2.19E-03	4.03E-02	9.67E-03
UNG_boot.127	2.12E-02	1.48E-02	0.00E+00	3.81E-02	8.04E-03
UNG_boot.128	2.16E-02	1.46E-02	0.00E+00	3.75E-02	7.80E-03
UNG_boot.129	2.56E-02	1.87E-02	1.58E-60	4.71E-02	1.05E-02
UNG_boot.130	2.21E-02	1.65E-02	6.14E-83	4.08E-02	8.53E-03
UNG_boot.131	1.93E-02	1.69E-02	0.00E+00	3.80E-02	8.48E-03
UNG_boot.132	2.34E-02	1.69E-02	4.17E-161	4.21E-02	9.03E-03
UNG_boot.133	2.22E-02	1.56E-02	6.73E-123	3.98E-02	8.36E-03
UNG_boot.134	2.17E-02	1.61E-02	9.52E-109	4.03E-02	8.64E-03
UNG_boot.135	2.20E-02	1.75E-02	3.34E-41	4.21E-02	8.96E-03
UNG_boot.136	2.33E-02	1.93E-02	1.92E-03	4.51E-02	1.05E-02
UNG_boot.137	2.22E-02	1.71E-02	0.00E+00	4.17E-02	9.57E-03
UNG_boot.138	2.17E-02	1.56E-02	9.19E-135	3.97E-02	8.48E-03
UNG_boot.139	2.22E-02	1.80E-02	2.27E-03	4.13E-02	9.90E-03
UNG_boot.140	2.06E-02	1.54E-02	0.00E+00	3.80E-02	8.27E-03
UNG_boot.141	2.37E-02	1.91E-02	0.00E+00	4.53E-02	1.00E-02
UNG_boot.142	2.26E-02	1.70E-02	2.38E-94	4.18E-02	8.60E-03
UNG_boot.143	2.19E-02	1.61E-02	2.74E-91	3.98E-02	8.45E-03
UNG_boot.144	2.13E-02	1.58E-02	9.83E-93	3.94E-02	8.10E-03
UNG_boot.145	2.27E-02	1.68E-02	0.00E+00	4.21E-02	9.04E-03
UNG_boot.146	2.33E-02	1.86E-02	6.49E-12	4.48E-02	9.44E-03
UNG_boot.147	2.41E-02	1.82E-02	0.00E+00	4.54E-02	9.63E-03
UNG_boot.148	2.19E-02	1.66E-02	0.00E+00	4.10E-02	8.98E-03
UNG_boot.149	2.27E-02	1.81E-02	0.00E+00	4.45E-02	9.41E-03
UNG_boot.150	2.36E-02	1.62E-02	9.44E-81	4.16E-02	9.05E-03
UNG_boot.151	2.42E-02	1.99E-02	2.87E-03	4.48E-02	1.11E-02
UNG_boot.152	2.19E-02	1.65E-02	7.47E-142	4.11E-02	8.67E-03
UNG_boot.153	2.26E-02	1.56E-02	0.00E+00	4.00E-02	8.37E-03
UNG_boot.154	2.48E-02	2.04E-02	1.98E-84	4.82E-02	1.05E-02
UNG_real	2.23E-02	1.80E-02	7.78E-07	4.32E-02	9.66E-03
UNG_real.1	2.31E-02	1.75E-02	0.00E+00	4.25E-02	9.78E-03
UNG_real.2	2.24E-02	1.69E-02	1.02E-143	4.16E-02	8.87E-03
ATP2B4_boot	1.72E-03	0.00E+00	4.06E-03	4.82E-03	0.00E+00
ATP2B4_boot.1	4.16E-04	7.56E-04	1.54E-03	1.45E-03	6.08E-04
ATP2B4_boot.2	2.25E-03	2.74E-03	6.50E-04	1.11E-09	6.84E-04
ATP2B4_boot.3	0.00E+00	6.37E-04	2.95E-03	4.15E-08	1.70E-03
ATP2B4_boot.4	2.84E-03	5.41E-03	1.96E-03	7.71E-03	0.00E+00
ATP2B4_boot.5	0.00E+00	1.80E-04	1.65E-03	2.00E-03	3.98E-17
ATP2B4_boot.6	2.32E-82	3.64E-04	6.80E-04	1.10E-03	6.07E-04
ATP2B4_boot.7	7.88E-04	0.00E+00	3.07E-03	3.31E-03	1.02E-136
ATP2B4_boot.8	2.21E-03	6.66E-44	3.20E-03	1.34E-04	1.34E-03
ATP2B4_boot.9	1.84E-03	0.00E+00	1.82E-03	3.22E-03	4.23E-04
ATP2B4_boot.10	0.00E+00	2.69E-59	3.91E-03	7.34E-13	2.25E-03
ATP2B4_boot.11	3.03E-04	6.70E-04	2.53E-03	2.79E-03	6.82E-04
ATP2B4_boot.12	0.00E+00	2.56E-04	4.34E-03	4.85E-03	0.00E+00
ATP2B4_boot.13	2.42E-122	8.47E-04	1.58E-03	2.38E-03	1.77E-03
ATP2B4_boot.14	0.00E+00	2.98E-04	1.53E-03	6.16E-56	7.67E-04
ATP2B4_boot.15	2.76E-03	2.11E-128	7.65E-03	9.73E-03	0.00E+00
ATP2B4_boot.16	1.96E-03	9.09E-04	3.08E-03	3.36E-03	2.81E-03
ATP2B4_boot.17	1.34E-03	3.14E-03	1.10E-03	4.46E-03	7.72E-04
ATP2B4_boot.18	1.46E-140	5.13E-04	1.79E-03	2.59E-35	7.34E-04
ATP2B4_boot.19	9.25E-04	2.61E-03	1.16E-03	3.89E-03	6.28E-04
ATP2B4_boot.20	1.33E-03	7.81E-04	3.70E-03	2.96E-03	0.00E+00
ATP2B4_boot.21	1.49E-03	1.19E-03	2.61E-03	3.34E-03	0.00E+00
ATP2B4_boot.22	2.15E-03	2.69E-03	1.44E-03	5.52E-03	4.45E-04
ATP2B4_boot.23	1.25E-03	5.08E-04	2.71E-03	3.48E-03	5.44E-69
ATP2B4_boot.24	7.33E-04	3.25E-03	2.20E-03	3.63E-03	0.00E+00
ATP2B4_boot.25	1.06E-05	7.54E-91	8.29E-03	9.35E-03	2.19E-09
ATP2B4_boot.26	2.57E-78	8.44E-04	4.55E-03	4.62E-17	2.66E-03
ATP2B4_boot.27	2.43E-135	8.79E-04	2.70E-03	4.77E-03	7.07E-04
ATP2B4_boot.28	0.00E+00	5.44E-163	1.72E-03	4.34E-03	2.01E-03
ATP2B4_boot.29	2.95E-03	3.42E-03	2.11E-03	7.31E-03	0.00E+00
ATP2B4_boot.30	2.32E-03	4.49E-03	2.22E-03	7.10E-03	0.00E+00
ATP2B4_boot.31	2.34E-105	1.31E-03	6.55E-03	7.87E-03	3.86E-05
ATP2B4_boot.32	2.14E-03	2.31E-03	2.17E-03	3.05E-03	1.18E-161
ATP2B4_boot.33	3.12E-03	2.52E-03	2.54E-03	6.33E-03	1.12E-14
ATP2B4_boot.34	2.89E-03	1.56E-04	2.86E-03	3.47E-03	0.00E+00
ATP2B4_boot.35	4.24E-05	5.75E-04	1.72E-03	4.03E-03	1.46E-03
ATP2B4_boot.36	7.07E-04	1.42E-03	3.10E-03	3.04E-03	1.20E-03
ATP2B4_boot.37	3.77E-08	1.62E-04	8.72E-04	5.98E-16	3.72E-04
ATP2B4_boot.38	8.27E-04	3.97E-03	7.17E-04	4.70E-03	7.14E-04
ATP2B4_boot.39	3.57E-04	6.98E-04	5.50E-04	2.33E-03	1.42E-03
ATP2B4_boot.40	1.20E-03	2.17E-25	3.79E-03	3.14E-03	4.07E-04
ATP2B4_boot.41	5.87E-35	1.19E-03	3.45E-03	4.34E-03	1.05E-17
ATP2B4_boot.42	1.29E-79	1.41E-03	3.01E-03	1.49E-03	2.18E-03
ATP2B4_boot.43	3.28E-33	6.48E-04	1.20E-03	5.04E-04	5.85E-04
ATP2B4_boot.44	0.00E+00	4.80E-04	9.56E-04	1.66E-03	4.29E-04
ATP2B4_boot.45	3.05E-03	2.10E-03	2.61E-03	6.33E-03	5.74E-04
ATP2B4_boot.46	5.94E-04	2.69E-03	8.46E-04	2.65E-03	3.24E-04
ATP2B4_boot.47	3.57E-34	2.24E-03	2.80E-03	3.81E-03	0.00E+00
ATP2B4_boot.48	0.00E+00	1.95E-03	3.85E-03	8.53E-04	2.22E-03
ATP2B4_boot.49	6.55E-17	5.29E-04	9.05E-04	1.65E-03	4.20E-04
ATP2B4_boot.50	1.56E-03	4.46E-04	2.52E-03	3.47E-03	3.78E-04
ATP2B4_boot.51	1.20E-68	7.57E-04	9.72E-04	3.00E-153	5.06E-04
ATP2B4_boot.52	5.84E-04	2.04E-03	1.97E-03	2.66E-03	5.17E-04
ATP2B4_boot.53	1.67E-32	5.58E-04	2.97E-03	4.34E-03	2.68E-04
ATP2B4_boot.54	2.28E-03	6.94E-04	8.95E-04	1.16E-03	3.85E-04
ATP2B4_boot.55	0.00E+00	4.19E-04	1.22E-03	1.35E-03	5.34E-05
ATP2B4_boot.56	5.12E-04	9.78E-04	6.11E-03	7.06E-03	0.00E+00
ATP2B4_boot.57	1.70E-03	0.00E+00	2.25E-03	3.16E-03	2.55E-04
ATP2B4_boot.58	1.22E-04	6.10E-04	4.06E-03	4.81E-03	3.48E-124
ATP2B4_boot.59	2.58E-03	3.02E-04	2.14E-03	4.57E-03	5.04E-04
ATP2B4_boot.60	3.31E-04	6.51E-04	6.31E-03	7.37E-03	1.17E-133
ATP2B4_boot.61	4.34E-04	2.09E-03	1.54E-03	3.32E-03	6.81E-04
ATP2B4_boot.62	2.32E-03	3.22E-03	2.04E-03	6.08E-03	0.00E+00
ATP2B4_boot.63	2.61E-03	3.00E-03	1.80E-03	6.52E-03	5.67E-04
ATP2B4_boot.64	2.56E-03	1.12E-03	2.23E-03	4.61E-03	7.00E-57
ATP2B4_boot.65	4.95E-04	3.51E-03	9.17E-04	2.96E-03	2.32E-136
ATP2B4_boot.66	2.63E-03	1.29E-03	2.92E-03	3.99E-03	0.00E+00
ATP2B4_boot.67	3.79E-03	1.92E-03	3.08E-03	5.39E-03	0.00E+00
ATP2B4_boot.68	3.85E-03	1.62E-04	3.28E-03	6.44E-03	0.00E+00
ATP2B4_boot.69	1.11E-03	1.13E-03	1.28E-03	1.19E-03	3.71E-04
ATP2B4_boot.70	0.00E+00	5.11E-04	7.73E-04	4.39E-19	4.16E-16
ATP2B4_boot.71	1.55E-59	8.58E-04	2.18E-03	1.94E-03	1.26E-03
ATP2B4_boot.72	1.07E-03	0.00E+00	1.75E-03	2.81E-03	2.08E-05
ATP2B4_boot.73	0.00E+00	2.27E-04	2.39E-03	2.89E-03	5.30E-04
ATP2B4_boot.74	4.51E-30	1.27E-03	5.86E-03	6.97E-03	0.00E+00
ATP2B4_boot.75	4.18E-03	3.95E-03	2.11E-03	8.40E-03	0.00E+00
ATP2B4_boot.76	1.61E-04	9.48E-04	4.67E-03	5.59E-03	8.59E-148
ATP2B4_boot.77	1.70E-03	1.61E-04	3.25E-03	3.10E-03	2.50E-107
ATP2B4_boot.78	1.64E-58	9.02E-04	2.36E-03	1.02E-03	1.39E-03
ATP2B4_boot.79	2.24E-160	6.25E-04	1.38E-03	2.74E-03	7.89E-04
ATP2B4_boot.80	4.93E-04	4.72E-04	2.41E-03	1.99E-03	8.85E-04
ATP2B4_boot.81	4.13E-04	1.10E-03	5.47E-03	6.50E-03	0.00E+00
ATP2B4_boot.82	8.08E-04	0.00E+00	3.04E-03	3.30E-03	6.39E-39
ATP2B4_boot.83	1.62E-03	1.63E-03	2.12E-03	3.20E-03	7.49E-04
ATP2B4_boot.84	1.92E-03	2.18E-03	1.48E-03	5.48E-03	7.37E-04
ATP2B4_boot.85	1.54E-03	2.85E-03	1.27E-03	4.54E-03	4.31E-04
ATP2B4_boot.86	1.89E-03	3.35E-03	1.88E-03	5.97E-03	1.20E-74
ATP2B4_boot.87	3.33E-92	2.86E-04	2.84E-03	3.15E-03	0.00E+00
ATP2B4_boot.88	6.64E-138	8.87E-04	1.90E-03	1.94E-26	6.49E-04
ATP2B4_boot.89	6.03E-22	9.36E-04	1.71E-03	4.80E-03	1.64E-03
ATP2B4_boot.90	1.76E-03	3.23E-03	2.18E-03	4.85E-03	0.00E+00
ATP2B4_boot.91	6.49E-33	3.67E-04	8.38E-04	9.04E-04	7.01E-04
ATP2B4_boot.92	9.97E-04	1.61E-03	1.76E-03	1.51E-03	8.65E-04
ATP2B4_boot.93	2.41E-03	4.07E-03	2.16E-03	5.04E-03	0.00E+00
ATP2B4_boot.94	0.00E+00	8.60E-04	1.86E-03	1.01E-36	6.03E-04
ATP2B4_boot.95	3.25E-03	3.18E-04	4.44E-03	2.88E-03	8.25E-89
ATP2B4_boot.96	2.85E-81	1.20E-03	3.17E-03	1.21E-03	2.36E-03
ATP2B4_boot.97	0.00E+00	2.30E-03	4.53E-03	2.54E-03	3.56E-03
ATP2B4_boot.98	3.12E-04	2.11E-03	9.75E-03	1.19E-02	4.10E-160
ATP2B4_boot.99	7.25E-137	4.80E-04	2.26E-03	3.33E-03	1.29E-03
ATP2B4_boot.100	2.63E-03	1.17E-136	3.16E-03	2.47E-03	7.14E-04
ATP2B4_boot.101	3.49E-03	0.00E+00	5.11E-03	3.45E-03	3.28E-82
ATP2B4_boot.102	1.72E-03	0.00E+00	2.65E-03	2.36E-03	2.87E-04
ATP2B4_boot.103	1.32E-03	1.57E-06	3.61E-03	2.12E-03	2.24E-03
ATP2B4_boot.104	6.87E-04	2.38E-04	3.66E-03	4.37E-03	6.27E-04
ATP2B4_boot.105	2.64E-03	0.00E+00	1.19E-03	3.53E-03	5.81E-04
ATP2B4_boot.106	1.23E-03	0.00E+00	4.76E-03	5.25E-03	5.55E-04
ATP2B4_boot.107	1.12E-03	0.00E+00	2.87E-03	3.33E-03	1.01E-03
ATP2B4_boot.108	1.27E-03	1.21E-60	9.28E-04	1.85E-03	3.56E-04
ATP2B4_boot.109	7.03E-04	0.00E+00	3.80E-03	4.93E-03	5.61E-04
ATP2B4_boot.110	1.77E-06	2.88E-30	3.52E-03	3.96E-03	2.92E-102
ATP2B4_boot.111	9.01E-04	8.95E-04	2.81E-03	3.80E-03	1.11E-03
ATP2B4_boot.112	8.99E-07	0.00E+00	5.75E-03	7.74E-03	8.23E-04
ATP2B4_boot.113	3.93E-03	3.36E-04	2.25E-03	4.79E-03	3.51E-27
ATP2B4_boot.114	4.83E-03	1.92E-81	1.55E-03	5.53E-03	5.32E-04
ATP2B4_boot.115	1.34E-03	0.00E+00	8.79E-04	1.98E-03	6.57E-04
ATP2B4_boot.116	7.41E-04	0.00E+00	2.37E-03	2.85E-03	4.67E-04
ATP2B4_boot.117	1.66E-03	0.00E+00	1.20E-03	9.13E-04	5.70E-04
ATP2B4_boot.118	3.72E-04	0.00E+00	4.00E-03	4.14E-03	3.19E-04
ATP2B4_boot.119	6.60E-04	1.94E-03	8.13E-03	1.00E-02	0.00E+00
ATP2B4_boot.120	1.81E-40	0.00E+00	5.17E-03	6.21E-03	3.69E-04
ATP2B4_boot.121	1.60E-03	9.75E-04	2.79E-03	6.33E-03	1.71E-03
ATP2B4_boot.122	3.43E-17	1.17E-03	7.43E-03	8.73E-03	2.81E-63
ATP2B4_boot.123	2.27E-03	1.85E-03	2.19E-03	4.53E-03	0.00E+00
ATP2B4_boot.124	1.60E-03	4.43E-04	4.31E-03	5.20E-03	0.00E+00
ATP2B4_boot.125	1.16E-03	3.59E-05	9.60E-04	2.28E-03	6.44E-04
ATP2B4_boot.126	3.44E-38	1.13E-04	2.24E-03	3.54E-03	2.34E-03
ATP2B4_boot.127	5.04E-03	2.59E-03	2.70E-03	7.94E-03	0.00E+00
ATP2B4_boot.128	3.19E-04	0.00E+00	4.20E-03	4.51E-03	4.08E-04
ATP2B4_boot.129	2.90E-03	0.00E+00	4.44E-03	3.37E-03	1.54E-44
ATP2B4_boot.130	5.04E-58	4.66E-04	3.59E-03	4.26E-03	8.11E-75
ATP2B4_boot.131	1.95E-03	1.72E-04	3.54E-03	9.44E-04	2.01E-03
ATP2B4_boot.132	4.38E-03	5.67E-04	2.43E-03	6.22E-03	0.00E+00
ATP2B4_boot.133	4.06E-03	8.55E-152	2.20E-03	6.21E-03	6.62E-04
ATP2B4_boot.134	2.65E-03	0.00E+00	1.09E-02	1.37E-02	8.49E-153
ATP2B4_boot.135	7.41E-04	2.80E-101	1.44E-03	2.11E-03	4.05E-04
ATP2B4_boot.136	3.19E-103	1.13E-03	1.96E-03	3.24E-03	1.18E-03
ATP2B4_boot.137	4.77E-03	1.88E-03	2.75E-03	5.26E-03	0.00E+00
ATP2B4_boot.138	8.85E-04	7.39E-04	4.47E-03	5.21E-03	1.57E-119
ATP2B4_boot.139	9.90E-04	0.00E+00	7.14E-03	6.97E-03	0.00E+00
ATP2B4_boot.140	1.65E-03	3.71E-04	2.44E-03	2.31E-03	1.03E-03
ATP2B4_boot.141	8.84E-05	0.00E+00	5.86E-03	6.63E-03	1.00E-62
ATP2B4_boot.142	9.46E-04	4.67E-04	5.85E-03	6.26E-03	0.00E+00
ATP2B4_boot.143	2.70E-35	9.34E-04	1.84E-03	3.90E-03	8.75E-04
ATP2B4_boot.144	1.67E-03	4.32E-04	6.12E-03	7.43E-03	7.00E-137
ATP2B4_boot.145	7.26E-04	1.02E-04	2.40E-03	3.78E-03	1.22E-03
ATP2B4_boot.146	8.20E-04	0.00E+00	2.30E-03	2.54E-03	2.69E-04
ATP2B4_boot.147	1.36E-03	1.25E-04	2.24E-03	4.03E-03	5.35E-04
ATP2B4_boot.148	6.94E-04	6.40E-04	5.63E-03	6.43E-03	0.00E+00
ATP2B4_boot.149	2.60E-03	9.91E-46	1.73E-03	2.94E-03	4.62E-04
ATP2B4_boot.150	2.86E-03	2.07E-04	5.28E-03	6.99E-03	0.00E+00
ATP2B4_boot.151	1.46E-03	4.40E-04	8.89E-03	1.05E-02	0.00E+00
ATP2B4_boot.152	1.30E-03	3.19E-04	1.30E-03	2.94E-03	9.88E-04
ATP2B4_boot.153	1.42E-03	0.00E+00	7.82E-03	9.11E-03	5.26E-104
ATP2B4_boot.154	2.35E-03	9.72E-118	6.34E-03	8.18E-03	0.00E+00
ATP2B4_boot.155	1.73E-03	2.96E-04	5.74E-03	4.49E-03	0.00E+00
ATP2B4_boot.156	6.17E-04	1.11E-03	3.97E-03	3.77E-03	0.00E+00
ATP2B4_boot.157	1.78E-03	1.20E-03	1.10E-03	3.39E-03	5.19E-04
ATP2B4_boot.158	9.52E-04	0.00E+00	4.23E-03	5.46E-03	2.49E-04
ATP2B4_boot.159	5.28E-04	2.24E-03	3.26E-03	2.40E-03	0.00E+00
ATP2B4_boot.160	1.55E-03	6.54E-04	1.05E-03	9.82E-04	5.84E-04
ATP2B4_boot.161	2.36E-03	0.00E+00	3.74E-03	2.63E-03	2.70E-04
ATP2B4_boot.162	1.10E-03	7.45E-04	6.02E-03	6.74E-03	0.00E+00
ATP2B4_boot.163	1.32E-03	1.22E-74	1.35E-03	2.55E-03	4.35E-04
ATP2B4_boot.164	5.42E-04	5.98E-04	3.71E-03	6.27E-03	1.23E-03
ATP2B4_boot.165	2.13E-03	1.23E-27	3.55E-03	2.89E-03	1.09E-04
ATP2B4_boot.166	1.35E-03	0.00E+00	4.76E-03	6.57E-03	4.68E-04
ATP2B4_boot.167	1.59E-03	4.19E-04	2.21E-03	2.75E-03	2.75E-25
ATP2B4_boot.168	3.91E-03	1.86E-04	2.34E-03	3.80E-03	3.39E-04
ATP2B4_boot.169	1.13E-03	4.06E-60	1.55E-03	2.69E-03	4.45E-04
ATP2B4_boot.170	1.94E-03	6.89E-04	3.89E-03	7.05E-03	1.18E-03
ATP2B4_boot.171	6.24E-04	0.00E+00	4.05E-03	5.06E-03	4.10E-04
ATP2B4_boot.172	7.80E-04	0.00E+00	4.06E-03	5.29E-03	7.00E-04
ATP2B4_boot.173	4.48E-03	0.00E+00	4.63E-03	3.47E-03	3.08E-112
ATP2B4_boot.174	1.18E-03	5.17E-04	2.19E-03	3.73E-03	1.72E-03
ATP2B4_boot.175	3.87E-05	1.55E-03	5.98E-03	9.49E-03	1.44E-03
ATP2B4_boot.176	9.18E-04	0.00E+00	6.31E-03	7.48E-03	5.54E-45
ATP2B4_boot.177	2.22E-03	0.00E+00	2.32E-03	2.89E-03	7.89E-04
ATP2B4_boot.178	0.00E+00	7.79E-04	5.69E-03	6.61E-03	0.00E+00
ATP2B4_boot.179	4.66E-03	3.21E-03	1.98E-03	6.69E-03	0.00E+00
ATP2B4_boot.180	1.21E-03	8.53E-04	6.51E-03	4.43E-03	2.69E-21
ATP2B4_boot.181	8.96E-04	7.79E-32	9.15E-03	1.06E-02	0.00E+00
ATP2B4_boot.182	1.91E-32	2.14E-03	1.09E-03	2.58E-03	5.94E-04
ATP2B4_boot.183	2.58E-03	2.89E-04	3.62E-03	5.00E-03	1.74E-06
ATP2B4_boot.184	2.97E-03	1.54E-04	2.46E-03	2.91E-03	1.26E-03
ATP2B4_boot.185	4.63E-72	1.25E-03	1.71E-03	4.24E-03	1.21E-03
ATP2B4_boot.186	8.44E-04	1.67E-03	2.91E-03	2.73E-03	0.00E+00
ATP2B4_boot.187	9.53E-04	2.04E-03	4.15E-03	3.01E-03	0.00E+00
ATP2B4_boot.188	4.65E-04	0.00E+00	3.19E-03	3.64E-03	2.14E-12
ATP2B4_boot.189	1.69E-03	2.60E-04	2.44E-03	2.66E-03	5.72E-04
ATP2B4_boot.190	1.97E-03	2.13E-103	2.23E-03	1.70E-03	1.48E-03
ATP2B4_boot.191	1.10E-04	5.50E-05	5.00E-03	5.64E-03	3.03E-86
ATP2B4_boot.192	1.46E-03	4.88E-96	4.11E-03	6.84E-03	9.95E-04
ATP2B4_boot.193	2.70E-03	3.81E-03	1.38E-03	6.00E-03	9.58E-04
ATP2B4_boot.194	5.84E-04	1.95E-124	4.53E-03	5.13E-03	5.59E-04
ATP2B4_boot.195	1.32E-03	0.00E+00	4.05E-03	3.59E-03	0.00E+00
ATP2B4_boot.196	4.26E-03	5.05E-03	1.17E-03	6.89E-03	0.00E+00
ATP2B4_boot.197	6.25E-04	1.64E-03	1.58E-03	3.88E-03	7.32E-04
ATP2B4_boot.198	2.11E-03	3.32E-03	1.49E-03	4.89E-03	0.00E+00
ATP2B4_boot.199	1.42E-03	0.00E+00	1.54E-03	1.11E-03	5.18E-04
ATP2B4_boot.200	4.36E-79	2.20E-03	1.48E-03	0.00E+00	7.02E-04
ATP2B4_boot.201	1.90E-112	4.53E-04	1.93E-03	2.58E-12	1.15E-03
ATP2B4_boot.202	1.48E-03	6.44E-04	5.68E-04	5.63E-05	3.57E-04
ATP2B4_boot.203	8.37E-130	0.00E+00	2.01E-03	2.93E-129	5.25E-04
ATP2B4_boot.204	1.66E-03	3.27E-03	3.45E-03	3.38E-03	0.00E+00
ATP2B4_boot.205	1.49E-03	1.47E-03	1.51E-03	3.87E-03	7.49E-04
ATP2B4_boot.206	5.25E-107	2.71E-03	1.35E-03	3.83E-03	7.67E-04
ATP2B4_boot.207	3.46E-133	2.31E-03	8.98E-04	2.39E-03	6.38E-04
ATP2B4_boot.208	2.20E-03	1.36E-04	1.02E-03	4.14E-04	1.97E-04
ATP2B4_boot.209	0.00E+00	9.48E-42	2.69E-03	0.00E+00	7.23E-04
ATP2B4_boot.210	1.35E-03	2.10E-03	9.68E-04	0.00E+00	4.92E-04
ATP2B4_boot.211	0.00E+00	0.00E+00	1.99E-03	2.21E-156	4.56E-04
ATP2B4_boot.212	2.09E-04	1.29E-03	4.39E-03	3.36E-03	1.41E-92
ATP2B4_boot.213	0.00E+00	0.00E+00	7.81E-03	8.70E-03	0.00E+00
ATP2B4_boot.214	8.15E-42	3.77E-03	1.56E-03	4.79E-03	7.86E-04
ATP2B4_boot.215	0.00E+00	0.00E+00	2.36E-03	0.00E+00	7.71E-04
ATP2B4_boot.216	0.00E+00	7.96E-04	1.20E-03	1.91E-03	4.43E-04
ATP2B4_boot.217	3.77E-04	2.44E-03	1.53E-03	3.25E-03	0.00E+00
ATP2B4_boot.218	3.51E-15	1.70E-03	5.22E-04	4.70E-21	1.44E-04
ATP2B4_boot.219	0.00E+00	3.32E-04	1.58E-03	6.42E-04	8.35E-04
ATP2B4_boot.220	6.95E-04	1.61E-04	1.31E-03	6.32E-04	8.71E-04
ATP2B4_boot.221	0.00E+00	0.00E+00	2.36E-03	0.00E+00	7.42E-04
ATP2B4_boot.222	3.33E-76	1.99E-03	8.76E-04	2.54E-03	6.52E-04
ATP2B4_boot.223	3.93E-03	0.00E+00	2.30E-03	5.03E-03	7.03E-163
ATP2B4_boot.224	2.21E-03	1.26E-03	1.07E-03	6.36E-118	2.94E-04
ATP2B4_boot.225	1.89E-03	5.62E-04	2.35E-03	4.17E-03	5.45E-04
ATP2B4_boot.226	4.75E-03	1.06E-03	1.76E-03	6.81E-03	6.99E-04
ATP2B4_boot.227	0.00E+00	0.00E+00	2.79E-03	0.00E+00	8.33E-04
ATP2B4_boot.228	2.06E-03	1.82E-03	3.39E-03	4.58E-03	1.14E-03
ATP2B4_boot.229	7.40E-04	9.87E-04	3.17E-03	1.84E-03	1.40E-03
ATP2B4_boot.230	8.82E-10	2.19E-03	1.02E-03	1.97E-53	4.50E-04
ATP2B4_boot.231	1.47E-03	4.74E-04	1.28E-03	2.97E-03	1.61E-03
ATP2B4_boot.232	7.80E-04	1.65E-17	5.24E-04	7.75E-04	4.07E-04
ATP2B4_boot.233	1.58E-03	0.00E+00	1.29E-03	8.08E-106	1.79E-04
ATP2B4_boot.234	9.23E-44	3.73E-137	2.33E-03	4.17E-03	4.44E-04
ATP2B4_boot.235	1.22E-03	0.00E+00	4.38E-03	6.64E-03	4.80E-04
ATP2B4_boot.236	0.00E+00	0.00E+00	1.40E-03	2.74E-03	7.04E-04
ATP2B4_boot.237	0.00E+00	0.00E+00	5.03E-03	3.07E-03	1.97E-03
ATP2B4_boot.238	8.60E-49	0.00E+00	1.88E-03	0.00E+00	6.14E-04
ATP2B4_boot.239	6.76E-88	3.12E-03	3.41E-03	4.54E-03	1.22E-03
ATP2B4_boot.240	0.00E+00	7.22E-04	3.92E-04	4.40E-04	5.67E-04
ATP2B4_boot.241	7.03E-05	2.63E-03	2.21E-03	3.36E-03	7.56E-04
ATP2B4_boot.242	2.45E-03	1.13E-03	9.34E-04	3.99E-04	3.17E-04
ATP2B4_boot.243	5.27E-148	1.74E-03	6.79E-04	1.48E-03	1.95E-63
ATP2B4_boot.244	3.07E-03	1.01E-03	2.70E-03	5.29E-03	1.01E-03
ATP2B4_boot.245	4.42E-127	2.00E-03	1.26E-03	3.31E-03	7.10E-04
ATP2B4_boot.246	6.59E-04	0.00E+00	2.02E-03	3.22E-03	3.94E-04
ATP2B4_boot.247	1.67E-03	1.83E-03	9.79E-04	2.29E-03	1.00E-03
ATP2B4_boot.248	7.45E-09	1.43E-03	6.41E-04	8.96E-34	5.42E-04
ATP2B4_boot.249	1.29E-03	2.49E-03	2.24E-03	4.11E-03	1.08E-03
ATP2B4_boot.250	0.00E+00	7.69E-04	3.64E-03	5.50E-03	4.93E-04
ATP2B4_boot.251	5.34E-101	3.62E-03	2.19E-03	5.07E-03	7.10E-04
ATP2B4_boot.252	3.00E-04	4.05E-04	5.77E-04	1.03E-03	3.63E-04
ATP2B4_boot.253	2.10E-03	2.26E-03	2.95E-03	2.63E-03	4.09E-04
ATP2B4_boot.254	0.00E+00	1.77E-03	4.97E-03	2.61E-03	2.51E-03
ATP2B4_boot.255	8.66E-13	3.50E-75	1.51E-03	8.60E-04	4.34E-04
ATP2B4_boot.256	1.33E-03	2.13E-03	1.83E-03	2.36E-03	3.62E-04
ATP2B4_boot.257	1.06E-03	0.00E+00	8.41E-04	1.28E-03	3.56E-04
ATP2B4_boot.258	6.10E-04	0.00E+00	2.93E-03	3.43E-03	3.89E-04
ATP2B4_boot.259	0.00E+00	0.00E+00	2.65E-03	0.00E+00	8.53E-04
ATP2B4_boot.260	1.65E-03	1.02E-04	9.97E-04	8.64E-04	2.54E-04
ATP2B4_boot.261	2.76E-04	0.00E+00	1.58E-03	1.42E-03	9.52E-04
ATP2B4_boot.262	2.09E-03	0.00E+00	2.73E-03	5.45E-03	6.24E-04
ATP2B4_boot.263	4.02E-04	9.55E-04	2.54E-03	3.20E-03	5.37E-04
ATP2B4_boot.264	1.08E-03	7.34E-04	2.23E-03	4.39E-03	1.38E-03
ATP2B4_boot.265	1.93E-03	7.66E-04	1.72E-03	4.74E-103	6.57E-04
ATP2B4_boot.266	1.68E-03	8.28E-04	2.24E-03	8.34E-05	1.30E-03
ATP2B4_boot.267	2.26E-44	9.95E-04	1.06E-03	3.66E-03	1.00E-03
ATP2B4_boot.268	2.13E-03	0.00E+00	1.34E-03	3.21E-03	3.73E-04
ATP2B4_boot.269	0.00E+00	4.62E-04	6.84E-03	7.76E-03	0.00E+00
ATP2B4_boot.270	1.04E-03	0.00E+00	8.23E-04	7.84E-106	2.95E-04
ATP2B4_boot.271	1.09E-04	2.06E-03	1.94E-03	3.08E-03	6.49E-154
ATP2B4_boot.272	5.64E-05	2.33E-03	1.35E-03	3.06E-03	6.04E-04
ATP2B4_boot.273	3.35E-152	4.57E-04	4.27E-03	4.80E-03	6.89E-04
ATP2B4_boot.274	0.00E+00	4.65E-04	1.98E-03	2.47E-30	8.71E-04
ATP2B4_boot.275	4.42E-04	1.17E-03	3.70E-03	3.74E-03	0.00E+00
ATP2B4_boot.276	0.00E+00	1.08E-03	1.71E-03	3.74E-03	6.47E-04
ATP2B4_boot.277	2.69E-04	4.25E-110	7.01E-03	7.93E-03	4.57E-65
ATP2B4_boot.278	1.73E-03	0.00E+00	1.57E-03	1.33E-07	2.50E-04
ATP2B4_boot.279	2.00E-03	3.54E-34	5.25E-03	9.36E-03	1.52E-03
ATP2B4_boot.280	0.00E+00	1.08E-03	1.41E-03	2.07E-03	4.30E-04
ATP2B4_boot.281	0.00E+00	4.62E-04	1.77E-03	2.80E-104	2.87E-04
ATP2B4_boot.282	5.29E-04	0.00E+00	1.21E-03	2.05E-03	5.07E-04
ATP2B4_boot.283	0.00E+00	9.27E-04	1.75E-03	1.86E-03	4.84E-04
ATP2B4_boot.284	1.00E-24	1.66E-04	1.80E-03	2.03E-03	4.56E-42
ATP2B4_boot.285	3.10E-55	2.07E-03	1.05E-03	2.30E-03	5.50E-04
ATP2B4_boot.286	3.24E-91	6.42E-04	1.86E-03	8.12E-04	4.34E-04
ATP2B4_boot.287	1.42E-03	4.87E-03	2.43E-03	6.42E-03	0.00E+00
ATP2B4_boot.288	0.00E+00	2.62E-03	1.36E-03	2.68E-03	5.10E-04
ATP2B4_boot.289	1.95E-05	1.10E-88	1.11E-03	2.19E-03	3.49E-04
ATP2B4_boot.290	1.18E-03	3.59E-04	1.79E-03	4.27E-04	4.89E-04
ATP2B4_boot.291	2.40E-03	7.83E-75	2.18E-03	4.19E-03	3.45E-04
ATP2B4_boot.292	6.42E-146	0.00E+00	5.56E-03	5.96E-03	3.66E-86
ATP2B4_boot.293	2.26E-03	0.00E+00	2.80E-03	5.31E-03	7.38E-04
ATP2B4_real	9.64E-04	1.90E-03	2.14E-03	3.78E-03	4.39E-04
ATP2B4_real.1	1.95E-77	1.44E-03	2.92E-03	1.58E-03	2.23E-03
ATP2B4_real.2	1.19E-03	8.04E-04	4.38E-03	5.61E-03	3.53E-04
ATP2B4_real.3	1.38E-03	0.00E+00	3.07E-03	3.24E-03	1.03E-03
ATP2B4_real.4	1.16E-03	5.36E-04	1.58E-03	2.54E-03	3.30E-04
ATP2B4_real.5	1.03E-28	1.47E-03	1.25E-03	1.46E-03	4.84E-04
EXO1_boot	3.01E-03	0.00E+00	6.84E-10	2.97E-03	3.72E-04
EXO1_boot.1	3.34E-03	6.44E-45	1.06E-03	4.88E-03	1.70E-04
EXO1_boot.2	2.38E-03	8.44E-41	0.00E+00	2.64E-03	0.00E+00
EXO1_boot.3	3.60E-03	0.00E+00	0.00E+00	3.91E-03	0.00E+00
EXO1_boot.4	4.24E-03	0.00E+00	7.14E-05	4.58E-03	1.55E-04
EXO1_boot.5	3.92E-03	0.00E+00	1.66E-37	4.49E-03	0.00E+00
EXO1_boot.6	2.89E-03	0.00E+00	3.66E-115	3.06E-03	2.04E-109
EXO1_boot.7	3.42E-03	0.00E+00	7.21E-04	4.12E-03	3.57E-04
EXO1_boot.8	2.90E-03	2.16E-149	2.98E-107	3.35E-03	0.00E+00
EXO1_boot.9	3.54E-03	1.33E-152	6.14E-71	4.09E-03	2.86E-45
EXO1_boot.10	2.21E-03	4.94E-04	4.26E-04	1.83E-03	9.94E-04
EXO1_boot.11	2.08E-03	0.00E+00	0.00E+00	2.15E-03	1.35E-69
EXO1_boot.12	3.36E-03	0.00E+00	3.86E-128	3.54E-03	1.66E-118
EXO1_boot.13	2.23E-03	3.60E-27	0.00E+00	2.64E-03	0.00E+00
EXO1_boot.14	4.58E-03	0.00E+00	3.90E-29	5.00E-03	0.00E+00
EXO1_boot.15	4.40E-03	0.00E+00	1.37E-60	4.76E-03	9.97E-121
EXO1_boot.16	4.78E-03	0.00E+00	9.67E-05	5.38E-03	1.29E-105
EXO1_boot.17	3.20E-03	0.00E+00	3.59E-39	3.26E-03	2.19E-04
EXO1_boot.18	2.71E-03	0.00E+00	1.80E-03	1.45E-03	1.52E-91
EXO1_boot.19	2.08E-03	1.34E-104	7.33E-04	1.92E-03	8.73E-04
EXO1_boot.20	1.81E-04	8.26E-04	0.00E+00	4.25E-05	0.00E+00
EXO1_boot.21	3.95E-03	6.04E-131	2.91E-14	4.40E-03	9.50E-158
EXO1_boot.22	2.71E-03	0.00E+00	0.00E+00	2.95E-03	0.00E+00
EXO1_boot.23	3.80E-03	9.25E-04	0.00E+00	3.61E-03	0.00E+00
EXO1_boot.24	4.50E-03	1.34E-86	1.28E-05	5.06E-03	2.57E-53
EXO1_boot.25	3.98E-03	0.00E+00	3.49E-04	4.82E-03	5.42E-37
EXO1_boot.26	2.75E-03	2.58E-142	6.53E-04	3.33E-03	4.22E-04
EXO1_boot.27	3.94E-03	2.69E-18	1.22E-83	4.40E-03	0.00E+00
EXO1_boot.28	3.31E-03	4.95E-110	6.03E-50	3.67E-03	1.11E-04
EXO1_boot.29	2.35E-03	0.00E+00	1.46E-03	2.99E-03	1.05E-03
EXO1_boot.30	2.00E-03	0.00E+00	1.34E-03	2.49E-03	1.04E-03
EXO1_boot.31	3.61E-03	0.00E+00	2.46E-04	3.77E-03	2.76E-04
EXO1_boot.32	2.91E-03	1.49E-113	0.00E+00	3.26E-03	0.00E+00
EXO1_boot.33	3.76E-03	0.00E+00	0.00E+00	3.90E-03	0.00E+00
EXO1_boot.34	4.48E-03	3.63E-111	0.00E+00	4.82E-03	0.00E+00
EXO1_boot.35	2.89E-03	3.99E-24	6.90E-22	2.83E-03	3.20E-04
EXO1_boot.36	4.48E-03	2.24E-98	3.12E-86	4.84E-03	0.00E+00
EXO1_boot.37	3.71E-03	0.00E+00	5.64E-04	4.78E-03	1.45E-04
EXO1_boot.38	4.58E-03	0.00E+00	3.65E-155	4.81E-03	0.00E+00
EXO1_boot.39	3.26E-03	2.22E-160	6.16E-07	3.77E-03	9.35E-14
EXO1_boot.40	3.91E-03	7.53E-84	2.36E-85	4.33E-03	0.00E+00
EXO1_boot.41	3.72E-03	0.00E+00	4.00E-04	4.45E-03	1.39E-04
EXO1_boot.42	2.55E-03	7.70E-147	0.00E+00	2.87E-03	0.00E+00
EXO1_boot.43	1.78E-03	3.41E-16	1.48E-03	2.19E-03	1.25E-03
EXO1_boot.44	3.19E-03	1.89E-04	1.72E-03	5.20E-03	4.38E-04
EXO1_boot.45	1.27E-03	4.84E-93	1.42E-03	2.15E-03	9.21E-04
EXO1_boot.46	2.05E-03	6.19E-68	9.52E-04	1.83E-03	1.02E-03
EXO1_boot.47	1.64E-03	0.00E+00	3.74E-03	3.57E-03	2.05E-03
EXO1_boot.48	5.32E-04	1.67E-47	3.49E-03	1.57E-03	2.52E-03
EXO1_boot.49	3.39E-03	0.00E+00	1.99E-03	5.25E-03	8.29E-04
EXO1_boot.50	1.91E-03	2.53E-45	2.30E-03	2.95E-03	1.57E-03
EXO1_boot.51	2.12E-03	0.00E+00	1.95E-03	3.35E-03	1.07E-03
EXO1_boot.52	2.15E-03	4.47E-56	2.72E-03	3.87E-03	1.45E-03
EXO1_boot.53	2.07E-03	1.49E-131	3.52E-03	3.76E-03	2.10E-03
EXO1_boot.54	3.44E-03	1.91E-72	1.82E-03	5.20E-03	8.05E-04
EXO1_boot.55	9.92E-04	4.91E-110	5.40E-03	3.51E-03	3.06E-03
EXO1_boot.56	1.55E-03	1.10E-88	2.63E-05	1.80E-03	7.14E-04
EXO1_boot.57	2.30E-03	1.20E-120	1.79E-03	3.86E-03	8.04E-04
EXO1_boot.58	2.97E-03	7.95E-59	8.93E-04	3.66E-03	6.10E-04
EXO1_boot.59	1.90E-03	1.77E-21	1.82E-03	2.27E-03	1.45E-03
EXO1_boot.60	2.36E-03	2.23E-04	8.21E-04	2.47E-03	8.82E-04
EXO1_boot.61	2.09E-03	0.00E+00	3.34E-03	3.96E-03	1.78E-03
EXO1_boot.62	2.21E-03	3.83E-05	2.44E-04	2.22E-03	5.91E-04
EXO1_boot.63	1.91E-03	0.00E+00	3.44E-03	4.00E-03	1.76E-03
EXO1_boot.64	2.40E-03	1.66E-119	2.61E-03	4.37E-03	1.28E-03
EXO1_boot.65	2.44E-03	0.00E+00	6.63E-04	2.92E-03	5.35E-04
EXO1_boot.66	2.44E-03	4.72E-33	1.16E-03	3.67E-03	5.57E-04
EXO1_boot.67	2.44E-03	0.00E+00	1.61E-03	3.74E-03	8.18E-04
EXO1_boot.68	2.01E-03	2.03E-87	3.61E-03	4.47E-03	1.67E-03
EXO1_boot.69	9.26E-04	8.72E-118	2.34E-03	2.05E-03	1.58E-03
EXO1_boot.70	1.74E-03	1.01E-74	1.73E-03	3.10E-03	8.54E-04
EXO1_boot.71	2.07E-03	3.08E-42	3.26E-03	3.96E-03	1.85E-03
EXO1_boot.72	2.67E-03	1.32E-06	6.68E-04	3.26E-03	4.36E-04
EXO1_boot.73	3.23E-03	2.01E-117	6.03E-04	3.70E-03	5.05E-04
EXO1_boot.74	2.03E-03	6.07E-12	1.69E-03	2.63E-03	1.30E-03
EXO1_boot.75	1.17E-03	0.00E+00	2.27E-03	2.32E-03	1.53E-03
EXO1_boot.76	2.58E-03	6.74E-04	1.97E-03	3.93E-03	8.42E-04
EXO1_boot.77	2.69E-03	0.00E+00	3.82E-04	2.63E-03	5.90E-04
EXO1_boot.78	1.45E-03	9.84E-76	1.95E-03	1.77E-03	1.67E-03
EXO1_boot.79	2.40E-03	1.39E-120	2.37E-04	2.58E-03	4.80E-04
EXO1_boot.80	1.77E-03	0.00E+00	2.92E-03	3.48E-03	1.48E-03
EXO1_boot.81	1.86E-03	5.14E-140	2.56E-03	3.32E-03	1.46E-03
EXO1_boot.82	1.82E-03	3.92E-141	2.21E-03	2.76E-03	1.56E-03
EXO1_boot.83	1.48E-03	0.00E+00	1.18E-03	2.25E-03	8.54E-04
EXO1_boot.84	6.18E-04	5.83E-10	3.10E-03	2.16E-03	1.91E-03
EXO1_boot.85	1.84E-03	2.01E-59	3.22E-03	3.77E-03	1.60E-03
EXO1_real	3.47E-03	0.00E+00	2.62E-29	3.84E-03	1.64E-125
EXO1_real.1	1.86E-03	2.28E-103	2.33E-03	3.26E-03	1.34E-03
RNF168_boot	1.32E-03	0.00E+00	2.80E-03	1.29E-03	0.00E+00
RNF168_boot.1	1.35E-03	0.00E+00	9.41E-04	1.50E-03	8.66E-04
RNF168_boot.2	1.63E-03	2.43E-04	9.76E-04	2.95E-03	4.63E-04
RNF168_boot.3	4.94E-03	0.00E+00	7.52E-04	4.94E-03	0.00E+00
RNF168_boot.4	1.05E-03	1.67E-137	8.74E-04	2.66E-03	0.00E+00
RNF168_boot.5	1.84E-03	3.76E-04	1.71E-03	2.57E-66	1.40E-03
RNF168_boot.6	4.06E-03	2.67E-44	1.93E-03	3.66E-03	1.47E-03
RNF168_boot.7	2.59E-03	1.36E-04	3.31E-03	1.36E-03	3.29E-03
RNF168_boot.8	6.22E-03	1.68E-03	6.14E-25	4.51E-03	4.33E-04
RNF168_boot.9	3.16E-03	0.00E+00	4.32E-34	2.41E-03	9.72E-04
RNF168_boot.10	3.43E-03	0.00E+00	1.27E-03	5.48E-03	0.00E+00
RNF168_boot.11	2.00E-03	0.00E+00	0.00E+00	1.09E-03	1.00E-03
RNF168_boot.12	1.29E-03	2.00E-03	4.93E-03	2.31E-03	3.00E-03
RNF168_boot.13	2.16E-03	2.45E-103	2.86E-03	2.03E-03	2.34E-03
RNF168_boot.14	3.42E-03	0.00E+00	2.52E-07	2.42E-03	6.60E-04
RNF168_boot.15	5.03E-03	0.00E+00	1.09E-03	6.07E-03	3.46E-04
RNF168_boot.16	8.76E-04	0.00E+00	1.97E-03	3.05E-03	1.10E-03
RNF168_boot.17	5.92E-04	0.00E+00	4.80E-03	3.59E-03	3.59E-11
RNF168_boot.18	1.10E-03	0.00E+00	2.83E-03	1.08E-03	2.54E-03
RNF168_boot.19	5.86E-03	0.00E+00	2.45E-05	5.18E-03	2.06E-04
RNF168_boot.20	2.16E-03	0.00E+00	2.25E-156	2.62E-03	2.20E-04
RNF168_boot.21	1.18E-03	0.00E+00	5.02E-03	3.80E-03	2.77E-03
RNF168_boot.22	1.43E-03	0.00E+00	2.00E-18	1.58E-03	7.11E-04
RNF168_boot.23	6.19E-04	0.00E+00	1.37E-03	1.45E-03	1.42E-03
RNF168_boot.24	2.83E-03	1.08E-03	3.37E-54	2.12E-03	1.39E-03
RNF168_boot.25	1.02E-03	0.00E+00	4.04E-03	2.51E-03	0.00E+00
RNF168_boot.26	8.35E-04	0.00E+00	1.72E-03	5.82E-04	1.59E-03
RNF168_boot.27	2.06E-03	0.00E+00	4.05E-03	3.88E-03	2.29E-03
RNF168_boot.28	1.38E-03	0.00E+00	7.05E-03	2.70E-03	4.37E-03
RNF168_boot.29	3.07E-03	0.00E+00	3.53E-03	7.19E-03	7.01E-04
RNF168_boot.30	2.07E-03	0.00E+00	7.71E-04	3.78E-03	1.02E-05
RNF168_boot.31	2.43E-03	3.81E-08	3.98E-05	1.72E-03	7.21E-04
RNF168_boot.32	1.80E-03	0.00E+00	1.85E-03	3.19E-03	1.01E-03
RNF168_boot.33	2.76E-03	4.09E-04	2.17E-03	3.37E-03	1.40E-03
RNF168_boot.34	2.57E-04	0.00E+00	2.30E-03	1.87E-03	1.32E-03
RNF168_boot.35	9.85E-04	0.00E+00	1.61E-03	2.34E-03	1.01E-03
RNF168_boot.36	3.11E-03	0.00E+00	5.12E-04	4.06E-03	0.00E+00
RNF168_boot.37	1.26E-03	7.64E-04	2.65E-03	9.21E-04	1.07E-99
RNF168_boot.38	1.37E-03	3.41E-03	1.59E-03	0.00E+00	1.58E-03
RNF168_boot.39	4.20E-04	0.00E+00	1.65E-03	1.97E-03	1.11E-03
RNF168_boot.40	9.61E-04	0.00E+00	3.71E-03	2.13E-03	3.81E-03
RNF168_boot.41	1.67E-03	0.00E+00	0.00E+00	1.78E-03	6.98E-04
RNF168_boot.42	1.77E-03	4.75E-05	5.36E-03	3.95E-03	3.10E-03
RNF168_boot.43	9.59E-04	0.00E+00	4.66E-03	2.23E-03	3.01E-03
RNF168_boot.44	1.46E-03	0.00E+00	2.85E-03	3.32E-03	1.49E-03
RNF168_boot.45	1.68E-03	6.07E-37	3.08E-03	5.51E-04	0.00E+00
RNF168_boot.46	6.26E-04	1.00E-46	1.60E-03	1.20E-03	3.12E-20
RNF168_boot.47	4.93E-03	0.00E+00	1.12E-04	4.87E-03	8.60E-04
RNF168_boot.48	2.75E-04	2.08E-03	4.70E-03	1.04E-45	3.32E-03
RNF168_boot.49	4.01E-03	0.00E+00	8.48E-04	3.92E-03	0.00E+00
RNF168_boot.50	1.73E-03	0.00E+00	2.86E-03	3.81E-03	1.87E-03
RNF168_boot.51	1.97E-03	0.00E+00	2.30E-03	3.35E-03	1.27E-03
RNF168_boot.52	3.10E-03	0.00E+00	3.97E-04	4.12E-03	2.41E-24
RNF168_boot.53	3.05E-03	0.00E+00	3.90E-04	3.95E-03	0.00E+00
RNF168_boot.54	3.93E-03	0.00E+00	1.10E-03	5.67E-03	0.00E+00
RNF168_boot.55	2.31E-03	6.32E-100	0.00E+00	0.00E+00	0.00E+00
RNF168_boot.56	2.64E-04	0.00E+00	3.86E-78	1.51E-37	7.55E-04
RNF168_boot.57	2.93E-03	3.66E-22	0.00E+00	0.00E+00	0.00E+00
RNF168_boot.58	5.26E-04	0.00E+00	1.81E-03	1.47E-03	0.00E+00
RNF168_boot.59	2.78E-03	0.00E+00	0.00E+00	3.81E-117	8.88E-51
RNF168_boot.60	3.05E-03	0.00E+00	0.00E+00	0.00E+00	8.14E-05
RNF168_boot.61	2.20E-03	1.23E-38	0.00E+00	0.00E+00	8.38E-135
RNF168_boot.62	9.77E-04	3.40E-03	0.00E+00	2.52E-04	0.00E+00
RNF168_boot.63	1.11E-03	3.16E-03	1.15E-13	1.74E-04	5.25E-04
RNF168_boot.64	8.99E-04	2.92E-03	2.20E-62	5.74E-42	5.45E-04
RNF168_boot.65	2.70E-03	6.82E-92	0.00E+00	0.00E+00	0.00E+00
RNF168_boot.66	3.63E-04	1.43E-03	1.38E-61	7.20E-08	4.16E-04
RNF168_boot.67	1.56E-03	2.55E-03	4.84E-32	9.62E-04	1.22E-03
RNF168_boot.68	3.67E-03	1.71E-03	1.06E-03	3.06E-03	5.29E-04
RNF168_boot.69	1.02E-03	0.00E+00	1.88E-03	1.15E-03	0.00E+00
RNF168_boot.70	1.32E-03	4.68E-04	0.00E+00	2.00E-03	3.00E-162
RNF168_boot.71	8.76E-04	3.22E-03	0.00E+00	0.00E+00	0.00E+00
RNF168_boot.72	3.00E-03	0.00E+00	6.57E-04	0.00E+00	5.76E-04
RNF168_boot.73	1.53E-03	1.34E-03	0.00E+00	1.72E-03	1.13E-03
RNF168_boot.74	9.45E-04	1.45E-03	9.18E-04	1.01E-17	0.00E+00
RNF168_boot.75	2.46E-03	4.28E-82	2.58E-04	3.42E-03	2.21E-04
RNF168_boot.76	2.80E-03	8.73E-04	9.28E-04	1.41E-03	1.50E-03
RNF168_boot.77	1.62E-03	0.00E+00	0.00E+00	4.83E-32	0.00E+00
RNF168_boot.78	2.28E-03	0.00E+00	0.00E+00	6.01E-04	1.58E-04
RNF168_boot.79	1.26E-03	3.06E-03	2.08E-03	1.80E-03	7.09E-87
RNF168_boot.80	9.79E-04	0.00E+00	4.51E-04	0.00E+00	7.12E-04
RNF168_boot.81	1.28E-03	3.00E-03	1.15E-101	8.71E-04	0.00E+00
RNF168_boot.82	2.34E-03	0.00E+00	4.41E-04	0.00E+00	3.81E-04
RNF168_boot.83	1.96E-03	0.00E+00	0.00E+00	1.60E-56	0.00E+00
RNF168_boot.84	1.14E-03	0.00E+00	3.92E-153	1.48E-152	4.89E-04
RNF168_boot.85	2.84E-04	2.85E-03	0.00E+00	0.00E+00	0.00E+00
RNF168_boot.86	3.89E-04	0.00E+00	3.03E-03	2.40E-03	0.00E+00
RNF168_boot.87	5.75E-04	2.28E-03	3.17E-61	1.03E-87	4.81E-04
RNF168_boot.88	2.53E-03	6.80E-30	0.00E+00	0.00E+00	0.00E+00
RNF168_boot.89	9.37E-04	2.21E-03	0.00E+00	0.00E+00	0.00E+00
RNF168_boot.90	3.38E-03	7.80E-05	8.71E-37	3.96E-03	2.26E-03
RNF168_boot.91	1.24E-03	1.39E-03	4.62E-03	2.42E-03	2.75E-03
RNF168_boot.92	1.78E-03	2.73E-03	2.93E-78	6.25E-04	1.43E-03
RNF168_boot.93	7.65E-04	0.00E+00	3.64E-03	1.86E-03	0.00E+00
RNF168_boot.94	8.04E-04	0.00E+00	0.00E+00	2.08E-03	0.00E+00
RNF168_boot.95	2.60E-03	4.75E-35	8.86E-04	2.71E-03	0.00E+00
RNF168_boot.96	5.11E-04	2.59E-03	0.00E+00	0.00E+00	0.00E+00
RNF168_boot.97	2.74E-03	0.00E+00	1.42E-03	1.84E-03	0.00E+00
RNF168_boot.98	2.95E-03	0.00E+00	9.90E-49	6.56E-06	8.11E-47
RNF168_boot.99	6.54E-04	1.87E-03	1.65E-03	9.71E-04	1.72E-03
RNF168_boot.100	5.11E-04	2.25E-03	6.51E-36	2.13E-03	1.50E-03
RNF168_boot.101	3.66E-03	1.73E-03	0.00E+00	2.69E-03	0.00E+00
RNF168_boot.102	1.30E-03	7.49E-04	0.00E+00	3.09E-13	0.00E+00
RNF168_boot.103	2.22E-03	8.34E-04	0.00E+00	0.00E+00	1.05E-111
RNF168_boot.104	2.95E-03	0.00E+00	0.00E+00	0.00E+00	3.98E-04
RNF168_boot.105	2.92E-03	1.02E-04	0.00E+00	0.00E+00	0.00E+00
RNF168_boot.106	2.51E-03	1.49E-04	2.66E-03	3.55E-03	1.28E-05
RNF168_boot.107	1.08E-03	2.64E-03	9.08E-06	7.06E-04	8.57E-04
RNF168_boot.108	1.46E-03	7.80E-04	0.00E+00	4.60E-11	3.03E-04
RNF168_boot.109	9.78E-04	1.29E-03	1.20E-03	1.13E-03	1.70E-04
RNF168_boot.110	1.90E-03	0.00E+00	0.00E+00	1.07E-144	4.90E-04
RNF168_boot.111	1.93E-03	4.21E-111	2.85E-03	3.49E-03	0.00E+00
RNF168_boot.112	1.16E-03	2.78E-03	0.00E+00	1.22E-11	0.00E+00
RNF168_boot.113	9.12E-04	2.69E-03	0.00E+00	0.00E+00	7.92E-04
RNF168_boot.114	3.47E-03	0.00E+00	8.77E-04	2.22E-03	1.55E-03
RNF168_boot.115	4.55E-04	2.64E-03	4.78E-04	0.00E+00	7.28E-04
RNF168_boot.116	2.01E-03	8.86E-04	0.00E+00	0.00E+00	0.00E+00
RNF168_boot.117	1.08E-04	1.27E-03	2.10E-15	3.87E-38	4.93E-04
RNF168_boot.118	1.85E-03	2.43E-03	6.42E-56	1.72E-03	4.84E-04
RNF168_boot.119	7.39E-04	2.25E-03	8.14E-04	6.07E-04	0.00E+00
RNF168_boot.120	3.68E-04	1.39E-03	9.82E-04	1.43E-04	2.34E-37
RNF168_boot.121	1.25E-03	3.17E-03	4.65E-103	4.30E-05	3.76E-121
RNF168_boot.122	2.47E-03	8.83E-04	0.00E+00	0.00E+00	3.63E-04
RNF168_boot.123	3.05E-03	0.00E+00	0.00E+00	7.05E-04	4.70E-04
RNF168_boot.124	6.59E-04	3.04E-03	4.44E-36	7.24E-04	6.71E-04
RNF168_boot.125	2.09E-03	1.05E-79	6.57E-04	2.41E-03	0.00E+00
RNF168_boot.126	2.32E-03	0.00E+00	0.00E+00	0.00E+00	0.00E+00
RNF168_boot.127	3.72E-04	1.87E-03	0.00E+00	0.00E+00	5.06E-04
RNF168_boot.128	1.35E-03	8.07E-04	0.00E+00	2.44E-04	0.00E+00
RNF168_boot.129	1.15E-03	1.15E-05	1.05E-18	3.41E-106	5.86E-04
RNF168_boot.130	1.02E-03	0.00E+00	0.00E+00	1.43E-03	1.33E-03
RNF168_boot.131	1.92E-03	0.00E+00	1.73E-03	2.33E-03	0.00E+00
RNF168_boot.132	1.92E-03	8.63E-04	0.00E+00	0.00E+00	0.00E+00
RNF168_boot.133	1.52E-03	3.71E-21	0.00E+00	1.01E-33	4.21E-04
RNF168_boot.134	2.26E-04	0.00E+00	1.56E-18	3.76E-57	5.63E-04
RNF168_boot.135	1.51E-03	0.00E+00	7.34E-04	1.90E-03	3.75E-05
RNF168_boot.136	2.07E-03	1.24E-03	3.46E-04	2.69E-40	1.18E-03
RNF168_boot.137	3.31E-03	0.00E+00	0.00E+00	0.00E+00	0.00E+00
RNF168_boot.138	1.29E-03	4.68E-51	0.00E+00	1.87E-03	0.00E+00
RNF168_boot.139	1.41E-03	0.00E+00	9.33E-117	6.60E-04	8.04E-04
RNF168_boot.140	1.91E-03	8.56E-04	0.00E+00	2.68E-150	2.98E-122
RNF168_boot.141	3.62E-03	0.00E+00	0.00E+00	0.00E+00	0.00E+00
RNF168_boot.142	2.16E-03	0.00E+00	0.00E+00	1.16E-03	1.04E-03
RNF168_boot.143	3.34E-03	6.00E-07	0.00E+00	0.00E+00	0.00E+00
RNF168_boot.144	2.07E-03	2.93E-03	8.83E-08	1.88E-04	7.99E-04
RNF168_boot.145	1.41E-03	1.22E-03	0.00E+00	1.95E-03	0.00E+00
RNF168_boot.146	1.76E-03	7.56E-04	0.00E+00	0.00E+00	0.00E+00
RNF168_boot.147	1.51E-03	0.00E+00	0.00E+00	1.69E-03	0.00E+00
RNF168_boot.148	1.65E-03	6.44E-04	9.04E-05	1.73E-20	1.23E-03
RNF168_boot.149	3.49E-04	0.00E+00	1.31E-03	3.90E-04	1.33E-159
RNF168_boot.150	3.92E-03	0.00E+00	0.00E+00	6.44E-04	7.08E-137
RNF168_boot.151	9.92E-04	0.00E+00	3.04E-32	6.04E-04	1.36E-03
RNF168_boot.152	2.95E-04	1.27E-03	1.65E-22	9.30E-04	9.86E-04
RNF168_boot.153	1.16E-03	7.08E-04	1.80E-03	1.99E-03	8.48E-04
RNF168_boot.154	3.44E-03	2.98E-04	1.15E-03	5.38E-03	2.05E-05
RNF168_boot.155	2.75E-03	7.78E-04	4.51E-03	6.19E-03	1.61E-03
RNF168_boot.156	9.04E-04	7.69E-04	5.06E-03	2.80E-03	2.85E-03
RNF168_boot.157	2.54E-03	5.36E-08	4.16E-03	5.68E-03	1.86E-03
RNF168_boot.158	4.22E-03	1.73E-52	3.14E-03	7.97E-03	6.03E-04
RNF168_boot.159	2.06E-03	1.14E-03	2.82E-03	2.90E-03	1.79E-03
RNF168_boot.160	3.25E-03	0.00E+00	3.28E-03	4.85E-03	1.84E-03
RNF168_boot.161	9.68E-04	2.58E-04	6.11E-03	4.22E-03	3.22E-03
RNF168_boot.162	2.08E-03	0.00E+00	3.46E-03	4.20E-03	1.83E-03
RNF168_boot.163	4.06E-03	5.43E-04	2.02E-03	6.96E-03	1.60E-30
RNF168_boot.164	2.79E-03	1.02E-123	3.69E-03	5.85E-03	1.44E-03
RNF168_boot.165	4.34E-03	1.32E-03	2.26E-03	5.99E-03	6.35E-04
RNF168_boot.166	3.85E-03	7.64E-04	1.29E-03	5.62E-03	3.33E-23
RNF168_boot.167	4.06E-03	9.85E-61	2.31E-03	6.69E-03	6.32E-04
RNF168_boot.168	3.43E-03	0.00E+00	3.22E-03	7.08E-03	7.64E-04
RNF168_boot.169	4.73E-03	7.43E-08	9.03E-04	6.51E-03	2.02E-05
RNF168_boot.170	2.49E-03	1.52E-05	4.85E-03	6.22E-03	2.01E-03
RNF168_boot.171	3.20E-03	2.84E-07	4.07E-03	5.75E-03	2.00E-03
RNF168_boot.172	2.07E-03	0.00E+00	4.33E-03	5.55E-03	1.61E-03
RNF168_boot.173	2.72E-03	2.30E-03	3.36E-03	2.53E-03	2.30E-03
RNF168_boot.174	2.49E-03	7.21E-29	4.63E-03	6.06E-03	1.90E-03
RNF168_boot.175	3.02E-03	0.00E+00	2.60E-03	4.51E-03	1.44E-03
RNF168_boot.176	4.45E-03	2.14E-04	2.14E-03	7.83E-03	3.37E-05
RNF168_boot.177	2.86E-03	8.39E-05	3.49E-03	5.99E-03	1.23E-03
RNF168_boot.178	3.95E-03	8.69E-04	2.18E-03	5.85E-03	7.17E-04
RNF168_boot.179	1.78E-03	3.61E-24	4.49E-03	4.29E-03	2.43E-03
RNF168_boot.180	2.71E-03	1.18E-67	4.22E-03	5.28E-03	2.14E-03
RNF168_boot.181	2.52E-03	6.05E-04	5.04E-03	5.76E-03	2.30E-03
RNF168_boot.182	4.93E-03	1.79E-81	1.96E-03	7.99E-03	4.29E-15
RNF168_boot.183	2.79E-03	1.31E-03	3.50E-03	4.03E-03	1.98E-03
RNF168_boot.184	2.80E-03	3.53E-23	2.54E-03	5.22E-03	8.52E-04
RNF168_boot.185	2.56E-03	3.34E-04	1.60E-03	3.43E-03	1.04E-03
RNF168_boot.186	3.68E-03	5.08E-105	2.60E-03	6.71E-03	5.81E-04
RNF168_boot.187	3.52E-03	2.81E-30	1.37E-03	5.90E-03	2.24E-29
RNF168_boot.188	2.38E-03	2.03E-133	3.81E-03	5.20E-03	1.69E-03
RNF168_boot.189	4.60E-03	1.72E-49	5.16E-04	5.63E-03	2.22E-04
RNF168_boot.190	3.27E-03	6.34E-12	3.33E-03	6.41E-03	1.17E-03
RNF168_boot.191	3.15E-03	1.13E-05	2.30E-03	5.99E-03	5.30E-04
RNF168_boot.192	2.81E-03	7.67E-04	2.52E-03	4.87E-03	9.24E-04
RNF168_boot.193	3.20E-03	5.33E-04	2.11E-03	4.28E-03	1.12E-03
RNF168_boot.194	3.49E-03	2.30E-04	2.42E-03	5.88E-03	8.69E-04
RNF168_boot.195	3.44E-03	4.46E-160	2.84E-03	6.20E-03	9.24E-04
RNF168_boot.196	5.76E-03	2.13E-04	9.44E-08	6.48E-03	1.33E-21
RNF168_boot.197	2.72E-03	4.04E-09	3.40E-03	5.69E-03	1.24E-03
RNF168_boot.198	5.09E-03	7.03E-04	4.31E-06	5.26E-03	0.00E+00
RNF168_boot.199	4.49E-03	7.38E-139	2.46E-03	7.54E-03	4.18E-04
RNF168_boot.200	3.01E-03	0.00E+00	3.74E-03	6.01E-03	1.52E-03
RNF168_boot.201	2.43E-03	6.98E-06	3.51E-03	4.60E-03	1.90E-03
RNF168_boot.202	1.45E-03	2.30E-60	4.63E-03	4.43E-03	2.18E-03
RNF168_boot.203	2.36E-03	1.37E-03	4.08E-03	4.43E-03	1.87E-03
RNF168_boot.204	5.09E-03	1.90E-04	1.39E-03	7.37E-03	1.29E-102
RNF168_boot.205	2.31E-03	1.95E-23	3.41E-03	5.21E-03	1.26E-03
RNF168_boot.206	3.90E-03	3.25E-38	2.46E-03	6.61E-03	6.71E-04
RNF168_boot.207	2.45E-03	2.22E-03	2.47E-03	2.78E-03	1.47E-03
RNF168_boot.208	4.25E-03	1.29E-17	2.67E-03	7.63E-03	4.20E-04
RNF168_real	1.52E-03	0.00E+00	2.61E-03	3.33E-03	1.46E-03
RNF168_real.1	1.11E-03	8.34E-04	3.61E-19	6.90E-04	7.45E-04
RNF168_real.2	2.92E-03	7.52E-06	2.99E-03	5.58E-03	1.16E-03
MLH1_boot	0.00E+00	4.93E-04	0.00E+00	5.99E-04	1.58E-04
MLH1_boot.1	0.00E+00	4.06E-04	6.42E-111	7.35E-04	7.44E-04
MLH1_boot.2	0.00E+00	2.00E-03	0.00E+00	2.41E-03	3.08E-04
MLH1_boot.3	0.00E+00	1.24E-03	0.00E+00	1.35E-03	2.71E-04
MLH1_boot.4	0.00E+00	8.50E-04	0.00E+00	1.08E-03	7.67E-05
MLH1_boot.5	0.00E+00	2.01E-03	0.00E+00	2.79E-03	2.63E-04
MLH1_boot.6	0.00E+00	1.02E-03	0.00E+00	8.81E-04	2.38E-04
MLH1_boot.7	0.00E+00	1.69E-03	0.00E+00	1.76E-03	2.43E-04
MLH1_boot.8	0.00E+00	9.35E-04	0.00E+00	5.19E-04	1.03E-03
MLH1_boot.9	0.00E+00	1.75E-03	0.00E+00	2.17E-03	1.21E-04
MLH1_boot.10	0.00E+00	1.33E-03	0.00E+00	1.70E-03	2.79E-09
MLH1_boot.11	0.00E+00	6.30E-04	1.71E-153	7.75E-04	4.48E-04
MLH1_boot.12	0.00E+00	1.06E-03	0.00E+00	1.12E-03	2.62E-13
MLH1_boot.13	0.00E+00	1.47E-03	0.00E+00	1.53E-03	3.89E-04
MLH1_boot.14	0.00E+00	7.82E-04	0.00E+00	1.53E-04	6.97E-04
MLH1_boot.15	0.00E+00	1.19E-03	0.00E+00	1.43E-03	1.62E-04
MLH1_boot.16	1.83E-03	4.25E-04	0.00E+00	1.16E-03	1.15E-04
MLH1_boot.17	2.02E-03	7.36E-04	0.00E+00	6.32E-04	6.51E-05
MLH1_boot.18	5.55E-40	8.61E-04	0.00E+00	1.21E-03	0.00E+00
MLH1_boot.19	1.66E-03	4.75E-04	1.88E-123	8.69E-04	3.58E-96
MLH1_boot.20	1.19E-03	3.85E-04	0.00E+00	1.19E-03	0.00E+00
MLH1_boot.21	3.11E-03	4.99E-04	4.49E-134	2.01E-03	6.70E-05
MLH1_boot.22	1.39E-03	3.76E-04	5.64E-75	1.02E-03	2.08E-04
MLH1_boot.23	1.10E-03	1.16E-03	0.00E+00	6.87E-04	1.55E-141
MLH1_boot.24	1.34E-03	7.92E-04	6.36E-89	3.83E-04	1.17E-05
MLH1_boot.25	1.62E-03	1.28E-03	0.00E+00	4.81E-04	4.54E-05
MLH1_boot.26	3.44E-03	5.13E-04	1.95E-75	2.07E-03	7.25E-05
MLH1_boot.27	7.56E-04	5.33E-04	0.00E+00	5.27E-04	1.40E-04
MLH1_boot.28	1.66E-03	5.15E-04	0.00E+00	1.75E-03	0.00E+00
MLH1_boot.29	0.00E+00	4.14E-04	0.00E+00	3.58E-04	0.00E+00
MLH1_boot.30	4.23E-03	5.17E-04	0.00E+00	2.79E-03	1.68E-05
MLH1_boot.31	6.84E-66	5.45E-04	1.21E-156	6.04E-04	2.26E-04
MLH1_boot.32	2.39E-03	6.21E-04	0.00E+00	2.43E-03	2.12E-10
MLH1_boot.33	3.69E-32	5.48E-04	2.64E-32	1.02E-03	7.45E-04
MLH1_boot.34	2.89E-03	1.97E-03	1.69E-03	1.84E-03	8.76E-115
MLH1_boot.35	5.99E-05	9.35E-04	0.00E+00	1.55E-03	3.46E-04
MLH1_boot.36	2.06E-03	1.53E-03	0.00E+00	6.28E-04	4.47E-05
MLH1_boot.37	1.66E-102	4.93E-04	5.83E-24	7.98E-04	4.87E-04
MLH1_boot.38	0.00E+00	5.61E-04	0.00E+00	3.79E-04	1.51E-04
MLH1_boot.39	0.00E+00	8.20E-04	0.00E+00	9.57E-04	5.81E-05
MLH1_boot.40	0.00E+00	6.66E-04	0.00E+00	1.12E-03	7.37E-04
MLH1_boot.41	0.00E+00	7.74E-04	0.00E+00	1.06E-03	4.03E-149
MLH1_boot.42	0.00E+00	3.83E-04	0.00E+00	3.63E-04	8.69E-84
MLH1_boot.43	0.00E+00	7.08E-04	0.00E+00	7.93E-04	0.00E+00
MLH1_boot.44	0.00E+00	1.05E-03	0.00E+00	1.75E-03	3.57E-04
MLH1_boot.45	0.00E+00	1.07E-03	0.00E+00	1.31E-03	1.11E-08
MLH1_boot.46	0.00E+00	9.72E-04	0.00E+00	1.08E-03	9.08E-05
MLH1_boot.47	0.00E+00	5.17E-04	0.00E+00	5.35E-04	6.03E-41
MLH1_boot.48	0.00E+00	9.49E-04	0.00E+00	1.21E-03	0.00E+00
MLH1_boot.49	0.00E+00	1.06E-03	0.00E+00	1.38E-03	1.62E-04
MLH1_boot.50	0.00E+00	4.12E-04	2.04E-148	3.94E-04	9.09E-06
MLH1_boot.51	0.00E+00	5.57E-04	0.00E+00	7.35E-04	2.11E-18
MLH1_boot.52	0.00E+00	7.77E-04	0.00E+00	9.38E-04	9.17E-05
MLH1_real	0.00E+00	1.36E-03	0.00E+00	1.53E-03	2.68E-04
MLH1_real.1	1.39E-03	4.97E-04	8.22E-147	7.55E-04	6.12E-05
MLH1_real.2	0.00E+00	4.11E-04	0.00E+00	4.94E-04	1.08E-04
MSH2_boot	0.00E+00	3.61E-04	1.03E-15	4.19E-04	1.96E-43
MSH2_boot.1	0.00E+00	8.50E-04	4.19E-09	1.09E-03	3.11E-92
MSH2_boot.2	0.00E+00	1.51E-03	1.22E-143	1.73E-03	1.16E-112
MSH2_boot.3	0.00E+00	5.69E-04	3.93E-16	8.03E-04	0.00E+00
MSH2_boot.4	0.00E+00	7.28E-04	0.00E+00	1.00E-03	2.72E-04
MSH2_boot.5	0.00E+00	4.22E-04	0.00E+00	4.38E-04	4.35E-05
MSH2_boot.6	0.00E+00	1.16E-03	0.00E+00	1.16E-03	0.00E+00
MSH2_boot.7	0.00E+00	7.68E-04	0.00E+00	9.37E-04	1.78E-04
MSH2_boot.8	0.00E+00	4.95E-04	1.22E-153	6.91E-04	2.27E-04
MSH2_boot.9	0.00E+00	6.46E-04	0.00E+00	8.80E-04	2.83E-04
MSH2_boot.10	0.00E+00	6.40E-04	0.00E+00	6.36E-04	1.27E-161
MSH2_boot.11	0.00E+00	9.04E-04	2.51E-50	1.72E-03	7.71E-04
MSH2_boot.12	0.00E+00	4.73E-04	0.00E+00	5.19E-04	3.28E-04
MSH2_boot.13	0.00E+00	4.15E-04	0.00E+00	3.51E-04	2.86E-06
MSH2_boot.14	0.00E+00	4.33E-04	8.77E-143	5.38E-04	2.68E-04
MSH2_boot.15	0.00E+00	1.01E-03	2.03E-71	1.23E-03	1.94E-04
MSH2_boot.16	0.00E+00	1.15E-03	1.22E-19	1.79E-03	7.07E-04
MSH2_boot.17	0.00E+00	7.47E-04	0.00E+00	1.14E-03	3.52E-04
MSH2_boot.18	0.00E+00	9.48E-04	0.00E+00	1.63E-03	5.27E-04
MSH2_boot.19	0.00E+00	1.16E-03	0.00E+00	1.58E-03	2.37E-04
MSH2_boot.20	0.00E+00	8.62E-04	2.58E-127	1.14E-03	2.38E-04
MSH2_boot.21	0.00E+00	1.47E-03	0.00E+00	1.44E-03	1.03E-04
MSH2_boot.22	0.00E+00	4.33E-04	0.00E+00	5.84E-04	2.42E-04
MSH2_boot.23	0.00E+00	3.99E-04	0.00E+00	7.63E-04	3.58E-04
MSH2_boot.24	0.00E+00	4.20E-04	0.00E+00	6.48E-04	1.22E-04
MSH2_boot.25	0.00E+00	8.48E-04	0.00E+00	1.01E-03	1.76E-04
MSH2_boot.26	0.00E+00	4.06E-04	8.85E-63	1.28E-03	8.11E-04
MSH2_boot.27	0.00E+00	4.70E-04	0.00E+00	8.99E-04	6.16E-04
MSH2_boot.28	0.00E+00	6.22E-04	0.00E+00	1.15E-03	3.55E-04
MSH2_boot.29	0.00E+00	1.15E-03	0.00E+00	1.19E-03	3.03E-04
MSH2_boot.30	0.00E+00	5.75E-04	0.00E+00	7.32E-04	1.38E-140
MSH2_boot.31	0.00E+00	1.10E-03	0.00E+00	1.09E-03	2.73E-04
MSH2_boot.32	0.00E+00	7.17E-04	0.00E+00	9.21E-04	2.13E-154
MSH2_boot.33	0.00E+00	4.30E-04	0.00E+00	7.63E-04	7.00E-04
MSH2_boot.34	0.00E+00	5.32E-04	0.00E+00	7.49E-04	1.91E-04
MSH2_real	0.00E+00	4.15E-04	8.79E-129	4.26E-04	1.04E-04
MSH2_real.1	0.00E+00	5.33E-04	0.00E+00	4.98E-04	1.60E-04
MSH6_boot	0.00E+00	4.60E-04	2.74E-06	1.73E-127	7.55E-04
MSH6_boot.1	0.00E+00	1.09E-03	8.08E-04	5.82E-04	4.66E-04
MSH6_boot.2	0.00E+00	3.50E-04	6.84E-18	3.03E-122	8.12E-04
MSH6_boot.3	0.00E+00	1.06E-03	4.74E-04	3.96E-11	6.90E-04
MSH6_boot.4	0.00E+00	1.07E-03	1.81E-03	1.57E-82	3.53E-04
MSH6_boot.5	0.00E+00	6.02E-04	4.83E-104	1.71E-04	7.34E-04
MSH6_boot.6	0.00E+00	1.22E-03	3.09E-55	1.60E-03	2.89E-04
MSH6_boot.7	0.00E+00	1.06E-03	1.75E-03	6.22E-40	5.45E-04
MSH6_boot.8	0.00E+00	1.32E-03	0.00E+00	1.88E-03	4.31E-04
MSH6_boot.9	0.00E+00	8.84E-04	6.63E-141	6.03E-04	6.59E-04
MSH6_boot.10	0.00E+00	1.46E-03	4.65E-04	2.41E-03	4.79E-04
MSH6_boot.11	0.00E+00	4.53E-04	2.27E-04	0.00E+00	6.95E-04
MSH6_boot.12	0.00E+00	4.03E-04	1.77E-03	1.62E-03	5.70E-04
MSH6_boot.13	0.00E+00	2.20E-04	1.92E-06	1.22E-140	7.23E-04
MSH6_boot.14	0.00E+00	5.68E-04	3.24E-04	0.00E+00	5.82E-04
MSH6_boot.15	0.00E+00	8.50E-04	1.15E-03	2.48E-10	5.80E-04
MSH6_boot.16	0.00E+00	4.33E-04	3.86E-05	0.00E+00	8.04E-04
MSH6_boot.17	0.00E+00	1.00E-03	2.61E-141	1.70E-04	6.94E-04
MSH6_boot.18	0.00E+00	5.75E-04	2.12E-04	1.41E-12	7.47E-04
MSH6_boot.19	0.00E+00	1.72E-03	1.18E-140	2.18E-03	2.91E-04
MSH6_boot.20	0.00E+00	9.57E-04	3.72E-05	1.51E-03	3.81E-04
MSH6_boot.21	0.00E+00	1.12E-03	3.98E-143	1.36E-03	3.01E-04
MSH6_boot.22	0.00E+00	4.83E-04	3.85E-04	6.65E-158	6.76E-04
MSH6_boot.23	7.21E-92	7.53E-04	1.67E-03	2.65E-04	5.03E-04
MSH6_boot.24	0.00E+00	5.85E-04	6.66E-06	0.00E+00	6.25E-04
MSH6_boot.25	1.23E-72	1.58E-03	4.15E-06	2.52E-03	4.66E-04
MSH6_boot.26	0.00E+00	5.72E-04	3.09E-14	1.91E-105	8.50E-04
MSH6_boot.27	0.00E+00	1.37E-03	2.39E-59	1.85E-03	4.39E-04
MSH6_boot.28	0.00E+00	4.03E-04	3.13E-04	4.87E-86	6.70E-04
MSH6_boot.29	0.00E+00	1.14E-03	1.02E-85	1.08E-03	3.61E-04
MSH6_boot.30	0.00E+00	1.01E-03	1.24E-03	5.00E-04	2.31E-04
MSH6_boot.31	0.00E+00	5.93E-04	1.88E-16	5.09E-06	7.59E-04
MSH6_boot.32	0.00E+00	1.32E-03	0.00E+00	1.44E-03	4.37E-04
MSH6_boot.33	0.00E+00	8.68E-04	3.24E-76	5.21E-04	3.59E-04
MSH6_boot.34	0.00E+00	1.10E-03	8.88E-04	4.53E-05	6.39E-04
MSH6_boot.35	0.00E+00	1.17E-03	3.53E-36	9.31E-04	1.65E-04
MSH6_boot.36	3.09E-103	1.59E-03	1.80E-115	2.08E-03	1.84E-04
MSH6_boot.37	0.00E+00	4.12E-04	8.92E-19	3.75E-06	7.21E-04
MSH6_boot.38	0.00E+00	9.25E-04	4.00E-16	1.18E-03	4.04E-04
MSH6_boot.39	0.00E+00	6.00E-04	1.69E-22	2.84E-04	7.37E-04
MSH6_boot.40	0.00E+00	1.03E-03	6.08E-04	1.16E-03	4.00E-04
MSH6_boot.41	5.66E-90	4.45E-04	5.50E-04	2.77E-16	7.38E-04
MSH6_boot.42	0.00E+00	1.34E-03	1.47E-03	3.37E-03	6.45E-62
MSH6_boot.43	0.00E+00	1.44E-03	0.00E+00	1.59E-03	3.38E-118
MSH6_boot.44	0.00E+00	1.28E-03	5.73E-18	1.67E-03	1.31E-04
MSH6_boot.45	1.37E-162	1.42E-03	1.41E-03	6.11E-04	4.03E-04
MSH6_boot.46	0.00E+00	1.67E-03	1.41E-03	3.98E-03	4.42E-04
MSH6_boot.47	0.00E+00	1.08E-03	6.38E-04	7.92E-04	4.53E-04
MSH6_boot.48	0.00E+00	1.61E-03	4.39E-04	2.27E-03	4.56E-04
MSH6_boot.49	0.00E+00	5.60E-04	1.43E-83	1.56E-04	7.41E-04
MSH6_boot.50	1.37E-03	1.19E-03	2.99E-04	1.69E-03	7.17E-19
MSH6_boot.51	5.67E-75	1.63E-03	5.93E-77	2.54E-03	3.49E-04
MSH6_boot.52	0.00E+00	1.59E-03	7.71E-04	2.23E-03	3.89E-04
MSH6_boot.53	0.00E+00	1.57E-03	1.10E-03	2.32E-03	5.96E-04
MSH6_boot.54	0.00E+00	4.49E-04	1.27E-10	5.22E-05	8.17E-04
MSH6_boot.55	5.00E-121	1.19E-03	1.21E-04	2.32E-03	3.62E-04
MSH6_boot.56	1.77E-115	5.92E-04	2.91E-05	6.24E-04	4.97E-04
MSH6_boot.57	0.00E+00	1.08E-03	9.37E-07	1.40E-03	3.74E-04
MSH6_boot.58	0.00E+00	1.21E-03	1.44E-87	1.62E-03	3.02E-04
MSH6_boot.59	1.01E-128	5.40E-04	1.12E-03	7.94E-04	5.93E-04
MSH6_boot.60	0.00E+00	1.49E-03	3.37E-04	1.62E-03	4.98E-117
MSH6_boot.61	0.00E+00	8.11E-04	3.58E-51	6.36E-04	9.77E-05
MSH6_boot.62	0.00E+00	1.36E-03	3.45E-32	1.89E-03	4.75E-37
MSH6_boot.63	0.00E+00	1.34E-03	1.38E-03	1.39E-03	6.10E-04
MSH6_boot.64	0.00E+00	9.50E-04	1.47E-132	9.12E-04	4.63E-04
MSH6_boot.65	0.00E+00	4.25E-04	1.72E-40	4.55E-04	1.32E-04
MSH6_boot.66	9.64E-110	8.07E-04	9.82E-05	6.97E-04	5.89E-04
MSH6_boot.67	0.00E+00	3.12E-04	4.96E-43	6.81E-04	9.08E-04
MSH6_boot.68	2.73E-71	1.20E-03	6.33E-04	1.72E-03	3.31E-55
MSH6_boot.69	0.00E+00	3.30E-04	2.91E-04	1.68E-06	7.62E-04
MSH6_boot.70	0.00E+00	3.75E-04	8.29E-04	5.61E-04	6.85E-04
MSH6_boot.71	1.01E-76	1.39E-03	9.39E-04	2.72E-03	8.38E-05
MSH6_boot.72	0.00E+00	1.57E-03	6.00E-18	2.15E-03	2.56E-04
MSH6_boot.73	0.00E+00	1.34E-03	1.12E-03	2.85E-03	8.58E-05
MSH6_boot.74	0.00E+00	7.82E-04	6.83E-139	1.03E-03	7.89E-04
MSH6_boot.75	3.96E-162	4.81E-04	5.83E-09	8.70E-04	1.71E-04
MSH6_boot.76	2.44E-148	4.74E-04	5.92E-04	5.87E-04	3.46E-04
MSH6_boot.77	1.01E-26	1.10E-03	3.99E-04	1.75E-03	4.23E-04
MSH6_boot.78	0.00E+00	5.82E-04	2.18E-41	3.59E-23	8.54E-04
MSH6_boot.79	0.00E+00	4.60E-04	1.77E-07	2.55E-04	7.86E-04
MSH6_boot.80	0.00E+00	5.31E-04	2.09E-04	2.12E-05	8.38E-04
MSH6_boot.81	2.01E-35	6.39E-04	2.84E-58	1.03E-03	3.65E-04
MSH6_boot.82	0.00E+00	6.96E-04	4.62E-13	3.71E-04	8.83E-04
MSH6_boot.83	1.55E-148	6.51E-04	7.90E-04	1.45E-03	2.82E-04
MSH6_boot.84	2.04E-113	1.01E-03	5.99E-04	1.07E-03	3.40E-04
MSH6_boot.85	0.00E+00	7.45E-04	6.65E-45	5.63E-19	1.05E-03
MSH6_boot.86	0.00E+00	7.74E-04	5.14E-10	1.63E-03	4.95E-04
MSH6_boot.87	2.98E-115	9.66E-04	6.36E-04	1.84E-03	1.74E-85
MSH6_boot.88	0.00E+00	1.18E-03	3.07E-108	1.77E-03	3.43E-04
MSH6_boot.89	2.61E-07	9.55E-04	4.85E-04	1.68E-03	2.90E-04
MSH6_boot.90	0.00E+00	1.61E-03	1.01E-03	1.69E-03	3.55E-04
MSH6_boot.91	0.00E+00	1.66E-03	2.54E-103	1.99E-03	5.86E-05
MSH6_boot.92	0.00E+00	7.44E-04	4.84E-73	1.86E-07	9.27E-04
MSH6_boot.93	0.00E+00	7.38E-04	1.33E-03	2.47E-03	2.61E-04
MSH6_boot.94	0.00E+00	7.99E-04	8.71E-123	4.75E-33	1.01E-03
MSH6_boot.95	0.00E+00	1.50E-03	1.64E-03	3.55E-03	1.60E-04
MSH6_boot.96	3.07E-158	6.84E-04	1.13E-75	5.83E-04	9.42E-04
MSH6_boot.97	5.77E-61	1.62E-03	2.60E-03	4.82E-03	7.89E-51
MSH6_boot.98	3.42E-149	1.74E-03	7.01E-04	2.81E-03	7.42E-15
MSH6_boot.99	1.38E-143	8.84E-04	4.12E-14	1.21E-03	3.36E-04
MSH6_boot.100	0.00E+00	1.54E-03	2.39E-08	1.96E-03	2.40E-04
MSH6_boot.101	0.00E+00	1.16E-03	2.39E-12	1.78E-03	3.17E-04
MSH6_boot.102	0.00E+00	3.97E-04	2.41E-12	8.50E-04	3.79E-04
MSH6_boot.103	0.00E+00	8.64E-04	4.62E-17	5.97E-04	6.78E-04
MSH6_real	0.00E+00	1.49E-03	2.99E-88	2.10E-03	3.96E-04
MSH6_real.1	0.00E+00	3.76E-04	1.10E-04	9.36E-98	7.43E-04
MSH6_real.2	0.00E+00	1.56E-03	7.27E-04	2.29E-03	5.75E-04
MSH6_real.3	0.00E+00	9.53E-04	5.62E-52	1.02E-03	4.60E-04
MSH6_real.4	6.02E-117	1.58E-03	6.82E-04	2.30E-03	3.75E-04
MSH6_real.5	0.00E+00	6.14E-04	7.87E-04	1.40E-03	3.29E-04
MSH6_real.6	0.00E+00	6.04E-04	1.21E-18	2.41E-04	8.15E-04
PMS1_boot	0.00E+00	2.60E-02	1.46E-02	3.61E-02	7.84E-03
PMS1_boot.1	0.00E+00	2.45E-02	1.58E-02	3.27E-02	4.77E-03
PMS1_boot.2	0.00E+00	2.74E-02	1.53E-02	3.56E-02	7.31E-03
PMS1_boot.3	0.00E+00	2.95E-02	1.66E-02	3.52E-02	4.71E-03
PMS1_boot.4	0.00E+00	2.16E-02	1.48E-02	3.52E-02	7.56E-03
PMS1_boot.5	0.00E+00	3.99E-02	1.79E-02	3.58E-02	5.08E-03
PMS1_boot.6	0.00E+00	2.08E-02	1.45E-02	2.93E-02	5.63E-03
PMS1_boot.7	0.00E+00	3.09E-02	1.59E-02	3.04E-02	4.51E-03
PMS1_boot.8	0.00E+00	2.06E-02	1.44E-02	3.42E-02	7.49E-03
PMS1_boot.9	0.00E+00	2.06E-02	1.56E-02	3.31E-02	6.50E-03
PMS1_boot.10	0.00E+00	2.11E-02	1.66E-02	3.35E-02	5.64E-03
PMS1_boot.11	0.00E+00	2.52E-02	1.56E-02	3.69E-02	7.85E-03
PMS1_boot.12	0.00E+00	2.05E-02	1.49E-02	3.44E-02	7.27E-03
PMS1_boot.13	0.00E+00	2.01E-02	1.66E-02	3.59E-02	6.60E-03
PMS1_boot.14	0.00E+00	2.28E-02	1.66E-02	3.24E-02	4.93E-03
PMS1_boot.15	0.00E+00	1.74E-02	1.68E-02	3.36E-02	5.99E-03
PMS1_boot.16	0.00E+00	2.78E-02	1.50E-02	3.39E-02	5.46E-03
PMS1_boot.17	0.00E+00	2.08E-02	1.83E-02	3.48E-02	4.26E-03
PMS1_boot.18	0.00E+00	2.11E-02	1.59E-02	3.09E-02	4.73E-03
PMS1_boot.19	0.00E+00	3.67E-02	1.54E-02	3.69E-02	6.20E-03
PMS1_boot.20	0.00E+00	1.98E-02	1.89E-02	3.38E-02	3.58E-03
PMS1_boot.21	0.00E+00	2.41E-02	1.83E-02	3.06E-02	3.10E-03
PMS1_boot.22	0.00E+00	2.54E-02	1.52E-02	3.13E-02	5.40E-03
PMS1_boot.23	0.00E+00	2.45E-02	1.64E-02	3.21E-02	4.42E-03
PMS1_boot.24	0.00E+00	1.74E-02	1.65E-02	3.47E-02	6.29E-03
PMS1_boot.25	0.00E+00	2.28E-02	1.63E-02	3.30E-02	4.20E-03
PMS1_boot.26	0.00E+00	2.81E-02	1.90E-02	3.39E-02	2.30E-03
PMS1_boot.27	0.00E+00	2.30E-02	1.84E-02	3.37E-02	4.29E-03
PMS1_boot.28	0.00E+00	2.08E-02	1.63E-02	3.51E-02	6.72E-03
PMS1_boot.29	0.00E+00	2.33E-02	1.59E-02	3.25E-02	5.22E-03
PMS1_boot.30	0.00E+00	1.91E-02	1.54E-02	2.79E-02	4.78E-03
PMS1_boot.31	0.00E+00	2.28E-02	1.19E-02	2.37E-02	4.36E-03
PMS1_boot.32	0.00E+00	2.13E-02	1.62E-02	2.25E-02	1.59E-03
PMS1_boot.33	0.00E+00	2.47E-02	1.37E-02	2.83E-02	5.44E-03
PMS1_boot.34	0.00E+00	1.61E-02	1.36E-02	2.48E-02	4.39E-03
PMS1_boot.35	0.00E+00	1.82E-02	1.42E-02	2.57E-02	4.57E-03
PMS1_boot.36	0.00E+00	2.29E-02	1.44E-02	3.07E-02	5.89E-03
PMS1_boot.37	0.00E+00	1.85E-02	1.48E-02	2.50E-02	3.83E-03
PMS1_boot.38	0.00E+00	1.90E-02	1.45E-02	2.30E-02	2.59E-03
PMS1_boot.39	0.00E+00	1.91E-02	1.50E-02	2.33E-02	2.93E-03
PMS1_boot.40	0.00E+00	2.11E-02	1.51E-02	2.79E-02	4.88E-03
PMS1_boot.41	0.00E+00	1.65E-02	1.42E-02	2.47E-02	4.04E-03
PMS1_real	0.00E+00	2.57E-02	1.57E-02	3.38E-02	6.14E-03
PMS1_real.1	0.00E+00	2.49E-02	1.70E-02	3.44E-02	5.18E-03
PMS1_real.2	0.00E+00	1.97E-02	1.40E-02	2.56E-02	4.58E-03
PMS2_boot	1.06E-02	2.55E-03	0.00E+00	3.39E-03	0.00E+00
PMS2_boot.1	1.14E-02	2.09E-03	9.42E-04	4.06E-03	5.11E-04
PMS2_boot.2	1.13E-02	2.79E-03	0.00E+00	3.14E-03	0.00E+00
PMS2_boot.3	1.11E-02	2.55E-03	3.63E-84	3.41E-03	1.46E-04
PMS2_boot.4	1.08E-02	1.71E-03	0.00E+00	4.69E-03	5.55E-04
PMS2_boot.5	1.17E-02	2.13E-03	1.39E-137	4.21E-03	2.65E-04
PMS2_boot.6	1.08E-02	2.18E-03	0.00E+00	4.03E-03	2.88E-114
PMS2_boot.7	1.05E-02	1.89E-03	0.00E+00	4.70E-03	4.12E-04
PMS2_boot.8	1.04E-02	2.12E-03	5.67E-138	4.16E-03	7.11E-04
PMS2_boot.9	1.03E-02	1.05E-03	1.18E-03	6.32E-03	1.13E-03
PMS2_boot.10	1.05E-02	1.57E-03	5.12E-38	5.36E-03	1.18E-03
PMS2_boot.11	1.17E-02	1.77E-03	4.70E-12	4.88E-03	7.15E-05
PMS2_boot.12	1.17E-02	1.59E-03	1.19E-04	5.10E-03	2.74E-04
PMS2_boot.13	1.10E-02	2.55E-03	0.00E+00	3.57E-03	8.71E-05
PMS2_boot.14	1.27E-02	2.46E-03	0.00E+00	3.39E-03	0.00E+00
PMS2_boot.15	1.29E-02	3.84E-03	3.36E-87	1.81E-03	0.00E+00
PMS2_boot.16	1.20E-02	3.97E-03	0.00E+00	1.51E-03	0.00E+00
PMS2_boot.17	1.28E-02	3.42E-03	0.00E+00	2.13E-03	0.00E+00
PMS2_boot.18	1.21E-02	2.87E-03	0.00E+00	2.93E-03	0.00E+00
PMS2_boot.19	1.33E-02	2.99E-03	0.00E+00	2.54E-03	0.00E+00
PMS2_boot.20	1.27E-02	2.76E-03	0.00E+00	2.96E-03	0.00E+00
PMS2_boot.21	1.30E-02	3.30E-03	8.43E-109	2.46E-03	0.00E+00
PMS2_boot.22	1.16E-02	4.04E-03	0.00E+00	1.21E-03	0.00E+00
PMS2_boot.23	1.40E-02	3.04E-03	0.00E+00	2.65E-03	0.00E+00
PMS2_boot.24	1.18E-02	3.37E-03	0.00E+00	2.23E-03	0.00E+00
PMS2_boot.25	1.28E-02	4.51E-03	0.00E+00	5.23E-04	0.00E+00
PMS2_boot.26	1.21E-02	2.98E-03	0.00E+00	2.61E-03	0.00E+00
PMS2_boot.27	1.32E-02	3.58E-03	0.00E+00	1.66E-03	0.00E+00
PMS2_boot.28	1.28E-02	3.47E-03	1.92E-84	2.06E-03	0.00E+00
PMS2_boot.29	1.27E-02	3.85E-03	1.48E-95	1.49E-03	0.00E+00
PMS2_boot.30	1.22E-02	4.01E-03	5.24E-140	1.19E-03	0.00E+00
PMS2_boot.31	1.29E-02	3.44E-03	0.00E+00	2.04E-03	0.00E+00
PMS2_boot.32	1.27E-02	3.81E-03	0.00E+00	1.50E-03	0.00E+00
PMS2_boot.33	1.19E-02	3.10E-03	0.00E+00	2.61E-03	0.00E+00
PMS2_boot.34	1.22E-02	3.32E-03	0.00E+00	2.24E-03	0.00E+00
PMS2_boot.35	1.27E-02	2.13E-03	1.00E-04	3.86E-03	4.33E-04
PMS2_boot.36	1.21E-02	1.79E-03	1.17E-43	4.55E-03	7.67E-04
PMS2_boot.37	1.27E-02	1.67E-03	0.00E+00	4.28E-03	3.79E-04
PMS2_boot.38	1.22E-02	1.44E-03	0.00E+00	4.76E-03	6.30E-04
PMS2_boot.39	1.29E-02	1.89E-03	2.48E-04	4.19E-03	6.52E-04
PMS2_boot.40	1.15E-02	1.87E-03	1.68E-04	4.29E-03	9.75E-04
PMS2_boot.41	1.16E-02	2.04E-03	0.00E+00	3.73E-03	3.80E-05
PMS2_boot.42	1.29E-02	2.32E-03	3.93E-108	3.50E-03	7.45E-12
PMS2_boot.43	1.20E-02	1.88E-03	3.49E-74	4.26E-03	7.13E-04
PMS2_boot.44	1.18E-02	1.48E-03	1.03E-70	4.89E-03	1.10E-03
PMS2_boot.45	1.18E-02	1.66E-03	0.00E+00	4.37E-03	3.89E-04
PMS2_boot.46	1.27E-02	2.06E-03	0.00E+00	3.60E-03	8.28E-124
PMS2_boot.47	1.20E-02	1.80E-03	0.00E+00	4.23E-03	3.00E-04
PMS2_real	1.10E-02	1.95E-03	3.00E-105	4.56E-03	4.57E-04
PMS2_real.1	1.25E-02	3.32E-03	0.00E+00	2.28E-03	0.00E+00
PMS2_real.2	1.22E-02	1.91E-03	6.36E-92	4.13E-03	4.98E-04
