MutationType	SBS96A	SBS96B	SBS96C	SBS96D	SBS96E	SBS96F	SBS96G	SBS96H	SBS96I	SBS96J
A[C>A]A	0.005254766490731432	0.0011827402577897106	0.007075961715636554	0.024756473027004886	0.03936838950177364	0.05485933567969018	0.06314153025066502	0.13374328172008879	0.025727347770636493	0.05624072250367065
A[C>A]C	0.0026505972178905855	0.002821263595181611	0.0036487136745755253	0.014711707397320441	0.0021140915609117726	0.004209325355506795	0.005100806018765223	0.005206616599962176	0.006324064802538487	0.004694717842512372
A[C>A]G	0.0008068997560908779	0.0005211849385502488	0.0006941860623010141	0.007143705262010035	0.0008265310318176638	0.0008645837114169138	0.004490269934379678	0.005290868071428921	0.005687363924131623	0.0022134191540983594
A[C>A]T	0.008943715170816758	0.0077994244734594315	0.007955763689725623	0.015858340545175747	0.013906892941261451	0.018864129095523992	0.022156500040024948	0.017728125089581548	0.010193896491467272	0.02738272016988253
A[C>G]A	0.0020539590818862536	0.002915468009003225	0.002356588858349047	0.010484782235464825	0.0029391262662120617	8.796742052389052e-99	0.00236034466037933	0.0028953635634357063	0.0074125065351188955	0.0005679657061262001
A[C>G]C	0.0010282008335134579	0.0017652144450065919	0.002577926185104866	0.008672682322038784	0.001736179224878058	0.005517956866877054	0.0013110808950869955	0.0019485133397520798	0.003393312395920092	0.000104167719235447
A[C>G]G	0.000320969759483289	0.0002965511809059999	0.00046858666182610944	0.009691240208195678	0.0022441707740810416	0.0019259198468925703	0.00041571593391932	0.0019050106366463918	0.011633883715560043	0.00010576099708784414
A[C>G]T	0.004574873258882006	0.003692560311920641	0.005065231282498928	0.011911719049271073	0.00033612529483121126	0.001884853005570554	0.001958633501081524	0.004149421068036785	0.015790741485091093	0.0004760431776638059
A[C>T]A	0.06499976438337358	0.066141259486912	0.014909193109914495	0.01681440686350355	0.08521819924699359	0.053524490565478824	0.023952466024701292	0.025214813804804986	0.03071991647859072	0.02751692636822393
A[C>T]C	0.019388636064342307	0.01764728653058013	0.011045583769080375	0.00932274512136431	0.040739185024813294	0.003313868443578679	0.00968589996557138	0.008528657795864869	0.010146715837147168	0.010650902743818025
A[C>T]G	0.027275365239786863	0.03279700180854422	0.015690868618393663	0.007873578745108915	0.013481208257337752	0.07235617048161155	0.005324722795175453	0.012233933214223468	0.01447713120035618	0.011413091842570047
A[C>T]T	0.027615543912076997	0.0314547760356576	0.010742183153646247	0.01565247480163717	0.015680462996574777	0.009019312016494741	0.006822786800952427	0.011322294682443725	0.01535811574395853	0.0056512485802624555
A[T>A]A	0.0008211262743043467	0.0012336353133538386	0.0033888160282949447	0.009037891056891916	0.0010165681020207144	0.005056201155947059	0.004399792604104758	0.003513028075094032	0.0036372127324580984	0.0005012745097587037
A[T>A]C	0.0011834590337564852	0.0014637559984157084	0.0020649477701309075	0.00574864627744351	0.0010164578625393046	0.0021512077338614877	0.0018173189081826253	0.00044238275962131556	0.00200612084046732	3e-323
A[T>A]G	0.0005878171589637754	0.0009405625593050735	0.0007261943625848226	0.005928892184372955	0.003242664258107884	0.0022259281223616836	6e-323	0.001892025814630754	0.0024201784114783035	0.0007998099671365862
A[T>A]T	0.014637298312450966	0.018679065457227622	0.02168639167092449	0.007056133307070719	0.002674582928836428	0.0022235675503995134	0.0043456400376508785	0.00453333799455426	0.012638264586696526	0.002624991041206487
A[T>C]A	0.0217884962278073	0.020747307629334768	0.05460595145547984	0.04370718765139347	0.004369237417523049	0.00038949536668411196	0.003678736566233608	0.00818013201777562	0.04729037945187573	0.000841141547573284
A[T>C]C	0.010114688554743628	0.008915151526771152	0.025390482037294642	0.005380647587169084	0.0	0.0019854712404712227	0.00020654955823853587	0.0022291297592172007	0.007369968318809738	6.968956098311064e-235
A[T>C]G	0.02967570226002103	0.03054056581848038	0.06754962075915856	0.012243238364416788	0.0006591635795137548	0.003086666223985137	0.005454423882562135	0.004573053396804829	0.022315527632673665	0.004163549285306338
A[T>C]T	0.008744135047673584	0.005988986955946948	0.016248837970445358	0.017313627746119064	0.010655458344860601	0.004443545581595882	0.0034076494029314924	0.002503205728370288	0.017195340714374476	0.008140180413154702
A[T>G]A	0.00021091975905962083	0.0002699316795539649	0.0002761514313181599	0.002917031992916074	2.5e-323	8.217728920378275e-06	0.006348549919732381	0.00023533469419997872	0.0014291212608827386	0.00057543766906149
A[T>G]C	0.0005565450592072742	0.00029947963765123803	0.0017341761235184136	0.0016077970776295527	0.0	0.0010705595691509137	0.0009609357907140193	0.00017428780863847779	0.0018449094269387216	0.0016363112271066313
A[T>G]G	0.0009113626977141293	0.0006533450151038282	0.001668393509475504	0.005055132777837228	1e-323	0.0026289957769377197	0.0	0.00022712597448154256	0.004650489587816169	0.0007750496448862809
A[T>G]T	0.0021246205537013797	0.0015270339669625082	0.0036713538456171297	0.0054522126060263035	0.0028586808082555456	0.0	0.0015057320837261177	0.002807897047072087	0.005756501897517521	0.0007929102701757677
C[C>A]A	0.02037946142743653	0.020444319584405853	0.011968548828822898	0.013036201928765498	0.018067927650127148	0.027281097028832003	0.048754712036271255	0.02719324677531522	0.019748528869036615	0.03700853018238612
C[C>A]C	0.02762813157526804	0.0336092860712776	0.019543164363962258	0.008551416442744639	0.0037642391844667973	0.006793762821049619	0.0021980019701431774	0.009978022422578163	0.01303572498560842	0.003176416235475711
C[C>A]G	0.005206463970099026	0.0039599522161991195	0.00742564731969359	0.008477389827517324	0.005441622663980461	0.0011731332098709438	0.004670897832751226	0.002547404158105245	0.0039115899896058235	0.005906138583306551
C[C>A]T	0.09652821909820394	0.09558982612065405	0.03780473138539826	0.00825389893005003	0.01386789626168006	0.014479037073801304	0.0147794779003115	0.042887278880711595	0.029225429497021504	0.005326530550145178
C[C>G]A	0.00024070337975514938	0.00015147660512008975	0.0005041875653044226	0.011494875656610455	0.0016523382595632755	0.00090521196079053	0.00211033340600186	7.504950833366849e-05	0.007713658741470004	0.0018839503370989355
C[C>G]C	0.00020563366596218456	3.358204686593145e-05	2.6270950473361543e-05	0.0033617609840596078	0.004547465367252776	2.750106730801263e-05	0.002824262625757671	0.00040757193917613353	0.0020017012460080215	4.4e-323
C[C>G]G	0.00033555091143524867	0.0001029914059741972	0.000679915855470483	0.003792413088795608	8.44410268518499e-219	0.0031437440853447586	0.0018641934043030477	6.939584694705209e-05	0.004228383052981709	0.0017726387726048468
C[C>G]T	0.0003802847137326599	0.0003932309953126692	0.00024003064312753708	0.009905388104166659	0.0007355870934108693	0.002511165472093277	0.0008063703465432173	0.0006164834937457234	0.006965934971992115	0.00023966279143650566
C[C>T]A	0.010750712467895095	0.009634138129404243	0.005968580760659095	0.021734042304433866	0.05481535009487668	0.021376371795797003	0.0342014860305778	0.018388086694549183	0.013639183252208788	0.003013230118204506
C[C>T]C	0.010601885571441979	0.01362906029223475	0.008418505385303001	0.008675191733085657	0.03610670290300037	0.012650112285488782	0.008541865970124454	0.0035396169193258695	0.007459090517264026	0.027929752422687575
C[C>T]G	0.01599308113106982	0.02377176016697715	0.009171193067201214	0.006566603385781967	0.007280547453533374	0.0544927559786886	0.006222163410208711	0.006813480185395276	0.008094075558757517	0.013229997518885863
C[C>T]T	0.011452556933599114	0.013851458498480695	0.008050973497575175	0.018743477325844617	0.0321942237388677	0.01267926427604182	0.006798918246750875	0.006329265251755331	0.012220719756520714	0.006713285509196439
C[T>A]A	0.0005076827195195755	0.00047534825135289456	0.001002767669082368	0.010146061437655451	0.0014367621922455262	0.0022173979556268488	0.000757580052901988	0.0006365542710638597	0.006025746245824408	0.002296973270431238
C[T>A]C	0.0021325376877069473	0.00205995484084771	0.0031199635460869915	0.00786015223636352	0.0014498489897670093	2.0852247894540117e-05	0.0008724446559202348	0.0005683780187292317	0.004500978796227634	0.0024750276812732465
C[T>A]G	0.0008995503353363228	0.0012349451264991275	0.0021444283023942445	0.009386964777563565	5e-324	0.0009613526160844567	0.0011228919944634148	0.00020697873084922415	0.00687891865201915	0.0010951587344551624
C[T>A]T	0.0013961286919264835	0.0005707799154281496	0.0019688200387303783	0.006798014098734272	0.0025660961180511985	0.002800717530021628	0.0034588562174871483	0.0014429731655921508	0.005824565772672464	3e-323
C[T>C]A	0.018800854972419356	0.01694758236783075	0.036269810885905945	0.014916055952535616	0.002376538816090763	0.0009435882823496874	0.0045829310948343515	0.005938149026916555	0.014282483170422047	0.0002489758826137805
C[T>C]C	0.013494742603386753	0.009513997781997656	0.02746805504087526	0.00666033986514004	2.5822215878965472e-05	0.00041040882809750183	0.0014411529903135623	0.0025892369486349527	0.00728841215886623	3e-323
C[T>C]G	0.03755087600875333	0.03049963414566624	0.06983664157064716	0.004977944574813697	6.937660603042633e-05	0.00014085180532796203	0.005702078875953838	0.007636300927867759	0.010412293640990078	0.0005030666151515584
C[T>C]T	0.011971142581864486	0.01176784068334889	0.024993170293794803	0.01144528174374435	6.42006968066634e-34	0.004672340468684664	0.0033340289739656817	0.0020865879596245044	0.014751191091900356	0.0021206392222074266
C[T>G]A	0.0009045771222611972	0.0007865179472236617	0.0007275023928302335	0.0012494762492226573	0.0007285407467015274	0.001999614139757697	0.001680422980564198	0.0003135547564111644	0.0014852744865114802	0.00432513277232527
C[T>G]C	0.003015414792448947	0.0037442565310619024	0.0055526373355284505	0.002639811120162862	0.0017904225819563749	0.0	0.0003006615354272303	0.0005864630587928266	0.00269314608130795	3e-323
C[T>G]G	0.0038555662543427204	0.0035477913073479767	0.008660610229824135	0.007062320095843858	0.001411499342718356	0.00071505139037679	0.00182076388279877	0.0006262411196052116	0.005673200002546716	0.00042135131385616294
C[T>G]T	0.005701344474765551	0.006168164872952567	0.008752655285171575	0.0037495131274097016	0.0025057905415177594	0.0026179114376038127	0.003089264483921757	0.002651172121615741	0.0032670343818540716	1e-323
G[C>A]A	0.009413973409627794	0.004325994159141382	0.007923597532117433	0.03641630016391387	0.059535919715585896	0.09075844656703842	0.18153577101303883	0.18721369308789795	0.02918829825631602	0.4214296122329679
G[C>A]C	0.004687288161057006	0.0040655934664452385	0.006612194901986503	0.012553278455974972	0.003083203140448602	0.009173063576902663	0.009694446585192059	0.007892716397534546	0.00554432731587997	0.03381799452740761
G[C>A]G	0.002225870638232403	0.0005570210681948456	0.0009829328209065454	0.004466095090608784	0.003126320938030885	0.0030744412518383855	0.006753188921952235	0.010093296354293473	0.004921161236728469	0.0044798247247474525
G[C>A]T	0.017417407881203606	0.01321728538101889	0.010042714394614613	0.024453242684413953	0.03525617222592672	0.06538691600033572	0.06796743748542725	0.08124113699952432	0.019512471754577963	0.04444127709668905
G[C>G]A	0.0006549769473016136	0.0006240190046492855	0.0014237020583024265	0.008478431988401777	0.004240634518385265	0.0	0.0025041822063168297	0.002685621836463141	0.0069314434091063025	0.0026072570666661916
G[C>G]C	0.001927608512378002	0.001391269623770055	0.003353692402911726	0.004915505426389004	0.0010091545353679329	0.0032466972087774283	0.000876795242815053	0.0008356992981842465	0.0037630127281763643	0.003964496741901603
G[C>G]G	9.495868425887055e-05	4.873604363601581e-05	0.00010494333875641252	0.001901563538140196	1.7805178781718657e-05	0.0012237135325866364	0.0006207748542511407	0.00010083496487367586	0.0032777109516141994	0.0013671357332002405
G[C>G]T	0.0015008800586877847	0.001366725210728687	0.0035634233823709756	0.010157491262740992	0.0030166032565175816	0.0007126043464574899	0.0021990889687757164	0.0002117787777590769	0.009900597500625363	0.005205201828900513
G[C>T]A	0.06844325989217466	0.08372185455794287	0.013712030721981188	0.014304238817733154	0.0475260103968813	0.02575466044788179	0.004679320911246504	0.02626842376937323	0.025166957487995203	0.0067952539685509445
G[C>T]C	0.05222023348582816	0.053155977846025576	0.02365824182999605	0.004949527583161006	0.02723743736331769	0.0015097066782297206	0.004141010386284028	0.01615429911587252	0.014814968412914428	0.0004183903931240395
G[C>T]G	0.03428139359425955	0.043659546404574624	0.031093437550530473	0.004691850841186773	0.005497249284493621	0.039559199490634835	0.011429821981592304	0.012647476297044548	0.011863486112583713	0.013877315437460704
G[C>T]T	0.050152682945739414	0.05908528557332829	0.015264353913026944	0.01389127344187812	0.02559802167952722	0.0034816867053337674	1.6176114532443804e-05	0.01994580095774188	0.02082770722716704	0.0035034383467019937
G[T>A]A	0.00017595670863811136	0.0004271844239243977	0.0010240826847960685	0.00579484521224433	1.7938599069967773e-05	0.00018191710814828655	0.0	0.00011287123837935647	0.002671777200751819	9.754893254948881e-05
G[T>A]C	0.0009554433652203036	0.000659220524307903	0.002373233230756623	0.0053655098671153	0.0008010859973868213	0.0008051500376994225	0.0012185915939953496	0.0003291499503367677	0.0021126293753769574	0.0019554538980027947
G[T>A]G	0.0006894763223235355	0.0007289473251855136	0.0007564566273883658	0.006710059217687337	0.001958032996554044	1.9880080202652624e-05	0.0	0.0002877745200123403	0.003866125313474173	0.00022270084252692607
G[T>A]T	0.002149464448176795	0.002142146630933645	0.002619672542993395	0.005301487162917305	0.0009492678199104056	0.0006524712315793059	0.0016034632213229858	0.0007001288555032631	0.006044201447462975	0.0033783084902236833
G[T>C]A	0.013272507402863776	0.011032918178233838	0.03282307221272059	0.0067242652841285775	0.0018289255370036173	0.0016114063284391762	6.552874757429174e-296	0.0021474400267517584	0.008910919591023048	0.0009573285308794574
G[T>C]C	0.007682861917870048	0.005578846903113098	0.01511216580460994	0.002205226457227431	0.0001404949322936902	5e-324	0.0006318579903130183	0.002849352625464184	0.0035867352840608154	0.0006022070808195544
G[T>C]G	0.016863117585629445	0.018544180589819586	0.025464443146214776	0.002011544974520119	0.0011999325762703573	0.004687365521760587	0.0005416633229378231	0.0036594654836949714	0.008681033480218509	4.7737427790196426e-11
G[T>C]T	0.0066247208281409635	0.005383179833463972	0.01685742392666395	0.005529477473289571	9.800224479285684e-05	0.0028151188276443815	0.0016064899869291716	0.0009984738129362432	0.009139903161840384	0.0007124316918469874
G[T>G]A	0.00017789612162230915	1.273140706733204e-05	0.00020491340521491456	0.002054413371722027	0.0	1.9305888290515294e-05	0.001765151353153248	0.00041601467711508176	0.0002591579476864387	0.00036744205151165697
G[T>G]C	0.00031775884123357945	3.719995540412086e-05	0.0003784024226122424	0.001241642142582277	0.0023098531098916485	3.6648664852607725e-07	0.004534810964313581	4e-323	0.0007259183848316908	0.0007783018236740617
G[T>G]G	0.00010292434657953118	7.595005890083986e-05	0.0005341176321377691	0.005609648765590249	0.0006974227807461274	0.0014629867005675652	0.00038319401099313945	0.0005029763639704054	0.0054062678390493415	4e-323
G[T>G]T	0.0011710300108113475	0.000799601091677827	0.002855261706167606	0.0037366576613532144	0.0022991452054207085	0.0022976445136876564	0.0006644154159314092	0.0001894989501067513	0.0034944783272728027	0.0004035501207620937
T[C>A]A	0.005147241976101476	0.003953982919426269	0.00548697312943127	0.03075042755807493	0.04113271251686252	0.050079276083638435	0.07541941894016076	0.04618569296370126	0.0242861128924061	0.019982653219478223
T[C>A]C	0.005399980212422559	0.004165751348356488	0.0044569427691327785	0.0200541893774832	0.010220327787165345	0.026373258776997033	0.029618232813982383	0.017128940306426272	0.020808986821582474	0.004722713296328543
T[C>A]G	0.0016570794813615345	0.0008507227841063851	0.0013315012323781154	0.004085156802196354	0.00033123834580994164	0.009526799462309454	0.005229923718594339	0.008828861850894775	0.004424019765250847	0.002483305444127797
T[C>A]T	0.029246526179890035	0.01719278377831366	0.019777618193131914	0.036594525587039135	0.08371037323841407	0.12885258093772708	0.14456465662761991	0.08995650255706773	0.037358893134180206	0.0355113562907403
T[C>G]A	0.0005522630385485691	0.0001874927577792932	0.0007951738832152709	0.012950284467086966	0.006143806423706462	0.0007039348856087286	0.001316725052567264	0.0008861009804666387	0.011596915035564183	2.5e-323
T[C>G]C	0.000463277163256842	0.0003497846558239352	0.001441303857175414	0.005705169652831758	0.0025524965704153448	0.0	0.003487566070661243	0.0003494618138968746	0.0050596153861784034	0.0028100498239146724
T[C>G]G	7.377041079008602e-05	7.136358829562198e-06	0.0002623261514499494	0.0043745617965768365	0.0007656563203711413	0.002446127901730369	0.0013775715201834737	0.0008958125186710187	0.0029780865223140987	1e-323
T[C>G]T	0.0014369744759094385	0.0016914336406156259	0.0016638240477476322	0.015165001673938748	0.005175199374844802	0.0013492013643894543	0.005571427971886518	0.0010661322504148122	0.01536151488273742	0.01387131909753839
T[C>T]A	0.010007368212710418	0.009138840670030617	0.005018643767726358	0.022685847617500504	0.058902840049171276	0.021815872733034473	0.014497155065252731	0.005668778262226468	0.013425266240541408	0.026519469826010816
T[C>T]C	0.008607044074915613	0.009980847587640554	0.005292796563148382	0.013889043430138947	0.03375136758421499	0.006762474150976518	0.008609090076822036	0.004593249418153373	0.011939357009798639	0.01757322796434072
T[C>T]G	0.00859457072769736	0.011263086949705157	0.003039795529029883	0.005736572268443057	0.004992332790549099	0.02587870340882272	0.010688939282402225	0.010942856965868032	0.011067544705586062	0.0004918523552164729
T[C>T]T	0.009112705281017972	0.010974737045732753	0.006272025981883716	0.01764146520438796	0.04116508402701396	0.00482283811496703	0.0030413803814893564	0.007137792738284176	0.015075998358365133	0.001943533030614215
T[T>A]A	0.00361811706077375	0.0025448908473234733	0.007750754112792173	0.016985209345450714	0.002471161528531556	0.0041887045991097225	0.00532327867588806	0.003774312544178015	0.013346648622246195	0.0014314142780124989
T[T>A]C	0.0004258738647196078	0.00047071061673706094	0.0008305159030326572	0.01438489918038612	0.001619946438961284	0.0007787952957936396	3.221692431259003e-05	0.0005730935827802089	0.009283947228209142	0.0010188802496799876
T[T>A]G	0.0006357435406648994	0.0004409647262204421	0.0006243310787883923	0.011130202681758487	0.0035694465295076526	0.003966627287727246	0.0006790995798072183	0.002027620803862993	0.00525023160713458	0.002459705855319545
T[T>A]T	0.0034432067334517627	0.0022630053644489938	0.005325303740106566	0.020431585214741105	0.004709874306841352	0.003569948105879067	0.00875705142648606	0.0014791139665359461	0.019047808167733358	0.00425269417396912
T[T>C]A	0.01754437962744219	0.009991584525188541	0.03397841969164598	0.024197257104247832	0.008126125559673427	0.0004639970497782817	0.013625764821420744	0.0046280482677898745	0.02895128666904214	0.0007634502791069916
T[T>C]C	0.0114554741709933	0.008151745796571836	0.029532197432329738	0.004681044693220455	0.0012563601257118684	0.0027591468868453017	0.0001598525802164656	0.0022798879191296252	0.0069228831864770034	0.00026537855061496945
T[T>C]G	0.016644054976284992	0.01775006967049426	0.03157313280226603	0.005252957756564245	0.0006615380411017212	0.0023234630054814217	0.005310536890762945	0.0033589069291931005	0.008314179467776631	0.0008436332312671255
T[T>C]T	0.012162042809674648	0.011093542993181318	0.027423503533422218	0.013990764851798084	0.011361453646665966	0.009198459814112197	0.005204597521195703	0.002757000273195311	0.01289473846351579	0.0002535847239837409
T[T>G]A	1.947236665333122e-05	0.00011749939023712469	3.7497019879639856e-05	0.004240960071425748	0.0019270977027079997	0.0016680641459030654	0.002860920525856161	3.889640915059598e-05	0.002171706452982144	0.00838839259778204
T[T>G]C	0.0006296707390499455	0.0006643045353332914	0.0016976567657631773	0.0028013599640025	0.0007360830694974436	0.0023870122864889684	0.002395156089114835	0.00016362158999562896	0.0017144920923924287	1.276551376779836e-245
T[T>G]G	0.00126498739666904	0.0013638816395479738	0.0024897947848714066	0.004137690363453394	0.0022015976580656064	0.002159849816496418	0.0011721431454962067	0.0007713881589170176	0.0022855322243285387	0.001208424880483569
T[T>G]T	0.002451918170233569	0.00196833560078532	0.0036185418807157506	0.010843357253905074	0.007153272086729477	0.002867070479609325	0.004907795273430581	0.0014186697299950072	0.009076669154799504	0.014267688328357763
