MutationType	SBS96A	SBS96B	SBS96C	SBS96D	SBS96E	SBS96F	SBS96G	SBS96H	SBS96I	SBS96J
A[C>A]A	5.37E-04	3.18E-04	1.22E-03	3.19E-03	3.28E-03	3.05E-03	5.02E-03	3.19E-02	3.24E-03	2.30E-02
A[C>A]C	2.15E-04	3.16E-04	1.94E-04	1.03E-03	3.01E-04	2.40E-04	1.22E-04	8.90E-04	1.32E-03	9.53E-04
A[C>A]G	6.65E-05	1.40E-04	9.79E-05	3.07E-04	1.44E-04	1.44E-04	1.80E-04	1.17E-03	7.50E-04	9.04E-04
A[C>A]T	9.75E-05	2.56E-04	2.82E-04	5.52E-04	4.50E-04	2.82E-04	3.14E-04	2.77E-03	7.92E-04	1.05E-03
A[C>G]A	4.20E-05	2.52E-04	9.36E-05	3.14E-04	3.71E-04	8.80E-99	1.80E-04	7.88E-04	9.73E-04	2.38E-04
A[C>G]C	1.18E-05	1.85E-04	2.19E-04	6.60E-04	2.30E-04	2.42E-04	1.68E-04	1.02E-03	8.34E-04	5.31E-05
A[C>G]G	1.52E-05	1.46E-04	1.09E-04	1.21E-03	3.78E-04	2.78E-04	1.33E-04	9.99E-04	1.79E-03	5.42E-05
A[C>G]T	1.98E-04	5.63E-04	1.79E-04	1.16E-03	9.18E-05	3.08E-04	2.54E-04	1.33E-03	1.68E-03	2.11E-04
A[C>T]A	1.58E-03	3.18E-03	5.09E-03	1.67E-03	2.96E-03	3.01E-03	1.22E-03	1.24E-02	5.33E-03	7.82E-03
A[C>T]C	3.62E-05	6.52E-04	1.08E-03	1.27E-03	3.10E-04	4.38E-04	6.24E-04	2.59E-03	1.55E-03	3.12E-03
A[C>T]G	9.42E-04	1.28E-03	1.13E-03	1.44E-03	1.25E-03	1.68E-03	4.69E-04	4.67E-03	1.68E-03	2.76E-03
A[C>T]T	3.33E-04	1.20E-03	1.78E-03	1.51E-03	1.92E-03	3.63E-04	1.69E-04	4.55E-03	1.64E-03	1.42E-03
A[T>A]A	3.23E-05	2.01E-04	2.96E-04	6.80E-04	1.89E-04	2.81E-04	3.30E-04	1.70E-03	8.74E-04	2.40E-04
A[T>A]C	1.22E-04	1.45E-04	1.15E-04	5.22E-04	1.18E-04	1.12E-04	5.89E-05	2.90E-04	5.47E-04	0.00E+00
A[T>A]G	3.59E-05	1.36E-04	1.07E-04	3.03E-04	2.11E-04	6.25E-05	0.00E+00	3.65E-04	5.44E-04	3.27E-04
A[T>A]T	1.24E-04	3.38E-04	9.59E-04	1.11E-04	7.38E-04	3.32E-04	1.05E-04	2.01E-03	6.80E-04	7.06E-04
A[T>C]A	3.49E-04	2.25E-03	3.77E-03	1.58E-03	7.78E-04	3.67E-04	5.83E-04	2.52E-03	4.16E-03	3.46E-04
A[T>C]C	1.05E-04	5.15E-04	1.77E-03	5.81E-04	0.00E+00	3.23E-04	1.42E-04	1.36E-03	4.80E-04	0.00E+00
A[T>C]G	1.77E-03	1.83E-03	3.95E-03	1.40E-03	2.66E-04	6.45E-04	2.01E-04	3.05E-03	2.26E-03	1.77E-03
A[T>C]T	6.81E-05	7.42E-04	8.25E-04	7.67E-04	1.22E-03	1.93E-04	3.54E-04	1.04E-03	1.20E-03	2.25E-03
A[T>G]A	4.18E-05	4.63E-05	4.56E-05	1.83E-04	0.00E+00	8.22E-06	6.81E-05	1.86E-04	2.75E-04	2.18E-04
A[T>G]C	8.06E-06	5.88E-05	1.36E-04	1.03E-04	0.00E+00	8.97E-05	8.56E-05	8.62E-05	1.84E-04	5.59E-04
A[T>G]G	6.55E-05	1.57E-04	9.22E-05	6.22E-04	0.00E+00	2.79E-04	0.00E+00	1.16E-04	5.62E-04	3.37E-04
A[T>G]T	9.49E-05	2.09E-04	1.62E-04	3.46E-04	3.51E-04	0.00E+00	1.45E-04	4.96E-04	5.14E-04	3.25E-04
C[C>A]A	2.97E-04	3.51E-04	9.14E-04	7.79E-04	3.67E-04	3.00E-04	7.64E-04	3.65E-03	9.25E-04	4.28E-03
C[C>A]C	1.89E-04	9.30E-04	1.11E-03	1.48E-03	2.24E-03	9.02E-04	2.00E-04	3.96E-03	2.21E-03	1.26E-03
C[C>A]G	2.06E-04	2.22E-04	2.08E-04	7.92E-04	3.12E-04	9.96E-05	1.38E-04	4.76E-04	6.68E-04	7.68E-04
C[C>A]T	8.04E-04	5.70E-03	6.34E-03	1.81E-03	5.90E-03	1.74E-03	5.35E-04	1.49E-02	9.92E-03	2.18E-03
C[C>G]A	1.99E-05	8.03E-05	1.18E-04	4.53E-04	2.80E-04	1.78E-04	8.71E-05	5.03E-05	1.27E-03	6.72E-04
C[C>G]C	4.93E-05	9.86E-06	1.80E-05	1.63E-04	2.70E-04	2.75E-05	4.77E-05	2.59E-04	3.27E-04	0.00E+00
C[C>G]G	2.86E-05	8.39E-05	8.06E-05	3.63E-04	0.00E+00	1.90E-04	7.17E-05	3.54E-05	5.89E-04	5.81E-04
C[C>G]T	1.04E-04	1.49E-04	8.37E-05	4.60E-04	1.24E-04	1.95E-04	4.45E-05	1.49E-04	1.08E-03	8.64E-05
C[C>T]A	1.79E-04	1.38E-03	1.01E-03	1.22E-03	1.39E-03	2.68E-03	1.21E-03	6.03E-03	9.65E-04	1.32E-03
C[C>T]C	2.70E-04	1.06E-03	4.31E-04	6.62E-04	7.72E-04	1.58E-03	1.18E-03	1.80E-03	3.76E-04	9.04E-03
C[C>T]G	1.34E-03	1.21E-03	5.41E-04	1.15E-03	1.11E-03	1.47E-03	5.91E-04	3.50E-03	6.12E-04	4.48E-03
C[C>T]T	1.07E-03	8.65E-04	4.37E-04	3.94E-04	1.24E-04	1.19E-03	3.64E-04	2.24E-03	1.06E-03	1.20E-03
C[T>A]A	4.40E-05	9.25E-05	1.46E-04	4.08E-04	2.41E-04	1.88E-04	8.66E-05	1.19E-04	1.05E-03	5.16E-04
C[T>A]C	4.87E-05	1.66E-04	1.28E-04	3.78E-04	2.06E-04	2.09E-05	1.44E-04	2.92E-04	6.08E-04	8.64E-04
C[T>A]G	8.09E-05	1.63E-04	1.48E-04	4.25E-04	0.00E+00	1.82E-04	7.33E-05	1.02E-04	9.94E-04	4.50E-04
C[T>A]T	1.40E-04	1.30E-04	1.45E-04	3.00E-04	3.26E-04	1.16E-04	1.43E-04	7.47E-04	7.21E-04	0.00E+00
C[T>C]A	4.90E-04	8.26E-04	1.87E-03	1.34E-03	5.01E-04	3.30E-04	4.12E-04	2.06E-03	9.48E-04	1.28E-04
C[T>C]C	3.53E-04	6.49E-04	1.50E-03	1.10E-03	2.58E-05	1.97E-04	2.44E-04	1.60E-03	1.19E-03	0.00E+00
C[T>C]G	1.81E-03	1.35E-03	3.39E-03	1.09E-03	6.94E-05	9.12E-05	5.17E-04	3.84E-03	4.56E-03	2.02E-04
C[T>C]T	5.41E-04	8.38E-04	1.37E-03	2.47E-04	6.42E-34	5.37E-04	1.22E-04	1.31E-03	4.15E-04	8.75E-04
C[T>G]A	2.25E-05	4.60E-05	1.62E-05	9.25E-05	1.07E-04	1.52E-04	2.11E-04	1.60E-04	9.64E-05	1.44E-03
C[T>G]C	2.98E-04	2.09E-04	2.31E-04	2.12E-04	1.56E-04	0.00E+00	5.02E-05	2.99E-04	1.51E-04	0.00E+00
C[T>G]G	1.72E-04	3.32E-04	4.93E-04	2.43E-04	2.37E-04	1.20E-04	1.04E-04	4.17E-04	3.17E-04	1.78E-04
C[T>G]T	5.68E-05	1.09E-04	3.49E-04	4.65E-04	1.89E-04	1.56E-04	2.47E-04	1.26E-03	3.82E-04	0.00E+00
G[C>A]A	1.14E-03	1.62E-03	1.42E-03	2.62E-03	4.00E-03	5.42E-03	8.62E-03	6.03E-02	2.37E-03	3.14E-02
G[C>A]C	4.10E-05	2.29E-04	2.87E-04	1.01E-03	3.91E-04	9.74E-04	1.04E-03	1.85E-03	1.00E-03	5.16E-03
G[C>A]G	6.27E-05	1.70E-04	1.85E-04	3.97E-04	3.62E-04	1.38E-04	2.67E-04	1.90E-03	4.05E-04	1.80E-03
G[C>A]T	1.90E-04	9.71E-04	1.20E-03	5.96E-04	1.31E-03	1.32E-03	1.71E-03	1.49E-02	7.50E-04	1.58E-02
G[C>G]A	7.92E-05	1.37E-04	1.61E-04	4.81E-04	5.18E-04	0.00E+00	5.24E-05	6.35E-04	9.42E-04	3.37E-04
G[C>G]C	1.08E-05	1.70E-04	1.65E-04	1.57E-04	1.73E-04	2.18E-04	1.10E-04	2.12E-04	3.31E-04	9.62E-04
G[C>G]G	2.12E-05	4.87E-05	2.97E-05	4.15E-04	1.24E-05	1.08E-04	5.77E-05	7.91E-05	5.12E-04	4.63E-04
G[C>G]T	1.86E-04	2.90E-04	2.36E-04	6.62E-04	5.07E-04	2.11E-04	2.64E-04	1.17E-04	1.20E-03	1.74E-03
G[C>T]A	1.14E-03	4.08E-03	5.71E-03	2.63E-03	6.17E-03	1.39E-03	4.79E-04	1.29E-02	5.99E-03	2.82E-03
G[C>T]C	1.38E-03	2.06E-03	3.55E-03	1.14E-03	3.24E-03	3.47E-04	2.77E-04	7.51E-03	5.97E-03	1.71E-04
G[C>T]G	8.60E-05	1.10E-03	9.94E-04	1.28E-03	2.31E-03	1.47E-03	6.62E-04	4.79E-03	3.21E-03	3.61E-03
G[C>T]T	2.42E-03	3.38E-03	3.21E-03	2.06E-03	4.38E-03	7.67E-04	1.62E-05	1.03E-02	3.50E-03	1.45E-03
G[T>A]A	4.79E-05	6.75E-05	1.20E-04	7.67E-04	1.53E-05	1.82E-04	0.00E+00	1.13E-04	6.89E-04	6.65E-05
G[T>A]C	8.53E-05	1.24E-04	1.51E-04	4.13E-04	1.35E-04	9.32E-05	5.89E-05	8.17E-05	4.95E-04	4.71E-04
G[T>A]G	6.73E-05	1.02E-04	9.08E-05	2.47E-04	2.86E-04	1.99E-05	0.00E+00	7.70E-05	6.17E-04	7.31E-05
G[T>A]T	9.10E-06	2.23E-04	7.94E-05	3.57E-04	1.62E-04	1.74E-04	1.49E-04	3.59E-04	6.00E-04	1.13E-03
G[T>C]A	6.39E-04	8.82E-04	2.06E-03	8.92E-04	3.45E-04	2.51E-04	0.00E+00	1.43E-03	1.06E-03	4.94E-04
G[T>C]C	4.17E-04	2.34E-04	9.70E-04	3.30E-04	6.86E-05	0.00E+00	1.69E-04	1.12E-03	5.56E-04	2.22E-04
G[T>C]G	6.28E-04	3.01E-04	1.02E-03	5.48E-04	7.10E-04	4.56E-04	1.43E-04	1.92E-03	1.61E-03	4.77E-11
G[T>C]T	4.49E-04	6.71E-04	1.05E-03	2.36E-04	4.84E-05	3.11E-04	1.07E-04	6.66E-04	4.69E-04	3.14E-04
G[T>G]A	1.56E-05	8.98E-06	5.63E-05	2.71E-04	0.00E+00	1.93E-05	2.36E-05	9.67E-05	2.55E-04	1.29E-04
G[T>G]C	8.66E-05	9.50E-06	6.48E-05	6.15E-05	1.16E-04	3.66E-07	7.29E-05	0.00E+00	5.71E-05	2.96E-04
G[T>G]G	4.23E-05	5.07E-05	1.19E-04	4.46E-04	1.18E-04	1.25E-04	5.64E-05	3.64E-04	8.57E-04	0.00E+00
G[T>G]T	5.68E-05	1.30E-04	1.77E-04	1.67E-04	2.65E-04	2.65E-05	6.42E-05	1.26E-04	3.26E-04	2.06E-04
T[C>A]A	1.17E-04	8.75E-04	9.53E-04	1.83E-03	2.49E-03	1.56E-03	1.23E-03	1.02E-02	2.96E-03	8.16E-03
T[C>A]C	1.06E-04	7.20E-04	3.81E-04	1.43E-03	1.17E-03	6.81E-04	8.15E-04	4.55E-03	2.27E-03	1.95E-03
T[C>A]G	3.31E-05	1.65E-04	7.89E-05	2.56E-04	8.04E-05	4.21E-04	5.56E-04	2.70E-03	4.09E-04	1.03E-03
T[C>A]T	7.45E-04	1.96E-03	2.18E-03	3.10E-03	4.86E-03	3.35E-03	2.43E-03	1.54E-02	1.15E-03	1.45E-02
T[C>G]A	1.40E-04	7.90E-05	1.69E-04	9.83E-04	7.68E-04	1.08E-04	1.22E-04	4.63E-04	1.77E-03	0.00E+00
T[C>G]C	4.06E-05	7.85E-05	1.60E-04	4.02E-04	3.31E-04	0.00E+00	1.24E-04	9.97E-05	7.10E-04	8.54E-04
T[C>G]G	2.67E-05	7.14E-06	6.73E-05	1.65E-04	1.33E-04	1.27E-04	1.60E-04	7.83E-04	5.05E-04	0.00E+00
T[C>G]T	8.41E-05	3.22E-04	2.25E-04	1.35E-03	6.77E-04	4.00E-04	5.71E-04	3.18E-04	2.15E-03	3.77E-03
T[C>T]A	5.34E-04	1.50E-03	7.56E-04	1.05E-03	1.53E-03	2.55E-03	1.05E-03	1.66E-03	1.19E-03	7.03E-03
T[C>T]C	5.33E-05	8.96E-04	6.38E-04	9.94E-04	4.03E-04	8.43E-04	5.77E-04	1.04E-03	5.86E-04	4.09E-03
T[C>T]G	4.86E-04	3.19E-04	4.85E-04	9.04E-04	3.49E-04	7.52E-04	8.41E-04	4.52E-03	8.48E-04	2.51E-04
T[C>T]T	4.10E-04	1.03E-03	7.27E-04	1.50E-03	7.44E-04	6.87E-04	4.56E-04	1.06E-03	1.17E-03	6.91E-04
T[T>A]A	3.60E-04	4.41E-04	3.88E-04	4.86E-04	4.15E-04	3.26E-04	1.89E-04	6.53E-04	1.48E-03	5.85E-04
T[T>A]C	5.30E-05	1.31E-04	1.76E-04	5.70E-04	2.71E-04	1.51E-04	3.22E-05	1.35E-04	1.55E-03	2.27E-04
T[T>A]G	1.03E-04	8.99E-05	1.55E-04	4.93E-04	5.59E-04	1.83E-04	1.15E-04	2.18E-04	1.04E-03	2.79E-04
T[T>A]T	1.18E-04	4.47E-04	3.66E-04	1.22E-03	7.90E-04	4.02E-04	2.29E-04	6.31E-04	2.42E-03	1.33E-03
T[T>C]A	9.16E-04	1.51E-03	1.57E-03	9.08E-04	1.16E-03	1.83E-04	5.05E-04	1.59E-03	1.37E-03	2.61E-04
T[T>C]C	4.84E-04	7.90E-04	1.91E-03	6.70E-04	2.77E-04	2.42E-04	1.60E-04	1.22E-03	1.02E-03	1.10E-04
T[T>C]G	1.65E-03	8.97E-04	1.40E-03	1.15E-03	4.35E-04	3.66E-04	1.80E-04	1.23E-03	1.90E-03	2.74E-04
T[T>C]T	4.06E-04	8.89E-04	1.58E-03	6.46E-04	7.97E-04	1.60E-04	3.36E-04	1.29E-03	2.95E-04	2.02E-04
T[T>G]A	1.00E-05	4.82E-05	3.75E-05	1.63E-04	2.25E-04	2.73E-04	3.93E-04	3.89E-05	4.03E-04	2.51E-03
T[T>G]C	1.23E-04	1.13E-04	8.88E-05	1.26E-04	1.08E-04	8.90E-05	3.34E-05	1.23E-04	2.05E-04	0.00E+00
T[T>G]G	6.02E-05	1.03E-04	1.56E-04	1.63E-04	1.60E-04	3.92E-05	6.63E-05	1.52E-04	3.30E-04	3.83E-04
T[T>G]T	3.28E-05	2.70E-04	2.23E-04	4.81E-04	6.20E-04	3.52E-04	5.13E-04	3.10E-04	1.03E-03	3.68E-03
