Samples	SBS96A	SBS96B	SBS96C	SBS96D	SBS96E
OGG1_boot	9.74E-05	1.20E-04	0.00E+00	2.14E-04	1.33E-04
OGG1_boot.1	1.33E-04	2.81E-78	2.68E-04	1.03E-04	8.42E-05
OGG1_boot.2	4.17E-04	9.54E-05	5.12E-04	6.43E-05	4.18E-05
OGG1_boot.3	7.12E-04	0.00E+00	8.25E-04	6.16E-05	5.27E-05
OGG1_boot.4	1.06E-03	9.93E-05	1.13E-03	2.54E-05	2.58E-05
OGG1_boot.5	9.53E-05	7.46E-05	7.62E-06	0.00E+00	4.08E-05
OGG1_boot.6	7.46E-05	9.79E-05	1.64E-04	8.44E-05	5.81E-05
OGG1_boot.7	2.31E-04	9.44E-05	3.59E-04	8.87E-05	5.46E-05
OGG1_boot.8	5.94E-04	0.00E+00	6.93E-04	6.23E-05	3.88E-05
OGG1_boot.9	8.08E-04	8.52E-05	9.00E-04	4.47E-05	2.96E-05
OGG1_boot.10	6.72E-04	1.71E-04	8.30E-04	1.94E-04	7.53E-05
OGG1_boot.11	1.13E-03	8.41E-05	1.20E-03	4.18E-05	5.48E-05
OGG1_boot.12	2.56E-04	9.98E-05	3.85E-04	9.32E-05	5.35E-05
OGG1_boot.13	1.08E-04	1.58E-04	2.13E-04	8.49E-05	6.52E-05
OGG1_boot.14	8.52E-04	8.24E-05	9.49E-04	4.51E-05	3.43E-05
OGG1_boot.15	1.09E-03	1.21E-20	1.15E-03	2.42E-05	2.86E-05
OGG1_boot.16	9.81E-05	8.17E-05	2.25E-68	0.00E+00	4.79E-05
OGG1_boot.17	7.87E-04	0.00E+00	8.83E-04	4.21E-05	4.15E-05
OGG1_boot.18	1.29E-03	0.00E+00	1.39E-03	0.00E+00	5.58E-05
OGG1_boot.19	1.13E-03	9.15E-05	1.24E-03	1.13E-04	5.05E-05
OGG1_boot.20	6.97E-04	8.90E-05	7.91E-04	5.24E-05	3.97E-05
OGG1_boot.21	7.52E-05	1.09E-04	1.61E-04	9.03E-05	6.12E-05
OGG1_boot.22	9.15E-04	8.97E-05	9.90E-04	3.30E-05	2.66E-05
OGG1_boot.23	3.95E-04	2.05E-04	5.18E-04	7.56E-05	7.19E-05
OGG1_boot.24	3.54E-04	9.07E-05	4.72E-04	8.34E-05	4.41E-05
OGG1_boot.25	6.13E-04	8.89E-73	7.08E-04	5.56E-05	4.05E-05
OGG1_boot.26	8.73E-04	0.00E+00	9.70E-04	5.03E-05	2.46E-05
OGG1_boot.27	8.54E-04	0.00E+00	9.69E-04	1.72E-36	6.64E-05
OGG1_boot.28	2.32E-04	1.09E-04	3.31E-04	7.53E-05	5.49E-05
OGG1_boot.29	1.67E-04	1.26E-04	2.79E-04	7.86E-05	4.80E-05
OGG1_boot.30	8.94E-05	0.00E+00	1.91E-14	7.11E-05	8.42E-05
OGG1_boot.31	5.00E-04	9.55E-05	6.19E-04	7.33E-05	4.10E-05
OGG1_boot.32	9.62E-04	2.32E-37	1.06E-03	3.99E-05	4.99E-05
OGG1_boot.33	6.21E-04	1.17E-49	7.10E-04	5.46E-05	5.30E-05
OGG1_boot.34	6.98E-04	9.91E-05	7.88E-04	4.38E-05	3.45E-05
OGG1_boot.35	7.04E-04	9.17E-05	8.21E-04	4.36E-05	1.80E-05
OGG1_boot.36	4.09E-04	9.59E-05	5.13E-04	7.40E-05	5.03E-05
OGG1_boot.37	8.10E-04	0.00E+00	9.04E-04	4.98E-05	5.86E-05
OGG1_boot.38	2.86E-04	0.00E+00	3.95E-04	8.54E-05	7.25E-05
OGG1_boot.39	1.34E-03	0.00E+00	1.44E-03	0.00E+00	4.74E-05
OGG1_boot.40	2.38E-04	0.00E+00	3.60E-04	8.88E-05	6.84E-05
OGG1_boot.41	2.08E-04	1.01E-04	3.35E-04	8.72E-05	4.87E-05
OGG1_boot.42	8.00E-04	8.77E-05	9.08E-04	5.80E-05	4.23E-05
OGG1_boot.43	8.49E-04	1.47E-30	9.49E-04	5.03E-05	3.17E-05
OGG1_boot.44	9.11E-04	0.00E+00	1.03E-03	1.24E-04	6.75E-05
OGG1_boot.45	4.41E-04	0.00E+00	5.62E-04	8.09E-05	6.01E-05
OGG1_boot.46	5.70E-04	8.96E-05	6.25E-04	4.53E-05	3.90E-05
OGG1_boot.47	6.33E-04	9.37E-05	7.06E-04	3.81E-05	3.59E-20
OGG1_boot.48	2.48E-04	9.33E-05	3.18E-04	6.46E-05	5.22E-05
OGG1_boot.49	8.37E-04	8.91E-05	9.03E-04	2.99E-05	0.00E+00
OGG1_boot.50	9.48E-05	1.01E-04	2.12E-04	9.40E-05	5.70E-05
OGG1_boot.51	3.31E-04	1.07E-04	4.39E-04	5.64E-05	0.00E+00
OGG1_boot.52	8.00E-05	1.03E-04	1.46E-04	8.65E-05	5.53E-05
OGG1_boot.53	8.39E-04	9.07E-05	8.96E-04	3.85E-05	0.00E+00
OGG1_boot.54	9.26E-04	8.42E-24	1.02E-03	4.18E-05	5.18E-05
OGG1_boot.55	2.01E-04	9.14E-05	2.63E-04	5.76E-05	1.18E-31
OGG1_boot.56	2.82E-04	9.48E-05	3.54E-04	6.65E-05	5.35E-05
OGG1_boot.57	5.50E-04	9.46E-05	6.45E-04	5.77E-05	3.76E-05
OGG1_boot.58	5.07E-04	1.03E-04	6.12E-04	5.03E-05	0.00E+00
OGG1_boot.59	1.05E-03	9.48E-05	1.13E-03	2.32E-05	0.00E+00
OGG1_boot.60	9.83E-04	8.74E-05	1.05E-03	3.38E-05	4.27E-05
OGG1_boot.61	7.01E-04	9.31E-05	7.98E-04	4.54E-05	1.64E-07
OGG1_boot.62	6.64E-04	9.02E-05	7.22E-04	4.01E-05	0.00E+00
OGG1_boot.63	2.18E-04	8.93E-05	3.35E-04	8.25E-05	5.05E-05
OGG1_boot.64	3.68E-04	1.01E-04	4.80E-04	7.82E-05	6.12E-05
OGG1_boot.65	6.13E-04	9.02E-05	6.63E-04	4.66E-05	0.00E+00
OGG1_boot.66	2.66E-04	1.02E-04	3.58E-04	5.01E-05	0.00E+00
OGG1_boot.67	8.29E-05	1.01E-04	1.78E-04	6.35E-05	0.00E+00
OGG1_boot.68	6.73E-05	9.29E-05	1.33E-04	5.75E-05	1.20E-44
OGG1_boot.69	3.90E-04	9.75E-05	4.82E-04	5.90E-05	2.08E-05
OGG1_boot.70	2.57E-04	8.32E-05	3.58E-04	7.92E-05	5.91E-05
OGG1_boot.71	5.21E-04	9.27E-05	5.99E-04	4.42E-05	0.00E+00
OGG1_boot.72	5.40E-04	9.32E-05	6.29E-04	4.18E-05	0.00E+00
OGG1_boot.73	2.73E-04	9.41E-05	3.82E-04	7.60E-05	4.74E-05
OGG1_boot.74	4.05E-04	9.68E-05	4.80E-04	4.29E-05	1.14E-80
OGG1_boot.75	4.42E-04	8.02E-05	5.37E-04	6.32E-05	5.01E-05
OGG1_boot.76	3.83E-04	9.96E-05	4.82E-04	5.69E-05	3.08E-111
OGG1_boot.77	8.43E-04	8.95E-05	9.32E-04	3.60E-05	1.92E-09
OGG1_boot.78	5.95E-04	9.46E-05	7.05E-04	7.31E-05	7.91E-05
OGG1_boot.79	2.08E-04	1.03E-04	2.97E-04	5.06E-05	0.00E+00
OGG1_boot.80	4.37E-04	9.44E-05	5.19E-04	5.63E-05	4.09E-05
OGG1_boot.81	5.65E-04	1.03E-04	6.51E-04	4.24E-05	0.00E+00
OGG1_boot.82	7.44E-04	9.68E-05	8.32E-04	3.61E-05	0.00E+00
OGG1_boot.83	4.14E-04	9.62E-05	5.05E-04	4.95E-05	1.97E-138
OGG1_boot.84	7.79E-04	8.96E-05	9.05E-04	7.99E-05	2.67E-05
OGG1_boot.85	6.04E-04	8.91E-05	7.06E-04	6.00E-05	4.46E-05
OGG1_boot.86	7.42E-04	8.56E-05	8.21E-04	4.05E-05	2.91E-05
OGG1_boot.87	5.26E-04	8.88E-05	6.20E-04	5.92E-05	4.34E-05
OGG1_boot.88	5.38E-04	9.33E-05	6.20E-04	4.31E-05	0.00E+00
OGG1_boot.89	6.36E-04	1.02E-04	7.30E-04	3.62E-05	0.00E+00
OGG1_boot.90	2.00E-03	0.00E+00	2.07E-03	1.83E-93	4.19E-05
OGG1_boot.91	6.94E-04	8.41E-05	8.04E-04	6.03E-05	4.42E-05
OGG1_boot.92	1.05E-03	8.65E-05	1.16E-03	1.26E-04	4.68E-05
OGG1_boot.93	1.42E-03	8.81E-05	1.49E-03	1.33E-05	1.76E-05
OGG1_boot.94	2.31E-03	6.65E-20	2.37E-03	0.00E+00	3.87E-05
OGG1_boot.95	1.47E-03	8.44E-05	1.55E-03	1.40E-05	8.26E-31
OGG1_boot.96	2.58E-03	0.00E+00	2.63E-03	0.00E+00	2.44E-05
OGG1_boot.97	9.43E-04	8.40E-05	1.06E-03	1.18E-04	5.50E-05
OGG1_boot.98	1.56E-03	0.00E+00	1.65E-03	0.00E+00	6.12E-05
OGG1_boot.99	2.33E-03	4.79E-05	2.38E-03	2.18E-61	0.00E+00
OGG1_boot.100	1.01E-03	8.77E-05	1.10E-03	3.37E-05	2.60E-05
OGG1_boot.101	6.05E-04	8.83E-05	7.36E-04	1.42E-04	6.66E-05
OGG1_boot.102	1.11E-03	7.92E-05	1.18E-03	2.45E-05	2.71E-05
OGG1_boot.103	1.04E-03	8.61E-05	1.11E-03	2.28E-05	2.05E-05
OGG1_boot.104	7.40E-04	9.87E-38	8.27E-04	4.14E-05	0.00E+00
OGG1_boot.105	1.86E-03	6.83E-05	1.91E-03	3.20E-05	1.24E-05
OGG1_boot.106	1.92E-03	1.80E-94	1.99E-03	2.74E-08	3.89E-05
OGG1_boot.107	1.56E-03	0.00E+00	1.61E-03	2.02E-05	5.72E-55
OGG1_boot.108	1.37E-03	9.15E-05	1.45E-03	3.64E-105	3.51E-49
OGG1_boot.109	1.31E-03	0.00E+00	1.40E-03	2.20E-05	4.78E-05
OGG1_boot.110	1.61E-03	6.25E-05	1.70E-03	0.00E+00	3.54E-05
OGG1_boot.111	1.40E-03	5.47E-76	1.49E-03	8.75E-05	4.74E-05
OGG1_boot.112	1.07E-03	8.39E-05	1.12E-03	4.26E-05	0.00E+00
OGG1_boot.113	1.39E-03	7.85E-05	1.48E-03	2.92E-88	2.80E-05
OGG1_boot.114	1.20E-03	7.71E-05	1.30E-03	2.23E-130	3.53E-05
OGG1_boot.115	1.46E-03	9.23E-05	1.55E-03	7.37E-07	0.00E+00
OGG1_boot.116	2.06E-03	7.89E-05	2.12E-03	9.55E-85	0.00E+00
OGG1_boot.117	1.16E-03	0.00E+00	1.24E-03	2.45E-05	4.48E-05
OGG1_boot.118	1.21E-03	8.18E-05	1.30E-03	2.10E-05	2.51E-05
OGG1_boot.119	9.97E-04	4.76E-47	1.07E-03	2.54E-05	4.19E-05
OGG1_boot.120	9.81E-04	8.17E-05	1.05E-03	3.29E-05	3.33E-05
OGG1_boot.121	1.63E-03	0.00E+00	1.71E-03	0.00E+00	5.26E-05
OGG1_boot.122	1.27E-03	9.20E-05	1.36E-03	1.74E-101	5.90E-75
OGG1_boot.123	2.91E-04	8.53E-05	4.04E-04	7.68E-05	6.31E-05
OGG1_boot.124	2.00E-03	0.00E+00	2.08E-03	0.00E+00	6.55E-05
OGG1_boot.125	1.26E-03	9.02E-05	1.35E-03	1.91E-05	8.72E-06
OGG1_boot.126	1.49E-03	6.54E-05	1.58E-03	0.00E+00	4.28E-05
OGG1_boot.127	1.01E-03	8.64E-05	1.09E-03	2.42E-05	2.41E-05
OGG1_boot.128	1.84E-03	8.11E-05	1.91E-03	0.00E+00	8.95E-06
OGG1_boot.129	2.13E-03	0.00E+00	2.20E-03	2.48E-61	3.73E-05
OGG1_boot.130	1.29E-03	1.79E-119	1.38E-03	0.00E+00	5.26E-05
OGG1_boot.131	2.20E-03	7.19E-05	2.26E-03	1.29E-140	0.00E+00
OGG1_boot.132	2.17E-03	7.30E-155	2.21E-03	6.15E-05	0.00E+00
OGG1_boot.133	1.68E-03	8.57E-05	1.76E-03	1.91E-84	0.00E+00
OGG1_boot.134	1.41E-03	8.67E-05	1.50E-03	8.09E-05	2.56E-52
OGG1_boot.135	9.83E-04	8.56E-05	1.06E-03	2.39E-05	3.54E-51
OGG1_boot.136	1.21E-03	6.45E-86	1.30E-03	2.13E-05	4.54E-05
OGG1_boot.137	1.09E-03	0.00E+00	1.19E-03	0.00E+00	0.00E+00
OGG1_boot.138	1.11E-03	3.94E-29	1.21E-03	6.22E-43	4.90E-05
OGG1_real	5.51E-04	1.90E-04	6.77E-04	7.28E-05	6.15E-05
OGG1_real.1	4.87E-04	9.69E-05	5.72E-04	5.80E-05	4.30E-05
OGG1_real.2	1.37E-03	8.01E-05	1.46E-03	1.48E-05	2.22E-05
UNG_boot	1.50E-03	6.90E-05	1.16E-03	6.08E-04	9.31E-11
UNG_boot.1	7.93E-04	2.07E-05	6.85E-04	5.75E-04	9.56E-05
UNG_boot.2	1.73E-03	1.84E-05	1.38E-03	5.47E-04	5.84E-05
UNG_boot.3	1.26E-03	5.35E-05	9.77E-04	5.65E-04	0.00E+00
UNG_boot.4	2.02E-03	4.51E-05	1.66E-03	5.32E-04	2.84E-05
UNG_boot.5	1.69E-03	2.41E-05	1.36E-03	5.01E-04	5.04E-05
UNG_boot.6	2.12E-03	4.13E-05	1.75E-03	5.76E-04	0.00E+00
UNG_boot.7	1.54E-03	7.05E-05	1.18E-03	6.58E-04	5.10E-131
UNG_boot.8	4.69E-04	2.10E-05	5.44E-04	5.02E-04	7.46E-05
UNG_boot.9	1.76E-03	2.64E-05	1.42E-03	5.31E-04	5.10E-05
UNG_boot.10	6.85E-04	6.08E-05	6.17E-04	5.81E-04	1.13E-93
UNG_boot.11	1.29E-03	1.73E-05	9.99E-04	5.37E-04	8.27E-05
UNG_boot.12	1.54E-03	5.61E-05	1.19E-03	5.99E-04	8.39E-06
UNG_boot.13	1.53E-03	5.00E-05	1.21E-03	5.31E-04	3.43E-05
UNG_boot.14	1.81E-03	5.88E-05	1.42E-03	6.66E-04	0.00E+00
UNG_boot.15	9.07E-04	6.96E-05	7.49E-04	6.35E-04	2.45E-36
UNG_boot.16	1.74E-03	5.70E-05	1.38E-03	5.90E-04	2.65E-06
UNG_boot.17	1.48E-03	3.26E-05	1.17E-03	5.12E-04	4.66E-05
UNG_boot.18	5.50E-04	5.68E-05	5.75E-04	5.59E-04	0.00E+00
UNG_boot.19	1.58E-03	1.98E-05	1.25E-03	5.20E-04	6.95E-05
UNG_boot.20	1.15E-03	5.30E-05	8.92E-04	5.69E-04	0.00E+00
UNG_boot.21	2.08E-03	4.69E-05	1.70E-03	5.85E-04	0.00E+00
UNG_boot.22	8.30E-04	7.27E-05	7.41E-04	6.77E-04	0.00E+00
UNG_boot.23	1.68E-03	5.23E-05	1.32E-03	5.97E-04	2.25E-126
UNG_boot.24	1.07E-03	6.52E-05	8.55E-04	6.86E-04	0.00E+00
UNG_boot.25	1.13E-03	5.16E-05	8.81E-04	5.67E-04	0.00E+00
UNG_boot.26	1.91E-03	4.90E-05	1.57E-03	5.46E-04	0.00E+00
UNG_boot.27	1.23E-03	6.59E-05	9.44E-04	5.58E-04	0.00E+00
UNG_boot.28	1.21E-03	4.93E-05	9.48E-04	5.23E-04	0.00E+00
UNG_boot.29	9.98E-04	7.32E-05	8.00E-04	6.31E-04	0.00E+00
UNG_boot.30	9.63E-04	4.47E-05	7.49E-04	5.79E-04	3.39E-05
UNG_boot.31	1.54E-03	6.47E-05	1.20E-03	6.33E-04	0.00E+00
UNG_boot.32	2.37E-03	4.79E-05	2.00E-03	5.50E-04	0.00E+00
UNG_boot.33	1.98E-03	4.48E-05	1.62E-03	5.32E-04	3.24E-05
UNG_boot.34	9.75E-04	5.21E-05	7.66E-04	5.91E-04	0.00E+00
UNG_boot.35	1.75E-03	2.98E-05	1.37E-03	5.96E-04	6.74E-05
UNG_boot.36	1.27E-03	5.53E-05	9.76E-04	6.11E-04	0.00E+00
UNG_boot.37	1.26E-03	1.62E-05	9.87E-04	4.71E-04	5.24E-05
UNG_boot.38	2.05E-03	5.94E-05	1.65E-03	6.50E-04	0.00E+00
UNG_boot.39	1.62E-03	5.36E-05	1.27E-03	6.19E-04	0.00E+00
UNG_boot.40	3.65E-04	5.86E-05	6.04E-04	5.59E-04	0.00E+00
UNG_boot.41	1.54E-03	7.48E-27	1.19E-03	5.94E-04	9.24E-05
UNG_boot.42	1.56E-03	5.92E-05	1.22E-03	6.04E-04	0.00E+00
UNG_boot.43	6.60E-04	4.89E-05	5.92E-04	5.50E-04	0.00E+00
UNG_boot.44	1.54E-03	5.66E-05	1.22E-03	5.60E-04	1.31E-77
UNG_boot.45	9.02E-04	2.54E-05	7.11E-04	5.66E-04	7.44E-05
UNG_boot.46	7.47E-04	6.52E-05	6.93E-04	6.53E-04	0.00E+00
UNG_boot.47	1.69E-03	5.30E-05	1.33E-03	6.30E-04	0.00E+00
UNG_boot.48	8.79E-04	6.86E-05	7.19E-04	6.04E-04	0.00E+00
UNG_boot.49	2.22E-03	4.27E-05	1.87E-03	5.33E-04	2.83E-05
UNG_boot.50	7.86E-04	3.69E-05	6.60E-04	5.75E-04	7.42E-05
UNG_boot.51	1.02E-03	1.25E-05	7.70E-04	5.02E-04	8.78E-05
UNG_boot.52	1.61E-03	5.96E-05	1.25E-03	5.71E-04	4.55E-29
UNG_boot.53	1.21E-03	0.00E+00	9.22E-04	5.06E-04	7.68E-05
UNG_boot.54	1.13E-03	3.08E-05	8.48E-04	5.60E-04	8.86E-05
UNG_boot.55	1.58E-03	8.31E-07	1.25E-03	4.97E-04	7.73E-05
UNG_boot.56	9.88E-04	2.27E-05	7.48E-04	5.30E-04	9.69E-05
UNG_boot.57	7.88E-04	0.00E+00	6.32E-04	5.11E-04	9.40E-05
UNG_boot.58	1.04E-03	0.00E+00	7.88E-04	4.81E-04	1.01E-04
UNG_boot.59	1.00E-03	1.82E-05	7.58E-04	4.99E-04	8.08E-05
UNG_boot.60	1.47E-03	1.81E-05	1.15E-03	4.72E-04	6.02E-05
UNG_boot.61	1.14E-03	0.00E+00	8.63E-04	5.02E-04	8.73E-05
UNG_boot.62	1.33E-03	0.00E+00	1.01E-03	5.52E-04	9.24E-05
UNG_boot.63	8.89E-04	0.00E+00	7.05E-04	5.62E-04	1.03E-04
UNG_boot.64	1.50E-03	2.13E-05	1.16E-03	5.37E-04	8.92E-05
UNG_boot.65	5.62E-04	0.00E+00	5.70E-04	5.37E-04	9.55E-05
UNG_boot.66	7.53E-04	1.64E-146	6.25E-04	5.36E-04	1.02E-04
UNG_boot.67	1.14E-03	6.33E-06	8.66E-04	4.75E-04	7.63E-05
UNG_boot.68	6.96E-04	1.21E-05	5.90E-04	4.94E-04	1.07E-04
UNG_boot.69	1.09E-03	1.01E-05	8.25E-04	5.06E-04	1.02E-04
UNG_boot.70	1.86E-03	5.75E-05	1.49E-03	5.67E-04	0.00E+00
UNG_boot.71	8.72E-04	2.20E-05	6.73E-04	5.17E-04	7.76E-05
UNG_boot.72	1.28E-03	3.13E-05	9.71E-04	5.34E-04	6.80E-05
UNG_boot.73	8.06E-04	0.00E+00	6.34E-04	4.84E-04	9.37E-05
UNG_boot.74	7.96E-04	3.13E-37	6.30E-04	4.80E-04	9.92E-05
UNG_boot.75	8.95E-04	1.36E-05	6.97E-04	5.25E-04	1.01E-04
UNG_boot.76	9.33E-04	0.00E+00	7.02E-04	5.12E-04	9.15E-05
UNG_boot.77	9.50E-04	1.20E-05	7.26E-04	5.08E-04	8.75E-05
UNG_boot.78	1.48E-03	2.58E-05	1.16E-03	4.94E-04	6.96E-05
UNG_boot.79	1.41E-03	0.00E+00	1.09E-03	4.97E-04	7.35E-05
UNG_boot.80	1.78E-03	0.00E+00	1.43E-03	4.97E-04	7.92E-05
UNG_boot.81	8.29E-04	1.14E-21	6.36E-04	4.69E-04	7.57E-05
UNG_boot.82	5.58E-04	1.99E-05	5.57E-04	5.16E-04	9.40E-05
UNG_boot.83	1.38E-03	1.69E-05	1.06E-03	5.18E-04	8.71E-05
UNG_boot.84	1.46E-03	0.00E+00	1.12E-03	5.20E-04	6.76E-05
UNG_boot.85	8.40E-04	2.23E-05	6.48E-04	4.71E-04	8.33E-05
UNG_boot.86	9.23E-04	1.59E-05	7.13E-04	5.42E-04	1.04E-04
UNG_boot.87	1.37E-03	7.30E-107	1.06E-03	4.97E-04	8.13E-05
UNG_boot.88	1.12E-03	0.00E+00	8.42E-04	5.18E-04	8.68E-05
UNG_boot.89	7.71E-04	1.97E-05	6.39E-04	5.47E-04	9.50E-05
UNG_boot.90	1.67E-03	1.07E-05	1.31E-03	5.30E-04	7.17E-05
UNG_boot.91	9.67E-04	5.08E-58	7.43E-04	5.37E-04	9.42E-05
UNG_boot.92	1.15E-03	2.07E-05	8.64E-04	5.28E-04	9.13E-05
UNG_boot.93	1.36E-03	1.93E-05	1.04E-03	5.22E-04	8.20E-05
UNG_boot.94	1.21E-03	1.75E-05	9.16E-04	4.83E-04	7.01E-05
UNG_boot.95	1.32E-03	0.00E+00	1.01E-03	4.99E-04	7.73E-05
UNG_boot.96	6.27E-04	2.23E-05	5.62E-04	5.03E-04	9.32E-05
UNG_boot.97	1.19E-03	0.00E+00	8.96E-04	5.08E-04	8.82E-05
UNG_boot.98	1.06E-03	6.57E-05	8.10E-04	6.02E-04	2.48E-96
UNG_boot.99	1.55E-03	1.78E-05	1.22E-03	5.10E-04	6.12E-05
UNG_boot.100	6.87E-04	2.15E-05	5.94E-04	5.21E-04	9.64E-05
UNG_boot.101	1.24E-03	1.97E-05	9.36E-04	5.40E-04	7.79E-05
UNG_boot.102	1.61E-03	0.00E+00	1.26E-03	5.17E-04	7.17E-05
UNG_boot.103	1.89E-03	0.00E+00	1.52E-03	5.33E-04	5.85E-05
UNG_boot.104	1.43E-03	0.00E+00	1.10E-03	5.00E-04	8.47E-05
UNG_boot.105	1.38E-03	0.00E+00	1.06E-03	5.05E-04	7.91E-05
UNG_boot.106	9.45E-04	1.59E-05	7.19E-04	4.28E-04	7.82E-05
UNG_boot.107	4.90E-04	2.47E-05	6.42E-04	5.87E-04	1.17E-04
UNG_boot.108	1.31E-03	5.55E-05	1.01E-03	5.34E-04	0.00E+00
UNG_boot.109	1.04E-03	2.45E-05	7.97E-04	4.09E-04	5.98E-05
UNG_boot.110	1.13E-03	7.30E-05	8.74E-04	6.56E-04	1.41E-160
UNG_boot.111	1.52E-03	5.20E-05	1.18E-03	5.46E-04	0.00E+00
UNG_boot.112	1.18E-03	1.23E-28	8.90E-04	5.45E-04	9.92E-05
UNG_boot.113	7.62E-04	1.39E-05	6.19E-04	5.01E-04	1.06E-04
UNG_boot.114	5.02E-04	2.72E-04	1.67E-03	8.77E-04	1.04E-04
UNG_boot.115	1.42E-03	1.85E-34	1.11E-03	4.69E-04	7.75E-05
UNG_boot.116	7.35E-04	4.21E-05	6.19E-04	5.52E-04	5.60E-05
UNG_boot.117	6.27E-04	1.91E-05	5.94E-04	5.37E-04	9.84E-05
UNG_boot.118	1.52E-03	5.59E-120	1.20E-03	4.88E-04	7.40E-05
UNG_boot.119	1.25E-03	0.00E+00	9.66E-04	4.44E-04	6.83E-05
UNG_boot.120	4.00E-04	1.26E-05	5.67E-04	4.98E-04	1.14E-04
UNG_boot.121	6.63E-04	0.00E+00	6.36E-04	5.73E-04	1.24E-04
UNG_boot.122	1.40E-03	0.00E+00	1.08E-03	5.23E-04	7.89E-05
UNG_boot.123	1.02E-03	5.24E-125	7.80E-04	5.48E-04	9.56E-05
UNG_boot.124	6.00E-04	2.24E-05	5.85E-04	5.30E-04	1.00E-04
UNG_boot.125	1.84E-03	0.00E+00	1.47E-03	5.61E-04	6.86E-05
UNG_boot.126	1.90E-03	0.00E+00	1.56E-03	4.79E-04	5.91E-05
UNG_boot.127	7.52E-04	0.00E+00	5.84E-04	4.41E-04	8.91E-05
UNG_boot.128	8.34E-04	1.34E-05	6.39E-04	4.44E-04	7.74E-05
UNG_boot.129	1.55E-03	0.00E+00	1.20E-03	5.72E-04	8.88E-05
UNG_boot.130	1.22E-03	1.77E-05	9.39E-04	4.93E-04	7.47E-05
UNG_boot.131	1.17E-03	1.92E-05	9.02E-04	4.43E-04	7.35E-05
UNG_boot.132	1.10E-03	1.85E-05	8.32E-04	5.10E-04	8.21E-05
UNG_boot.133	1.18E-03	2.68E-32	9.02E-04	4.75E-04	6.63E-05
UNG_boot.134	1.05E-03	4.13E-98	7.96E-04	4.85E-04	7.94E-05
UNG_boot.135	1.38E-03	1.93E-131	1.06E-03	5.16E-04	7.66E-05
UNG_boot.136	1.70E-03	0.00E+00	1.34E-03	5.60E-04	6.86E-05
UNG_boot.137	6.40E-04	1.41E-79	5.93E-04	5.20E-04	1.05E-04
UNG_boot.138	1.11E-03	0.00E+00	8.46E-04	4.65E-04	8.00E-05
UNG_boot.139	1.70E-03	3.44E-05	1.36E-03	5.03E-04	4.88E-05
UNG_boot.140	6.22E-04	8.99E-06	5.35E-04	4.50E-04	9.38E-05
UNG_boot.141	7.48E-04	1.75E-05	6.51E-04	5.75E-04	1.11E-04
UNG_boot.142	1.08E-03	2.42E-05	8.24E-04	5.25E-04	7.74E-05
UNG_boot.143	1.35E-03	9.58E-06	1.05E-03	4.65E-04	8.93E-05
UNG_boot.144	1.08E-03	8.55E-06	8.21E-04	4.71E-04	8.71E-05
UNG_boot.145	1.13E-03	1.08E-05	8.57E-04	5.04E-04	9.12E-05
UNG_boot.146	1.50E-03	4.43E-53	1.16E-03	5.44E-04	8.74E-05
UNG_boot.147	9.43E-04	0.00E+00	7.26E-04	5.54E-04	1.14E-04
UNG_boot.148	9.74E-04	1.39E-105	7.44E-04	5.01E-04	8.89E-05
UNG_boot.149	6.39E-04	0.00E+00	6.31E-04	5.73E-04	1.10E-04
UNG_boot.150	1.40E-03	0.00E+00	1.09E-03	4.77E-04	7.64E-05
UNG_boot.151	2.13E-03	3.13E-05	1.73E-03	5.54E-04	6.36E-05
UNG_boot.152	1.12E-03	2.91E-14	8.51E-04	4.85E-04	9.60E-05
UNG_boot.153	1.07E-03	3.96E-31	8.17E-04	4.71E-04	8.93E-05
UNG_boot.154	1.19E-03	2.01E-133	8.92E-04	5.95E-04	1.02E-04
UNG_real	1.39E-03	5.61E-05	1.08E-03	5.74E-04	0.00E+00
UNG_real.1	1.15E-03	1.66E-05	8.69E-04	5.08E-04	8.26E-05
UNG_real.2	1.07E-03	1.55E-05	8.10E-04	5.06E-04	8.56E-05
ATP2B4_boot	3.52E-03	1.69E-05	3.40E-03	2.28E-04	0.00E+00
ATP2B4_boot.1	2.80E-03	2.07E-05	2.83E-03	0.00E+00	3.15E-05
ATP2B4_boot.2	1.87E-03	1.82E-05	1.80E-03	1.47E-04	2.89E-05
ATP2B4_boot.3	3.34E-03	0.00E+00	3.37E-03	5.30E-146	4.61E-05
ATP2B4_boot.4	3.05E-03	2.30E-05	2.86E-03	3.17E-04	4.27E-05
ATP2B4_boot.5	3.55E-03	0.00E+00	3.54E-03	1.59E-04	7.91E-05
ATP2B4_boot.6	2.96E-03	2.17E-05	2.98E-03	4.07E-06	3.17E-05
ATP2B4_boot.7	3.44E-03	1.45E-05	3.32E-03	2.33E-04	0.00E+00
ATP2B4_boot.8	2.98E-03	1.55E-05	2.99E-03	1.32E-116	2.73E-05
ATP2B4_boot.9	2.66E-03	1.78E-05	2.52E-03	2.44E-04	0.00E+00
ATP2B4_boot.10	3.49E-03	2.03E-05	3.49E-03	1.54E-04	8.19E-05
ATP2B4_boot.11	3.11E-03	2.76E-05	3.02E-03	2.05E-04	4.39E-05
ATP2B4_boot.12	4.78E-03	0.00E+00	4.71E-03	2.50E-04	1.04E-04
ATP2B4_boot.13	3.51E-03	1.51E-05	3.52E-03	0.00E+00	4.42E-05
ATP2B4_boot.14	2.95E-03	0.00E+00	2.98E-03	1.48E-36	5.24E-05
ATP2B4_boot.15	3.90E-03	1.10E-04	3.81E-03	2.56E-04	2.54E-04
ATP2B4_boot.16	3.44E-03	1.80E-05	3.44E-03	5.89E-109	2.00E-05
ATP2B4_boot.17	2.18E-03	2.29E-05	2.04E-03	2.40E-04	2.40E-05
ATP2B4_boot.18	2.90E-03	2.35E-05	2.94E-03	1.40E-23	3.48E-05
ATP2B4_boot.19	2.26E-03	2.28E-05	2.15E-03	2.02E-04	1.19E-05
ATP2B4_boot.20	3.84E-03	2.14E-05	3.74E-03	2.36E-04	7.46E-05
ATP2B4_boot.21	3.69E-03	2.63E-05	3.59E-03	2.56E-04	8.29E-05
ATP2B4_boot.22	2.40E-03	2.34E-05	2.25E-03	2.46E-04	1.81E-05
ATP2B4_boot.23	4.05E-03	2.08E-05	4.01E-03	1.94E-04	9.03E-05
ATP2B4_boot.24	3.12E-03	2.62E-05	2.98E-03	2.60E-04	5.89E-05
ATP2B4_boot.25	3.97E-03	2.64E-05	3.89E-03	2.36E-04	8.75E-05
ATP2B4_boot.26	3.24E-03	1.48E-05	3.26E-03	1.62E-10	4.86E-05
ATP2B4_boot.27	3.19E-03	4.49E-19	3.22E-03	1.73E-83	3.32E-05
ATP2B4_boot.28	4.10E-03	0.00E+00	4.09E-03	1.26E-56	2.76E-05
ATP2B4_boot.29	2.55E-03	1.42E-05	2.34E-03	3.21E-04	0.00E+00
ATP2B4_boot.30	2.52E-03	2.08E-05	2.32E-03	2.90E-04	3.25E-05
ATP2B4_boot.31	4.04E-03	2.48E-05	4.01E-03	1.95E-04	9.67E-05
ATP2B4_boot.32	2.96E-03	2.55E-05	2.82E-03	2.60E-04	5.44E-05
ATP2B4_boot.33	2.67E-03	2.00E-05	2.51E-03	2.65E-04	2.87E-05
ATP2B4_boot.34	3.90E-03	2.75E-05	3.78E-03	2.79E-04	8.02E-05
ATP2B4_boot.35	3.65E-03	1.48E-05	3.65E-03	0.00E+00	2.76E-05
ATP2B4_boot.36	2.43E-03	2.33E-05	2.29E-03	2.41E-04	4.40E-05
ATP2B4_boot.37	2.41E-03	2.90E-05	2.40E-03	1.05E-04	3.22E-05
ATP2B4_boot.38	1.12E-03	1.53E-05	9.54E-04	2.54E-04	2.73E-05
ATP2B4_boot.39	3.12E-03	1.82E-05	3.13E-03	1.43E-73	3.21E-05
ATP2B4_boot.40	3.43E-03	1.60E-05	3.31E-03	2.28E-04	3.62E-11
ATP2B4_boot.41	3.83E-03	1.38E-05	3.82E-03	0.00E+00	3.18E-05
ATP2B4_boot.42	3.35E-03	2.24E-05	3.32E-03	1.70E-04	8.05E-05
ATP2B4_boot.43	2.87E-03	2.32E-05	2.85E-03	1.32E-04	4.02E-05
ATP2B4_boot.44	3.25E-03	0.00E+00	3.23E-03	1.54E-04	6.04E-05
ATP2B4_boot.45	2.27E-03	1.31E-05	2.09E-03	2.84E-04	6.07E-137
ATP2B4_boot.46	2.14E-03	2.00E-05	2.00E-03	2.21E-04	8.64E-06
ATP2B4_boot.47	4.43E-03	0.00E+00	4.32E-03	2.93E-04	1.00E-04
ATP2B4_boot.48	3.63E-03	1.18E-05	3.64E-03	0.00E+00	4.34E-05
ATP2B4_boot.49	2.58E-03	1.97E-05	2.61E-03	0.00E+00	3.72E-05
ATP2B4_boot.50	3.20E-03	2.01E-05	3.18E-03	1.57E-04	6.51E-05
ATP2B4_boot.51	2.24E-03	1.85E-05	2.26E-03	7.33E-05	3.95E-05
ATP2B4_boot.52	2.43E-03	3.16E-05	2.32E-03	2.03E-04	3.46E-05
ATP2B4_boot.53	2.79E-03	2.11E-05	2.76E-03	1.41E-04	5.92E-05
ATP2B4_boot.54	2.67E-03	2.25E-05	2.62E-03	1.49E-04	3.99E-05
ATP2B4_boot.55	3.85E-03	0.00E+00	3.79E-03	2.18E-04	8.02E-05
ATP2B4_boot.56	3.90E-03	1.42E-05	3.85E-03	1.84E-04	6.55E-05
ATP2B4_boot.57	3.21E-03	3.36E-05	3.11E-03	2.14E-04	0.00E+00
ATP2B4_boot.58	3.81E-03	2.35E-05	3.77E-03	1.92E-04	8.00E-05
ATP2B4_boot.59	2.33E-03	2.47E-05	2.18E-03	2.57E-04	0.00E+00
ATP2B4_boot.60	3.97E-03	2.80E-05	3.91E-03	2.19E-04	8.55E-05
ATP2B4_boot.61	2.40E-03	3.62E-05	2.30E-03	1.98E-04	2.02E-05
ATP2B4_boot.62	2.72E-03	1.01E-05	2.54E-03	2.95E-04	5.05E-129
ATP2B4_boot.63	2.03E-03	1.82E-05	1.84E-03	2.77E-04	8.89E-27
ATP2B4_boot.64	2.99E-03	1.73E-05	2.83E-03	2.61E-04	3.73E-05
ATP2B4_boot.65	2.23E-03	2.18E-05	2.10E-03	2.36E-04	3.25E-05
ATP2B4_boot.66	3.56E-03	1.02E-05	3.37E-03	3.10E-04	0.00E+00
ATP2B4_boot.67	3.98E-03	3.01E-05	3.82E-03	3.16E-04	8.15E-05
ATP2B4_boot.68	3.65E-03	1.31E-05	3.48E-03	2.99E-04	0.00E+00
ATP2B4_boot.69	2.34E-03	1.50E-05	2.25E-03	1.87E-04	2.54E-05
ATP2B4_boot.70	3.92E-03	0.00E+00	3.89E-03	1.89E-04	8.51E-05
ATP2B4_boot.71	3.31E-03	2.28E-05	3.25E-03	1.86E-04	5.08E-05
ATP2B4_boot.72	2.66E-03	1.52E-05	2.52E-03	2.47E-04	0.00E+00
ATP2B4_boot.73	2.99E-03	0.00E+00	3.01E-03	1.20E-04	6.63E-05
ATP2B4_boot.74	4.26E-03	1.96E-05	4.24E-03	0.00E+00	3.28E-05
ATP2B4_boot.75	2.42E-03	1.33E-05	2.20E-03	3.16E-04	3.83E-100
ATP2B4_boot.76	3.77E-03	1.54E-05	3.77E-03	0.00E+00	2.94E-05
ATP2B4_boot.77	3.51E-03	1.01E-04	3.40E-03	2.84E-04	2.29E-04
ATP2B4_boot.78	3.37E-03	1.93E-05	3.36E-03	1.23E-04	6.18E-05
ATP2B4_boot.79	3.41E-03	1.79E-05	3.41E-03	1.46E-04	7.48E-05
ATP2B4_boot.80	2.53E-03	1.56E-05	2.39E-03	2.27E-04	8.13E-08
ATP2B4_boot.81	4.10E-03	1.36E-05	4.09E-03	0.00E+00	1.68E-05
ATP2B4_boot.82	3.20E-03	1.94E-05	3.08E-03	2.34E-04	0.00E+00
ATP2B4_boot.83	2.44E-03	2.57E-05	2.33E-03	1.97E-04	3.51E-05
ATP2B4_boot.84	1.97E-03	1.66E-05	1.79E-03	2.76E-04	0.00E+00
ATP2B4_boot.85	2.23E-03	1.49E-05	2.10E-03	2.45E-04	3.43E-05
ATP2B4_boot.86	1.97E-03	1.58E-05	1.77E-03	2.92E-04	0.00E+00
ATP2B4_boot.87	4.94E-03	1.42E-64	4.91E-03	4.50E-79	2.25E-05
ATP2B4_boot.88	2.74E-03	1.23E-46	2.77E-03	2.45E-64	4.52E-05
ATP2B4_boot.89	3.09E-03	2.17E-05	3.08E-03	1.42E-04	7.42E-05
ATP2B4_boot.90	3.40E-03	2.94E-05	3.26E-03	2.81E-04	7.47E-05
ATP2B4_boot.91	2.80E-03	1.67E-05	2.76E-03	1.63E-04	5.78E-05
ATP2B4_boot.92	2.05E-03	1.98E-05	1.92E-03	2.15E-04	2.02E-05
ATP2B4_boot.93	3.28E-03	2.22E-05	3.12E-03	2.90E-04	5.72E-05
ATP2B4_boot.94	2.88E-03	0.00E+00	2.88E-03	1.15E-04	7.06E-05
ATP2B4_boot.95	3.40E-03	1.58E-05	3.25E-03	2.69E-04	3.79E-145
ATP2B4_boot.96	3.15E-03	9.18E-06	3.17E-03	0.00E+00	3.86E-05
ATP2B4_boot.97	3.72E-03	0.00E+00	3.73E-03	0.00E+00	3.99E-05
ATP2B4_boot.98	3.79E-03	3.50E-05	3.74E-03	2.08E-04	8.95E-05
ATP2B4_boot.99	3.42E-03	3.97E-75	3.42E-03	9.55E-05	4.75E-05
ATP2B4_boot.100	2.93E-03	1.69E-05	2.79E-03	2.55E-04	0.00E+00
ATP2B4_boot.101	3.30E-03	2.18E-05	3.15E-03	2.87E-04	0.00E+00
ATP2B4_boot.102	2.41E-03	2.60E-05	2.28E-03	2.30E-04	0.00E+00
ATP2B4_boot.103	3.11E-03	2.12E-05	3.07E-03	1.62E-04	5.28E-05
ATP2B4_boot.104	2.76E-03	2.89E-05	2.66E-03	2.15E-04	4.23E-05
ATP2B4_boot.105	2.33E-03	2.41E-05	2.21E-03	2.18E-04	0.00E+00
ATP2B4_boot.106	2.76E-03	3.11E-05	2.65E-03	2.26E-04	0.00E+00
ATP2B4_boot.107	2.76E-03	2.13E-05	2.63E-03	2.41E-04	0.00E+00
ATP2B4_boot.108	2.38E-03	2.10E-05	2.32E-03	1.53E-04	3.19E-05
ATP2B4_boot.109	2.35E-03	2.76E-05	2.24E-03	2.06E-04	0.00E+00
ATP2B4_boot.110	3.81E-03	2.34E-05	3.75E-03	2.05E-04	7.33E-05
ATP2B4_boot.111	2.90E-03	3.03E-05	2.79E-03	2.07E-04	3.90E-05
ATP2B4_boot.112	3.57E-03	2.11E-05	3.56E-03	3.52E-32	1.38E-05
ATP2B4_boot.113	3.22E-03	1.30E-05	3.04E-03	3.07E-04	0.00E+00
ATP2B4_boot.114	2.20E-03	2.10E-05	2.03E-03	2.75E-04	0.00E+00
ATP2B4_boot.115	2.21E-03	1.58E-05	2.10E-03	1.93E-04	0.00E+00
ATP2B4_boot.116	2.23E-03	3.39E-05	2.13E-03	2.09E-04	0.00E+00
ATP2B4_boot.117	2.31E-03	1.27E-05	2.28E-03	1.23E-04	4.46E-05
ATP2B4_boot.118	2.84E-03	4.18E-05	2.74E-03	2.24E-04	0.00E+00
ATP2B4_boot.119	3.80E-03	2.91E-05	3.76E-03	1.87E-04	8.77E-05
ATP2B4_boot.120	3.64E-03	3.10E-05	3.58E-03	2.06E-04	7.77E-05
ATP2B4_boot.121	2.97E-03	2.15E-05	2.94E-03	1.47E-04	4.98E-05
ATP2B4_boot.122	3.76E-03	2.56E-05	3.72E-03	2.02E-04	8.72E-05
ATP2B4_boot.123	2.74E-03	8.80E-06	2.58E-03	2.69E-04	0.00E+00
ATP2B4_boot.124	3.29E-03	1.56E-05	3.19E-03	2.20E-04	5.61E-05
ATP2B4_boot.125	2.66E-03	2.31E-05	2.67E-03	1.09E-04	5.90E-05
ATP2B4_boot.126	3.27E-03	2.29E-05	3.24E-03	1.59E-04	6.90E-05
ATP2B4_boot.127	3.11E-03	7.89E-06	2.92E-03	3.17E-04	0.00E+00
ATP2B4_boot.128	2.28E-03	4.01E-05	2.17E-03	2.13E-04	0.00E+00
ATP2B4_boot.129	3.39E-03	2.23E-05	3.26E-03	2.54E-04	0.00E+00
ATP2B4_boot.130	3.68E-03	1.99E-05	3.62E-03	2.07E-04	7.69E-05
ATP2B4_boot.131	2.86E-03	1.78E-05	2.83E-03	1.41E-04	5.59E-05
ATP2B4_boot.132	2.76E-03	9.04E-06	2.58E-03	2.89E-04	0.00E+00
ATP2B4_boot.133	2.14E-03	2.61E-05	1.96E-03	2.97E-04	0.00E+00
ATP2B4_boot.134	3.74E-03	2.56E-05	3.65E-03	2.14E-04	0.00E+00
ATP2B4_boot.135	2.14E-03	3.09E-05	2.05E-03	1.75E-04	2.35E-05
ATP2B4_boot.136	3.35E-03	2.36E-05	3.33E-03	1.54E-04	6.51E-05
ATP2B4_boot.137	3.05E-03	1.01E-05	2.85E-03	3.23E-04	0.00E+00
ATP2B4_boot.138	3.48E-03	2.10E-05	3.41E-03	2.14E-04	7.72E-05
ATP2B4_boot.139	3.72E-03	2.53E-05	3.61E-03	2.28E-04	0.00E+00
ATP2B4_boot.140	3.30E-03	1.72E-05	3.25E-03	1.82E-04	6.09E-05
ATP2B4_boot.141	3.78E-03	1.17E-04	3.72E-03	2.41E-04	2.80E-04
ATP2B4_boot.142	3.78E-03	2.50E-05	3.68E-03	2.38E-04	7.95E-05
ATP2B4_boot.143	2.97E-03	2.47E-05	2.94E-03	1.51E-04	6.21E-05
ATP2B4_boot.144	3.82E-03	2.13E-05	3.80E-03	5.19E-44	1.63E-05
ATP2B4_boot.145	3.18E-03	2.34E-05	3.11E-03	1.99E-04	5.27E-05
ATP2B4_boot.146	2.30E-03	2.54E-05	2.19E-03	1.98E-04	0.00E+00
ATP2B4_boot.147	2.64E-03	2.22E-05	2.59E-03	1.53E-04	3.94E-05
ATP2B4_boot.148	4.26E-03	1.85E-05	4.22E-03	1.28E-62	2.52E-05
ATP2B4_boot.149	2.20E-03	2.20E-05	2.07E-03	2.19E-04	0.00E+00
ATP2B4_boot.150	3.47E-03	2.30E-05	3.42E-03	1.85E-04	7.44E-05
ATP2B4_boot.151	3.91E-03	2.38E-05	3.83E-03	2.26E-04	8.84E-05
ATP2B4_boot.152	2.89E-03	2.14E-05	2.86E-03	1.38E-04	5.37E-05
ATP2B4_boot.153	3.86E-03	1.05E-04	3.80E-03	2.42E-04	2.54E-04
ATP2B4_boot.154	3.59E-03	2.19E-05	3.51E-03	2.06E-04	7.02E-05
ATP2B4_boot.155	3.71E-03	1.16E-05	3.57E-03	2.60E-04	1.55E-91
ATP2B4_boot.156	3.30E-03	2.64E-05	3.20E-03	2.32E-04	5.96E-05
ATP2B4_boot.157	2.21E-03	2.12E-05	2.09E-03	2.06E-04	1.05E-05
ATP2B4_boot.158	3.00E-03	3.03E-05	2.90E-03	2.08E-04	0.00E+00
ATP2B4_boot.159	3.32E-03	2.05E-05	3.18E-03	2.64E-04	5.39E-05
ATP2B4_boot.160	2.43E-03	1.67E-05	2.37E-03	1.53E-04	3.69E-05
ATP2B4_boot.161	2.57E-03	2.89E-05	2.43E-03	2.56E-04	0.00E+00
ATP2B4_boot.162	3.50E-03	2.01E-05	3.42E-03	2.12E-04	6.99E-05
ATP2B4_boot.163	2.66E-03	2.49E-05	2.60E-03	1.62E-04	3.91E-05
ATP2B4_boot.164	3.39E-03	2.38E-05	3.36E-03	1.63E-04	7.23E-05
ATP2B4_boot.165	2.80E-03	1.98E-05	2.66E-03	2.58E-04	0.00E+00
ATP2B4_boot.166	2.98E-03	2.54E-05	2.89E-03	1.96E-04	0.00E+00
ATP2B4_boot.167	3.45E-03	1.65E-05	3.43E-03	1.58E-04	7.54E-05
ATP2B4_boot.168	2.32E-03	2.58E-05	2.16E-03	2.74E-04	0.00E+00
ATP2B4_boot.169	2.08E-03	2.40E-05	1.96E-03	2.07E-04	0.00E+00
ATP2B4_boot.170	3.05E-03	2.57E-05	3.01E-03	1.60E-04	5.49E-05
ATP2B4_boot.171	2.40E-03	3.69E-05	2.29E-03	2.09E-04	0.00E+00
ATP2B4_boot.172	2.69E-03	2.36E-05	2.58E-03	2.13E-04	0.00E+00
ATP2B4_boot.173	3.38E-03	2.56E-05	3.20E-03	3.22E-04	0.00E+00
ATP2B4_boot.174	3.32E-03	2.57E-05	3.30E-03	9.85E-05	4.85E-05
ATP2B4_boot.175	3.14E-03	3.35E-05	3.10E-03	1.82E-04	6.54E-05
ATP2B4_boot.176	3.40E-03	2.25E-05	3.31E-03	2.01E-04	4.53E-131
ATP2B4_boot.177	2.29E-03	2.33E-05	2.13E-03	2.78E-04	0.00E+00
ATP2B4_boot.178	4.40E-03	0.00E+00	4.38E-03	0.00E+00	2.76E-05
ATP2B4_boot.179	2.45E-03	8.13E-06	2.25E-03	3.12E-04	0.00E+00
ATP2B4_boot.180	3.36E-03	2.63E-05	3.20E-03	2.85E-04	5.16E-05
ATP2B4_boot.181	4.57E-03	2.90E-05	4.50E-03	2.51E-04	1.09E-04
ATP2B4_boot.182	2.27E-03	2.45E-05	2.15E-03	2.19E-04	1.36E-05
ATP2B4_boot.183	3.40E-03	1.80E-05	3.39E-03	0.00E+00	2.59E-05
ATP2B4_boot.184	3.00E-03	1.91E-05	2.85E-03	2.54E-04	2.25E-53
ATP2B4_boot.185	3.13E-03	2.50E-05	3.14E-03	1.42E-07	1.94E-05
ATP2B4_boot.186	3.07E-03	1.06E-05	2.91E-03	2.56E-04	0.00E+00
ATP2B4_boot.187	3.43E-03	8.05E-06	3.24E-03	3.21E-04	0.00E+00
ATP2B4_boot.188	3.48E-03	2.08E-05	3.42E-03	1.95E-04	6.67E-05
ATP2B4_boot.189	3.00E-03	3.71E-05	2.87E-03	2.64E-04	7.16E-05
ATP2B4_boot.190	2.75E-03	1.51E-05	2.71E-03	1.46E-04	4.50E-05
ATP2B4_boot.191	3.94E-03	1.89E-05	3.92E-03	0.00E+00	1.71E-05
ATP2B4_boot.192	3.28E-03	3.45E-05	3.24E-03	1.67E-04	6.38E-05
ATP2B4_boot.193	2.01E-03	2.36E-05	1.83E-03	2.75E-04	1.67E-05
ATP2B4_boot.194	3.00E-03	1.50E-05	2.87E-03	2.29E-04	0.00E+00
ATP2B4_boot.195	3.52E-03	1.68E-05	3.40E-03	2.32E-04	0.00E+00
ATP2B4_boot.196	3.29E-03	2.68E-05	3.13E-03	2.85E-04	6.19E-05
ATP2B4_boot.197	1.47E-03	1.69E-05	1.30E-03	2.49E-04	9.52E-55
ATP2B4_boot.198	3.07E-03	1.40E-05	2.93E-03	2.40E-04	3.73E-05
ATP2B4_boot.199	2.21E-03	2.47E-05	2.24E-03	4.93E-113	2.55E-05
ATP2B4_boot.200	5.45E-04	1.46E-05	5.26E-04	7.97E-05	6.04E-05
ATP2B4_boot.201	2.47E-03	2.36E-06	2.40E-03	1.55E-04	3.50E-05
ATP2B4_boot.202	1.66E-03	2.28E-05	1.57E-03	1.82E-04	1.96E-05
ATP2B4_boot.203	1.57E-03	3.83E-05	1.56E-03	8.67E-05	2.09E-05
ATP2B4_boot.204	4.42E-03	0.00E+00	4.27E-03	3.19E-04	9.16E-05
ATP2B4_boot.205	1.36E-03	2.15E-05	1.20E-03	2.44E-04	4.27E-109
ATP2B4_boot.206	1.04E-03	8.15E-06	8.92E-04	2.32E-04	5.59E-05
ATP2B4_boot.207	1.87E-03	0.00E+00	1.76E-03	1.80E-04	2.93E-05
ATP2B4_boot.208	9.12E-04	4.55E-05	8.46E-04	1.16E-04	3.13E-05
ATP2B4_boot.209	1.23E-03	0.00E+00	1.17E-03	1.49E-04	5.98E-05
ATP2B4_boot.210	1.14E-03	9.47E-06	1.06E-03	1.32E-04	3.88E-05
ATP2B4_boot.211	1.90E-03	2.33E-05	1.88E-03	1.01E-04	4.60E-05
ATP2B4_boot.212	3.26E-03	2.21E-05	3.13E-03	2.62E-04	6.42E-05
ATP2B4_boot.213	4.46E-03	0.00E+00	4.38E-03	2.34E-04	0.00E+00
ATP2B4_boot.214	1.70E-03	4.19E-13	1.54E-03	2.58E-04	3.43E-05
ATP2B4_boot.215	2.29E-03	1.50E-05	2.33E-03	0.00E+00	5.19E-05
ATP2B4_boot.216	2.61E-04	0.00E+00	2.67E-04	2.52E-04	6.84E-05
ATP2B4_boot.217	3.44E-03	3.69E-05	3.30E-03	2.91E-04	9.14E-05
ATP2B4_boot.218	9.00E-04	3.39E-05	8.42E-04	1.27E-04	1.74E-05
ATP2B4_boot.219	3.17E-03	0.00E+00	3.09E-03	1.96E-04	5.08E-05
ATP2B4_boot.220	2.24E-03	1.24E-05	2.11E-03	2.15E-04	1.07E-46
ATP2B4_boot.221	1.43E-03	3.31E-05	1.39E-03	1.12E-04	1.44E-102
ATP2B4_boot.222	2.09E-03	1.99E-05	2.00E-03	1.65E-04	1.73E-05
ATP2B4_boot.223	3.34E-03	1.78E-05	3.19E-03	2.65E-04	0.00E+00
ATP2B4_boot.224	1.66E-03	1.51E-05	1.63E-03	1.04E-04	4.21E-05
ATP2B4_boot.225	2.43E-03	2.80E-05	2.37E-03	1.59E-04	3.43E-05
ATP2B4_boot.226	1.70E-03	1.46E-05	1.50E-03	2.89E-04	0.00E+00
ATP2B4_boot.227	1.63E-03	3.92E-05	1.64E-03	8.31E-05	4.62E-05
ATP2B4_boot.228	2.27E-03	2.30E-05	2.11E-03	2.60E-04	3.62E-05
ATP2B4_boot.229	2.44E-03	1.95E-05	2.32E-03	2.14E-04	4.66E-05
ATP2B4_boot.230	5.38E-04	8.89E-06	4.60E-04	1.59E-04	5.76E-05
ATP2B4_boot.231	2.81E-03	1.47E-05	2.74E-03	1.92E-04	5.63E-05
ATP2B4_boot.232	9.01E-04	2.42E-05	7.74E-04	2.16E-04	0.00E+00
ATP2B4_boot.233	1.24E-03	2.86E-05	1.15E-03	1.47E-04	7.44E-06
ATP2B4_boot.234	2.68E-03	2.66E-05	2.66E-03	1.35E-04	4.59E-05
ATP2B4_boot.235	2.75E-03	3.19E-05	2.68E-03	1.59E-04	4.82E-65
ATP2B4_boot.236	3.41E-03	2.19E-05	3.35E-03	2.01E-04	7.35E-05
ATP2B4_boot.237	2.99E-03	0.00E+00	2.84E-03	2.67E-04	0.00E+00
ATP2B4_boot.238	7.74E-04	2.88E-05	6.90E-04	1.61E-04	2.15E-124
ATP2B4_boot.239	1.78E-03	1.64E-140	1.63E-03	2.49E-04	3.25E-05
ATP2B4_boot.240	2.71E-03	0.00E+00	2.70E-03	1.29E-04	5.92E-05
ATP2B4_boot.241	1.46E-03	1.19E-05	1.31E-03	2.39E-04	3.41E-05
ATP2B4_boot.242	2.09E-03	3.00E-05	2.04E-03	1.28E-04	2.09E-05
ATP2B4_boot.243	3.11E-03	0.00E+00	2.99E-03	2.31E-04	3.70E-05
ATP2B4_boot.244	1.53E-03	1.48E-05	1.35E-03	2.73E-04	0.00E+00
ATP2B4_boot.245	1.68E-03	8.66E-94	1.55E-03	2.17E-04	2.73E-05
ATP2B4_boot.246	2.50E-03	3.69E-05	2.43E-03	1.51E-04	0.00E+00
ATP2B4_boot.247	2.26E-03	1.66E-05	2.11E-03	2.51E-04	2.66E-05
ATP2B4_boot.248	1.86E-03	1.27E-05	1.81E-03	1.14E-04	2.81E-05
ATP2B4_boot.249	1.67E-03	1.83E-05	1.51E-03	2.54E-04	3.45E-05
ATP2B4_boot.250	2.66E-03	3.64E-05	2.63E-03	1.57E-04	5.67E-05
ATP2B4_boot.251	1.81E-03	0.00E+00	1.66E-03	2.29E-04	2.36E-05
ATP2B4_boot.252	2.31E-03	2.49E-05	2.28E-03	1.22E-04	3.85E-05
ATP2B4_boot.253	2.27E-03	4.23E-05	2.12E-03	2.50E-04	4.01E-05
ATP2B4_boot.254	2.19E-03	0.00E+00	2.08E-03	2.10E-04	5.92E-05
ATP2B4_boot.255	1.54E-03	1.12E-05	1.43E-03	1.85E-04	3.59E-05
ATP2B4_boot.256	2.32E-03	2.36E-05	2.19E-03	2.32E-04	2.56E-05
ATP2B4_boot.257	1.57E-03	3.27E-05	1.48E-03	1.69E-04	5.99E-98
ATP2B4_boot.258	3.41E-03	2.35E-05	3.32E-03	2.00E-04	0.00E+00
ATP2B4_boot.259	7.32E-04	1.13E-05	6.82E-04	1.38E-04	7.25E-05
ATP2B4_boot.260	1.20E-03	4.10E-05	1.15E-03	1.15E-04	1.54E-05
ATP2B4_boot.261	2.98E-03	3.05E-05	2.92E-03	1.58E-04	0.00E+00
ATP2B4_boot.262	2.17E-03	5.06E-05	2.11E-03	1.39E-04	3.21E-05
ATP2B4_boot.263	2.39E-03	4.22E-05	2.32E-03	1.69E-04	3.74E-05
ATP2B4_boot.264	2.33E-03	1.73E-05	2.26E-03	1.73E-04	5.41E-05
ATP2B4_boot.265	2.03E-03	1.08E-05	1.97E-03	1.48E-04	4.68E-05
ATP2B4_boot.266	2.40E-03	1.94E-05	2.29E-03	2.09E-04	5.23E-05
ATP2B4_boot.267	1.36E-03	7.04E-70	1.20E-03	2.49E-04	1.48E-39
ATP2B4_boot.268	1.26E-03	3.06E-05	1.16E-03	1.70E-04	0.00E+00
ATP2B4_boot.269	4.52E-03	0.00E+00	4.43E-03	2.66E-04	1.05E-04
ATP2B4_boot.270	1.43E-03	2.40E-05	1.34E-03	1.60E-04	0.00E+00
ATP2B4_boot.271	3.05E-03	1.81E-05	2.94E-03	2.24E-04	5.47E-05
ATP2B4_boot.272	1.44E-03	6.82E-06	1.31E-03	2.12E-04	4.21E-05
ATP2B4_boot.273	2.73E-03	3.09E-07	2.62E-03	2.39E-04	4.38E-05
ATP2B4_boot.274	1.92E-03	0.00E+00	1.85E-03	1.59E-04	4.80E-05
ATP2B4_boot.275	3.27E-03	2.34E-05	3.18E-03	2.20E-04	6.66E-05
ATP2B4_boot.276	3.15E-03	5.58E-75	3.13E-03	1.69E-04	8.08E-05
ATP2B4_boot.277	3.82E-03	6.46E-05	3.73E-03	2.74E-04	1.72E-04
ATP2B4_boot.278	1.94E-03	2.83E-05	1.91E-03	1.11E-04	3.30E-05
ATP2B4_boot.279	3.51E-03	2.11E-05	3.49E-03	1.46E-04	7.67E-05
ATP2B4_boot.280	9.54E-04	2.67E-30	8.34E-04	1.98E-04	4.79E-05
ATP2B4_boot.281	1.87E-03	0.00E+00	1.84E-03	1.30E-04	5.04E-05
ATP2B4_boot.282	1.68E-03	2.93E-05	1.56E-03	2.03E-04	0.00E+00
ATP2B4_boot.283	1.29E-03	0.00E+00	1.17E-03	2.03E-04	5.00E-05
ATP2B4_boot.284	3.14E-03	1.65E-05	3.06E-03	2.04E-04	6.31E-05
ATP2B4_boot.285	1.51E-03	8.21E-06	1.40E-03	1.86E-04	2.78E-05
ATP2B4_boot.286	4.69E-04	5.05E-05	3.89E-04	1.72E-04	7.31E-05
ATP2B4_boot.287	3.20E-03	2.71E-37	3.06E-03	2.88E-04	6.20E-05
ATP2B4_boot.288	1.17E-03	0.00E+00	1.05E-03	1.99E-04	4.35E-05
ATP2B4_boot.289	2.36E-03	1.89E-05	2.30E-03	1.57E-04	3.85E-05
ATP2B4_boot.290	7.74E-04	2.59E-05	6.51E-04	2.17E-04	9.43E-59
ATP2B4_boot.291	2.36E-03	3.45E-05	2.29E-03	1.72E-04	3.65E-05
ATP2B4_boot.292	3.86E-03	0.00E+00	3.74E-03	2.35E-04	0.00E+00
ATP2B4_boot.293	2.85E-03	2.48E-05	2.77E-03	1.75E-04	1.64E-44
ATP2B4_real	2.62E-03	2.03E-05	2.48E-03	2.49E-04	3.39E-05
ATP2B4_real.1	3.33E-03	1.75E-05	3.34E-03	3.49E-05	3.61E-05
ATP2B4_real.2	3.36E-03	2.23E-05	3.32E-03	1.74E-04	6.91E-05
ATP2B4_real.3	2.73E-03	2.08E-05	2.60E-03	2.43E-04	0.00E+00
ATP2B4_real.4	2.55E-03	2.21E-05	2.47E-03	1.79E-04	3.69E-05
ATP2B4_real.5	1.62E-03	8.65E-06	1.52E-03	1.81E-04	3.93E-05
EXO1_boot	1.53E-04	5.55E-05	2.43E-04	2.16E-04	3.10E-05
EXO1_boot.1	5.31E-04	4.94E-05	3.95E-04	2.07E-04	1.83E-05
EXO1_boot.2	3.78E-04	5.84E-05	2.78E-04	2.07E-04	1.94E-05
EXO1_boot.3	3.00E-04	5.91E-05	2.53E-04	2.31E-04	2.83E-05
EXO1_boot.4	3.74E-04	5.36E-05	2.81E-04	2.27E-04	2.36E-05
EXO1_boot.5	8.24E-04	4.99E-05	6.52E-04	2.29E-04	8.85E-06
EXO1_boot.6	4.09E-04	5.20E-05	3.01E-04	2.24E-04	0.00E+00
EXO1_boot.7	3.21E-04	5.38E-05	2.49E-04	2.17E-04	2.52E-05
EXO1_boot.8	6.83E-04	6.63E-05	5.19E-04	2.22E-04	2.00E-05
EXO1_boot.9	5.63E-04	4.64E-05	4.17E-04	2.27E-04	1.70E-05
EXO1_boot.10	9.42E-05	5.07E-05	2.13E-04	1.82E-04	2.85E-05
EXO1_boot.11	2.05E-04	5.42E-05	2.27E-04	2.18E-04	0.00E+00
EXO1_boot.12	2.62E-04	5.36E-05	2.39E-04	2.27E-04	2.70E-13
EXO1_boot.13	3.22E-04	5.86E-05	2.44E-04	2.05E-04	2.40E-05
EXO1_boot.14	4.54E-04	5.37E-05	3.31E-04	2.37E-04	2.05E-05
EXO1_boot.15	3.92E-04	5.22E-05	2.94E-04	2.43E-04	4.62E-93
EXO1_boot.16	4.86E-04	5.90E-05	3.54E-04	2.41E-04	2.08E-05
EXO1_boot.17	3.28E-04	5.34E-05	2.54E-04	2.14E-04	2.11E-05
EXO1_boot.18	8.96E-04	4.82E-05	7.25E-04	2.21E-04	0.00E+00
EXO1_boot.19	3.14E-04	5.43E-05	2.32E-04	1.79E-04	2.60E-05
EXO1_boot.20	2.71E-04	5.78E-05	2.14E-04	1.86E-04	2.15E-05
EXO1_boot.21	3.86E-04	6.06E-05	2.87E-04	2.32E-04	2.38E-05
EXO1_boot.22	3.59E-04	5.53E-05	2.70E-04	2.22E-04	4.32E-15
EXO1_boot.23	3.32E-04	5.76E-05	2.57E-04	2.23E-04	2.31E-05
EXO1_boot.24	2.93E-04	5.12E-05	2.52E-04	2.30E-04	2.63E-05
EXO1_boot.25	3.76E-04	5.36E-05	2.84E-04	2.27E-04	2.64E-05
EXO1_boot.26	3.96E-04	5.90E-05	2.89E-04	2.05E-04	2.68E-05
EXO1_boot.27	5.64E-04	5.91E-05	4.19E-04	2.25E-04	1.66E-05
EXO1_boot.28	2.45E-04	5.36E-05	2.29E-04	2.14E-04	2.44E-05
EXO1_boot.29	4.29E-04	5.35E-05	3.14E-04	2.03E-04	2.21E-05
EXO1_boot.30	4.46E-04	5.63E-05	3.28E-04	2.01E-04	2.14E-05
EXO1_boot.31	3.54E-04	5.63E-05	2.64E-04	2.24E-04	2.68E-05
EXO1_boot.32	3.63E-04	6.02E-05	2.69E-04	2.17E-04	2.66E-05
EXO1_boot.33	4.21E-04	5.66E-05	3.10E-04	2.38E-04	0.00E+00
EXO1_boot.34	2.94E-04	5.60E-05	2.57E-04	2.41E-04	2.79E-05
EXO1_boot.35	1.71E-04	5.26E-05	2.09E-04	1.95E-04	2.95E-05
EXO1_boot.36	5.34E-04	4.94E-05	3.92E-04	2.27E-04	2.05E-05
EXO1_boot.37	5.52E-04	5.74E-05	4.08E-04	2.24E-04	1.93E-05
EXO1_boot.38	4.60E-04	5.81E-05	3.35E-04	2.50E-04	2.59E-05
EXO1_boot.39	3.81E-04	5.75E-05	2.83E-04	2.20E-04	2.19E-05
EXO1_boot.40	3.67E-04	5.53E-05	2.75E-04	2.21E-04	2.37E-05
EXO1_boot.41	4.22E-04	5.54E-05	3.11E-04	2.27E-04	2.11E-05
EXO1_boot.42	4.16E-04	6.41E-05	3.02E-04	2.22E-04	2.46E-05
EXO1_boot.43	2.18E-04	5.40E-05	2.00E-04	1.84E-04	2.69E-05
EXO1_boot.44	4.88E-04	5.62E-05	3.61E-04	2.06E-04	2.24E-05
EXO1_boot.45	4.64E-04	6.11E-05	3.45E-04	1.87E-04	2.64E-05
EXO1_boot.46	1.43E-04	6.64E-05	2.18E-04	1.98E-04	3.84E-05
EXO1_boot.47	4.60E-04	5.33E-05	3.38E-04	2.11E-04	1.22E-115
EXO1_boot.48	2.55E-04	5.63E-05	2.04E-04	1.78E-04	3.16E-05
EXO1_boot.49	3.08E-04	5.71E-05	2.58E-04	2.33E-04	2.90E-05
EXO1_boot.50	2.36E-04	5.63E-05	2.10E-04	1.95E-04	3.12E-05
EXO1_boot.51	4.66E-04	5.76E-05	3.43E-04	2.03E-04	2.24E-05
EXO1_boot.52	3.59E-04	5.35E-05	2.66E-04	1.97E-04	2.58E-05
EXO1_boot.53	2.80E-04	5.67E-05	2.35E-04	2.10E-04	3.03E-05
EXO1_boot.54	3.69E-04	5.85E-05	2.82E-04	2.26E-04	2.35E-05
EXO1_boot.55	3.96E-04	5.29E-05	2.92E-04	1.97E-04	3.11E-05
EXO1_boot.56	1.35E-04	6.74E-05	2.18E-04	1.97E-04	3.61E-05
EXO1_boot.57	4.70E-04	6.55E-05	3.43E-04	2.07E-04	2.89E-05
EXO1_boot.58	2.34E-04	6.13E-05	2.21E-04	2.07E-04	3.09E-05
EXO1_boot.59	1.50E-04	6.07E-05	2.07E-04	1.91E-04	3.79E-05
EXO1_boot.60	1.70E-04	5.75E-05	1.97E-04	1.87E-04	3.26E-05
EXO1_boot.61	4.45E-04	5.13E-05	3.31E-04	2.02E-04	2.00E-05
EXO1_boot.62	1.44E-04	6.08E-05	2.17E-04	1.95E-04	3.33E-05
EXO1_boot.63	4.31E-04	5.98E-05	3.16E-04	2.11E-04	2.93E-05
EXO1_boot.64	4.65E-04	5.69E-05	3.43E-04	2.10E-04	2.57E-05
EXO1_boot.65	3.98E-04	6.52E-05	2.91E-04	2.06E-04	2.69E-05
EXO1_boot.66	4.11E-04	6.33E-05	3.00E-04	1.99E-04	2.83E-05
EXO1_boot.67	4.03E-04	5.77E-05	3.00E-04	2.18E-04	2.28E-38
EXO1_boot.68	4.77E-04	5.86E-05	3.54E-04	2.12E-04	2.68E-05
EXO1_boot.69	3.73E-04	6.50E-05	2.74E-04	1.86E-04	3.27E-05
EXO1_boot.70	5.02E-04	6.52E-05	3.73E-04	1.95E-04	2.96E-05
EXO1_boot.71	3.43E-04	5.70E-05	2.56E-04	1.97E-04	3.02E-05
EXO1_boot.72	4.24E-04	5.87E-05	3.14E-04	1.94E-04	2.29E-05
EXO1_boot.73	2.24E-04	5.62E-05	2.19E-04	2.08E-04	2.98E-05
EXO1_boot.74	1.87E-04	5.59E-05	1.99E-04	1.89E-04	3.20E-05
EXO1_boot.75	3.05E-04	5.72E-05	2.38E-04	2.03E-04	4.39E-115
EXO1_boot.76	4.24E-04	5.53E-05	3.11E-04	1.92E-04	2.71E-05
EXO1_boot.77	1.59E-04	5.76E-05	2.37E-04	2.10E-04	1.20E-05
EXO1_boot.78	1.90E-04	6.46E-05	1.95E-04	1.89E-04	3.72E-05
EXO1_boot.79	2.79E-04	6.02E-05	2.25E-04	1.97E-04	2.60E-05
EXO1_boot.80	5.40E-04	5.70E-05	4.07E-04	1.96E-04	2.50E-05
EXO1_boot.81	3.37E-04	6.04E-05	2.53E-04	2.00E-04	3.19E-05
EXO1_boot.82	2.64E-04	5.81E-05	2.21E-04	2.02E-04	3.20E-05
EXO1_boot.83	3.57E-04	6.58E-05	2.63E-04	2.04E-04	3.13E-05
EXO1_boot.84	4.52E-04	5.95E-05	3.38E-04	1.73E-04	3.01E-05
EXO1_boot.85	5.20E-04	5.11E-05	3.94E-04	1.89E-04	2.34E-05
EXO1_real	4.07E-04	5.63E-05	2.97E-04	2.16E-04	2.21E-05
EXO1_real.1	3.86E-04	5.85E-05	2.84E-04	1.96E-04	2.75E-05
RNF168_boot	1.56E-03	3.96E-05	1.39E-03	2.22E-04	0.00E+00
RNF168_boot.1	7.08E-04	4.47E-05	5.60E-04	2.07E-04	0.00E+00
RNF168_boot.2	7.91E-04	4.01E-05	6.44E-04	1.94E-04	1.03E-05
RNF168_boot.3	1.14E-03	4.70E-05	9.33E-04	2.82E-04	0.00E+00
RNF168_boot.4	1.45E-03	4.21E-05	1.29E-03	2.02E-04	1.90E-05
RNF168_boot.5	6.15E-04	5.55E-05	5.06E-04	1.40E-04	2.27E-05
RNF168_boot.6	3.56E-04	4.11E-05	2.73E-04	1.92E-04	2.79E-05
RNF168_boot.7	9.71E-05	3.39E-05	1.87E-04	1.52E-04	3.10E-05
RNF168_boot.8	3.28E-04	3.93E-05	2.67E-04	2.18E-04	2.59E-05
RNF168_boot.9	5.29E-04	4.51E-05	3.96E-04	2.37E-04	0.00E+00
RNF168_boot.10	1.16E-03	4.41E-05	9.73E-04	2.61E-04	0.00E+00
RNF168_boot.11	2.26E-04	1.85E-04	7.61E-04	3.45E-04	3.51E-129
RNF168_boot.12	6.02E-04	3.05E-05	4.90E-04	1.68E-04	1.42E-05
RNF168_boot.13	1.60E-04	3.55E-05	2.03E-04	1.79E-04	3.25E-05
RNF168_boot.14	2.74E-04	4.96E-05	2.44E-04	2.12E-04	9.78E-10
RNF168_boot.15	3.91E-04	4.94E-05	3.10E-04	2.66E-04	0.00E+00
RNF168_boot.16	1.06E-03	3.73E-05	9.16E-04	1.88E-04	0.00E+00
RNF168_boot.17	1.21E-03	3.64E-05	1.06E-03	2.07E-04	0.00E+00
RNF168_boot.18	4.46E-04	3.98E-05	3.40E-04	1.80E-04	1.76E-05
RNF168_boot.19	2.76E-04	4.75E-05	2.70E-04	2.47E-04	0.00E+00
RNF168_boot.20	2.42E-04	5.17E-05	2.49E-04	2.32E-04	0.00E+00
RNF168_boot.21	8.78E-04	4.60E-05	7.25E-04	2.07E-04	1.05E-05
RNF168_boot.22	5.69E-04	5.00E-05	4.38E-04	2.01E-04	0.00E+00
RNF168_boot.23	1.24E-03	4.11E-05	1.07E-03	2.31E-04	0.00E+00
RNF168_boot.24	6.11E-04	2.30E-05	4.70E-04	2.14E-04	3.16E-05
RNF168_boot.25	1.47E-03	3.95E-05	1.31E-03	1.98E-04	0.00E+00
RNF168_boot.26	1.01E-03	3.68E-05	8.73E-04	1.86E-04	0.00E+00
RNF168_boot.27	4.94E-04	4.70E-05	3.67E-04	2.20E-04	1.26E-08
RNF168_boot.28	8.49E-04	3.97E-05	7.01E-04	2.10E-04	0.00E+00
RNF168_boot.29	1.13E-03	4.16E-05	9.28E-04	2.67E-04	1.22E-05
RNF168_boot.30	9.02E-04	5.10E-05	7.28E-04	2.24E-04	1.75E-05
RNF168_boot.31	3.09E-04	4.81E-05	2.40E-04	1.88E-04	2.07E-05
RNF168_boot.32	6.78E-04	5.19E-05	5.33E-04	2.16E-04	1.29E-05
RNF168_boot.33	3.21E-04	3.83E-05	2.53E-04	1.90E-04	2.19E-05
RNF168_boot.34	1.35E-03	4.46E-05	1.21E-03	1.92E-04	2.43E-05
RNF168_boot.35	8.05E-04	5.37E-05	6.54E-04	2.06E-04	1.64E-05
RNF168_boot.36	1.25E-03	5.31E-05	1.07E-03	2.26E-04	0.00E+00
RNF168_boot.37	1.03E-03	4.50E-05	8.88E-04	1.98E-04	1.79E-05
RNF168_boot.38	2.22E-04	4.81E-05	1.71E-04	1.33E-04	3.33E-05
RNF168_boot.39	1.33E-03	3.32E-05	1.18E-03	2.15E-04	0.00E+00
RNF168_boot.40	8.30E-04	3.89E-05	7.32E-04	1.27E-04	1.09E-05
RNF168_boot.41	1.97E-04	4.75E-05	2.34E-04	2.11E-04	0.00E+00
RNF168_boot.42	4.04E-04	3.76E-05	3.01E-04	1.89E-04	2.74E-05
RNF168_boot.43	4.15E-04	4.48E-05	3.16E-04	1.93E-04	2.29E-05
RNF168_boot.44	8.72E-04	4.20E-05	7.11E-04	2.20E-04	5.29E-41
RNF168_boot.45	1.16E-03	4.99E-05	1.00E-03	2.08E-04	1.67E-05
RNF168_boot.46	1.16E-03	4.47E-05	1.03E-03	1.69E-04	1.43E-05
RNF168_boot.47	6.92E-04	4.51E-05	5.29E-04	2.85E-04	0.00E+00
RNF168_boot.48	4.30E-04	3.34E-05	3.47E-04	1.33E-04	1.48E-05
RNF168_boot.49	1.21E-03	1.77E-04	1.18E-03	5.05E-04	0.00E+00
RNF168_boot.50	1.11E-03	3.65E-05	9.25E-04	2.57E-04	0.00E+00
RNF168_boot.51	8.68E-04	3.99E-05	7.10E-04	2.20E-04	0.00E+00
RNF168_boot.52	7.61E-04	6.02E-05	5.98E-04	2.31E-04	1.73E-05
RNF168_boot.53	1.02E-03	5.84E-05	8.35E-04	2.47E-04	5.29E-153
RNF168_boot.54	1.54E-03	1.32E-04	1.44E-03	3.52E-04	6.09E-05
RNF168_boot.55	5.15E-04	1.98E-04	5.53E-04	3.66E-04	8.55E-05
RNF168_boot.56	1.20E-04	6.81E-05	2.25E-04	1.84E-04	2.09E-63
RNF168_boot.57	1.79E-04	1.72E-04	5.83E-04	2.75E-04	4.22E-05
RNF168_boot.58	9.06E-04	5.11E-05	7.67E-04	1.67E-04	0.00E+00
RNF168_boot.59	5.37E-04	7.76E-05	4.09E-04	1.74E-04	2.68E-05
RNF168_boot.60	1.86E-04	1.74E-04	6.25E-04	2.80E-04	3.65E-05
RNF168_boot.61	3.05E-05	3.58E-05	0.00E+00	2.09E-05	3.51E-05
RNF168_boot.62	6.80E-04	5.49E-05	5.65E-04	1.22E-04	1.07E-05
RNF168_boot.63	4.91E-04	6.46E-05	3.97E-04	1.25E-04	3.70E-05
RNF168_boot.64	3.12E-04	7.14E-05	2.33E-04	1.55E-04	3.94E-05
RNF168_boot.65	5.69E-04	8.62E-05	4.40E-04	1.52E-04	3.51E-05
RNF168_boot.66	5.01E-04	7.03E-05	3.84E-04	1.80E-04	2.79E-05
RNF168_boot.67	3.32E-04	5.52E-05	2.45E-04	1.74E-04	2.81E-05
RNF168_boot.68	6.60E-04	5.46E-05	5.18E-04	1.97E-04	1.47E-05
RNF168_boot.69	1.14E-03	7.02E-05	1.02E-03	1.53E-04	3.76E-05
RNF168_boot.70	3.83E-04	7.56E-05	2.88E-04	2.13E-04	2.54E-05
RNF168_boot.71	9.59E-05	6.67E-05	1.81E-04	1.43E-04	2.89E-05
RNF168_boot.72	6.88E-04	6.93E-05	5.63E-04	1.43E-04	2.37E-05
RNF168_boot.73	3.97E-04	6.74E-05	2.97E-04	1.59E-04	2.61E-05
RNF168_boot.74	1.04E-03	8.07E-05	8.94E-04	1.75E-04	4.26E-05
RNF168_boot.75	5.47E-04	7.03E-05	4.08E-04	2.19E-04	2.94E-05
RNF168_boot.76	2.26E-04	5.43E-05	2.09E-04	1.79E-04	2.90E-05
RNF168_boot.77	7.84E-04	7.24E-05	6.18E-04	2.07E-04	0.00E+00
RNF168_boot.78	2.92E-04	6.17E-05	2.29E-04	1.76E-04	2.31E-15
RNF168_boot.79	8.60E-04	5.70E-05	7.47E-04	1.37E-04	2.59E-05
RNF168_boot.80	4.71E-04	6.17E-05	3.53E-04	1.69E-04	2.48E-92
RNF168_boot.81	7.57E-04	7.29E-05	6.74E-04	9.07E-05	4.24E-05
RNF168_boot.82	8.94E-04	8.02E-05	7.81E-04	1.41E-04	4.82E-05
RNF168_boot.83	6.91E-04	7.51E-05	5.36E-04	1.90E-04	4.60E-117
RNF168_boot.84	3.27E-04	6.10E-05	2.47E-04	1.66E-04	0.00E+00
RNF168_boot.85	4.58E-05	3.21E-05	8.80E-05	6.38E-05	4.42E-05
RNF168_boot.86	1.07E-03	7.27E-05	9.33E-04	1.63E-04	2.98E-05
RNF168_boot.87	3.36E-04	6.11E-05	2.58E-04	1.24E-04	3.54E-05
RNF168_boot.88	2.90E-04	8.62E-05	2.15E-04	1.61E-04	3.80E-05
RNF168_boot.89	2.89E-05	1.88E-05	9.72E-88	2.66E-05	4.21E-05
RNF168_boot.90	5.76E-04	6.14E-05	4.76E-04	1.27E-04	2.58E-05
RNF168_boot.91	4.96E-04	6.58E-05	3.79E-04	1.79E-04	4.19E-05
RNF168_boot.92	5.13E-04	4.92E-05	3.92E-04	1.69E-04	1.97E-05
RNF168_boot.93	1.13E-03	6.61E-05	9.71E-04	2.03E-04	2.44E-05
RNF168_boot.94	6.51E-04	7.24E-05	4.85E-04	2.51E-04	1.51E-132
RNF168_boot.95	1.04E-03	6.41E-05	8.61E-04	2.31E-04	8.53E-06
RNF168_boot.96	2.87E-04	6.35E-05	2.12E-04	1.15E-04	2.33E-05
RNF168_boot.97	1.64E-03	1.40E-04	1.60E-03	2.46E-04	7.05E-05
RNF168_boot.98	7.54E-04	9.14E-05	6.39E-04	1.34E-04	4.74E-05
RNF168_boot.99	4.60E-04	5.91E-05	3.62E-04	1.26E-04	3.32E-05
RNF168_boot.100	4.39E-04	5.48E-05	3.35E-04	1.41E-04	2.11E-05
RNF168_boot.101	4.57E-04	1.61E-04	5.29E-04	3.90E-04	6.88E-05
RNF168_boot.102	4.75E-04	6.68E-05	3.60E-04	1.53E-04	1.95E-05
RNF168_boot.103	3.25E-05	3.56E-05	9.20E-158	2.85E-05	3.52E-05
RNF168_boot.104	1.87E-04	7.86E-05	1.73E-04	1.51E-04	4.12E-05
RNF168_boot.105	4.15E-04	1.85E-04	4.50E-04	2.98E-04	8.22E-05
RNF168_boot.106	8.16E-04	7.45E-05	6.94E-04	1.48E-04	3.82E-05
RNF168_boot.107	4.05E-04	6.45E-05	3.03E-04	1.61E-04	2.55E-05
RNF168_boot.108	1.68E-04	7.14E-05	1.55E-04	1.32E-04	3.47E-05
RNF168_boot.109	7.26E-04	7.05E-05	6.02E-04	1.64E-04	3.01E-05
RNF168_boot.110	2.50E-04	7.07E-05	1.96E-04	1.49E-04	3.26E-05
RNF168_boot.111	1.09E-03	7.45E-05	9.44E-04	1.65E-04	2.11E-05
RNF168_boot.112	1.49E-04	6.52E-05	2.07E-04	1.89E-04	3.36E-05
RNF168_boot.113	1.00E-04	9.00E-05	3.44E-04	1.50E-04	3.36E-05
RNF168_boot.114	7.40E-04	7.63E-05	6.49E-04	1.02E-04	4.31E-05
RNF168_boot.115	3.93E-04	6.63E-05	3.04E-04	1.34E-04	4.35E-05
RNF168_boot.116	1.56E-04	8.06E-05	1.82E-04	1.54E-04	3.17E-05
RNF168_boot.117	4.35E-04	7.17E-05	3.24E-04	1.82E-04	3.48E-05
RNF168_boot.118	4.47E-04	6.58E-05	3.31E-04	1.72E-04	2.66E-05
RNF168_boot.119	8.17E-04	6.21E-05	7.07E-04	1.25E-04	2.66E-05
RNF168_boot.120	7.73E-04	7.64E-05	6.39E-04	1.54E-04	2.98E-05
RNF168_boot.121	4.09E-04	6.48E-05	3.03E-04	1.67E-04	2.70E-05
RNF168_boot.122	1.42E-04	1.27E-04	4.45E-04	2.21E-04	3.12E-05
RNF168_boot.123	4.68E-04	7.05E-05	3.68E-04	1.29E-04	2.83E-05
RNF168_boot.124	4.83E-04	6.10E-05	3.75E-04	1.41E-04	2.09E-05
RNF168_boot.125	9.02E-04	8.12E-05	7.33E-04	2.09E-04	3.12E-05
RNF168_boot.126	7.19E-04	7.34E-05	5.81E-04	1.50E-04	0.00E+00
RNF168_boot.127	3.32E-05	3.57E-05	0.00E+00	3.63E-05	5.40E-05
RNF168_boot.128	5.63E-04	7.17E-05	4.24E-04	1.94E-04	2.58E-05
RNF168_boot.129	2.43E-04	7.81E-05	1.92E-04	1.61E-04	4.12E-05
RNF168_boot.130	1.70E-04	5.87E-05	1.90E-04	1.70E-04	0.00E+00
RNF168_boot.131	1.05E-03	5.68E-05	9.13E-04	1.57E-04	4.33E-42
RNF168_boot.132	3.37E-04	7.71E-05	2.47E-04	1.73E-04	2.65E-05
RNF168_boot.133	1.34E-04	6.94E-05	2.31E-04	1.96E-04	3.70E-05
RNF168_boot.134	3.13E-04	6.05E-05	2.44E-04	2.01E-04	0.00E+00
RNF168_boot.135	6.75E-04	6.56E-05	5.09E-04	2.16E-04	6.66E-68
RNF168_boot.136	2.80E-04	6.20E-05	2.11E-04	1.53E-04	3.84E-05
RNF168_boot.137	3.24E-05	2.83E-05	1.22E-143	3.47E-05	0.00E+00
RNF168_boot.138	5.06E-04	8.11E-05	3.70E-04	2.10E-04	3.26E-05
RNF168_boot.139	3.28E-04	6.42E-05	2.44E-04	1.56E-04	2.48E-18
RNF168_boot.140	4.62E-04	7.83E-05	3.52E-04	1.49E-04	3.81E-05
RNF168_boot.141	3.05E-04	6.87E-05	2.28E-04	1.38E-04	0.00E+00
RNF168_boot.142	1.74E-04	6.92E-05	1.65E-04	1.41E-04	2.73E-05
RNF168_boot.143	6.01E-04	8.13E-05	4.72E-04	1.56E-04	3.11E-05
RNF168_boot.144	4.30E-04	5.32E-05	3.27E-04	1.37E-04	1.85E-05
RNF168_boot.145	7.08E-13	3.18E-04	5.19E-04	6.08E-04	1.17E-04
RNF168_boot.146	7.41E-04	7.78E-05	6.59E-04	1.22E-04	3.63E-05
RNF168_boot.147	4.77E-04	7.21E-05	3.46E-04	2.10E-04	0.00E+00
RNF168_boot.148	7.45E-05	5.95E-05	1.73E-04	1.37E-04	4.15E-05
RNF168_boot.149	9.44E-04	7.48E-05	8.05E-04	1.67E-04	3.22E-05
RNF168_boot.150	7.76E-04	8.97E-05	6.50E-04	1.41E-04	4.31E-05
RNF168_boot.151	3.30E-04	5.70E-05	2.53E-04	1.94E-04	9.36E-06
RNF168_boot.152	4.66E-04	6.07E-05	3.53E-04	1.67E-04	1.85E-05
RNF168_boot.153	6.53E-04	7.05E-05	5.29E-04	1.58E-04	3.57E-05
RNF168_boot.154	7.06E-04	5.57E-05	5.48E-04	2.24E-04	2.11E-05
RNF168_boot.155	5.05E-04	4.73E-05	3.74E-04	2.21E-04	2.26E-05
RNF168_boot.156	5.83E-04	4.64E-05	4.62E-04	1.75E-04	2.49E-05
RNF168_boot.157	4.26E-04	5.08E-05	3.14E-04	2.24E-04	2.41E-05
RNF168_boot.158	6.10E-04	4.86E-05	4.55E-04	2.48E-04	2.20E-05
RNF168_boot.159	2.56E-04	5.43E-05	2.14E-04	1.99E-04	3.01E-05
RNF168_boot.160	3.47E-04	4.70E-05	2.67E-04	2.18E-04	2.78E-05
RNF168_boot.161	6.32E-04	5.01E-05	4.96E-04	1.97E-04	2.18E-05
RNF168_boot.162	4.44E-04	5.46E-05	3.23E-04	2.24E-04	2.35E-06
RNF168_boot.163	7.97E-04	5.02E-05	6.29E-04	2.34E-04	1.59E-05
RNF168_boot.164	5.86E-04	4.96E-05	4.40E-04	2.28E-04	1.80E-05
RNF168_boot.165	4.57E-04	4.91E-05	3.36E-04	2.18E-04	2.28E-05
RNF168_boot.166	6.41E-04	5.80E-05	4.86E-04	2.21E-04	2.05E-05
RNF168_boot.167	4.10E-04	5.52E-05	3.06E-04	2.42E-04	2.77E-05
RNF168_boot.168	8.54E-04	4.82E-05	6.77E-04	2.44E-04	1.35E-05
RNF168_boot.169	2.93E-04	5.37E-05	2.59E-04	2.41E-04	2.68E-05
RNF168_boot.170	4.37E-04	4.91E-05	3.24E-04	2.29E-04	2.44E-05
RNF168_boot.171	2.16E-04	4.89E-05	2.43E-04	2.31E-04	3.32E-05
RNF168_boot.172	7.30E-04	5.02E-05	5.68E-04	2.32E-04	2.24E-05
RNF168_boot.173	1.26E-04	4.63E-05	1.98E-04	1.83E-04	3.13E-05
RNF168_boot.174	3.49E-04	5.42E-05	2.68E-04	2.37E-04	3.21E-05
RNF168_boot.175	2.65E-04	5.54E-05	2.48E-04	2.35E-04	5.94E-60
RNF168_boot.176	7.54E-04	4.56E-05	5.85E-04	2.44E-04	1.17E-05
RNF168_boot.177	6.19E-04	4.93E-05	4.73E-04	2.19E-04	1.75E-05
RNF168_boot.178	3.93E-04	4.71E-05	2.94E-04	2.23E-04	2.08E-05
RNF168_boot.179	3.76E-04	5.29E-05	2.78E-04	2.08E-04	2.80E-05
RNF168_boot.180	4.33E-04	4.36E-05	3.20E-04	2.17E-04	2.38E-05
RNF168_boot.181	4.04E-04	4.76E-05	2.98E-04	2.20E-04	3.00E-05
RNF168_boot.182	5.31E-04	6.04E-05	3.85E-04	2.72E-04	2.43E-05
RNF168_boot.183	1.69E-04	5.14E-05	2.18E-04	2.10E-04	3.36E-05
RNF168_boot.184	5.55E-04	5.54E-05	4.16E-04	2.17E-04	2.00E-05
RNF168_boot.185	3.22E-04	5.84E-05	2.43E-04	2.01E-04	2.94E-05
RNF168_boot.186	6.67E-04	5.33E-05	5.06E-04	2.42E-04	1.66E-05
RNF168_boot.187	8.10E-04	5.78E-05	6.39E-04	2.36E-04	2.08E-05
RNF168_boot.188	5.84E-04	5.46E-05	4.41E-04	2.22E-04	1.95E-05
RNF168_boot.189	3.55E-04	6.01E-05	2.81E-04	2.43E-04	2.20E-05
RNF168_boot.190	4.24E-04	4.91E-05	3.16E-04	2.31E-04	2.38E-05
RNF168_boot.191	6.66E-04	5.10E-05	5.11E-04	2.25E-04	1.96E-05
RNF168_boot.192	6.48E-04	5.30E-05	4.99E-04	2.15E-04	1.70E-05
RNF168_boot.193	3.16E-04	5.95E-05	2.49E-04	2.15E-04	3.00E-05
RNF168_boot.194	3.24E-04	5.56E-05	2.54E-04	2.31E-04	2.87E-05
RNF168_boot.195	5.02E-04	5.34E-05	3.67E-04	2.36E-04	2.25E-05
RNF168_boot.196	2.34E-04	6.16E-05	2.74E-04	2.59E-04	3.63E-05
RNF168_boot.197	4.85E-04	5.42E-05	3.57E-04	2.24E-04	2.49E-05
RNF168_boot.198	6.19E-04	5.81E-05	4.64E-04	2.38E-04	1.97E-05
RNF168_boot.199	5.41E-04	5.66E-05	3.95E-04	2.61E-04	2.28E-05
RNF168_boot.200	5.01E-04	5.66E-05	3.65E-04	2.37E-04	2.38E-05
RNF168_boot.201	3.09E-04	5.12E-05	2.42E-04	2.11E-04	2.56E-05
RNF168_boot.202	6.05E-04	5.53E-05	4.64E-04	2.12E-04	2.67E-05
RNF168_boot.203	4.03E-04	4.47E-05	2.95E-04	1.94E-04	2.64E-05
RNF168_boot.204	7.17E-04	5.02E-05	5.50E-04	2.41E-04	1.41E-05
RNF168_boot.205	6.42E-04	5.20E-05	4.95E-04	2.15E-04	2.26E-05
RNF168_boot.206	4.29E-04	5.75E-05	3.16E-04	2.44E-04	2.84E-05
RNF168_boot.207	2.66E-04	4.84E-05	2.10E-04	1.89E-04	2.76E-05
RNF168_boot.208	4.84E-04	5.47E-05	3.54E-04	2.55E-04	2.75E-05
RNF168_real	7.60E-04	4.74E-05	6.05E-04	2.13E-04	1.18E-05
RNF168_real.1	5.08E-04	6.97E-05	3.89E-04	1.62E-04	2.73E-05
RNF168_real.2	4.46E-04	5.36E-05	3.27E-04	2.23E-04	2.37E-05
MLH1_boot	1.15E-04	4.08E-36	2.60E-04	8.78E-05	4.55E-05
MLH1_boot.1	9.43E-05	6.96E-05	0.00E+00	6.88E-05	4.99E-05
MLH1_boot.2	9.77E-05	4.98E-35	9.28E-41	7.36E-05	2.82E-05
MLH1_boot.3	9.36E-05	0.00E+00	0.00E+00	8.74E-05	4.37E-05
MLH1_boot.4	1.31E-04	0.00E+00	0.00E+00	6.58E-05	4.61E-05
MLH1_boot.5	9.23E-05	1.52E-73	1.04E-78	6.23E-05	3.11E-05
MLH1_boot.6	9.55E-05	0.00E+00	0.00E+00	1.06E-04	5.02E-05
MLH1_boot.7	1.31E-04	9.61E-05	1.46E-04	4.19E-05	3.65E-05
MLH1_boot.8	9.88E-05	0.00E+00	0.00E+00	7.83E-05	3.76E-05
MLH1_boot.9	9.27E-05	6.07E-05	4.70E-40	5.72E-05	3.53E-05
MLH1_boot.10	9.30E-05	1.93E-05	1.97E-04	6.02E-05	2.99E-05
MLH1_boot.11	9.18E-05	1.96E-93	3.00E-92	5.86E-05	3.25E-05
MLH1_boot.12	0.00E+00	0.00E+00	0.00E+00	4.30E-05	3.55E-05
MLH1_boot.13	9.80E-05	6.01E-05	0.00E+00	8.45E-05	4.42E-05
MLH1_boot.14	9.86E-05	9.90E-84	0.00E+00	9.57E-05	3.98E-05
MLH1_boot.15	1.10E-04	0.00E+00	0.00E+00	8.32E-05	4.35E-05
MLH1_boot.16	1.86E-04	7.07E-05	3.98E-04	1.40E-04	2.63E-05
MLH1_boot.17	1.99E-04	9.17E-05	4.60E-04	1.69E-04	2.71E-05
MLH1_boot.18	0.00E+00	4.98E-05	1.63E-04	1.30E-04	1.42E-05
MLH1_boot.19	9.40E-05	9.42E-06	1.11E-04	7.61E-05	2.19E-05
MLH1_boot.20	0.00E+00	3.57E-05	1.34E-04	1.14E-04	1.59E-05
MLH1_boot.21	3.03E-05	6.00E-06	1.09E-04	6.17E-05	2.15E-05
MLH1_boot.22	3.81E-05	7.14E-06	1.10E-04	6.15E-05	2.03E-05
MLH1_boot.23	9.40E-05	6.80E-05	8.67E-05	3.00E-05	3.17E-05
MLH1_boot.24	2.82E-05	4.74E-06	1.35E-04	8.11E-05	2.50E-05
MLH1_boot.25	1.98E-04	9.06E-05	5.02E-04	1.99E-04	3.32E-05
MLH1_boot.26	1.62E-04	7.39E-06	1.44E-04	5.39E-05	1.48E-05
MLH1_boot.27	1.37E-04	3.70E-05	3.26E-04	1.39E-04	2.66E-05
MLH1_boot.28	1.68E-04	5.92E-05	3.56E-04	1.32E-04	2.23E-05
MLH1_boot.29	0.00E+00	3.56E-05	2.58E-04	1.27E-04	4.17E-05
MLH1_boot.30	4.90E-05	6.14E-06	1.26E-04	6.17E-05	2.30E-05
MLH1_boot.31	1.44E-04	3.53E-05	2.81E-04	9.95E-05	2.70E-05
MLH1_boot.32	1.09E-04	2.67E-05	2.29E-04	8.07E-05	2.33E-05
MLH1_boot.33	1.51E-04	6.19E-05	2.64E-04	8.21E-05	2.66E-05
MLH1_boot.34	2.66E-05	6.28E-06	1.23E-04	9.05E-05	2.33E-05
MLH1_boot.35	1.13E-04	5.30E-05	1.14E-04	3.04E-05	2.95E-05
MLH1_boot.36	8.04E-05	7.73E-05	3.45E-90	4.34E-05	4.68E-05
MLH1_boot.37	1.52E-05	7.37E-06	9.55E-05	6.48E-05	2.18E-05
MLH1_boot.38	6.20E-06	1.00E-151	0.00E+00	5.62E-05	3.43E-05
MLH1_boot.39	0.00E+00	7.08E-30	0.00E+00	5.46E-05	4.04E-05
MLH1_boot.40	9.28E-05	0.00E+00	0.00E+00	8.93E-05	4.62E-05
MLH1_boot.41	0.00E+00	1.55E-04	0.00E+00	3.27E-05	6.88E-05
MLH1_boot.42	1.50E-04	3.08E-05	3.17E-04	1.25E-04	3.28E-05
MLH1_boot.43	8.13E-131	8.49E-57	1.17E-04	5.63E-05	3.54E-05
MLH1_boot.44	9.51E-05	0.00E+00	0.00E+00	8.66E-05	5.30E-05
MLH1_boot.45	0.00E+00	0.00E+00	0.00E+00	7.14E-05	5.35E-05
MLH1_boot.46	9.73E-102	0.00E+00	0.00E+00	5.50E-05	4.06E-05
MLH1_boot.47	1.44E-04	7.47E-05	2.76E-04	8.72E-05	3.43E-05
MLH1_boot.48	5.74E-06	2.69E-26	1.67E-04	7.47E-05	3.97E-05
MLH1_boot.49	1.20E-04	9.07E-05	0.00E+00	6.70E-05	6.32E-05
MLH1_boot.50	2.21E-04	9.90E-05	5.22E-04	1.90E-04	3.05E-05
MLH1_boot.51	4.76E-156	0.00E+00	1.19E-28	2.75E-05	2.18E-05
MLH1_boot.52	2.53E-05	1.35E-04	0.00E+00	4.73E-05	5.72E-05
MLH1_real	9.40E-05	0.00E+00	2.01E-131	6.65E-05	3.28E-05
MLH1_real.1	1.12E-04	3.63E-05	2.87E-04	1.17E-04	2.53E-05
MLH1_real.2	1.15E-04	3.52E-47	7.57E-117	5.51E-05	3.32E-05
MSH2_boot	6.09E-05	2.73E-160	1.46E-04	1.57E-04	1.31E-05
MSH2_boot.1	1.91E-119	0.00E+00	1.74E-04	1.92E-04	1.00E-05
MSH2_boot.2	7.31E-116	0.00E+00	2.05E-04	2.10E-04	2.25E-05
MSH2_boot.3	0.00E+00	2.79E-06	3.10E-04	2.83E-04	2.45E-05
MSH2_boot.4	5.91E-05	1.14E-86	1.10E-04	9.35E-05	2.29E-05
MSH2_boot.5	1.93E-04	1.66E-05	1.88E-04	7.82E-05	1.99E-05
MSH2_boot.6	0.00E+00	7.99E-05	2.68E-04	2.37E-04	1.37E-05
MSH2_boot.7	7.03E-05	1.22E-105	1.06E-04	8.30E-05	2.96E-05
MSH2_boot.8	1.53E-04	0.00E+00	1.33E-04	8.48E-05	1.66E-05
MSH2_boot.9	5.04E-05	0.00E+00	1.04E-04	8.24E-05	2.67E-05
MSH2_boot.10	5.77E-22	0.00E+00	1.65E-04	1.76E-04	1.71E-05
MSH2_boot.11	6.31E-05	0.00E+00	9.21E-05	7.47E-05	2.39E-05
MSH2_boot.12	1.01E-04	0.00E+00	9.98E-05	6.81E-05	1.73E-05
MSH2_boot.13	6.14E-05	0.00E+00	1.46E-04	1.43E-04	1.73E-05
MSH2_boot.14	1.90E-04	3.69E-72	1.63E-04	7.49E-05	2.19E-05
MSH2_boot.15	2.80E-04	0.00E+00	2.52E-04	1.07E-04	1.77E-05
MSH2_boot.16	1.09E-04	5.04E-82	1.06E-04	8.45E-05	2.14E-05
MSH2_boot.17	2.28E-05	0.00E+00	1.37E-04	8.77E-05	3.22E-05
MSH2_boot.18	1.29E-04	0.00E+00	3.51E-04	1.52E-04	4.24E-05
MSH2_boot.19	3.10E-05	0.00E+00	1.44E-04	1.06E-04	2.93E-05
MSH2_boot.20	6.51E-05	5.56E-157	1.13E-04	9.62E-05	2.28E-05
MSH2_boot.21	0.00E+00	1.65E-118	9.58E-05	5.50E-05	2.15E-05
MSH2_boot.22	3.46E-05	0.00E+00	2.38E-04	1.07E-04	4.60E-05
MSH2_boot.23	5.23E-05	0.00E+00	2.48E-04	1.04E-04	4.65E-05
MSH2_boot.24	1.80E-11	0.00E+00	8.24E-121	3.96E-05	3.36E-05
MSH2_boot.25	1.55E-05	6.02E-05	1.52E-54	3.64E-05	4.21E-05
MSH2_boot.26	2.69E-05	0.00E+00	1.08E-04	6.70E-05	2.50E-05
MSH2_boot.27	5.35E-05	0.00E+00	1.34E-04	6.45E-05	2.99E-05
MSH2_boot.28	2.18E-04	0.00E+00	4.95E-04	1.79E-04	4.75E-05
MSH2_boot.29	5.21E-05	0.00E+00	1.17E-04	5.40E-05	2.46E-05
MSH2_boot.30	0.00E+00	0.00E+00	1.99E-04	1.41E-04	3.76E-05
MSH2_boot.31	1.84E-05	0.00E+00	8.32E-05	4.66E-05	2.56E-05
MSH2_boot.32	0.00E+00	0.00E+00	2.36E-04	1.68E-04	3.64E-05
MSH2_boot.33	1.85E-04	1.77E-52	3.80E-04	1.32E-04	3.80E-05
MSH2_boot.34	2.22E-04	0.00E+00	5.22E-04	1.90E-04	5.45E-05
MSH2_real	2.28E-04	0.00E+00	1.98E-04	8.08E-05	1.71E-05
MSH2_real.1	2.39E-05	0.00E+00	1.14E-04	6.23E-05	2.95E-05
MSH6_boot	1.01E-04	4.93E-05	2.28E-51	5.16E-05	1.83E-05
MSH6_boot.1	6.12E-05	1.07E-05	6.78E-05	4.09E-05	1.13E-05
MSH6_boot.2	9.83E-05	5.75E-05	0.00E+00	6.46E-05	2.90E-05
MSH6_boot.3	0.00E+00	0.00E+00	6.80E-05	5.51E-05	1.22E-05
MSH6_boot.4	4.56E-05	7.86E-06	5.55E-05	3.03E-05	1.46E-05
MSH6_boot.5	9.90E-05	5.89E-05	0.00E+00	6.94E-05	2.89E-05
MSH6_boot.6	2.22E-05	1.09E-05	6.07E-05	4.02E-05	1.41E-05
MSH6_boot.7	2.72E-05	1.22E-05	4.36E-05	2.17E-05	1.31E-05
MSH6_boot.8	1.27E-04	1.12E-05	1.72E-04	4.80E-05	2.06E-05
MSH6_boot.9	1.00E-04	5.79E-05	2.30E-08	5.37E-05	2.28E-05
MSH6_boot.10	1.43E-04	9.85E-06	1.33E-04	4.14E-05	1.20E-05
MSH6_boot.11	1.16E-04	9.21E-06	1.02E-04	1.91E-05	1.99E-05
MSH6_boot.12	1.96E-05	9.41E-06	6.89E-05	5.43E-05	1.89E-05
MSH6_boot.13	1.02E-04	5.38E-05	0.00E+00	6.25E-05	2.58E-05
MSH6_boot.14	8.14E-05	1.05E-05	4.60E-05	2.13E-05	1.99E-05
MSH6_boot.15	6.50E-05	1.04E-05	6.64E-05	2.34E-05	1.59E-05
MSH6_boot.16	9.96E-05	5.25E-05	4.10E-71	4.83E-05	2.10E-05
MSH6_boot.17	9.73E-05	1.02E-55	7.53E-05	1.82E-05	1.50E-05
MSH6_boot.18	4.71E-05	4.19E-45	2.80E-05	1.41E-05	1.87E-05
MSH6_boot.19	5.43E-05	1.36E-05	6.44E-05	2.17E-05	1.14E-05
MSH6_boot.20	6.95E-05	9.25E-06	7.21E-05	5.42E-05	1.31E-05
MSH6_boot.21	1.31E-04	4.31E-05	1.50E-04	3.70E-05	1.94E-05
MSH6_boot.22	6.83E-05	1.28E-05	6.76E-05	2.35E-05	1.54E-05
MSH6_boot.23	1.22E-04	9.85E-06	1.70E-04	5.28E-05	2.02E-05
MSH6_boot.24	1.16E-04	6.08E-11	1.15E-04	2.40E-05	1.76E-05
MSH6_boot.25	8.13E-05	7.64E-06	8.33E-05	2.57E-05	1.18E-05
MSH6_boot.26	1.03E-04	1.06E-119	3.04E-05	4.17E-05	2.49E-05
MSH6_boot.27	7.86E-06	6.41E-37	3.83E-05	3.12E-05	1.49E-05
MSH6_boot.28	1.27E-04	3.46E-05	1.17E-04	3.13E-05	1.93E-05
MSH6_boot.29	7.62E-05	1.21E-05	4.85E-05	1.92E-05	1.01E-05
MSH6_boot.30	3.99E-05	9.15E-06	5.67E-05	4.05E-05	1.13E-05
MSH6_boot.31	9.89E-05	4.82E-05	8.65E-38	5.33E-05	1.36E-05
MSH6_boot.32	9.85E-05	4.68E-05	3.84E-141	6.96E-05	2.03E-05
MSH6_boot.33	9.80E-45	1.21E-05	2.19E-05	1.78E-05	7.41E-06
MSH6_boot.34	5.88E-05	1.16E-05	1.02E-04	2.45E-05	1.58E-05
MSH6_boot.35	0.00E+00	0.00E+00	2.28E-04	1.49E-04	3.08E-05
MSH6_boot.36	2.75E-05	9.13E-06	3.93E-05	1.99E-05	1.01E-05
MSH6_boot.37	9.82E-05	5.03E-05	0.00E+00	6.17E-05	1.75E-05
MSH6_boot.38	1.55E-05	8.78E-06	7.39E-05	5.13E-05	1.09E-05
MSH6_boot.39	1.10E-04	1.22E-05	1.19E-04	2.93E-05	1.32E-05
MSH6_boot.40	1.14E-04	1.55E-05	1.24E-04	2.31E-05	1.03E-05
MSH6_boot.41	9.28E-05	5.31E-05	0.00E+00	5.61E-05	2.29E-05
MSH6_boot.42	9.56E-05	5.47E-05	1.35E-04	1.42E-04	3.12E-05
MSH6_boot.43	0.00E+00	1.71E-05	7.32E-05	4.90E-05	9.46E-06
MSH6_boot.44	9.70E-52	1.62E-05	6.91E-05	6.93E-05	1.12E-05
MSH6_boot.45	2.34E-04	1.78E-05	2.88E-04	4.42E-05	1.42E-05
MSH6_boot.46	3.51E-04	1.47E-05	3.73E-04	2.44E-05	7.48E-06
MSH6_boot.47	2.68E-05	1.30E-05	4.21E-05	2.17E-05	1.01E-05
MSH6_boot.48	2.84E-04	1.77E-05	3.31E-04	2.60E-05	1.78E-05
MSH6_boot.49	9.57E-05	5.59E-05	3.17E-23	4.97E-05	1.83E-05
MSH6_boot.50	1.00E-15	1.64E-05	6.52E-05	6.88E-05	1.38E-05
MSH6_boot.51	9.36E-05	1.32E-05	1.00E-04	2.51E-05	1.07E-05
MSH6_boot.52	2.31E-05	5.25E-05	7.92E-05	1.15E-04	3.16E-05
MSH6_boot.53	3.34E-04	3.15E-05	3.52E-04	7.07E-05	1.86E-05
MSH6_boot.54	9.57E-05	5.20E-05	8.45E-87	5.28E-05	1.93E-05
MSH6_boot.55	1.21E-04	1.11E-05	1.34E-04	1.90E-05	1.17E-05
MSH6_boot.56	1.24E-04	3.63E-05	1.40E-04	3.44E-05	1.67E-05
MSH6_boot.57	2.04E-05	9.22E-06	6.60E-05	4.63E-05	1.36E-05
MSH6_boot.58	5.30E-05	9.72E-06	7.39E-05	2.90E-05	1.28E-05
MSH6_boot.59	5.96E-05	1.24E-05	1.01E-04	4.31E-05	1.84E-05
MSH6_boot.60	2.54E-05	1.24E-106	1.21E-04	1.82E-04	1.60E-05
MSH6_boot.61	2.46E-156	4.79E-06	6.24E-05	2.64E-05	1.22E-05
MSH6_boot.62	0.00E+00	4.53E-05	1.49E-04	1.15E-04	8.93E-06
MSH6_boot.63	2.56E-04	1.17E-05	2.61E-04	3.18E-05	1.07E-05
MSH6_boot.64	1.42E-04	3.02E-05	1.88E-04	4.52E-05	1.79E-05
MSH6_boot.65	1.30E-04	8.53E-06	1.19E-04	7.59E-05	1.68E-05
MSH6_boot.66	3.45E-05	9.58E-06	6.60E-05	3.90E-05	1.51E-05
MSH6_boot.67	1.17E-04	1.90E-05	2.09E-04	7.52E-05	2.09E-05
MSH6_boot.68	1.69E-05	4.22E-05	9.53E-05	1.13E-04	2.04E-05
MSH6_boot.69	1.20E-04	1.58E-05	1.73E-04	5.63E-05	1.90E-05
MSH6_boot.70	7.67E-05	1.05E-05	1.30E-04	5.86E-05	1.63E-05
MSH6_boot.71	1.79E-04	3.41E-05	1.94E-04	9.80E-05	2.21E-05
MSH6_boot.72	2.06E-04	2.15E-05	2.21E-04	3.49E-05	9.52E-06
MSH6_boot.73	6.26E-05	5.72E-05	1.24E-04	1.50E-04	3.20E-05
MSH6_boot.74	9.24E-05	6.62E-05	2.03E-155	5.46E-05	3.43E-05
MSH6_boot.75	1.99E-04	1.33E-05	1.85E-04	5.33E-05	9.76E-06
MSH6_boot.76	2.29E-04	1.02E-05	2.12E-04	5.73E-05	1.14E-05
MSH6_boot.77	1.01E-04	1.09E-05	9.98E-05	4.48E-05	1.11E-05
MSH6_boot.78	1.02E-04	5.32E-05	0.00E+00	6.69E-05	2.22E-05
MSH6_boot.79	1.22E-04	1.43E-05	1.56E-04	4.71E-05	1.52E-05
MSH6_boot.80	5.36E-05	1.37E-05	7.96E-05	3.72E-05	1.66E-05
MSH6_boot.81	9.22E-05	5.45E-05	9.87E-47	4.38E-05	2.26E-05
MSH6_boot.82	1.00E-04	9.12E-06	1.38E-04	4.49E-05	1.86E-05
MSH6_boot.83	3.37E-04	2.68E-05	3.38E-04	8.85E-05	1.47E-05
MSH6_boot.84	1.02E-04	1.24E-05	1.17E-04	5.76E-05	1.29E-05
MSH6_boot.85	1.01E-04	2.95E-05	1.14E-14	4.96E-05	2.15E-05
MSH6_boot.86	3.09E-04	8.00E-64	2.88E-04	5.63E-05	1.07E-05
MSH6_boot.87	1.27E-05	6.45E-05	1.32E-04	1.61E-04	2.77E-05
MSH6_boot.88	9.65E-05	2.24E-97	9.69E-05	4.06E-05	1.44E-05
MSH6_boot.89	1.71E-04	8.95E-06	1.55E-04	5.49E-05	1.07E-05
MSH6_boot.90	3.68E-05	3.63E-05	7.58E-05	9.57E-05	2.30E-05
MSH6_boot.91	1.30E-135	3.45E-05	8.48E-05	9.02E-05	1.53E-05
MSH6_boot.92	1.05E-04	5.47E-05	1.78E-05	5.07E-05	1.86E-05
MSH6_boot.93	3.82E-04	1.90E-05	3.68E-04	5.28E-05	6.63E-06
MSH6_boot.94	1.03E-04	1.16E-04	0.00E+00	6.43E-05	3.31E-05
MSH6_boot.95	4.02E-04	2.74E-05	4.07E-04	6.01E-05	1.04E-05
MSH6_boot.96	9.62E-05	6.38E-05	4.00E-49	4.59E-05	2.54E-05
MSH6_boot.97	5.08E-04	2.81E-05	5.13E-04	6.51E-05	1.16E-05
MSH6_boot.98	2.75E-05	5.19E-05	8.42E-05	1.12E-04	2.82E-05
MSH6_boot.99	1.34E-04	1.15E-05	1.27E-04	4.28E-05	1.20E-05
MSH6_boot.100	3.20E-05	9.74E-49	7.27E-05	9.01E-05	1.32E-05
MSH6_boot.101	1.41E-04	1.18E-05	1.37E-04	4.06E-05	9.88E-06
MSH6_boot.102	2.63E-04	8.56E-06	2.36E-04	6.35E-05	1.28E-05
MSH6_boot.103	4.62E-05	1.18E-05	7.27E-05	3.43E-05	1.61E-05
MSH6_real	5.42E-06	1.22E-05	4.43E-05	3.23E-05	1.44E-05
MSH6_real.1	1.00E-04	4.95E-05	4.39E-11	4.84E-05	1.94E-05
MSH6_real.2	2.20E-04	1.28E-05	2.30E-04	2.59E-05	7.78E-06
MSH6_real.3	7.05E-05	1.00E-05	8.72E-05	2.85E-05	1.20E-05
MSH6_real.4	7.93E-05	2.49E-05	1.03E-04	8.08E-05	1.98E-05
MSH6_real.5	3.53E-04	2.70E-05	3.50E-04	8.27E-05	1.43E-05
MSH6_real.6	1.06E-04	1.18E-05	1.30E-04	3.77E-05	1.73E-05
PMS1_boot	2.34E-03	1.32E-05	2.23E-03	1.98E-04	1.86E-05
PMS1_boot.1	2.89E-03	4.26E-148	2.75E-03	2.37E-04	3.29E-05
PMS1_boot.2	2.56E-03	3.61E-73	2.46E-03	2.15E-04	3.92E-05
PMS1_boot.3	3.50E-03	2.83E-05	3.39E-03	2.38E-04	7.41E-05
PMS1_boot.4	2.12E-03	1.25E-05	2.02E-03	1.76E-04	1.08E-05
PMS1_boot.5	4.63E-03	1.57E-04	4.62E-03	1.71E-04	5.00E-05
PMS1_boot.6	2.17E-03	6.73E-06	2.03E-03	2.19E-04	1.15E-05
PMS1_boot.7	3.39E-03	1.51E-05	3.21E-03	2.83E-04	3.96E-05
PMS1_boot.8	2.14E-03	8.11E-15	2.09E-03	1.31E-04	2.66E-05
PMS1_boot.9	2.41E-03	0.00E+00	2.32E-03	1.73E-04	2.37E-05
PMS1_boot.10	2.83E-03	0.00E+00	2.74E-03	1.94E-04	3.56E-05
PMS1_boot.11	2.65E-03	4.55E-45	2.57E-03	1.80E-04	2.62E-05
PMS1_boot.12	2.24E-03	0.00E+00	2.19E-03	1.27E-04	2.52E-05
PMS1_boot.13	2.61E-03	4.57E-120	2.55E-03	1.50E-04	3.37E-05
PMS1_boot.14	3.17E-03	0.00E+00	3.09E-03	1.78E-04	5.09E-05
PMS1_boot.15	2.57E-03	0.00E+00	2.53E-03	1.20E-04	3.59E-05
PMS1_boot.16	3.02E-03	2.91E-05	2.90E-03	2.05E-04	6.73E-05
PMS1_boot.17	3.26E-03	0.00E+00	3.20E-03	1.72E-04	5.90E-05
PMS1_boot.18	2.78E-03	4.44E-118	2.65E-03	1.98E-04	5.29E-05
PMS1_boot.19	3.65E-03	2.53E-05	3.54E-03	2.37E-04	7.48E-05
PMS1_boot.20	3.20E-03	0.00E+00	3.17E-03	1.43E-04	5.90E-05
PMS1_boot.21	3.91E-03	0.00E+00	3.87E-03	3.01E-04	7.21E-05
PMS1_boot.22	3.12E-03	1.15E-160	3.01E-03	1.99E-04	4.55E-05
PMS1_boot.23	3.25E-03	2.46E-133	3.13E-03	2.13E-04	6.99E-05
PMS1_boot.24	2.67E-03	1.51E-37	2.65E-03	1.18E-04	4.66E-05
PMS1_boot.25	3.12E-03	4.36E-05	3.00E-03	2.22E-04	8.74E-05
PMS1_boot.26	4.83E-03	6.84E-111	4.87E-03	5.27E-04	1.07E-04
PMS1_boot.27	3.48E-03	0.00E+00	3.39E-03	2.04E-04	6.58E-05
PMS1_boot.28	2.85E-03	4.18E-05	2.78E-03	1.61E-04	6.70E-05
PMS1_boot.29	2.89E-03	1.27E-135	2.78E-03	2.04E-04	5.28E-05
PMS1_boot.30	2.40E-03	0.00E+00	2.26E-03	2.20E-04	2.44E-05
PMS1_boot.31	2.55E-03	1.45E-132	2.39E-03	2.45E-04	2.37E-05
PMS1_boot.32	2.95E-03	0.00E+00	2.73E-03	2.99E-04	4.26E-05
PMS1_boot.33	2.11E-03	1.81E-05	1.93E-03	2.41E-04	4.11E-05
PMS1_boot.34	2.46E-03	0.00E+00	2.32E-03	2.27E-04	1.80E-05
PMS1_boot.35	1.94E-03	0.00E+00	1.75E-03	2.56E-04	3.26E-05
PMS1_boot.36	2.29E-03	0.00E+00	2.16E-03	2.08E-04	2.14E-05
PMS1_boot.37	2.09E-03	0.00E+00	1.90E-03	2.80E-04	2.43E-05
PMS1_boot.38	2.79E-03	0.00E+00	2.64E-03	2.50E-04	4.10E-05
PMS1_boot.39	2.39E-03	0.00E+00	2.20E-03	2.76E-04	2.91E-05
PMS1_boot.40	2.89E-03	0.00E+00	2.74E-03	2.38E-04	3.45E-05
PMS1_boot.41	1.89E-03	0.00E+00	1.72E-03	2.46E-04	2.89E-05
PMS1_real	2.82E-03	3.90E-40	2.69E-03	2.26E-04	3.20E-05
PMS1_real.1	3.29E-03	4.90E-138	3.20E-03	1.93E-04	5.96E-05
PMS1_real.2	2.31E-03	0.00E+00	2.14E-03	2.44E-04	2.36E-05
PMS2_boot	6.11E-05	6.63E-05	1.00E-04	0.00E+00	4.67E-05
PMS2_boot.1	1.03E-04	6.06E-05	1.07E-04	0.00E+00	5.46E-05
PMS2_boot.2	4.04E-05	5.87E-05	4.36E-05	0.00E+00	5.20E-05
PMS2_boot.3	5.99E-05	4.00E-05	0.00E+00	0.00E+00	6.90E-05
PMS2_boot.4	1.15E-05	6.10E-05	2.98E-05	0.00E+00	5.47E-05
PMS2_boot.5	1.29E-05	5.92E-05	2.92E-05	0.00E+00	5.74E-05
PMS2_boot.6	7.79E-05	5.30E-05	8.12E-05	0.00E+00	4.61E-05
PMS2_boot.7	1.12E-04	5.01E-05	1.22E-04	0.00E+00	4.99E-05
PMS2_boot.8	5.91E-05	3.72E-05	6.58E-129	0.00E+00	6.39E-05
PMS2_boot.9	2.90E-04	5.82E-05	2.94E-04	0.00E+00	5.38E-05
PMS2_boot.10	2.60E-05	5.13E-05	4.19E-05	0.00E+00	5.25E-05
PMS2_boot.11	2.41E-04	5.19E-05	2.41E-04	1.93E-138	4.39E-05
PMS2_boot.12	2.47E-04	5.69E-05	2.51E-04	0.00E+00	5.38E-05
PMS2_boot.13	2.48E-05	5.37E-05	2.81E-05	0.00E+00	5.22E-05
PMS2_boot.14	7.96E-05	7.36E-05	8.02E-05	0.00E+00	6.10E-05
PMS2_boot.15	2.69E-130	7.79E-05	4.05E-05	0.00E+00	5.08E-05
PMS2_boot.16	5.42E-05	4.12E-05	1.67E-71	0.00E+00	6.84E-05
PMS2_boot.17	1.03E-76	7.56E-05	4.19E-05	0.00E+00	5.08E-05
PMS2_boot.18	0.00E+00	1.26E-04	1.25E-04	0.00E+00	2.91E-05
PMS2_boot.19	1.10E-05	7.05E-05	3.65E-05	0.00E+00	5.27E-05
PMS2_boot.20	3.31E-05	7.24E-05	5.21E-05	0.00E+00	5.14E-05
PMS2_boot.21	5.90E-05	7.45E-05	7.29E-05	0.00E+00	5.29E-05
PMS2_boot.22	3.08E-18	4.46E-05	0.00E+00	0.00E+00	5.89E-05
PMS2_boot.23	1.00E-04	7.48E-05	9.95E-05	0.00E+00	6.08E-05
PMS2_boot.24	0.00E+00	8.66E-05	4.88E-05	0.00E+00	4.99E-05
PMS2_boot.25	0.00E+00	4.30E-05	0.00E+00	0.00E+00	5.88E-05
PMS2_boot.26	6.56E-05	6.89E-05	7.23E-05	0.00E+00	5.99E-05
PMS2_boot.27	0.00E+00	5.45E-05	3.11E-126	0.00E+00	6.06E-05
PMS2_boot.28	5.59E-05	5.05E-05	1.81E-50	0.00E+00	7.61E-05
PMS2_boot.29	5.64E-05	4.23E-05	0.00E+00	0.00E+00	7.23E-05
PMS2_boot.30	5.42E-05	3.89E-05	0.00E+00	0.00E+00	7.03E-05
PMS2_boot.31	5.39E-05	4.85E-05	0.00E+00	0.00E+00	7.11E-05
PMS2_boot.32	4.75E-05	5.07E-05	0.00E+00	0.00E+00	7.55E-05
PMS2_boot.33	8.65E-05	6.58E-05	9.03E-05	0.00E+00	5.99E-05
PMS2_boot.34	5.36E-05	4.08E-05	0.00E+00	0.00E+00	6.58E-05
PMS2_boot.35	5.44E-05	3.73E-05	0.00E+00	0.00E+00	6.83E-05
PMS2_boot.36	5.40E-05	3.62E-05	0.00E+00	0.00E+00	6.72E-05
PMS2_boot.37	5.08E-05	3.65E-05	0.00E+00	0.00E+00	6.51E-05
PMS2_boot.38	5.14E-05	4.49E-05	0.00E+00	0.00E+00	6.90E-05
PMS2_boot.39	5.29E-05	3.51E-05	0.00E+00	0.00E+00	6.85E-05
PMS2_boot.40	5.75E-05	3.79E-05	0.00E+00	0.00E+00	7.32E-05
PMS2_boot.41	5.04E-05	3.14E-05	0.00E+00	0.00E+00	6.24E-05
PMS2_boot.42	5.29E-05	3.54E-05	0.00E+00	0.00E+00	6.67E-05
PMS2_boot.43	5.44E-05	3.84E-05	0.00E+00	0.00E+00	6.85E-05
PMS2_boot.44	5.42E-05	3.37E-05	0.00E+00	0.00E+00	6.63E-05
PMS2_boot.45	4.96E-05	3.81E-05	0.00E+00	0.00E+00	6.51E-05
PMS2_boot.46	4.92E-05	4.16E-05	0.00E+00	0.00E+00	6.91E-05
PMS2_boot.47	5.18E-05	3.68E-05	0.00E+00	0.00E+00	6.37E-05
PMS2_real	7.76E-05	5.62E-05	8.60E-05	0.00E+00	5.32E-05
PMS2_real.1	3.23E-05	6.84E-05	4.61E-05	0.00E+00	5.83E-05
PMS2_real.2	5.34E-05	3.65E-05	0.00E+00	0.00E+00	6.77E-05
