MutationType	SBS96A	SBS96B	SBS96C	SBS96D	SBS96E	SBS96F	SBS96G	SBS96H	SBS96I	SBS96J	SBS96K	SBS96L	SBS96M	SBS96N	SBS96O	SBS96P	SBS96Q	SBS96R	SBS96S	SBS96T	SBS96U	SBS96V	SBS96W
A[C>A]A	2.23E-04	0.00E+00	2.80E-46	1.23E-04	2.84E-04	1.87E-46	1.49E-04	1.78E-04	1.87E-46	1.41E-04	3.12E-04	2.14E-46	2.23E-07	2.02E-04	1.42E-04	1.08E-05	2.42E-04	2.45E-04	3.81E-03	1.32E-03	6.25E-03	2.06E-03	1.65E-02
A[C>A]C	1.65E-04	1.02E-05	3.49E-04	1.40E-46	2.39E-03	1.16E-04	6.25E-04	6.47E-04	2.48E-04	3.28E-04	6.44E-04	8.82E-04	1.71E-03	2.33E-03	7.02E-06	2.00E-03	1.58E-02	1.40E-46	7.45E-03	2.07E-02	4.22E-03	3.06E-03	9.33E-03
A[C>A]G	1.54E-04	0.00E+00	0.00E+00	7.41E-08	2.26E-03	1.40E-46	1.63E-04	0.00E+00	1.13E-04	0.00E+00	1.86E-04	0.00E+00	2.14E-04	2.13E-04	3.88E-05	9.74E-09	4.80E-03	8.09E-05	1.50E-03	7.18E-03	2.25E-03	3.01E-04	3.33E-03
A[C>A]T	2.32E-03	4.10E-08	5.96E-08	1.40E-46	3.45E-02	6.61E-09	1.01E-02	3.10E-46	8.50E-05	2.23E-04	5.45E-07	4.12E-08	2.59E-03	2.62E-02	0.00E+00	5.67E-08	9.94E-03	8.78E-05	2.60E-02	9.89E-03	4.15E-06	6.44E-07	1.71E-03
A[C>G]A	1.00E-04	3.04E-04	1.31E-04	5.84E-04	1.36E-03	6.92E-09	5.51E-05	2.35E-04	2.32E-04	1.06E-04	0.00E+00	2.52E-04	0.00E+00	9.78E-05	2.81E-04	5.88E-04	5.98E-04	6.75E-05	4.40E-45	2.11E-03	2.78E-03	0.00E+00	2.99E-46
A[C>G]C	3.27E-05	1.14E-04	6.64E-05	1.34E-04	2.89E-04	7.67E-04	1.86E-04	8.30E-05	2.05E-04	3.54E-04	3.26E-04	5.72E-04	0.00E+00	0.00E+00	1.48E-04	1.87E-46	6.05E-04	2.24E-04	1.58E-03	3.67E-04	3.39E-03	8.36E-04	3.38E-03
A[C>G]G	7.86E-06	3.99E-07	0.00E+00	2.53E-05	1.22E-05	0.00E+00	1.64E-05	1.36E-05	6.62E-05	1.99E-06	1.25E-04	2.19E-05	7.09E-05	1.65E-05	1.32E-04	5.59E-09	6.87E-03	8.01E-09	7.53E-04	1.12E-04	3.89E-03	0.00E+00	2.43E-07
A[C>G]T	3.40E-05	1.01E-04	2.36E-05	4.43E-04	5.41E-04	2.28E-37	1.40E-46	6.46E-05	1.53E-04	1.88E-04	5.72E-04	1.25E-04	0.00E+00	0.00E+00	1.98E-04	1.14E-04	3.01E-04	1.34E-04	2.76E-03	1.28E-03	3.93E-03	1.40E-03	2.98E-03
A[C>T]A	1.40E-46	3.10E-46	1.53E-04	9.00E-06	1.23E-03	1.40E-46	4.23E-03	2.46E-04	1.84E-02	6.31E-04	1.77E-08	4.31E-07	1.23E-02	2.12E-04	3.03E-04	3.43E-04	2.45E-03	9.55E-04	1.22E-02	2.83E-02	2.09E-03	5.53E-03	3.23E-03
A[C>T]C	3.04E-04	1.90E-03	3.28E-08	1.93E-04	3.99E-04	7.53E-03	2.88E-03	1.27E-03	7.10E-03	1.23E-03	5.02E-04	7.26E-03	2.37E-02	7.99E-03	3.17E-07	3.24E-03	2.97E-08	1.99E-04	1.67E-02	1.75E-02	2.99E-46	3.92E-02	3.06E-04
A[C>T]G	3.22E-03	1.76E-02	5.28E-07	6.59E-02	9.82E-02	8.29E-03	2.06E-02	5.75E-03	5.27E-03	1.74E-03	2.42E-07	5.80E-06	2.70E-03	1.79E-02	3.25E-05	1.07E-02	4.12E-03	1.55E-03	9.02E-03	1.61E-07	1.31E-03	1.68E-07	6.36E-03
A[C>T]T	5.37E-04	1.28E-04	6.93E-04	3.52E-04	9.29E-04	3.09E-03	2.28E-03	1.26E-03	7.49E-03	7.35E-04	4.01E-04	7.89E-04	2.05E-02	1.03E-02	0.00E+00	1.96E-03	1.46E-03	3.79E-04	2.06E-02	1.93E-02	1.06E-03	3.19E-02	1.56E-03
A[T>A]A	1.03E-04	4.91E-09	7.46E-09	1.94E-08	3.68E-04	1.55E-04	5.69E-05	1.17E-04	7.83E-05	1.64E-03	0.00E+00	1.87E-46	8.36E-05	8.11E-05	8.83E-06	1.54E-04	9.70E-04	5.61E-05	8.15E-06	5.33E-04	1.29E-03	8.00E-03	9.82E-04
A[T>A]C	1.95E-05	1.63E-04	0.00E+00	1.95E-08	2.23E-08	1.40E-03	9.10E-04	6.96E-08	1.64E-07	2.80E-03	1.13E-04	4.35E-04	1.40E-46	1.25E-04	3.92E-05	2.48E-07	4.07E-03	3.18E-04	8.91E-04	1.53E-04	4.72E-07	1.51E-02	4.16E-03
A[T>A]G	0.00E+00	0.00E+00	0.00E+00	4.17E-08	5.57E-03	0.00E+00	1.27E-04	0.00E+00	7.96E-05	1.78E-04	1.08E-04	7.64E-05	1.71E-04	1.83E-05	9.73E-05	3.71E-04	3.16E-03	3.18E-04	4.10E-04	4.18E-03	2.32E-03	4.51E-03	3.04E-03
A[T>A]T	5.30E-04	5.29E-04	5.61E-46	1.89E-04	6.24E-03	2.35E-04	2.17E-03	1.01E-03	1.48E-03	2.40E-04	1.82E-03	1.41E-04	1.90E-03	3.79E-04	2.52E-09	1.40E-46	5.68E-04	2.64E-04	6.18E-03	1.90E-03	5.10E-04	7.78E-03	2.46E-03
A[T>C]A	1.87E-46	3.70E-04	2.23E-04	7.97E-04	1.08E-02	1.94E-03	1.08E-03	1.49E-03	2.74E-03	6.87E-03	2.85E-03	4.16E-03	6.99E-05	1.81E-45	1.57E-05	1.49E-03	2.21E-02	1.40E-46	5.76E-03	9.74E-03	3.79E-03	3.99E-03	3.10E-03
A[T>C]C	1.48E-04	5.71E-04	1.73E-04	9.79E-05	2.93E-04	9.93E-08	7.09E-05	1.66E-03	3.76E-04	2.62E-03	1.89E-03	8.13E-03	1.08E-07	2.77E-03	1.17E-04	7.40E-09	1.20E-02	6.38E-04	2.41E-04	6.99E-03	1.90E-03	1.86E-08	1.98E-03
A[T>C]G	8.86E-05	1.69E-06	7.38E-07	3.31E-04	4.71E-07	2.80E-02	4.04E-04	1.07E-03	1.85E-03	3.29E-03	1.34E-02	1.38E-03	4.94E-08	2.08E-03	3.15E-05	9.45E-05	1.21E-02	0.00E+00	9.43E-03	1.82E-03	1.65E-06	8.04E-06	7.87E-07
A[T>C]T	2.29E-46	1.87E-46	2.99E-46	2.25E-04	6.97E-04	2.98E-03	1.04E-03	1.91E-03	5.53E-46	4.59E-03	1.33E-03	1.55E-03	2.64E-03	1.64E-03	8.41E-05	1.00E-03	1.17E-02	2.14E-46	5.63E-03	1.47E-02	3.46E-03	3.72E-03	8.14E-03
A[T>G]A	4.62E-05	0.00E+00	0.00E+00	0.00E+00	5.85E-04	0.00E+00	2.85E-06	9.61E-04	0.00E+00	7.13E-05	6.22E-05	5.50E-05	1.16E-07	1.70E-05	5.93E-05	1.62E-07	2.64E-03	2.84E-04	1.41E-03	3.78E-03	9.02E-04	1.98E-03	2.35E-03
A[T>G]C	5.29E-05	1.40E-46	0.00E+00	2.03E-04	1.22E-03	3.99E-03	2.39E-04	7.96E-04	0.00E+00	5.11E-04	1.53E-04	3.09E-03	0.00E+00	9.64E-04	5.01E-05	3.81E-04	2.18E-03	3.91E-04	1.11E-03	6.43E-03	9.85E-04	8.42E-04	7.65E-04
A[T>G]G	2.56E-04	1.59E-05	7.01E-46	2.85E-05	9.86E-04	1.36E-03	2.63E-04	1.02E-03	0.00E+00	2.42E-04	1.54E-04	7.44E-04	1.86E-07	5.59E-04	2.93E-05	1.40E-46	2.44E-03	5.19E-04	1.12E-03	6.96E-03	1.78E-03	6.09E-04	2.37E-03
A[T>G]T	3.73E-04	5.67E-09	5.35E-08	0.00E+00	3.82E-03	4.01E-04	2.11E-03	3.95E-03	0.00E+00	2.23E-04	1.38E-06	4.13E-03	8.01E-08	4.08E-03	2.10E-06	1.75E-04	4.32E-04	1.18E-03	3.39E-07	1.43E-07	6.94E-08	1.69E-04	2.58E-08
C[C>A]A	4.50E-04	1.59E-38	3.26E-04	1.04E-04	6.82E-04	1.52E-04	5.52E-03	9.63E-05	5.03E-46	2.37E-04	4.74E-03	1.10E-03	4.61E-04	1.52E-03	1.14E-04	1.87E-46	1.05E-03	2.55E-04	1.65E-02	1.74E-03	4.35E-03	6.56E-04	1.17E-02
C[C>A]C	1.40E-46	3.32E-04	1.14E-04	1.14E-04	4.69E-04	1.74E-03	1.18E-02	2.01E-04	5.70E-03	2.71E-04	1.45E-02	2.29E-04	9.46E-08	7.00E-03	4.48E-05	9.03E-08	4.06E-08	4.31E-46	4.76E-02	1.54E-03	4.00E-03	4.27E-03	6.21E-03
C[C>A]G	2.73E-04	5.73E-04	0.00E+00	4.84E-04	8.45E-05	4.15E-04	6.16E-03	1.40E-46	1.21E-03	3.71E-04	7.36E-03	1.72E-07	4.82E-04	1.17E-07	1.14E-05	1.64E-04	2.91E-03	0.00E+00	2.43E-02	6.09E-04	2.20E-03	8.31E-04	4.73E-03
C[C>A]T	1.67E-03	4.10E-07	1.96E-07	1.06E-07	1.56E-04	2.84E-04	4.28E-02	1.67E-07	4.26E-07	4.84E-06	3.95E-07	8.35E-07	2.83E-07	3.61E-02	0.00E+00	3.26E-07	4.14E-07	0.00E+00	3.57E-02	7.60E-06	7.07E-08	3.55E-07	1.56E-07
C[C>G]A	0.00E+00	0.00E+00	0.00E+00	4.20E-46	2.51E-05	0.00E+00	0.00E+00	0.00E+00	0.00E+00	7.44E-07	0.00E+00	0.00E+00	9.44E-05	2.71E-05	5.10E-04	6.32E-05	4.49E-03	3.29E-04	1.72E-07	5.98E-46	3.06E-03	7.49E-05	2.79E-04
C[C>G]C	2.64E-06	0.00E+00	6.74E-06	0.00E+00	0.00E+00	0.00E+00	0.00E+00	1.96E-05	0.00E+00	5.39E-05	0.00E+00	8.06E-05	0.00E+00	0.00E+00	1.21E-04	3.66E-08	9.45E-03	1.25E-04	7.15E-08	1.57E-07	5.41E-03	2.95E-04	5.92E-07
C[C>G]G	0.00E+00	2.80E-46	0.00E+00	1.74E-05	2.32E-05	4.75E-05	3.06E-04	0.00E+00	1.49E-04	0.00E+00	3.44E-04	0.00E+00	7.78E-05	0.00E+00	3.73E-05	8.51E-05	7.77E-03	1.63E-05	9.98E-04	5.56E-04	4.46E-03	1.72E-04	1.77E-07
C[C>G]T	2.62E-05	2.89E-06	5.18E-05	2.22E-05	1.40E-46	1.94E-05	0.00E+00	4.05E-05	1.40E-46	8.95E-05	7.82E-06	1.46E-05	8.73E-06	0.00E+00	5.77E-04	1.40E-46	1.35E-02	1.87E-46	9.67E-05	3.83E-04	7.86E-03	9.59E-08	7.47E-08
C[C>T]A	0.00E+00	1.16E-04	2.28E-04	8.63E-04	9.64E-03	3.10E-46	2.92E-03	2.99E-46	2.63E-03	9.79E-04	3.43E-03	1.02E-03	1.59E-02	4.31E-46	1.33E-03	8.94E-03	6.24E-03	9.62E-04	2.78E-02	8.96E-03	1.53E-03	9.15E-03	1.32E-02
C[C>T]C	2.25E-04	6.02E-04	2.99E-46	7.57E-04	7.83E-08	5.08E-03	2.94E-03	2.54E-04	1.09E-03	1.91E-03	5.21E-04	2.21E-04	2.95E-02	3.47E-03	2.04E-04	2.08E-02	1.64E-03	6.43E-04	1.46E-02	1.03E-06	1.05E-07	2.12E-03	6.95E-08
C[C>T]G	1.72E-03	1.54E-03	7.11E-04	6.21E-02	2.11E-02	9.80E-03	3.68E-03	2.94E-03	1.62E-02	9.69E-04	7.15E-03	7.58E-03	2.09E-02	3.87E-03	5.73E-04	3.03E-03	3.58E-04	2.27E-04	1.82E-02	2.68E-07	2.38E-07	4.22E-06	1.02E-03
C[C>T]T	2.76E-04	5.58E-04	8.47E-46	3.32E-06	1.07E-45	4.55E-03	1.52E-03	6.52E-04	1.44E-03	8.45E-04	2.14E-03	3.81E-03	1.90E-02	4.70E-03	3.72E-04	1.31E-02	5.49E-03	6.10E-04	9.74E-03	9.28E-03	2.42E-03	1.01E-03	2.69E-03
C[T>A]A	1.99E-05	0.00E+00	2.11E-07	0.00E+00	4.36E-03	0.00E+00	1.63E-05	2.14E-46	0.00E+00	2.99E-04	3.10E-05	8.17E-05	9.77E-07	5.49E-06	5.09E-05	4.41E-05	9.45E-09	1.84E-04	1.21E-04	5.10E-04	1.84E-03	4.58E-03	1.01E-03
C[T>A]C	0.00E+00	1.52E-04	0.00E+00	7.58E-05	1.36E-08	9.23E-04	2.27E-04	3.45E-05	6.12E-04	3.53E-04	1.08E-03	2.14E-46	1.32E-04	1.33E-03	6.66E-05	1.81E-04	2.26E-04	2.03E-03	9.71E-03	2.82E-08	2.99E-03	5.70E-03	4.59E-03
C[T>A]G	1.08E-04	1.40E-46	2.25E-05	2.27E-08	4.29E-03	4.65E-04	2.31E-04	5.41E-05	3.99E-06	5.93E-04	4.74E-04	0.00E+00	2.73E-08	1.46E-04	4.94E-05	1.87E-46	0.00E+00	9.30E-04	4.91E-03	1.55E-03	3.29E-03	7.50E-03	2.76E-03
C[T>A]T	2.16E-04	0.00E+00	0.00E+00	0.00E+00	1.73E-03	0.00E+00	5.57E-04	0.00E+00	0.00E+00	1.01E-04	0.00E+00	0.00E+00	1.00E-03	1.24E-03	1.93E-05	4.54E-04	3.92E-08	2.08E-03	8.98E-03	9.19E-04	2.56E-03	4.13E-03	3.19E-03
C[T>C]A	1.96E-05	0.00E+00	0.00E+00	1.09E-06	8.10E-04	1.78E-03	1.38E-03	3.83E-05	1.73E-04	2.37E-03	1.98E-03	1.40E-46	1.07E-06	5.30E-06	1.75E-06	5.12E-09	3.72E-03	9.68E-04	5.61E-03	1.64E-03	5.82E-04	6.21E-03	3.51E-03
C[T>C]C	4.68E-05	3.27E-04	0.00E+00	1.41E-04	1.01E-04	3.67E-03	8.00E-04	4.28E-46	3.19E-38	1.51E-03	6.61E-03	2.88E-03	5.44E-03	1.94E-03	0.00E+00	1.76E-03	7.87E-03	6.26E-03	5.96E-03	4.40E-03	8.70E-04	7.69E-03	2.78E-02
C[T>C]G	7.82E-08	9.08E-08	1.39E-07	6.09E-08	2.02E-08	1.24E-02	4.79E-03	5.93E-04	8.43E-07	4.25E-03	8.52E-03	1.72E-05	4.78E-07	4.48E-07	0.00E+00	1.18E-07	2.66E-06	2.63E-03	4.40E-03	9.41E-04	1.40E-46	2.65E-07	6.89E-06
C[T>C]T	6.87E-05	0.00E+00	1.08E-08	1.40E-46	7.26E-09	1.22E-03	8.01E-04	4.87E-07	4.09E-08	2.55E-03	5.56E-03	1.40E-46	3.81E-03	0.00E+00	8.08E-05	0.00E+00	9.79E-03	1.36E-02	1.97E-03	4.93E-03	3.54E-04	4.07E-03	4.24E-02
C[T>G]A	2.99E-46	1.96E-05	2.26E-05	3.17E-06	1.15E-04	1.40E-03	7.79E-05	7.04E-04	0.00E+00	6.00E-05	2.61E-04	1.48E-04	7.36E-05	0.00E+00	3.64E-07	0.00E+00	3.53E-03	3.14E-04	1.12E-03	5.05E-03	7.15E-04	6.49E-04	1.32E-03
C[T>G]C	3.74E-46	2.94E-04	2.39E-04	3.61E-04	7.35E-04	1.41E-02	4.60E-04	9.10E-04	2.44E-04	3.15E-04	2.79E-03	1.82E-03	0.00E+00	1.28E-03	4.22E-05	2.42E-04	3.13E-03	2.18E-03	9.76E-03	1.40E-02	2.12E-03	5.76E-04	1.10E-03
C[T>G]G	1.74E-04	6.75E-04	7.57E-05	1.81E-04	1.15E-04	2.15E-02	8.60E-04	1.60E-03	0.00E+00	1.40E-46	4.96E-03	2.16E-03	1.40E-46	4.81E-04	1.50E-05	1.40E-46	2.89E-03	2.67E-03	1.08E-02	2.39E-02	4.07E-03	4.98E-06	1.76E-07
C[T>G]T	1.23E-03	2.92E-07	2.82E-07	8.07E-23	1.87E-46	3.31E-04	2.08E-03	7.72E-03	4.87E-08	3.46E-04	2.14E-46	2.67E-03	1.44E-07	1.27E-03	0.00E+00	1.88E-08	3.68E-07	1.54E-02	1.73E-07	1.79E-07	2.99E-46	7.03E-08	1.72E-07
G[C>A]A	2.95E-04	1.60E-04	4.12E-04	3.69E-04	4.90E-05	7.12E-04	6.20E-04	3.57E-05	2.52E-46	2.31E-04	1.39E-04	8.26E-04	3.11E-04	1.91E-03	0.00E+00	1.87E-46	3.70E-08	5.33E-04	4.87E-04	1.07E-03	8.23E-03	4.19E-04	2.16E-02
G[C>A]C	2.14E-46	1.04E-03	1.87E-46	2.89E-04	2.02E-04	4.54E-03	0.00E+00	6.23E-04	1.40E-46	8.47E-04	5.20E-04	2.60E-03	1.35E-03	5.45E-03	1.18E-04	3.86E-04	1.29E-03	2.48E-05	6.10E-03	3.40E-03	3.24E-03	4.62E-03	6.87E-03
G[C>A]G	0.00E+00	4.16E-04	0.00E+00	4.79E-04	1.03E-04	1.71E-03	1.40E-04	0.00E+00	5.59E-04	1.65E-04	6.67E-04	1.98E-05	2.09E-45	6.25E-04	8.32E-05	1.88E-04	3.89E-08	1.17E-04	2.20E-03	1.40E-46	2.13E-03	1.57E-03	7.75E-03
G[C>A]T	1.36E-03	2.16E-03	2.72E-07	4.92E-08	1.81E-07	2.75E-03	4.50E-03	2.16E-07	6.62E-46	3.21E-05	2.25E-07	8.94E-03	1.23E-07	4.13E-02	1.01E-09	1.75E-07	2.85E-07	0.00E+00	2.72E-04	3.36E-03	3.40E-08	2.02E-07	6.22E-03
G[C>G]A	4.38E-05	1.98E-04	1.19E-04	2.70E-04	1.58E-04	9.29E-05	1.36E-04	1.05E-04	0.00E+00	1.20E-04	2.11E-05	8.70E-05	2.03E-04	1.46E-04	1.59E-04	6.83E-04	1.79E-04	4.08E-04	8.49E-04	1.15E-03	2.23E-03	7.42E-05	2.02E-04
G[C>G]C	6.89E-05	7.97E-05	8.58E-05	2.26E-04	2.66E-03	2.51E-04	7.57E-04	6.41E-05	1.65E-04	5.61E-04	1.53E-03	5.54E-04	0.00E+00	0.00E+00	1.12E-04	2.99E-46	5.77E-03	1.40E-46	5.39E-03	1.58E-04	3.11E-03	4.37E-03	2.42E-03
G[C>G]G	0.00E+00	8.07E-06	0.00E+00	6.56E-05	9.97E-05	1.40E-46	5.67E-05	4.91E-06	3.98E-05	3.21E-05	6.83E-05	0.00E+00	0.00E+00	4.03E-06	1.01E-04	2.59E-05	3.40E-03	1.36E-05	8.15E-04	3.16E-05	2.39E-03	1.28E-03	6.08E-04
G[C>G]T	8.10E-05	1.37E-04	9.69E-05	8.70E-05	3.16E-04	7.94E-04	1.40E-46	3.10E-46	5.18E-04	2.44E-04	1.40E-46	2.56E-04	0.00E+00	2.20E-04	2.38E-04	3.72E-04	1.36E-04	7.97E-05	4.54E-04	5.73E-04	3.55E-03	4.82E-04	3.18E-08
G[C>T]A	3.94E-04	1.98E-03	2.62E-08	2.72E-08	2.13E-08	1.16E-02	5.15E-04	2.52E-46	2.35E-02	4.21E-03	4.83E-04	8.17E-04	5.37E-08	9.06E-04	4.03E-04	5.52E-08	5.88E-07	2.83E-04	2.05E-06	1.88E-08	2.11E-05	2.59E-07	1.07E-03
G[C>T]C	3.21E-03	2.43E-02	7.05E-07	3.82E-08	2.60E-07	7.80E-02	7.67E-04	7.47E-04	2.01E-02	9.91E-03	1.08E-03	6.84E-03	1.06E-03	2.22E-04	3.72E-05	1.59E-06	2.82E-07	3.00E-05	4.68E-03	1.22E-05	2.54E-06	4.10E-07	2.14E-07
G[C>T]G	4.92E-03	3.63E-02	3.28E-06	5.12E-02	1.57E-06	1.93E-02	1.12E-02	8.34E-04	8.74E-03	1.61E-03	1.20E-06	5.76E-07	1.69E-02	3.89E-07	0.00E+00	7.05E-03	5.15E-03	1.93E-03	6.68E-09	6.63E-06	3.25E-08	2.67E-07	4.74E-07
G[C>T]T	2.48E-03	3.45E-03	1.72E-03	1.97E-08	2.51E-07	2.81E-02	1.59E-03	1.07E-03	2.14E-02	9.51E-06	2.63E-07	6.99E-02	2.24E-06	7.04E-03	0.00E+00	1.01E-04	1.27E-07	0.00E+00	4.03E-03	5.11E-06	5.40E-08	2.98E-03	4.53E-07
G[T>A]A	2.23E-05	1.62E-08	1.55E-05	3.00E-06	9.62E-06	2.89E-04	0.00E+00	5.71E-05	0.00E+00	8.04E-04	1.86E-04	5.98E-05	0.00E+00	0.00E+00	6.47E-05	3.14E-05	6.56E-07	0.00E+00	1.56E-04	1.23E-04	1.52E-03	4.50E-03	1.01E-03
G[T>A]C	0.00E+00	2.08E-04	0.00E+00	2.33E-07	1.40E-46	1.73E-03	7.88E-04	0.00E+00	2.86E-04	2.10E-03	2.01E-04	2.76E-05	1.79E-04	8.56E-04	9.16E-05	2.05E-07	1.82E-03	4.92E-04	9.40E-04	1.40E-46	1.82E-03	1.04E-02	6.86E-07
G[T>A]G	0.00E+00	0.00E+00	0.00E+00	9.80E-09	2.14E-46	4.10E-05	3.30E-04	0.00E+00	3.36E-04	8.67E-04	3.25E-04	0.00E+00	6.21E-05	0.00E+00	2.53E-05	9.26E-08	1.40E-46	2.15E-04	1.24E-03	3.29E-08	2.03E-03	6.28E-03	1.02E-03
G[T>A]T	1.11E-04	1.20E-04	0.00E+00	0.00E+00	1.16E-07	2.20E-04	4.26E-04	1.16E-04	0.00E+00	3.64E-04	5.53E-04	4.53E-05	1.15E-03	2.84E-04	1.05E-05	0.00E+00	7.05E-07	1.17E-03	6.23E-03	2.35E-03	1.13E-03	4.26E-03	4.11E-03
G[T>C]A	7.24E-04	3.26E-05	3.65E-07	5.57E-08	2.60E-07	2.99E-03	1.86E-03	1.62E-03	7.16E-04	1.71E-02	4.69E-07	1.22E-02	2.70E-07	3.29E-05	0.00E+00	2.06E-05	1.39E-07	5.08E-09	1.04E-03	4.18E-07	4.64E-08	2.07E-07	6.40E-08
G[T>C]C	6.68E-04	2.04E-03	5.28E-06	7.05E-09	6.84E-08	3.06E-03	9.72E-04	4.28E-03	1.06E-07	1.70E-02	9.43E-04	4.01E-02	1.07E-07	1.42E-03	0.00E+00	7.88E-08	6.53E-07	3.48E-04	3.50E-06	2.48E-07	1.96E-08	7.91E-05	2.13E-06
G[T>C]G	2.54E-05	7.38E-07	2.09E-08	4.76E-08	9.61E-09	1.28E-02	1.96E-03	8.58E-04	7.60E-08	1.09E-02	8.06E-03	1.02E-02	1.71E-07	1.78E-03	4.45E-09	6.91E-08	2.11E-03	7.33E-04	5.94E-04	4.35E-04	0.00E+00	2.27E-08	4.76E-46
G[T>C]T	9.43E-04	7.10E-07	5.82E-04	4.54E-38	5.39E-03	2.29E-46	1.63E-03	2.68E-03	3.10E-46	1.08E-02	0.00E+00	1.00E-02	4.89E-04	3.39E-03	1.40E-46	1.71E-03	1.29E-02	6.39E-04	4.23E-03	3.72E-03	1.10E-03	9.95E-04	2.74E-03
G[T>G]A	1.53E-05	0.00E+00	3.15E-05	0.00E+00	6.05E-04	0.00E+00	0.00E+00	3.90E-04	0.00E+00	6.25E-05	0.00E+00	1.15E-03	0.00E+00	3.11E-05	1.46E-05	0.00E+00	1.47E-07	2.88E-04	8.25E-04	1.48E-03	1.14E-03	9.46E-04	6.66E-04
G[T>G]C	1.10E-04	5.61E-46	3.11E-07	0.00E+00	2.45E-06	5.78E-07	0.00E+00	1.13E-03	0.00E+00	7.04E-04	0.00E+00	4.71E-03	0.00E+00	8.24E-04	8.99E-06	1.40E-07	6.26E-04	6.66E-04	3.47E-03	3.75E-03	1.19E-03	3.29E-04	1.72E-03
G[T>G]G	2.99E-46	5.71E-05	2.99E-46	0.00E+00	0.00E+00	1.49E-03	1.43E-05	4.67E-04	0.00E+00	1.86E-04	2.54E-04	2.25E-03	0.00E+00	1.08E-03	1.07E-09	1.42E-07	1.76E-03	1.11E-03	5.84E-03	1.02E-02	2.68E-03	2.61E-04	1.79E-03
G[T>G]T	3.57E-09	2.76E-04	2.78E-08	3.50E-07	8.85E-08	8.76E-05	1.57E-04	1.76E-03	5.10E-07	1.41E-04	6.45E-05	4.74E-03	1.87E-46	2.84E-03	0.00E+00	3.78E-08	4.05E-07	4.53E-03	8.83E-07	6.73E-07	4.53E-08	4.25E-06	1.99E-08
T[C>A]A	3.62E-03	0.00E+00	3.32E-09	0.00E+00	2.01E-03	7.48E-09	1.40E-46	2.13E-02	0.00E+00	0.00E+00	1.68E-45	2.14E-46	2.38E-07	9.96E-04	5.21E-03	1.19E-07	4.27E-03	4.07E-08	3.02E-04	1.01E-01	2.31E-05	1.45E-08	1.40E-02
T[C>A]C	1.89E-03	3.76E-04	9.45E-04	5.95E-04	2.07E-02	2.00E-03	5.40E-03	4.58E-46	3.73E-04	6.64E-05	2.35E-04	4.88E-46	1.58E-03	1.33E-02	1.32E-03	2.87E-03	2.36E-02	7.71E-07	2.56E-02	1.68E-03	4.45E-03	8.88E-04	1.30E-02
T[C>A]G	9.05E-04	8.49E-05	5.81E-08	4.28E-46	7.84E-05	1.11E-05	2.11E-04	1.07E-03	2.13E-04	1.40E-46	5.78E-04	0.00E+00	2.41E-04	8.77E-06	6.37E-04	1.89E-04	1.34E-02	1.15E-04	3.80E-03	9.60E-03	1.60E-03	1.87E-46	7.53E-03
T[C>A]T	1.63E-02	2.60E-07	3.60E-07	5.68E-08	5.80E-06	4.33E-07	7.15E-03	1.26E-03	5.92E-07	1.36E-06	6.12E-07	1.24E-03	3.35E-07	6.55E-05	1.22E-07	6.80E-07	5.26E-07	7.28E-05	1.06E-03	2.05E-03	3.06E-07	7.31E-07	1.24E-06
T[C>G]A	0.00E+00	0.00E+00	0.00E+00	7.56E-09	1.00E-07	0.00E+00	0.00E+00	0.00E+00	0.00E+00	0.00E+00	0.00E+00	3.67E-07	6.09E-09	1.80E-07	1.36E-02	1.98E-08	1.32E-06	3.73E-08	4.07E-08	2.32E-07	5.75E-06	4.06E-08	2.78E-07
T[C>G]C	0.00E+00	3.10E-05	6.24E-06	7.10E-05	1.11E-04	7.83E-06	0.00E+00	1.62E-05	0.00E+00	1.59E-04	0.00E+00	2.21E-05	0.00E+00	3.74E-25	5.75E-03	7.87E-05	1.84E-07	1.96E-05	8.00E-04	1.46E-04	4.83E-03	9.76E-04	2.99E-46
T[C>G]G	5.58E-08	2.76E-05	8.35E-06	8.62E-06	4.63E-04	7.26E-06	0.00E+00	0.00E+00	5.05E-05	1.40E-46	0.00E+00	9.44E-09	5.44E-05	0.00E+00	1.70E-03	1.40E-46	5.40E-03	1.05E-04	7.41E-06	4.64E-05	2.58E-03	3.67E-04	1.00E-03
T[C>G]T	3.01E-05	0.00E+00	0.00E+00	0.00E+00	3.07E-45	0.00E+00	3.44E-05	6.48E-06	0.00E+00	5.61E-05	0.00E+00	2.14E-46	0.00E+00	8.95E-05	2.08E-02	0.00E+00	1.14E-04	2.46E-04	1.40E-46	1.40E-46	6.91E-03	3.85E-04	2.34E-08
T[C>T]A	2.25E-08	1.24E-07	1.15E-03	5.63E-39	7.99E-07	9.25E-04	1.22E-04	4.21E-04	4.82E-03	1.52E-03	1.05E-04	4.50E-05	1.93E-07	6.83E-07	2.83E-02	2.77E-02	7.58E-02	7.99E-04	1.02E-02	2.89E-03	1.40E-46	8.59E-03	8.87E-04
T[C>T]C	2.48E-03	1.29E-03	5.17E-03	1.07E-03	3.43E-03	2.66E-03	2.69E-03	1.03E-03	6.94E-46	8.80E-04	6.10E-04	5.06E-03	1.70E-02	8.13E-03	9.15E-03	2.40E-02	4.44E-03	7.23E-04	7.84E-03	8.83E-03	2.03E-03	1.71E-03	3.74E-46
T[C>T]G	1.24E-02	2.54E-03	1.27E-02	2.08E-03	1.20E-02	9.17E-05	4.84E-03	5.49E-03	9.79E-04	7.70E-04	1.54E-03	1.03E-02	7.91E-08	4.03E-07	7.94E-04	3.48E-03	1.20E-03	4.64E-04	3.13E-03	4.47E-03	6.94E-46	5.78E-08	5.42E-07
T[C>T]T	2.79E-03	3.10E-46	7.23E-03	0.00E+00	1.40E-46	1.57E-08	3.48E-03	1.83E-03	2.34E-46	2.14E-08	7.94E-08	1.92E-03	3.85E-07	5.27E-03	1.66E-02	3.03E-02	1.62E-02	4.69E-46	4.88E-07	1.75E-08	2.21E-08	1.13E-07	1.88E-08
T[T>A]A	1.18E-04	5.13E-05	1.40E-46	8.45E-05	6.14E-03	1.95E-03	2.06E-04	2.73E-04	2.40E-04	6.84E-04	5.48E-04	1.16E-04	0.00E+00	1.40E-46	1.22E-08	4.55E-08	2.66E-04	1.95E-05	1.56E-03	3.86E-03	2.98E-04	6.69E-03	3.67E-03
T[T>A]C	1.28E-04	1.13E-05	5.24E-05	2.73E-05	4.53E-03	1.42E-04	5.16E-04	1.93E-04	1.51E-40	6.00E-04	0.00E+00	7.89E-05	1.05E-04	1.41E-03	5.31E-05	5.38E-04	2.26E-03	4.93E-04	3.17E-03	2.62E-03	1.49E-03	4.66E-03	2.60E-03
T[T>A]G	1.49E-04	0.00E+00	0.00E+00	0.00E+00	5.52E-03	8.73E-05	6.88E-05	3.16E-04	1.40E-46	2.89E-04	1.38E-04	1.87E-46	3.26E-08	7.17E-05	1.29E-05	3.25E-05	7.07E-08	2.19E-04	2.41E-03	4.42E-04	1.99E-03	3.48E-03	2.01E-03
T[T>A]T	7.87E-04	1.40E-46	1.40E-46	7.26E-05	7.13E-03	2.77E-07	6.01E-04	1.07E-03	4.40E-04	3.03E-04	5.20E-06	1.39E-06	4.55E-04	1.14E-03	5.37E-06	1.81E-06	3.01E-04	4.97E-04	1.10E-02	8.56E-03	1.71E-03	6.63E-03	3.40E-03
T[T>C]A	5.23E-04	2.99E-46	2.29E-46	1.40E-46	1.08E-03	7.22E-03	1.39E-03	1.35E-03	1.84E-03	4.39E-03	5.55E-46	1.20E-03	7.35E-04	1.40E-46	4.58E-05	4.56E-09	1.25E-02	3.29E-04	2.35E-03	3.68E-04	8.91E-04	4.90E-03	2.14E-04
T[T>C]C	8.26E-05	3.69E-04	5.82E-08	2.78E-04	2.05E-06	3.64E-03	1.62E-03	3.19E-03	1.04E-03	6.58E-03	4.15E-03	8.31E-03	2.56E-03	1.32E-03	8.83E-05	1.32E-07	2.42E-02	6.28E-04	2.05E-03	2.98E-04	6.14E-04	1.22E-03	4.27E-04
T[T>C]G	3.86E-04	2.08E-04	5.77E-05	1.42E-07	1.66E-08	1.43E-02	1.60E-03	2.35E-03	3.00E-03	5.55E-03	6.44E-03	2.34E-05	1.70E-07	6.37E-08	1.40E-46	4.93E-07	1.68E-02	3.61E-04	9.38E-04	1.61E-06	0.00E+00	1.40E-46	1.40E-46
T[T>C]T	7.77E-04	5.19E-08	4.16E-08	1.04E-04	3.20E-03	3.15E-03	2.04E-03	4.91E-03	1.15E-03	7.78E-03	1.55E-03	1.34E-07	3.46E-03	1.87E-03	0.00E+00	2.66E-04	2.57E-02	2.27E-04	2.01E-03	9.04E-04	2.54E-04	4.17E-03	2.16E-04
T[T>G]A	6.73E-09	0.00E+00	0.00E+00	5.11E-10	2.96E-05	0.00E+00	0.00E+00	4.56E-03	0.00E+00	5.95E-05	2.23E-09	0.00E+00	0.00E+00	0.00E+00	3.27E-05	3.87E-08	1.20E-04	9.35E-05	2.02E-08	1.83E-02	1.67E-03	3.30E-04	1.40E-03
T[T>G]C	0.00E+00	1.44E-05	2.20E-04	1.22E-16	9.81E-46	4.25E-04	0.00E+00	1.92E-03	4.05E-05	1.62E-04	0.00E+00	2.50E-03	2.47E-08	1.63E-03	6.44E-05	1.06E-03	1.95E-03	1.19E-03	4.96E-03	1.49E-03	1.43E-03	1.47E-03	1.21E-03
T[T>G]G	1.38E-04	1.40E-46	7.75E-05	1.23E-04	8.88E-05	1.45E-03	1.12E-04	5.63E-04	3.40E-04	1.54E-05	3.64E-04	1.87E-46	3.10E-46	2.67E-04	1.88E-05	2.46E-04	3.75E-03	3.91E-04	1.46E-03	3.11E-03	8.00E-04	1.04E-03	1.03E-03
T[T>G]T	1.15E-04	3.35E-08	4.51E-07	1.40E-46	1.19E-06	3.42E-08	3.76E-04	1.46E-02	7.66E-09	2.14E-46	0.00E+00	1.28E-03	4.43E-07	2.07E-05	0.00E+00	2.39E-07	1.01E-03	9.40E-04	1.83E-07	2.74E-03	1.22E-06	9.62E-07	1.66E-07
