MutationType	SBS96A	SBS96B	SBS96C	SBS96D	SBS96E	SBS96F	SBS96G	SBS96H	SBS96I	SBS96J	SBS96K	SBS96L	SBS96M	SBS96N	SBS96O	SBS96P	SBS96Q	SBS96R	SBS96S	SBS96T	SBS96U	SBS96V	SBS96W
A[C>A]A	0.0013667109597008675	0.0	2.8025969286496343e-46	0.0002658857345522847	0.0003706223349185732	2.8025969286496343e-46	0.00021239185007289053	0.00032317781005986035	2.8025969286496343e-46	0.0002497319539543241	0.0008148775066729285	4.203895392974451e-46	2.230523250545957e-07	0.0003356937493801891	0.0004686033476900775	1.0754880349850282e-05	0.00031411770372642424	0.0004055614961544052	0.0038122832979951226	0.003306337698432278	0.016144833574071527	0.0071005078256291656	0.10882121887989342
A[C>A]C	0.00024329859006684275	1.0413145560050907e-05	0.0005762095359386876	1.4012984643248171e-46	0.0030608980159740895	0.00011603707680478692	0.0006247540935873985	0.0009744012764713261	0.00035311395477037876	0.0005740951950429007	0.0010857520720115588	0.0009039076219778508	0.011025832453742623	0.013210240611806512	7.015840674284846e-06	0.0048892517568617675	0.020208549764356577	1.4012984643248171e-46	0.017859083879739047	0.035472370823845266	0.035336964204907416	0.00494667342863977	0.03635697929566959
A[C>A]G	0.000703067697759252	0.0	0.0	7.410139346575306e-08	0.0025437164869799743	1.4012984643248171e-46	0.0002931945607997477	0.0	0.00011294772853152015	0.0	0.0005589082546066492	0.0	0.0005051578918937594	0.0005195053468924016	9.337759402114899e-05	9.739670758790453e-09	0.006757401116192341	0.00020015453856103704	0.0028643581783398984	0.010494784353068099	0.011691264688496971	0.0004389877575533774	0.015005032726145373
A[C>A]T	0.013259327597916126	4.09930606792841e-08	5.955121764600335e-08	1.4012984643248171e-46	0.03453909415120755	6.612777525560886e-09	0.011084479277263882	8.407790785948902e-46	8.542570599274768e-05	0.000255425051830116	5.529862448838685e-07	4.1168414099956864e-08	0.004291279481178379	0.10154891274451075	0.0	1.0361947992976183e-07	0.010285961520054343	8.776470785960555e-05	0.03816270531601731	0.011818371482905831	6.787839089383851e-06	1.7914236849492227e-06	0.0017152396008057735
A[C>G]A	0.00019867538067046552	0.0012881018171356118	0.0003844548744382337	0.001707542082249347	0.001683665346354246	6.9167796823421664e-09	8.215846610255539e-05	0.0007480144315195503	0.0009673112916061654	0.00015083474718267099	0.0	0.0003654218919109553	0.0	0.00015588003952871077	0.0016780283564003184	0.0014322652135859925	0.0011482746340334415	6.754595669917762e-05	5.605193857299268e-45	0.002114676311612129	0.043574006855487825	0.0	4.203895392974451e-46
A[C>G]C	4.339250081102364e-05	0.00015955474227666855	6.644243840128183e-05	0.00018923434545286	0.001104407402453944	0.0007667249534279108	0.0003441834356635809	0.00019748486265598332	0.00042030016993521713	0.0015058663149829954	0.0003261340083554387	0.002366772503592074	0.0	0.0	0.0018726181122474372	2.8025969286496343e-46	0.001357846666360274	0.001844041474396363	0.003780356713104993	0.0006871805232705697	0.040025480650365354	0.0012219697702676058	0.009008211060427129
A[C>G]G	1.1789506970671937e-05	3.9928640944708603e-07	0.0	3.787000277384322e-05	1.8352883984107393e-05	0.0	2.8971718711545692e-05	2.4690254940651356e-05	0.00011323593262204667	2.0088726856215543e-06	0.0002578283689217642	2.3163499827205668e-05	0.00013101862451208034	1.6571763086403735e-05	0.0003793578266634512	5.585884466086099e-09	0.007021606879845876	8.013432761799776e-09	0.0017866469209820933	0.00016419095168203058	0.031459900178015233	0.0	3.6207799354315283e-07
A[C>G]T	0.00010408142406959087	0.0002842455134668853	4.119143122807145e-05	0.000780477497028187	0.0015186350559815765	2.2790085131145627e-37	1.4012984643248171e-46	0.0001497154065873474	0.0004171751905232668	0.0005468280171044171	0.001498581818304956	0.0001467196416342631	0.0	0.0	0.0024715102394111455	0.00011373013257980347	0.0005820216843858361	0.00013372413814067842	0.008411283791065215	0.0020688299853645732	0.05102074481546879	0.0033041882154066114	0.006735583825502545
A[C>T]A	1.4012984643248171e-46	8.407790785948902e-46	0.0002516177129109565	9.023952605957674e-06	0.003818923205426472	1.4012984643248171e-46	0.016157107485923916	0.00032259683001143455	0.1838228441774845	0.0006312782410532236	1.7666141616246022e-08	4.313181761972373e-07	0.041444962263722115	0.00021259348805529043	0.0011857973559955327	0.00034809762437362226	0.003498902916908264	0.0047726505668833855	0.015591068052788159	0.028933239274192602	0.007170444933439058	0.010641576299332201	0.004658021906862331
A[C>T]C	0.0007165683866332984	0.0044692165101878345	5.526706559066952e-08	0.00019330213840394842	0.0003998470659666964	0.03545676209723285	0.00861516366712749	0.005183313492852904	0.02979086585713304	0.005297186214011163	0.0008758795719586487	0.0072678908252783005	0.13319435611747393	0.03254181896506623	3.1720060178486165e-07	0.0032416137106167755	2.9675217660951603e-08	0.0003622774442192167	0.017341581399711002	0.0211347125690736	4.203895392974451e-46	0.041772470566255035	0.0003059304086491466
A[C>T]G	0.012239459902545135	0.0268888835591093	7.702388545527405e-07	0.10230143673026645	0.762867596745491	0.015332297729713673	0.04977709760475879	0.008691819105169429	0.0064223051336255955	0.003280649708892992	4.015644001210901e-07	7.887291769753497e-06	0.004044984903997318	0.03179448972736054	3.703216316353064e-05	0.011780045057003008	0.004118495431043693	0.004476843113150999	0.009018234810104175	1.6136512906474165e-07	0.0013120722417397702	2.1719575897805045e-07	0.00636240470064422
A[C>T]T	0.0007716224422438245	0.00013682686185347847	0.0027244398021139204	0.00035215639509260653	0.001339495787397027	0.0056113353803255	0.0033801252488046885	0.009241293673403561	0.05136823346838355	0.001188276708126068	0.00040067111260668755	0.0011676101479679347	0.07296166208279828	0.048721253499388696	0.0	0.0019585792020734515	0.002262671566967726	0.0006188879924593493	0.023127270489931108	0.0313405246111742	0.0011496962106321007	0.03193969130516052	0.0029724478639494125
A[T>A]A	0.00044326790230115877	4.910874906727258e-09	7.464031881454503e-09	2.8891484671333954e-08	0.0003679471167796322	0.0001546920742839575	5.710788120723009e-05	0.0002886670903734512	0.00011048982070462898	0.004311242583207786	0.0	2.8025969286496343e-46	8.386341969526256e-05	0.00017476460102443524	8.898069658336282e-06	0.00017832430701325563	0.0014487038767949656	5.616377640507153e-05	8.190469685587232e-06	0.0010388708706258853	0.0017637441598921555	0.057767569273710254	0.0009818293212788376
A[T>A]C	2.9064562295388895e-05	0.0003137030265179419	0.0	1.9541057111730155e-08	4.4034217694388646e-08	0.003471031112701439	0.0021478952519828455	6.95892936164455e-08	2.280692172007548e-07	0.009779749411600137	0.00012034727807019863	0.00043562509396224416	1.4012984643248171e-46	0.00017631342052482069	5.3693173295954466e-05	3.038437682789663e-07	0.004101867639110424	0.00042449632350987087	0.0017917176166390547	0.000153313726355009	5.553791993406775e-07	0.09796066544950008	0.004235613589500531
A[T>A]G	0.0	0.0	0.0	4.1651361470940174e-08	0.005569611325472579	0.0	0.00024069710379990284	0.0	0.00011938391498915735	0.0001776039251126349	0.0001905533077660948	0.0001861354930923653	0.00042322023091401206	2.0264258091629016e-05	0.00023805520031601192	0.000889863123302348	0.0031590480357408524	0.0010909450007602572	0.000721480860374868	0.004942878358997404	0.012032767178607174	0.03036393504589796	0.011109642708024125
A[T>A]T	0.0018901176110375673	0.0021351119910832496	5.6051938572992686e-46	0.00024594419519416986	0.0075530240661464635	0.00023456879425793887	0.013715697347652166	0.0038924442604184152	0.0017567411914711784	0.0002396445721387863	0.012850442808121443	0.0001405837363563478	0.0022476211917819454	0.00037935522850602866	2.5176939644211415e-09	1.4012984643248171e-46	0.0007920793856555974	0.00035394333535805346	0.010687921864024475	0.0032723329650082176	0.0005095997717859291	0.0493546174140647	0.0037176284473389386
A[T>C]A	2.8025969286496343e-46	0.0009534908764180728	0.0002232432132586837	0.001980462915881276	0.010796523094177246	0.0019357085227966308	0.001887046114734403	0.004030934849288315	0.010056331299711018	0.04864828355930513	0.01252178829163313	0.014997676963685081	6.990213285149594e-05	4.203895392974451e-45	1.571655593579635e-05	0.0020811104244785384	0.06752755157649518	1.4012984643248171e-46	0.006885902397334576	0.013311796064954251	0.010221413488176267	0.009162835263759916	0.0052939055021852255
A[T>C]C	0.0002872032520826906	0.0007164370734244585	0.00017327044624835253	9.788811844941847e-05	0.0005301737663103267	9.934908621733046e-08	7.089529535733163e-05	0.00743436103221029	0.00037550919223576783	0.004228972512345308	0.05086386054754257	0.060132408514618874	1.0780863703985233e-07	0.010816955496557057	0.000277789548388796	7.40240295726835e-09	0.04370475765317679	0.0018668387783691287	0.00024251505278982677	0.009008742533524128	0.006284393789746901	2.384785595666017e-08	0.002918963866204649
A[T>C]G	0.00012926420313306153	2.219572343165055e-06	8.419410278293071e-07	0.0003313300305563871	4.773634607602162e-07	0.031738931012547766	0.0004761165251920829	0.005007262085564434	0.004939753584267237	0.011307004638547368	0.1938899725675583	0.001989255426451564	4.936542836730951e-08	0.009523900483964098	4.713372593414533e-05	9.576391122010364e-05	0.026936503950003042	0.0	0.010798168258588703	0.0018164630836494666	2.0054137678471307e-06	9.685834118933202e-06	7.871203706599772e-07
A[T>C]T	5.6051938572992686e-46	2.8025969286496343e-46	4.203895392974451e-46	0.00031116208992898464	0.0006969527807086706	0.0029776547104120254	0.0029511059634387492	0.010869248700328172	1.401298464324817e-45	0.01617561690509319	0.003229427896440029	0.0023037930411192063	0.006095225923672842	0.0036672075229716937	0.00013781817780511574	0.002024036331363277	0.08337910839967436	4.203895392974451e-46	0.010320304334163666	0.017760844063013793	0.01311993265990168	0.006090841279365123	0.03543155025690794
A[T>G]A	4.6203224337659775e-05	0.0	0.0	0.0	0.000584934139624238	0.0	2.8480020773713476e-06	0.004831331502646208	0.0	0.00015774002531543374	6.225240609900596e-05	5.496283993124962e-05	1.1628915217443136e-07	1.7099802386155714e-05	0.00011404414549360808	1.6264912412466969e-07	0.006251855264417827	0.0022684171446599065	0.0019588740542531013	0.014955347194336355	0.0020734592215262636	0.0033118900824092635	0.003867998334647638
A[T>G]C	5.289454711601138e-05	1.4012984643248171e-46	0.0	0.00040228039433714	0.0017420725896954536	0.0039882417768239975	0.0002389316912740469	0.016974513325840233	0.0	0.003457689587958157	0.00035087515716440975	0.005690751662132243	0.0	0.006715176138095557	0.00020677825232269243	0.0004092847568244906	0.004049303918145597	0.004287901404313743	0.0018413856159895658	0.006434384883407062	0.004021111471229233	0.001232741314379382	0.0012854861444793642
A[T>G]G	0.0004552074664388783	1.5949907538015396e-05	7.006492321624085e-46	5.857957439729944e-05	0.0012763365462888031	0.001358171459287405	0.00029598344408441333	0.006121072149835527	0.0	0.0007087635050993413	0.0004329855437390506	0.0010035964427515865	1.8644686861080118e-07	0.002256037440383807	7.957997004268691e-05	1.4012984643248171e-46	0.0037850313098260814	0.001940759864373831	0.0020491315983235834	0.008342614443972707	0.010358836594969034	0.0010379638772164412	0.008309256335869009
A[T>G]T	0.0008251056725510741	5.671509129481526e-09	5.353674055186275e-08	0.0	0.0038169766898136005	0.00040140305645763874	0.002110106870532036	0.09009822681546212	0.0	0.0010894280712818727	1.5434522651958104e-06	0.004982952350542291	8.006171583474498e-08	0.02547695776447654	2.1266199333069837e-06	0.0002044986030384166	0.0007036729939244423	0.023704523965716363	3.9344896549664556e-07	2.2080669168644817e-07	1.009707588650599e-07	0.00018792045745925635	2.5763546318557927e-08
C[C>A]A	0.002242393372580409	1.5904235064457367e-38	0.00124131950433366	0.00010388704249635339	0.0007321471784962341	0.00015156310983002185	0.05250441711395979	0.00017722345364745706	1.1210387714598537e-45	0.0005307852799887769	0.008195431251078845	0.004443102306686342	0.00046080490574240685	0.0021507289726287126	0.0005119368193390982	2.8025969286496343e-46	0.0011786662973463536	0.0008024881240999093	0.06272208020091057	0.003899500227998942	0.02166177318431437	0.0009210748365148902	0.07405944392085076
C[C>A]C	1.4012984643248171e-46	0.0003315298916831466	0.00011427953040481498	0.00011377842686748581	0.00046861199662089347	0.002939692229756474	0.05587799809873104	0.0004757268521018432	0.013227601993158089	0.00027499529883243665	0.02512539568758143	0.00022937064931696227	1.3763442154868244e-07	0.009988259012632738	4.4766476380075915e-05	1.7996420353938447e-07	4.058268814333132e-08	7.006492321624085e-46	0.16319863293319942	0.0025980936400401334	0.009687370667234064	0.006279936349832838	0.009517817944288253
C[C>A]G	0.001374192239018157	0.0014342807053708384	0.0	0.0007229103939636161	8.453096379525959e-05	0.0006053457104712833	0.022549921751488	1.4012984643248171e-46	0.001790918932496055	0.00037136484974702454	0.013831419683992863	1.9973830092112622e-07	0.001021190914661929	1.60932125936597e-07	1.1405454279156401e-05	0.0001643240084419517	0.002913875641556274	0.0	0.09264370501041412	0.0007090739090926945	0.004937984545031781	0.0008739264013087223	0.007009508374455464
C[C>A]T	0.0032703771354590573	9.625312705097144e-07	7.040302733685167e-07	1.4821692490563087e-07	0.00015639626037113885	0.00028617753249875476	0.5896924763917923	3.825678362545659e-07	1.2097160322355194e-06	9.257626800263097e-06	1.0617480626251563e-06	2.0274663668828906e-06	6.040268118567838e-07	0.053365410468211395	0.0	1.0538297289031106e-06	1.2958579375776936e-06	0.0	0.035710464052982616	8.153368904118372e-06	7.856298864794553e-08	1.4310052677046769e-06	2.3246712999025476e-07
C[C>G]A	0.0	0.0	0.0	4.203895392974451e-46	2.506157907191664e-05	0.0	0.0	0.0	0.0	7.438836291839834e-07	0.0	0.0	0.00025003210321301595	2.7884283099410823e-05	0.004937592870555818	8.337984070294624e-05	0.004521582101006061	0.0011252275231527164	1.717717964311305e-07	8.407790785948902e-46	0.04334367699921131	7.723416010207984e-05	0.0002788795855195758
C[C>G]C	2.6388965125079266e-06	0.0	8.16736822670805e-06	0.0	0.0	0.0	0.0	3.0067753959883704e-05	0.0	0.00014933837010175922	0.0	0.0002599890538078853	0.0	0.0	0.00046085736704242207	3.6623291066462116e-08	0.009490379216731525	0.00029125034852768296	7.146437610572321e-08	2.247569568680774e-07	0.042529597657085104	0.0006990452905199617	6.992785358761466e-07
C[C>G]G	0.0	2.8025969286496343e-46	0.0	1.879285958921173e-05	2.321216743439436e-05	4.749267536681145e-05	0.0004911196258035489	0.0	0.00015840659187489338	0.0	0.0006643672979407711	0.0	0.0001705581147916746	0.0	4.122923847091897e-05	8.506996675166079e-05	0.007774004265570511	2.3769660037942232e-05	0.0022360376252663627	0.0005564713384956122	0.037130143941847396	0.0002713114420544116	2.636833048796916e-07
C[C>G]T	4.5734925515716894e-05	2.888075505325105e-06	6.636023402109003e-05	2.2180884843692184e-05	1.4012984643248171e-46	3.2603666477371006e-05	0.0	5.176733320695348e-05	1.4012984643248171e-46	0.0003117460658813798	7.848851467429085e-06	1.4628459757659584e-05	1.2785107173840515e-05	0.0	0.003714938531629741	1.4012984643248171e-46	0.01347579419607996	2.8025969286496343e-46	0.0001000753768607865	0.0013452738646890338	0.0614658841411142	9.587363365426427e-08	1.0391560749667405e-07
C[C>T]A	0.0	0.0002288340649101883	0.0003191541094565764	0.0012165446882136167	0.011005344998557121	8.407790785948902e-46	0.0043949624989181755	4.203895392974451e-46	0.005630664312047884	0.0012881338130682706	0.005236691054221865	0.0013878017518436537	0.10628798082470894	7.006492321624085e-46	0.010399342747405171	0.016793922055512667	0.009113784506917	0.007015461847186088	0.062240303680300715	0.00923121536616236	0.002850172284524888	0.0268980958731845	0.052182717621326445
C[C>T]C	0.00036795517371501774	0.0008811535344761979	4.203895392974451e-46	0.0008974895468440991	1.157927897565969e-07	0.02095743103541281	0.008419154522056261	0.00030835033912808286	0.001098189536787686	0.012433969717451986	0.0005212171986350711	0.00022102858894186285	0.22374912223021964	0.003819647312593588	0.00041337984375786616	0.021475494743557987	0.0016395057659508439	0.0008398099886335331	0.022827961169321044	1.1148457645049349e-06	1.0469703966009547e-07	0.002710544699897355	6.949121029720118e-08
C[C>T]G	0.004595781243210695	0.0015915518305519073	0.0007289268811786498	0.7029737323522568	0.03420874270727836	0.010531878015165707	0.0036801089782824473	0.006361982291872811	0.025333319608944315	0.0010188279604790296	0.01225547160627265	0.011238580977612943	0.03122008011980597	0.004797133021747868	0.0015696942606155061	0.004851913995867108	0.00035861044444231995	0.00022762828530176193	0.04646466890501415	4.0047858647085376e-07	2.3829552446841263e-07	4.519966637479143e-06	0.0010215348628435095
C[C>T]T	0.0005229241214692593	0.0005580767523497343	2.6624670822171523e-45	3.3159463782794774e-06	1.8216880036222623e-45	0.013605308951810002	0.003170198865700513	0.0038094747462309895	0.002184684334315534	0.0014823758974671364	0.007233646657550707	0.009056567191146314	0.22340494096279145	0.017504807629836704	0.0024380516551900655	0.015334553288994357	0.019480241282386145	0.0022474066354334354	0.01220408771187067	0.012076586769177056	0.006541452476812992	0.001172708859667182	0.0026887817308306693
C[T>A]A	5.004446211387403e-05	0.0	2.1099608602526131e-07	0.0	0.004360991716384888	0.0	2.4461414432153107e-05	4.203895392974451e-46	0.0	0.00029906886742310236	3.100547999252967e-05	0.0001344405420240946	9.771699296834413e-07	5.485899237100966e-06	0.00026122247945750134	4.4211165020158204e-05	9.447035154153127e-09	0.0009526256922981702	0.00012129985993283298	0.0005100581553453054	0.006072335907506954	0.024863302404992283	0.0010654380670874985
C[T>A]C	0.0	0.0002448344777803868	0.0	8.241815012297594e-05	1.3566995005010607e-08	0.002201517080902704	0.00024212372954934835	3.4490687539801e-05	0.0017611608491279185	0.0005951387347863602	0.006174133607419208	4.203895392974451e-46	0.00017715777653113442	0.012099319230765104	0.00014596562014048686	0.00018089808290824294	0.00022573801688849927	0.011786617913793406	0.013708930133179819	2.8209200308992877e-08	0.013605999760329723	0.03597628865391016	0.0048593423329293724
C[T>A]G	0.00047065621765796095	1.4012984643248171e-46	2.2501144849229603e-05	2.2651505560133955e-08	0.004741748586820904	0.00046527660451829435	0.0004526640177118679	6.797942915000021e-05	3.985263901995495e-06	0.0005926658865064383	0.001234604024671171	0.0	2.7263934043730843e-08	0.00032246519112959503	0.00010337651419831673	2.8025969286496343e-46	0.0	0.0056239581434056165	0.011965585220605136	0.0024688870180398226	0.028786814119666815	0.04776382902637124	0.005879401284090591
C[T>A]T	0.0007787232476403006	0.0	0.0	0.0	0.0017275698551827644	0.0	0.0006927349721081554	0.0	0.0	0.00010102440137416124	0.0	0.0	0.003997380007058382	0.003977263905107975	1.9330743816681208e-05	0.00045390673925922443	5.859946270447836e-08	0.04910735115408897	0.01820674426853657	0.0014177751203533263	0.014078719662143158	0.02121809795498848	0.004847798280985671
C[T>C]A	1.9591624732129275e-05	0.0	0.0	1.11883131737045e-06	0.0009777618993098258	0.001775955967605114	0.0025888125709570887	4.579897388623522e-05	0.0001729930255180534	0.022730390634387733	0.04873857833445072	1.4012984643248171e-46	1.5999646166164893e-06	5.339317294783541e-06	1.7576200178837099e-06	5.1159258163124836e-09	0.006199403691350369	0.004213375944527797	0.014289854506644417	0.0025971077549115764	0.0007702726983893626	0.03037395630339006	0.003998974178256276
C[T>C]C	6.6532583150547e-05	0.0006261667923055825	0.0	0.00020637108760865886	0.0001483789387748402	0.003673071414232254	0.0011958352755755187	5.6051938572992686e-46	3.188708017016643e-38	0.0035443518312604284	0.05765995881520212	0.01986274365335703	0.02025736467912793	0.004069822921883315	0.0	0.001762537221281235	0.02302460448163828	0.05484588742256165	0.007748278271736808	0.004468546697171405	0.0016547951699521946	0.007694880061706044	0.036776310321874915
C[T>C]G	1.1728960203072347e-07	1.53490648102661e-07	1.7851229330290153e-07	1.0305696314105717e-07	2.9566600545649636e-08	0.014184660976752639	0.008994746211101301	0.0008892036276009208	3.4871878341391493e-06	0.0057315281012179755	0.30117677748203275	2.646336983502806e-05	1.025758641048924e-06	5.255198473719247e-07	0.0	3.958938208370455e-07	3.146749234250734e-06	0.021835676208138467	0.004405957998181975	0.0009410232196785274	1.4012984643248171e-46	8.704102896217591e-07	6.961859587306663e-06
C[T>C]T	9.723443654365837e-05	0.0	1.0805057115703676e-08	1.4012984643248171e-46	7.260150169940971e-09	0.0012214050628244876	0.0011489327531307935	5.10860567715099e-07	4.087375202743715e-08	0.007087121345102787	0.04494817219674587	1.4012984643248171e-46	0.01310729726341151	0.0	0.00017760222499703344	0.0	0.029501538014960714	0.14297881219536066	0.00329129841316842	0.008861506985551415	0.0005164513612427868	0.008815043134094935	0.04876024834727559
C[T>G]A	4.203895392974451e-46	3.699251828948036e-05	2.2633886946366034e-05	3.304044935248385e-06	0.00011903077611350455	0.0013984164223074913	7.792222313582898e-05	0.01103782425634563	0.0	5.999720306135714e-05	0.0008028718631408083	0.00014814287424087525	7.361657335422934e-05	0.0	4.0449355083183035e-07	0.0	0.009149714757222682	0.00100256921723485	0.0024768868933051635	0.010396859655156732	0.0023967238740169707	0.001224626356633962	0.003460520625230856
C[T>G]C	5.6051938572992686e-46	0.0009352949564345181	0.00030474012548324935	0.0008917952686630315	0.0013687971251783893	0.014192702551372349	0.0007767345407046378	0.005413236259482801	0.00028253987628374945	0.0003598478884669021	0.01350577361881733	0.003836987452837093	0.0	0.004481736521529456	0.0001058260411127776	0.0004540591937256977	0.004316974803805352	0.022737979516386987	0.017566488310694694	0.014398063719272613	0.006313070515170693	0.00095874834805727	0.0011044476181268693
C[T>G]G	0.0002615872581372969	0.0021238621906377376	7.5759292687394e-05	0.00023280930881242057	0.00012211043222905006	0.02146555781364441	0.0014670861419290304	0.013572730217128992	0.0	1.4012984643248171e-46	0.024767516925930978	0.004908316282956094	1.4012984643248171e-46	0.0008302522823214531	1.5023219748400152e-05	1.4012984643248171e-46	0.002886860661974566	0.01618803894755274	0.01904458903792374	0.023857140017889834	0.015260477313778864	5.063300091023848e-06	1.991467655670931e-07
C[T>G]T	0.005920454471470294	5.819969866038832e-07	6.717298646208292e-07	8.069126175744632e-23	2.8025969286496343e-46	0.0003649141345567486	0.0035147966898875895	0.06085932139267243	6.611135532352818e-08	0.00044907394070605735	4.203895392974451e-46	0.004177699634968235	1.9213387218997014e-07	0.0018280528828597653	0.0	2.763371682590332e-08	5.199746837547536e-07	0.4254214733839035	1.8257548628497489e-07	2.773349478957243e-07	4.203895392974451e-46	1.2891043752460973e-07	1.7193193571074517e-07
G[C>A]A	0.000989797396930925	0.0001963838841220422	0.0009432543206315813	0.00036877342499792577	6.665983819402755e-05	0.0024985048454254865	0.0021014772035414355	5.6324580728345435e-05	1.2611686178923354e-45	0.00030268870209653186	0.00013866559602320193	0.0030236128950491548	0.0003107587108388543	0.006290049687959254	0.0	2.8025969286496343e-46	3.70472605482064e-08	0.0023878612077822938	0.0006302525130479353	0.0010670086094364706	0.011266020086173167	0.0004877637838617943	0.16797482447582296
G[C>A]C	4.203895392974451e-46	0.0020575993083184587	2.8025969286496343e-46	0.00030930102948332203	0.00020237069111317396	0.01782514308579266	0.0	0.001752861519344151	1.4012984643248171e-46	0.002717635524459183	0.0008465323538985103	0.006836332380771637	0.0035426154034212233	0.04467169996351004	0.0002570025528257247	0.0006032625329680741	0.0015971787739545106	2.4813329218886793e-05	0.014885246427729726	0.014104887191206218	0.024049267265945674	0.015037410985678434	0.04841326363384724
G[C>A]G	0.0	0.0016612759412964807	0.0	0.0016471786700101632	0.00010306174910397203	0.0035854300018400044	0.00013951894361525775	0.0	0.0011866056811413728	0.00034305873614925986	0.0008471628815897248	1.9931457819667684e-05	2.2420775429197074e-45	0.0024010059584867348	0.00018513408999183413	0.0002464354794938117	3.8872011032253796e-08	0.00034796955587808044	0.005687363864853978	1.4012984643248171e-46	0.002934729028493166	0.003588438405256511	0.054419669508934024
G[C>A]T	0.0029209697987084837	0.0037533247639771616	7.26515648352688e-07	6.305575652731932e-08	1.8051774759442195e-07	0.004673149258337617	0.009864379769777543	3.2501103692794685e-07	1.8216880036222623e-45	3.2902312369742504e-05	5.201535634213883e-07	0.02316367050093504	1.918505773801371e-07	0.365185546875	1.0056231403154925e-09	2.0206829702829055e-07	4.468253791856114e-07	0.0	0.0002717363587549926	0.005023405808412917	5.972492687078556e-08	5.691948217645404e-07	0.009253561069844807
G[C>G]A	9.021199466587859e-05	0.0004966023199813208	0.0002459324969095178	0.0010491855326108634	0.00035063430423178945	9.286649874411524e-05	0.0002671804516921839	0.00034116851165890696	0.0	0.0004864825365075376	2.7240148483542725e-05	0.00022565436665900052	0.0002965154708363116	0.00025906705122906714	0.0007855242671212182	0.005062843626365066	0.00025882815170916727	0.002506006194744259	0.0008803298609564081	0.0011540839448571205	0.029335458017885684	7.423222996294498e-05	0.00020213639363646506
G[C>G]C	9.466928604524582e-05	7.980369908864305e-05	0.0005919773975620046	0.0003385818214155734	0.00537688652984798	0.00042606821516528727	0.0010206918464973568	0.0001320859282714082	0.00024264544481411576	0.002952403045492247	0.0026746731949970127	0.0018264981568790971	0.0	0.0	0.0005840538102347637	4.203895392974451e-46	0.0057676747441291806	1.4012984643248171e-46	0.01752544182818383	0.00015781407710164786	0.022765110433101653	0.028697995655238628	0.004124057281796922
G[C>G]G	0.0	8.069130853982642e-06	0.0	0.00013626209329231642	0.0002490465900336858	1.4012984643248171e-46	5.6663953000679615e-05	5.3535847655439285e-06	6.896908836040438e-05	3.213321324437857e-05	0.0001572832290548831	0.0	0.0	4.026929309475235e-06	0.0004899071995168924	2.5898968546300692e-05	0.00340394526720047	1.361570175504312e-05	0.0023666554130613803	4.7398993451963634e-05	0.017201661691069604	0.0044062030123313885	0.0006081451925347813
G[C>G]T	0.0004525172567809932	0.0007006734085734934	0.0001303540717344731	0.0001277585921343416	0.0009004788822494447	0.0008572533261030912	1.4012984643248171e-46	5.6051938572992686e-46	0.0024139601402566766	0.0015359505341621116	1.4012984643248171e-46	0.0005664350494726022	0.0	0.0002986022013828915	0.001468809878861066	0.0003724555019289255	0.00013584380503743886	7.96901760622859e-05	0.0005439105666937393	0.0009157039487035945	0.053787817060947415	0.0006932874681524481	3.181878867053456e-08
G[C>T]A	0.0007517941150581465	0.0029182221770355453	2.621969201754837e-08	4.707177474472246e-08	2.128414706703552e-08	0.04951663874089718	0.0005159299358785627	1.2611686178923354e-45	0.3723733305931091	0.011364443718775874	0.0007437294166550146	0.0011728752019962486	8.03874087296208e-08	0.0009065099392856268	0.0010533972253711	8.267508633252874e-08	1.1984058104985707e-06	0.0004111706657567993	2.238621101469107e-06	2.4074412152685908e-08	2.1135798316151978e-05	4.930747380171852e-07	0.0010713128456131926
G[C>T]C	0.01324243000530032	0.04467214971082285	1.134004847358483e-06	3.821575376150577e-08	4.7215667677846793e-07	0.47613878548145294	0.0007674110958574102	0.0011503352522652221	0.033505739198517404	0.012100370182966457	0.001555032468763784	0.008196933319300114	0.001064267979683109	0.0002224864188747233	3.719084520263094e-05	2.0512392724479704e-06	4.7107855039030255e-07	3.051018788937654e-05	0.004682844735515346	1.2814389492632472e-05	3.6415617614693474e-06	8.199680507914309e-07	2.143191750292317e-07
G[C>T]G	0.004917873969351612	0.876263439655304	4.442523457467922e-06	0.17014170785919305	3.819650089553763e-06	0.024924406474247006	0.026023524672792127	0.0008500846069338958	0.013754084450636129	0.0016125279035841423	1.8366252922064064e-06	1.243419941943104e-06	0.016851441947682132	5.042859130134508e-07	0.0	0.008134903383295013	0.005147903771319058	0.006373897466460221	6.683215758584993e-09	7.209462815745138e-06	3.2503854185961244e-08	5.927300037456007e-07	9.434377460593168e-07
G[C>T]T	0.019519039429724216	0.003651486827811823	0.002448808818121506	2.870451467629209e-08	2.7528942752041986e-07	0.11913858749404653	0.0023398783695256498	0.0010724525064802037	0.15753322765231131	1.0494516845938052e-05	2.9128082701390667e-07	0.27019357457757	3.4237535885495164e-06	0.008771977611615966	0.0	0.000101258586005315	1.4609960601319473e-07	0.0	0.00403179188415379	5.191141666216481e-06	5.399396059146966e-08	0.0029781984592375465	4.525920758169377e-07
G[T>A]A	2.2302145953290165e-05	1.6219473764067516e-08	1.5511453545968835e-05	3.0259421210487856e-06	9.62603505758608e-06	0.0002892357064411044	0.0	0.00022048338578315452	0.0	0.002322324673878029	0.0002787957902427252	0.00010085325620181606	0.0	0.0	0.0001637682531509199	5.97926812474725e-05	8.61430999066215e-07	0.0	0.00019811911624856293	0.00018464838951786077	0.0038179911480426655	0.035382713191211224	0.0011880433718124196
G[T>A]C	0.0	0.0003171108957758406	0.0	2.3975660932151757e-07	1.4012984643248171e-46	0.006338377256179228	0.0031405961781274527	0.0	0.00028610990848392247	0.005004696840725842	0.0004050387866413985	2.762144722510129e-05	0.0002271809964440763	0.0021278622231932333	0.000337071748383444	2.0458051039895508e-07	0.0018247041292852374	0.002011136175133288	0.0012258542827453312	1.4012984643248171e-46	0.002145591942810654	0.06762771606445313	7.806170629010012e-07
G[T>A]G	0.0	0.0	0.0	9.801207312420957e-09	4.203895392974451e-46	6.147182430140674e-05	0.0004945278923038643	0.0	0.0009074542682355968	0.0010225916164927184	0.00083742167763603	0.0	9.443736381626877e-05	0.0	6.791918117201589e-05	9.553753876900828e-08	1.4012984643248171e-46	0.0006444306940693422	0.0029156087558220634	3.2891591672523646e-08	0.006974727550843341	0.047262391075491905	0.0015070872340416485
G[T>A]T	0.0007165483490098268	0.0002634068555266822	0.0	0.0	1.160774331765424e-07	0.0005451253324281425	0.0016869535145815461	0.00012053595055476763	0.0	0.00036402291152626276	0.0018512291862862185	4.526884877122939e-05	0.0054004562112709206	0.00033460941259590984	1.4541204654960893e-05	0.0	1.1411380341996847e-06	0.006770189153030515	0.007820159257659044	0.0033919754438102244	0.0019357293090045858	0.03288545776158571	0.006314439518683912
G[T>C]A	0.0035982696936116554	5.865686972015604e-05	6.070909056354879e-07	1.1888522095659937e-07	5.165779526805636e-07	0.0056989966241005165	0.004414995415970681	0.001619899250567869	0.0007203997154022091	0.28551032692193984	1.0499391748908238e-06	0.014953244346304472	3.545873301646907e-07	3.292543988209218e-05	0.0	2.0639254104537484e-05	2.0892533711958094e-07	5.078944553815745e-09	0.0010438611124683917	6.169044860726558e-07	4.635272148334479e-08	3.202714182748423e-07	8.94013652441572e-08
G[T>C]C	0.0006812192083316404	0.0020445710225232006	5.325826323598904e-06	9.050019578182855e-09	1.203448263709106e-07	0.003125394186355379	0.0019684346589201596	0.00428253680030366	1.9166468518960754e-07	0.042876848702655936	0.0009502195583309004	0.31017198295153603	2.61479220853289e-07	0.0014190380683038164	0.0	1.3967902532385778e-07	1.4240927967534845e-06	0.0004826358465948033	3.898724027351363e-06	4.841054447979332e-07	1.9566984128630146e-08	7.983071639614537e-05	2.566819097893358e-06
G[T>C]G	2.7023756979360768e-05	1.1203409887743869e-06	2.7770671806592873e-08	5.669246334605305e-08	9.605428630266032e-09	0.021227048332002597	0.009868721794009615	0.0028726459340759902	1.0475404533014207e-07	0.17384980767965316	0.06819849722087383	0.014490716277299498	2.644166471554854e-07	0.0032197812987988074	6.6231517159565104e-09	1.6709191896779885e-07	0.0031594922193789897	0.0016777546635836416	0.0005942249879105077	0.00043510476133121754	0.0	2.2744049488210293e-08	8.407790785948902e-46
G[T>C]T	0.003645959895220585	7.103818461473565e-07	0.0015404166415919462	4.5379205537341377e-38	0.005431105397292413	5.6051938572992686e-46	0.0016293663531541825	0.03107560258358717	5.6051938572992686e-46	0.15545282438397406	0.0	0.029914198243204737	0.000489015719051622	0.011652002157643438	1.4012984643248171e-46	0.002249249788292218	0.01583738926735805	0.004098717530936824	0.005908095836639404	0.006247961428016424	0.002195750190443846	0.0009962199965229956	0.004822155293777541
G[T>G]A	1.7261175526073202e-05	0.0	3.155185635250746e-05	0.0	0.0006050984375178814	0.0	0.0	0.0038103335769847035	0.0	6.246268749237061e-05	0.0	0.004517449392005801	0.0	3.1053507700562474e-05	2.0480852981563658e-05	0.0	1.4699335224577225e-07	0.0014474590483587236	0.0008250383126721772	0.0020604356700303582	0.009007342671975494	0.0032142224403003184	0.002493341173170016
G[T>G]C	0.00021521364310643775	8.407790785948902e-46	4.170831175542844e-07	0.0	2.4698448441995424e-06	8.650962627143599e-07	0.0	0.005156695621553809	0.0	0.0007036820054054261	0.0	0.027896282635629176	0.0	0.0036978606542106716	8.999334535531035e-06	1.6159706817120423e-07	0.0008205797988921404	0.008985781855881215	0.0035163442046552973	0.003778069450231669	0.004300153560234321	0.00048521821421942946	0.0018771877065610453
G[T>G]G	4.203895392974451e-46	5.7257289643075635e-05	4.203895392974451e-46	0.0	0.0	0.0014887795308112573	1.4285295037552714e-05	0.0019759301969315855	0.0	0.00018610564220082891	0.0004078262041730341	0.011769862240180373	0.0	0.005906057823449373	1.068285282457282e-09	1.4176958984535304e-07	0.0017566702332935335	0.005683608219491987	0.006326103913855264	0.010209078640525605	0.01639523899939377	0.0003040248018294278	0.003227759781862005
G[T>G]T	3.568035822354432e-09	0.0005926916891922929	2.7835321247948742e-08	4.261465612387383e-07	1.1832701147795888e-07	0.00013153556275824485	0.0002736805152380839	0.011174463341058071	5.101183432998369e-07	0.00014750875777167494	6.514204380891897e-05	0.022014661066350527	2.8025969286496343e-46	0.011835015332326292	0.0	6.979114481886484e-08	7.805691552675853e-07	0.10780154317617416	1.3033020726638256e-06	8.486144082553438e-07	6.088997537290197e-08	5.93579768804049e-06	4.832492148665324e-08
T[C>A]A	0.013245761905091058	0.0	3.3241626340441143e-09	0.0	0.002012827806174755	7.48233262015674e-09	1.4012984643248171e-46	0.0418716393878185	0.0	0.0	1.6815581571897804e-45	4.203895392974451e-46	2.3817733563191723e-07	0.0011807585006366138	0.02494352855408124	2.2780195934046789e-07	0.004270772609348228	4.0722227367950836e-08	0.0003041800584597354	0.4532014573602055	2.325355605137247e-05	2.4744405635601652e-08	0.03295472603395808
T[C>A]C	0.014838060643523932	0.000491172622423619	0.001239514071494341	0.0019495546934194864	0.020743852853775023	0.001998862624168396	0.009651121054776012	1.1210387714598537e-45	0.0005574003560468554	6.639608182013035e-05	0.0003401233465410771	1.2611686178923354e-45	0.002128760050982237	0.06551642157137418	0.020281796995550393	0.007215003948658705	0.02965068183839321	7.712186743447092e-07	0.028475170105230062	0.003186444938182831	0.024926801305264236	0.0013293367344886064	0.055241598188877104
T[C>A]G	0.0042223647178616375	0.00010670435990505212	5.810576908515941e-08	5.6051938572992686e-46	7.84345453585189e-05	1.3703348540161641e-05	0.0002636677527334541	0.002085974313922634	0.0004256883199559525	1.4012984643248171e-46	0.0007240602339152246	0.0	0.00038084814807035625	8.765371603658423e-06	0.005095210904255509	0.00019068820540724118	0.013632185407914221	0.00024743367757764647	0.013409358682110906	0.0377930236805696	0.0017143024728127898	2.8025969286496343e-46	0.032295468241318306
T[C>A]T	0.7545616149902343	5.248193740925444e-07	6.06773335221078e-07	6.006674553304947e-08	6.177228942760848e-06	1.1303846690680074e-06	0.007501497829153436	0.003220993309741971	8.694163255995591e-07	4.714852343568054e-06	1.5263855971170414e-06	0.0012475881663476685	9.000675902370858e-07	6.741675067303276e-05	5.503574570298042e-07	2.6623980318163376e-06	2.078321725385024e-06	7.3470500797157e-05	0.0010651318165898261	0.0030985551586752537	9.372389285999816e-07	2.2034213884580822e-06	2.2119685695543013e-06
T[C>G]A	0.0	0.0	0.0	7.561298076552703e-09	1.189055005568207e-07	0.0	0.0	0.0	0.0	0.0	0.0	3.6656399515777593e-07	9.920137733487879e-09	1.828694569994127e-07	0.20629086643457412	2.285915243760428e-08	1.3663934524288379e-06	3.9934321627299596e-08	6.127672449451894e-08	3.1178920565366754e-07	2.059552539321885e-05	8.436410112722114e-08	1.2875807385626103e-06
T[C>G]C	0.0	3.100956092020806e-05	6.242340168682858e-06	0.00016253894864348695	0.00016542549128644167	7.831648690626026e-06	0.0	2.6024310500361025e-05	0.0	0.0004043376264348808	0.0	2.8144833049736916e-05	0.0	3.739257488732772e-25	0.06765263266861439	0.00014910234604030846	2.0885465232822752e-07	3.560609475243837e-05	0.00104609684785828	0.0001463108812458813	0.04701919779181481	0.0033361695319399586	9.809089250273719e-46
T[C>G]G	5.584888640441932e-08	4.857680614804849e-05	1.8555010501586367e-05	1.6931563368416392e-05	0.00046866531374689657	7.264517626026645e-06	0.0	0.0	0.00010478580443304964	1.4012984643248171e-46	0.0	9.43698950095495e-09	0.00011755934833672655	0.0	0.02074599489569664	1.4012984643248171e-46	0.005408493628056022	0.0002726315626205178	7.408740202663466e-06	0.00012192604554002173	0.02077525984495878	0.0010712711868109182	0.0014055855572223663
T[C>G]T	0.00010271680948790163	0.0	0.0	0.0	3.222986467947079e-45	0.0	4.9845351895783097e-05	6.475036208287046e-06	0.0	9.195647871820256e-05	0.0	4.203895392974451e-46	0.0	0.00015094591198615558	0.25865964591503143	0.0	0.0002254227089906635	0.0004144424942069236	1.4012984643248171e-46	1.4012984643248171e-46	0.02825580214889669	0.0005624437993901665	3.020972201284167e-08
T[C>T]A	2.2530804244524914e-08	1.2408348766257403e-07	0.0011532329022884368	5.633806550252778e-39	8.248709576719193e-07	0.0014367303562266899	0.00012216707896186562	0.0006118418006053616	0.030179072450846434	0.002560932697434737	0.00010508307843792863	4.504067765083164e-05	1.9250735476816773e-07	6.972474139388396e-07	0.2488200961612165	0.14361315444111825	0.0846327350474894	0.003884751140139997	0.011666247714310884	0.005802930160047026	1.4012984643248171e-46	0.024784290429781208	0.0017533939688206602
T[C>T]C	0.013780627702362835	0.008555850782431661	0.007839573360979558	0.002021600419936931	0.0039480399165768175	0.005014072568155825	0.0036447599530220033	0.00103237881392642	2.382207389352189e-45	0.003253481932915747	0.000610355706885457	0.006882317513236558	0.05600726664997637	0.021288875211030244	0.03279437236487866	0.35221735686063765	0.0074010444805026054	0.0017562650667969138	0.01371829363051802	0.014200020617777278	0.004932717233896255	0.002562233619391918	8.407790785948902e-46
T[C>T]G	0.022059588610059678	0.0038078696203797334	0.9630375802516937	0.0041842014900964845	0.018500050809499943	9.240523244216092e-05	0.009213390488037725	0.011184349034067509	0.0009787929013230195	0.0010186503413933679	0.0015670162436890677	0.01363611579155306	1.447072833116182e-07	7.067593060128274e-07	0.0013470481372621634	0.0034824022396293232	0.0012052731187324791	0.0008850956102833152	0.0031349350258324193	0.005755653421763896	9.809089250273719e-46	5.7757927152124464e-08	1.2235046447983677e-06
T[C>T]T	0.05651796497404575	5.6051938572992686e-46	0.012850601603987854	0.0	1.4012984643248171e-46	1.5678317311085266e-08	0.007279821997508406	0.002786593485692779	7.006492321624085e-46	2.1377236691932922e-08	1.0583507048522733e-07	0.0025148426526044433	4.614889249410226e-07	0.007997726809878713	0.07249605798569973	0.3806106522679329	0.01621577756712611	9.809089250273719e-46	4.876230377703905e-07	1.7456783041341487e-08	3.216162411945334e-08	1.5174572198795033e-07	3.241380497343016e-08
T[T>A]A	0.00035786304288194516	7.374626875389367e-05	1.4012984643248171e-46	9.879997668917894e-05	0.007724656077334658	0.001989265382871963	0.00030054309172555804	0.0014280279050581158	0.0007296741644267968	0.0006956021345104091	0.0007107975705366698	0.0001868183200713247	0.0	1.4012984643248171e-46	1.2242723812505573e-08	4.552918539957318e-08	0.00034338741288877375	1.9464781507849695e-05	0.004087866807822138	0.005758860701462254	0.0004617162111628659	0.04354159403592348	0.007770643123365062
T[T>A]C	0.0003752181597519666	1.1254155833739787e-05	6.808474608988035e-05	2.730627602431923e-05	0.006342323683202267	0.00020467640597985338	0.0007188207935541868	0.0007522722706198692	1.5056447531723002e-40	0.0009393410218763165	0.0	0.00011586280888877809	0.00013422860079117526	0.005827637645415962	0.00011074764770455659	0.0011921607897505827	0.002303040947299451	0.002603934034414124	0.005686220712959766	0.004601513330726448	0.005385591932191858	0.03528435956686735	0.0038748795166611673
T[T>A]G	0.0008529669241397642	0.0	0.0	0.0	0.005715871800202876	8.725271327421069e-05	6.882413872517645e-05	0.0009715619962842152	1.4012984643248171e-46	0.0002893163124099374	0.00031946325907483697	2.8025969286496343e-46	3.2569548125138684e-08	0.00019343597086844965	1.867803230197751e-05	3.251927151737277e-05	9.897842971895443e-08	0.0010894878258113749	0.0028258350384987806	0.00044377047333910014	0.006528365108761136	0.018472127690893105	0.008870080672204494
T[T>A]T	0.004802427053800784	1.4012984643248171e-46	1.4012984643248171e-46	8.89639072738646e-05	0.010048930632183328	2.7688658974511784e-07	0.0007004741535638459	0.004512881813570857	0.0007487012219257849	0.000367398519301787	5.204553599469364e-06	1.3901429156248924e-06	0.0005192666139919311	0.0038374324853066356	5.494626373092615e-06	1.8127580915461295e-06	0.00030084021894936084	0.005445449543185532	0.01415503085590899	0.013327129423470297	0.003963842254597694	0.024628954799845816	0.010648668109092796
T[T>C]A	0.0027230695239268245	4.203895392974451e-46	5.6051938572992686e-46	1.4012984643248171e-46	0.0010796102131024553	0.007215941688505723	0.0029488945417128322	0.0038947827822994443	0.012356686312705279	0.057215630635619165	9.809089250273719e-46	0.001202148637821665	0.0007352409378256653	1.4012984643248171e-46	4.87363930005813e-05	4.55982807068267e-09	0.04247094966272016	0.0007460895184522087	0.00371582422730512	0.00036882454072326707	0.0019204548831282865	0.008959052503763587	0.0002139368099449257
T[T>C]C	8.25883646029979e-05	0.00047695869208155275	5.824853848554121e-08	0.00027849620473290314	2.0510451577138156e-06	0.008496306785627895	0.006210452714003623	0.019496356463059784	0.0011921524127672001	0.016810590566655036	0.011768293378065665	0.05023942850530148	0.004697484988719225	0.002106983680278063	0.00019437249320617412	1.3248826462586295e-07	0.11644760444760323	0.0013176026977816946	0.002541026162172955	0.00029865803452935327	0.0006142650730907917	0.0012158230557062666	0.0004278415318140105
T[T>C]G	0.0026202458946499975	0.00020847183186560868	6.0069168947052275e-05	1.5192005946573773e-07	2.4088744510208925e-08	0.015500915395000448	0.002847227542122255	0.011015879921615124	0.022706297802142218	0.022806628514717885	0.04794695857304987	2.3431349348612684e-05	2.111268486260087e-07	7.941261799260247e-08	1.4012984643248171e-46	4.930851446260931e-07	0.05473454110324383	0.000787830125432265	0.0009382439777255059	1.678962871665135e-06	0.0	1.4012984643248171e-46	1.4012984643248171e-46
T[T>C]T	0.0023819847498089087	5.1940759249191615e-08	4.160573894296249e-08	0.00010385408736510727	0.0032684398407582193	0.0035836558427035925	0.00440787050281557	0.024327761864984154	0.0030682745133020716	0.018641599640250205	0.002525325887836516	1.3365271342991036e-07	0.00627989275558889	0.004456689257403923	0.0	0.00032927677350897967	0.12250994089990855	0.00022774060372512394	0.0020052282238026465	0.0009042263651281246	0.00035859623686747	0.007910516596664507	0.00026969250257025124
T[T>G]A	6.734136093200505e-09	0.0	0.0	5.108614420379354e-10	2.9603493749164046e-05	0.0	0.0	0.022917877849249636	0.0	0.0001724991510855034	2.2255298048889925e-09	0.0	0.0	0.0	5.362241572584026e-05	3.866718998324359e-08	0.00013302219821014204	9.560354337736498e-05	2.1812603723248003e-08	0.05955053254768927	0.004204823519688716	0.0009987877576577374	0.0033896842604889343
T[T>G]C	0.0	2.1297179046086967e-05	0.0003023919996167024	1.21782363161812e-16	9.809089250273719e-46	0.0004245548043400049	0.0	0.045283342525362966	4.048671689815819e-05	0.00025958325113606406	0.0	0.007104177563451231	2.4679314947206875e-08	0.010027264757081867	0.00017432922322768718	0.0020877563323665528	0.0026951907202601433	0.006415419094264507	0.004955334588885307	0.0014932639851764407	0.006461045891046524	0.0014698493357002463	0.0017234003088908878
T[T>G]G	0.000482438389735762	1.4012984643248171e-46	0.00011404757315176539	0.00018926973134512082	8.877212522122591e-05	0.001696806843392551	0.00016740558785386384	0.010610350593924522	0.0010363314533606172	2.1353273768909276e-05	0.0009418861562153324	2.8025969286496343e-46	5.6051938572992686e-46	0.0004879066109424457	4.3395926331868397e-05	0.0006500375839095796	0.006034043966792524	0.002519939650665037	0.0021400227211415767	0.00821778508834541	0.015408267453312873	0.0030054337345063686	0.005039087776094675
T[T>G]T	0.00018608177126928772	3.346622747812944e-08	4.823899985240132e-07	1.4012984643248171e-46	1.272148014486163e-06	3.4224703426843915e-08	0.0005636684146338667	0.44575179517269137	7.834388648930712e-09	4.203895392974451e-46	0.0	0.001527579380086763	1.2931196579302196e-06	2.7113935344402763e-05	0.0	6.308949942024356e-07	0.0010124591778783553	0.0011512003065746513	3.246241760734847e-07	0.004005726120922759	2.2110168941935625e-06	1.6051446124265566e-06	3.919726907497534e-07
