MutationType	SBS96A	SBS96B	SBS96C	SBS96D	SBS96E	SBS96F	SBS96G	SBS96H	SBS96I	SBS96J	SBS96K	SBS96L	SBS96M
A[C>A]A	1.03E-04	1.60E-04	0.00E+00	0.00E+00	4.82E-05	9.00E-05	9.68E-05	1.47E-03	2.18E-05	8.24E-03	4.29E-03	1.27E-04	3.27E-04
A[C>A]C	1.04E-04	3.91E-04	1.80E-04	6.57E-05	3.49E-04	5.70E-04	1.78E-04	1.11E-03	8.52E-04	5.93E-03	2.10E-03	7.72E-05	1.46E-05
A[C>A]G	2.01E-05	1.02E-04	0.00E+00	0.00E+00	9.10E-05	1.15E-04	5.34E-06	1.31E-04	3.51E-05	1.77E-03	6.98E-04	5.30E-05	1.47E-04
A[C>A]T	5.01E-05	1.15E-03	0.00E+00	0.00E+00	1.14E-04	1.49E-03	0.00E+00	2.76E-04	8.39E-04	1.55E-03	7.11E-04	0.00E+00	1.56E-04
A[C>G]A	1.33E-04	8.40E-05	1.13E-04	1.68E-04	9.80E-05	6.43E-05	9.47E-05	1.96E-04	1.35E-04	1.40E-46	1.40E-03	9.99E-05	1.72E-04
A[C>G]C	8.04E-05	3.27E-05	9.84E-05	5.60E-05	9.55E-05	1.01E-05	1.56E-04	1.60E-04	0.00E+00	9.11E-04	8.95E-04	9.37E-05	1.77E-04
A[C>G]G	1.72E-05	1.15E-05	8.99E-40	0.00E+00	2.85E-05	2.69E-05	5.52E-06	1.87E-05	1.94E-05	7.99E-05	1.36E-03	8.16E-05	6.26E-05
A[C>G]T	1.08E-04	5.27E-05	4.23E-05	7.58E-06	1.41E-04	0.00E+00	1.16E-04	5.16E-04	0.00E+00	7.60E-04	1.54E-03	1.49E-04	1.46E-04
A[C>T]A	5.67E-04	1.40E-46	2.14E-46	7.08E-19	9.31E-03	1.36E-03	2.54E-04	2.08E-03	5.88E-03	2.10E-03	1.17E-03	8.35E-05	3.89E-04
A[C>T]C	3.13E-04	5.69E-04	1.77E-04	5.01E-04	1.48E-03	1.52E-03	4.23E-04	3.07E-03	3.07E-03	2.93E-03	7.03E-04	2.21E-05	4.14E-04
A[C>T]G	3.09E-02	3.18E-03	3.30E-03	4.30E-03	1.14E-02	3.58E-03	1.69E-03	9.37E-02	1.70E-02	5.46E-03	3.71E-03	6.97E-05	1.55E-03
A[C>T]T	3.91E-04	7.43E-04	4.86E-04	8.90E-05	2.70E-03	1.79E-03	2.08E-04	1.64E-03	1.71E-03	2.37E-03	1.01E-03	2.89E-05	3.61E-04
A[T>A]A	5.10E-06	3.27E-05	0.00E+00	2.30E-05	1.73E-04	1.40E-46	5.30E-04	4.38E-03	2.63E-04	2.73E-04	1.31E-03	3.81E-05	9.33E-05
A[T>A]C	0.00E+00	3.15E-06	0.00E+00	2.28E-04	3.33E-04	1.18E-05	1.00E-03	7.03E-03	2.79E-06	8.09E-04	1.57E-03	7.49E-05	2.19E-04
A[T>A]G	6.01E-06	0.00E+00	4.24E-07	1.47E-05	1.12E-04	2.80E-46	1.84E-04	3.16E-03	1.22E-04	7.73E-04	1.06E-03	7.79E-05	2.26E-04
A[T>A]T	1.19E-04	2.45E-04	0.00E+00	2.18E-04	1.27E-03	4.18E-04	7.65E-04	4.60E-03	3.94E-04	1.64E-03	1.07E-03	2.35E-05	2.68E-04
A[T>C]A	2.46E-04	2.67E-04	7.03E-04	5.09E-04	6.97E-04	3.88E-04	5.14E-04	4.84E-03	7.98E-04	3.22E-03	1.51E-03	6.32E-06	0.00E+00
A[T>C]C	1.92E-04	6.02E-04	5.84E-04	3.97E-04	1.44E-03	7.56E-04	1.77E-03	2.43E-03	1.18E-04	5.68E-03	5.07E-04	9.32E-05	5.47E-04
A[T>C]G	4.53E-04	3.64E-04	1.95E-04	5.62E-04	6.08E-03	7.12E-04	7.21E-03	1.40E-03	1.48E-03	2.07E-02	1.86E-03	1.10E-04	4.79E-04
A[T>C]T	1.29E-04	8.97E-04	1.40E-46	0.00E+00	3.06E-04	5.27E-04	5.78E-04	2.73E-03	9.28E-04	3.26E-03	1.10E-03	7.15E-05	3.62E-04
A[T>G]A	0.00E+00	4.32E-04	0.00E+00	0.00E+00	1.67E-05	3.40E-05	9.96E-05	9.73E-04	1.14E-06	9.27E-04	4.20E-04	6.12E-05	2.65E-04
A[T>G]C	8.30E-05	8.08E-04	2.51E-04	1.41E-04	0.00E+00	2.97E-04	1.55E-04	2.48E-03	6.84E-05	3.76E-04	1.38E-04	4.05E-05	7.30E-04
A[T>G]G	6.05E-05	3.76E-04	1.28E-04	6.79E-06	0.00E+00	1.26E-04	1.13E-04	9.94E-04	0.00E+00	9.21E-04	3.29E-04	3.30E-05	2.52E-04
A[T>G]T	0.00E+00	4.14E-03	8.29E-08	1.31E-04	0.00E+00	8.12E-04	1.01E-04	1.15E-02	3.38E-04	3.74E-46	2.25E-08	2.50E-08	3.35E-03
C[C>A]A	1.91E-04	3.76E-04	3.76E-04	2.17E-32	4.13E-03	1.42E-03	1.19E-04	4.83E-03	0.00E+00	6.53E-03	2.99E-03	1.13E-04	2.92E-04
C[C>A]C	4.34E-04	2.09E-04	3.17E-04	4.97E-04	5.57E-03	1.98E-03	3.63E-04	8.26E-03	0.00E+00	6.99E-03	1.05E-03	1.04E-04	2.93E-04
C[C>A]G	2.74E-04	1.62E-04	0.00E+00	2.46E-04	3.55E-03	3.95E-04	3.24E-05	4.45E-03	1.15E-04	4.33E-03	1.06E-03	5.90E-05	0.00E+00
C[C>A]T	1.88E-08	1.39E-03	3.86E-07	3.80E-07	2.19E-02	1.32E-02	7.73E-07	2.56E-02	3.88E-08	2.37E-02	0.00E+00	0.00E+00	0.00E+00
C[C>G]A	0.00E+00	0.00E+00	0.00E+00	0.00E+00	0.00E+00	0.00E+00	2.41E-07	6.93E-05	2.77E-05	3.22E-04	1.27E-03	1.08E-04	2.17E-04
C[C>G]C	0.00E+00	0.00E+00	1.75E-05	1.64E-05	0.00E+00	0.00E+00	3.32E-05	6.78E-06	0.00E+00	0.00E+00	1.57E-03	6.34E-05	1.28E-04
C[C>G]G	2.30E-05	3.65E-06	4.02E-06	1.12E-05	1.20E-04	1.70E-06	0.00E+00	1.54E-04	4.60E-05	1.92E-04	1.38E-03	5.89E-05	4.49E-05
C[C>G]T	5.70E-06	2.93E-05	6.17E-05	1.05E-05	5.90E-06	1.40E-46	6.32E-05	4.92E-05	5.15E-06	1.12E-04	2.52E-03	1.44E-04	4.28E-46
C[C>T]A	2.37E-04	0.00E+00	2.68E-04	1.40E-46	3.41E-03	0.00E+00	1.40E-46	5.19E-03	4.44E-03	6.11E-03	1.94E-03	2.18E-04	9.90E-04
C[C>T]C	1.74E-04	2.62E-04	4.52E-04	3.86E-04	3.86E-03	7.14E-04	7.93E-04	5.38E-03	7.88E-03	4.62E-03	8.66E-04	2.08E-04	6.32E-04
C[C>T]G	1.21E-02	8.09E-04	2.55E-03	2.92E-03	2.24E-03	2.73E-03	7.33E-04	6.70E-03	7.29E-03	6.49E-03	4.65E-04	3.41E-04	9.49E-04
C[C>T]T	1.40E-46	2.87E-04	6.04E-04	4.07E-04	2.86E-03	1.18E-03	6.32E-04	3.29E-03	7.42E-03	2.37E-03	1.54E-03	1.51E-04	1.41E-03
C[T>A]A	0.00E+00	1.26E-05	1.08E-05	1.44E-05	3.41E-05	1.05E-05	1.45E-04	2.79E-03	2.28E-05	2.49E-04	1.19E-03	4.08E-05	1.55E-04
C[T>A]C	3.85E-06	5.25E-10	0.00E+00	1.57E-04	4.22E-04	2.32E-04	4.33E-04	1.60E-03	3.91E-04	1.03E-03	1.30E-03	4.51E-05	6.13E-04
C[T>A]G	2.22E-05	5.62E-05	0.00E+00	2.44E-05	1.80E-04	4.83E-05	2.80E-04	4.59E-03	6.26E-06	6.37E-04	2.68E-03	7.24E-05	2.84E-04
C[T>A]T	0.00E+00	1.42E-04	0.00E+00	0.00E+00	1.36E-04	2.87E-04	2.08E-05	2.22E-03	3.65E-04	2.72E-04	1.39E-03	4.93E-06	1.23E-03
C[T>C]A	6.79E-05	7.32E-05	0.00E+00	0.00E+00	2.03E-03	1.87E-46	1.96E-03	2.78E-03	2.26E-04	5.51E-03	6.85E-04	1.15E-05	9.06E-04
C[T>C]C	2.75E-04	4.99E-05	1.04E-04	3.76E-04	2.38E-03	4.94E-04	3.08E-03	1.00E-03	1.30E-03	8.46E-03	9.19E-04	2.68E-05	2.28E-03
C[T>C]G	8.74E-09	1.37E-04	3.41E-07	2.03E-04	1.09E-02	6.49E-06	8.91E-03	5.03E-03	4.88E-04	2.91E-02	4.00E-04	0.00E+00	4.47E-03
C[T>C]T	5.87E-05	1.68E-04	0.00E+00	0.00E+00	2.10E-03	0.00E+00	2.73E-03	2.39E-03	8.25E-04	6.83E-03	8.08E-04	4.98E-05	6.00E-03
C[T>G]A	3.31E-05	6.69E-04	4.47E-05	3.18E-05	6.25E-05	0.00E+00	1.07E-04	1.57E-03	0.00E+00	5.61E-04	2.83E-04	1.25E-05	2.48E-04
C[T>G]C	2.16E-04	2.45E-04	2.92E-04	1.96E-04	5.31E-04	2.81E-04	5.77E-04	1.07E-03	2.89E-05	2.22E-03	4.94E-04	6.24E-05	7.32E-04
C[T>G]G	4.90E-04	6.94E-04	3.59E-04	4.85E-04	9.27E-04	2.54E-04	6.76E-04	2.11E-03	0.00E+00	3.38E-03	9.52E-04	7.08E-06	9.62E-04
C[T>G]T	4.42E-09	3.35E-03	6.27E-07	4.46E-04	1.83E-04	1.51E-03	3.71E-06	1.01E-02	0.00E+00	9.75E-46	0.00E+00	0.00E+00	6.14E-03
G[C>A]A	3.14E-04	2.66E-04	3.82E-04	2.48E-04	1.06E-04	3.27E-04	1.29E-04	9.55E-04	2.14E-04	1.27E-02	6.43E-03	4.81E-05	8.12E-04
G[C>A]C	2.05E-04	2.78E-04	1.40E-46	5.77E-04	3.73E-04	6.70E-04	4.01E-04	6.85E-04	6.55E-04	4.78E-03	1.85E-03	1.05E-04	1.71E-04
G[C>A]G	3.06E-04	4.00E-05	1.08E-05	2.58E-04	2.77E-04	2.04E-04	1.18E-04	8.77E-04	1.40E-04	4.21E-03	2.02E-03	5.55E-05	2.77E-04
G[C>A]T	3.55E-04	1.44E-06	0.00E+00	1.11E-03	0.00E+00	5.16E-03	3.14E-04	8.31E-04	2.99E-05	4.42E-03	1.67E-03	2.66E-05	2.27E-04
G[C>G]A	7.48E-05	2.64E-05	1.03E-04	1.08E-04	1.40E-46	1.27E-04	6.48E-05	9.81E-05	2.32E-04	4.06E-04	6.93E-04	8.37E-05	2.03E-04
G[C>G]C	2.25E-04	4.64E-05	1.21E-04	1.65E-04	4.32E-04	0.00E+00	2.33E-04	2.49E-03	0.00E+00	6.63E-04	1.78E-03	6.62E-05	1.31E-06
G[C>G]G	4.63E-05	1.45E-06	0.00E+00	3.28E-06	4.61E-05	0.00E+00	2.27E-05	4.88E-04	0.00E+00	3.16E-04	6.48E-04	2.76E-05	1.40E-46
G[C>G]T	1.32E-04	7.42E-05	1.27E-04	1.55E-04	2.51E-04	8.77E-05	9.03E-05	3.75E-04	0.00E+00	2.14E-46	1.61E-03	1.29E-04	4.46E-05
G[C>T]A	2.59E-04	1.89E-04	1.87E-46	1.94E-03	2.20E-02	1.45E-03	2.54E-03	1.18E-03	1.04E-02	1.41E-04	7.54E-04	2.69E-04	3.16E-04
G[C>T]C	1.40E-46	1.56E-03	5.24E-08	3.21E-03	1.37E-02	0.00E+00	4.04E-03	3.59E-03	4.45E-03	4.29E-03	0.00E+00	2.21E-04	1.71E-08
G[C>T]G	1.12E-02	5.27E-03	1.47E-08	9.03E-03	3.40E-03	9.64E-03	2.34E-46	4.53E-03	4.60E-09	3.24E-03	0.00E+00	0.00E+00	8.23E-04
G[C>T]T	0.00E+00	1.43E-03	1.93E-03	2.20E-03	1.39E-02	2.12E-03	3.36E-03	3.27E-03	6.11E-03	1.40E-46	0.00E+00	0.00E+00	1.54E-06
G[T>A]A	1.34E-05	9.68E-06	5.55E-07	1.35E-05	2.99E-05	0.00E+00	2.37E-04	2.80E-03	0.00E+00	3.53E-04	1.10E-03	5.38E-05	1.65E-05
G[T>A]C	1.40E-46	0.00E+00	0.00E+00	2.08E-04	3.40E-04	9.26E-05	8.00E-04	5.00E-03	2.99E-04	6.11E-04	1.26E-03	4.04E-05	3.45E-04
G[T>A]G	0.00E+00	0.00E+00	0.00E+00	1.30E-05	2.06E-04	0.00E+00	2.79E-04	4.22E-03	2.44E-05	4.36E-04	1.44E-03	5.92E-05	1.40E-04
G[T>A]T	0.00E+00	6.61E-05	0.00E+00	6.60E-05	3.48E-04	1.95E-04	3.26E-04	3.37E-03	4.18E-04	8.56E-04	9.49E-04	1.74E-05	7.18E-04
G[T>C]A	7.45E-05	8.84E-04	1.73E-04	2.69E-03	1.09E-03	3.23E-04	7.18E-03	1.96E-03	0.00E+00	1.12E-03	0.00E+00	0.00E+00	0.00E+00
G[T>C]C	0.00E+00	6.38E-04	1.43E-03	2.22E-03	0.00E+00	1.07E-03	3.97E-03	4.12E-03	3.78E-09	5.04E-04	2.95E-07	0.00E+00	9.57E-04
G[T>C]G	8.32E-09	3.76E-04	2.97E-08	1.66E-03	2.93E-03	9.92E-04	1.54E-03	1.65E-03	2.36E-08	8.38E-03	0.00E+00	6.32E-09	6.97E-04
G[T>C]T	1.50E-04	1.54E-03	1.05E-03	1.14E-03	4.07E-04	1.17E-03	4.86E-03	4.69E-03	7.69E-04	4.76E-46	3.91E-04	0.00E+00	5.35E-04
G[T>G]A	0.00E+00	4.35E-05	3.19E-04	5.99E-05	1.40E-46	3.89E-05	6.74E-05	4.58E-04	9.65E-06	1.85E-04	2.96E-04	0.00E+00	2.50E-04
G[T>G]C	0.00E+00	2.50E-04	2.39E-04	2.95E-04	0.00E+00	2.29E-04	2.38E-04	1.12E-03	1.40E-46	1.87E-46	3.76E-04	0.00E+00	6.19E-04
G[T>G]G	0.00E+00	1.21E-04	5.96E-05	2.13E-04	8.59E-06	1.82E-04	1.52E-04	5.19E-04	0.00E+00	6.35E-04	9.10E-04	0.00E+00	5.57E-04
G[T>G]T	8.56E-08	4.32E-04	1.67E-07	2.27E-04	0.00E+00	5.22E-04	1.32E-04	1.94E-03	2.36E-09	1.78E-07	4.58E-09	0.00E+00	1.05E-03
T[C>A]A	4.77E-05	8.89E-03	0.00E+00	5.99E-09	1.35E-04	4.65E-04	0.00E+00	1.73E-02	1.81E-08	5.10E-02	3.98E-03	3.28E-03	3.43E-04
T[C>A]C	2.99E-04	1.10E-03	1.43E-04	1.81E-04	4.80E-05	8.48E-04	2.80E-46	3.46E-04	8.55E-04	5.74E-03	1.67E-03	2.37E-04	5.59E-05
T[C>A]G	9.12E-05	7.86E-04	0.00E+00	1.43E-05	2.77E-04	4.20E-46	0.00E+00	1.10E-03	1.13E-04	5.81E-03	1.98E-03	2.64E-04	2.16E-04
T[C>A]T	1.87E-46	3.09E-02	7.38E-07	5.48E-07	4.23E-04	2.17E-02	6.51E-07	1.91E-04	3.20E-07	2.55E-07	1.61E-07	8.86E-04	5.46E-05
T[C>G]A	5.09E-09	0.00E+00	7.52E-10	1.40E-08	0.00E+00	3.04E-08	2.54E-08	9.81E-09	2.01E-08	7.86E-08	4.60E-07	5.99E-04	5.33E-08
T[C>G]C	4.38E-05	0.00E+00	7.16E-06	2.68E-05	4.91E-06	0.00E+00	5.55E-05	2.21E-04	6.27E-06	2.29E-05	1.79E-03	5.26E-04	6.35E-05
T[C>G]G	7.49E-06	1.51E-06	1.65E-05	1.30E-05	1.51E-05	0.00E+00	4.20E-46	5.74E-05	3.95E-05	3.55E-04	9.30E-04	2.72E-04	6.52E-05
T[C>G]T	0.00E+00	1.16E-05	0.00E+00	0.00E+00	0.00E+00	5.63E-05	5.89E-05	6.45E-06	0.00E+00	9.30E-06	1.70E-03	1.31E-03	2.37E-04
T[C>T]A	1.16E-04	8.52E-05	3.89E-04	3.85E-04	2.37E-03	0.00E+00	9.27E-04	4.03E-03	1.43E-03	2.87E-04	0.00E+00	1.13E-03	6.81E-04
T[C>T]C	5.70E-04	1.59E-03	2.11E-03	1.42E-03	2.67E-04	1.76E-03	1.05E-03	1.56E-03	8.89E-03	2.42E-03	1.53E-03	7.04E-04	1.08E-03
T[C>T]G	1.11E-02	3.75E-03	8.74E-03	1.48E-07	2.74E-03	7.33E-05	6.55E-36	2.35E-03	8.17E-09	1.63E-02	1.08E-08	5.04E-04	9.95E-07
T[C>T]T	0.00E+00	4.81E-03	5.71E-03	4.71E-04	0.00E+00	2.48E-03	6.88E-04	9.34E-04	5.08E-03	0.00E+00	0.00E+00	1.15E-03	7.47E-04
T[T>A]A	9.77E-05	1.14E-04	0.00E+00	2.58E-05	1.95E-04	0.00E+00	2.50E-04	4.58E-03	0.00E+00	1.27E-03	1.35E-03	3.61E-05	7.47E-05
T[T>A]C	2.33E-05	1.24E-04	8.75E-05	9.70E-05	8.07E-05	3.08E-04	3.34E-04	3.18E-03	3.27E-04	1.44E-04	1.11E-03	5.81E-05	3.10E-04
T[T>A]G	4.17E-07	8.67E-05	0.00E+00	0.00E+00	4.71E-05	7.71E-05	1.80E-04	1.83E-03	6.56E-05	6.21E-04	7.55E-04	1.90E-05	1.37E-04
T[T>A]T	7.72E-05	4.02E-04	1.40E-46	0.00E+00	3.07E-04	4.83E-04	1.32E-04	2.65E-03	3.25E-04	7.88E-04	1.00E-03	1.43E-05	4.92E-04
T[T>C]A	3.86E-05	3.33E-04	7.21E-05	3.35E-04	1.24E-03	4.09E-05	1.75E-03	2.10E-03	7.95E-04	5.14E-04	6.28E-04	3.82E-05	4.53E-04
T[T>C]C	1.72E-04	1.44E-03	5.38E-04	6.24E-04	1.10E-03	1.13E-03	1.44E-03	4.80E-03	1.02E-03	3.15E-03	7.65E-04	9.37E-05	1.29E-03
T[T>C]G	8.63E-05	6.06E-04	1.33E-04	1.74E-05	8.06E-04	8.25E-05	1.78E-03	2.07E-03	1.07E-03	6.72E-03	4.78E-09	2.27E-05	6.07E-04
T[T>C]T	4.21E-05	1.73E-03	0.00E+00	0.00E+00	6.35E-04	9.98E-04	7.48E-04	4.86E-03	1.03E-03	2.77E-03	6.91E-04	2.51E-06	9.04E-04
T[T>G]A	0.00E+00	1.96E-03	0.00E+00	0.00E+00	0.00E+00	0.00E+00	3.25E-05	4.94E-03	0.00E+00	6.65E-03	6.60E-04	1.69E-05	2.86E-04
T[T>G]C	0.00E+00	1.53E-03	1.16E-03	2.17E-04	0.00E+00	4.47E-04	7.91E-05	5.64E-03	5.78E-04	4.00E-04	5.20E-04	6.30E-05	1.62E-03
T[T>G]G	5.73E-05	4.52E-04	1.63E-04	0.00E+00	1.47E-04	6.07E-05	5.66E-05	1.24E-03	8.04E-05	1.05E-03	2.59E-04	5.83E-05	4.52E-04
T[T>G]T	1.60E-07	2.07E-02	1.04E-07	7.61E-05	2.26E-07	9.34E-04	8.38E-06	5.41E-02	3.21E-07	6.54E-07	2.23E-08	0.00E+00	9.92E-03
