MutationType	SBS96A	SBS96B	SBS96C	SBS96D	SBS96E	SBS96F	SBS96G	SBS96H	SBS96I	SBS96J	SBS96K	SBS96L	SBS96M
A[C>A]A	0.0006991695590841118	0.0019208855926990509	0.0	0.0	9.658263079472817e-05	0.00022642652184003964	0.00032408820698037744	0.00191735594416969	2.176162088289857e-05	0.014216030202805995	0.030887985411766294	0.000760635209735483	0.001220850509707816
A[C>A]C	0.0002764304394077044	0.0025567684206180274	0.0003704967748490162	6.569666438736022e-05	0.001266896427841857	0.0060666949488222596	0.0003640585142420605	0.002652952486096183	0.009770548529922962	0.014076335565187037	0.03154092114418745	0.000639280374161899	2.00434798898641e-05
A[C>A]G	3.068466239710688e-05	0.0011095102177932858	0.0	0.0	0.0002779075046419166	0.0006574088445631787	5.341753421816975e-06	0.0001803959487006068	8.905475478968584e-05	0.0035636664513731377	0.012048948090523481	0.0002842438665538793	0.00047714658139739183
A[C>A]T	0.0001751493075239807	0.015287959482520819	0.0	0.0	0.00012401061831042172	0.06658428385853768	0.0	0.0002758644754067063	0.008118288358673453	0.002615767953102477	0.010105652082711459	0.0	0.0003272063579984774
A[C>G]A	0.0012535061745438726	0.0001685320788055833	0.0006875986393424683	0.0007643512362847105	0.0002561029599746689	0.00014713658765685977	0.00014570396815543062	0.0006896131671965122	0.0005778515788279037	1.4012984643248171e-46	0.0196945171803236	0.0018586807651445269	0.0003010377797181718
A[C>G]C	0.0008399180369451642	5.450068529171404e-05	0.0002719074869673932	0.00016249970212811604	0.0006385815948306117	1.0134938202099875e-05	0.001517543091904372	0.0005314336041919887	0.0	0.0016335366817656904	0.019426057301461696	0.0018869453109800816	0.0017220113542862237
A[C>G]G	3.89411707658383e-05	3.844323349255774e-05	8.993848836191149e-40	0.0	0.0001486993751314003	5.7107460088445804e-05	6.8684547841257885e-06	4.063010219397256e-05	3.0272281446741544e-05	0.0002606558849265639	0.015921655017882584	0.0006682606966933235	0.00011657490977086127
A[C>G]T	0.0013712895393837242	0.0002238352783024311	7.97854045231361e-05	8.48044028316508e-06	0.000965829670894891	0.0	0.0006307635674602352	0.0009463077236432582	0.0	0.001352334674447775	0.02527114860713482	0.002504227729514241	0.00021578460437012836
A[C>T]A	0.0029796268907375635	1.4012984643248171e-46	4.203895392974451e-46	7.084888800481e-19	0.09045370817184448	0.008514700969681144	0.00040266176220029595	0.0033014892134815453	0.03226888054050505	0.0042841705493628975	0.012252410943619906	0.0030334533425047995	0.004663090175017715
A[C>T]C	0.000931148324161768	0.0021973354479996486	0.00022176785569172353	0.01025763563811779	0.03298559095710516	0.02346178758889437	0.0019019787781871856	0.008890539756976068	0.07330015823245048	0.012406637992588865	0.0016660505480103893	2.214571286458522e-05	0.0009221173299010843
A[C>T]G	0.2833333639893681	0.020452013501244436	0.007566475213414814	0.016775092139732807	0.026286733738368186	0.02324344682605215	0.00596743042306116	0.09669764194404706	0.06713032482749667	0.0075790571071820525	0.014198406764347738	0.00010435230215080082	0.004643460658553522
A[C>T]T	0.00190529469109606	0.0015242182125803083	0.0017518932145321742	8.902380941435694e-05	0.029713061824440955	0.02734759245067835	0.0004039895487949252	0.009649042598903179	0.04884967468678951	0.009166487620677798	0.00524262033868581	2.8886081418022512e-05	0.0009453791833948344
A[T>A]A	5.100288399262354e-06	0.0004830346762901172	0.0	3.4636912459973246e-05	0.00044073838653275744	1.4012984643248171e-46	0.00665170531719923	0.0044130208912974925	0.0012673155585275707	0.0004461057064361285	0.00973880714736879	0.00010316132629668573	0.00027988065558020024
A[T>A]C	0.0	3.1527761166216806e-06	0.0	0.0017967741354368628	0.0017197992332512514	1.1807656846940517e-05	0.014178012311458588	0.007582910126075149	2.7876887543243358e-06	0.003093384177191183	0.01335902800783515	0.00038707425774191505	0.0012476624775445088
A[T>A]G	8.61930129758548e-06	0.0	4.2426586333021987e-07	1.4713703421875834e-05	0.0003439782805799041	2.8025969286496343e-46	0.0010609832592308522	0.003277911830809899	0.0004877780476817861	0.0022875018301419916	0.017164469882845878	0.0005999609507853165	0.001366930385120213
A[T>A]T	0.0005859602009877562	0.0034581904066726564	0.0	0.001325179151899647	0.005527083511697129	0.002621661394368857	0.0028680190676823258	0.006927152702701278	0.002575922053074464	0.011980284098535776	0.009469843097031116	2.4240806351372157e-05	0.0017072799208108335
A[T>C]A	0.0014916357584297657	0.000518433190882206	0.0015618323755916207	0.0018856199370929972	0.00720275267958641	0.0004389356909086928	0.04181992448866367	0.01467602546326816	0.006388957635499537	0.014310795767232775	0.013328364153858274	1.4400863256014418e-05	0.0
A[T>C]C	0.0008159848541254178	0.0011245758039876818	0.0020273810063372367	0.006901156436651945	0.002821853756904602	0.005365922814235091	0.025004333443939687	0.011466451804153621	0.00017644667309868467	0.02586347032338381	0.007602933375164866	0.00025242318952223286	0.005192550853826106
A[T>C]G	0.0013097078990540467	0.0006757197552477736	0.00019545680843293666	0.0010398581856861716	0.016782157914713026	0.0020996176950575317	0.03022363619808175	0.006163624161854386	0.004010514495894313	0.091383558511734	0.006293871207162738	0.00017510123637975994	0.0011267512338235975
A[T>C]T	0.00040422105812467637	0.0017584163695573806	1.4012984643248171e-46	0.0	0.0005988437216728926	0.0042652178555727	0.020666556805372237	0.01465489501133561	0.010264764772728086	0.014092634210828691	0.022591832280158996	0.000545148123637773	0.0009269271162338555
A[T>G]A	0.0	0.0010113325792190154	0.0	0.0	1.672307698754594e-05	5.0901714712381366e-05	0.0005044247613113839	0.005481887003406882	1.140472522820346e-06	0.0021095113173942082	0.004371127870399505	0.00018963190814247355	0.002325578493764624
A[T>G]C	0.0006070131305023097	0.0015722764190286398	0.000274222859297879	0.0003626635421824176	0.0	0.0031583562842570244	0.0038793157320469616	0.011189191229641437	0.00013634212300530634	0.0009388121703523211	0.0037910171085968614	0.00019529041528585367	0.005924394726753235
A[T>G]G	0.00022592183195229153	0.0009784033696632831	0.00016171271563507615	7.838348847144516e-06	0.0	0.0018187909503467382	0.0008638195620733313	0.004824576328974217	0.0	0.002018610300729051	0.007720701070502401	0.00013230966433184222	0.0030794549500569703
A[T>G]T	0.0	0.009772834084773053	1.3852112807910543e-07	0.00037099078913342963	0.0	0.014043163042515516	0.0006703998580633197	0.05160155097763201	0.0005428510682065734	5.6051938572992686e-46	3.0611690737814e-08	3.5850464819020544e-08	0.02703273305669427
C[C>A]A	0.00046953633718658236	0.0016014795779483392	0.003809432382695377	2.1725272651925948e-32	0.015021375566720962	0.018433729372918605	0.0002819233122863807	0.004959169181529432	0.0	0.023660930967889727	0.028477182425558568	0.0007779670413583517	0.0017075945332180708
C[C>A]C	0.001010506902821362	0.0003929126018192619	0.0006229230551980436	0.001730504036822822	0.04064570758491755	0.013405365985818207	0.00044126714346930384	0.008889037303742953	0.0	0.028381606051698326	0.017923847679048775	0.00021942448147456163	0.0009495653212070465
C[C>A]G	0.0016657260450301692	0.0018283155863173307	0.0	0.002017014822922647	0.014670586206557345	0.0024739068001508715	3.239178622607142e-05	0.00445476770401001	0.0001711880846414715	0.016201159940101205	0.010790383862331509	0.00017005024033096562	0.0
C[C>A]T	3.910589185807112e-08	0.0028966526089769045	1.6225839772232575e-06	5.517767295515341e-07	0.07808162158034974	0.3058869868516922	1.6209787403909103e-06	0.025594455507190618	4.58402765524113e-08	0.04641323409749134	0.0	0.0	0.0
C[C>G]A	0.0	0.0	0.0	0.0	0.0	0.0	2.4111432139761746e-07	6.932687247171999e-05	0.00022732335200998933	0.00032158233225345614	0.019317199662327766	0.0045398136135190725	0.0008847763325320557
C[C>G]C	0.0	0.0	0.00010922339643002488	2.480785378793371e-05	0.0	0.0	5.209283262956888e-05	1.0166850915993565e-05	0.0	0.0	0.02085886988788843	0.0010108044545631856	0.0003579381562303752
C[C>G]G	6.472040943172885e-05	5.2985900765634145e-06	4.595926429828978e-06	1.1190324585186318e-05	0.0004204934986773878	1.7018672224367038e-06	0.0	0.0001538227195851505	0.00010609319724608213	0.0005541149941564072	0.018654750287532808	0.0003964611380069982	5.6855601724237206e-05
C[C>G]T	5.746981418042196e-06	9.594644725439139e-05	0.00017501047332189046	1.5362705744337292e-05	1.3237452731118537e-05	1.4012984643248171e-46	0.00012438435842341278	7.754227044642903e-05	6.182917059049942e-06	0.00011417053174227476	0.030045858584344387	0.0038402324775233866	5.6051938572992686e-46
C[C>T]A	0.000917491177096963	0.0	0.0014910808036802336	1.4012984643248171e-46	0.013361305883154272	0.0	1.4012984643248171e-46	0.007640526816248894	0.044482553750276564	0.021083573810756207	0.03061898108571768	0.012737678736448288	0.007966847252100706
C[C>T]C	0.0002488906611688435	0.0005211127383518033	0.0012928031443152576	0.0029858228866942228	0.014044895994624084	0.00209462174680084	0.003351603608462028	0.00686167975072749	0.10076868757605553	0.023536582918963232	0.0016575328074395657	0.0009425806434592232	0.002138189700781368
C[C>T]G	0.29990232884883883	0.0008085238747299677	0.01139057616237551	0.0029325257761229294	0.005857037607142959	0.006031864692249767	0.0016360252013441824	0.014475184422917665	0.14781518876552582	0.022513056034222247	0.0006414940347895026	0.0028283745625230948	0.0028560698207002132
C[C>T]T	1.4012984643248171e-46	0.0008782799166510813	0.0019066398381255567	0.0016703460365533828	0.01129606026224792	0.009977012034505605	0.0012289437030631235	0.007283885654760525	0.09459955245256424	0.027593854628503323	0.010720482282340526	0.002844365546479821	0.005245827828184701
C[T>A]A	0.0	3.461600363152684e-05	1.0795187699841336e-05	2.4363984994124622e-05	5.7027232833206655e-05	1.05423474451527e-05	0.0011105504934675991	0.0028214680904550377	4.902800167769783e-05	0.000626496936820331	0.008869509492865291	0.00024970335070975127	0.0009633823356125504
C[T>A]C	3.851935616694391e-06	5.248590007056464e-10	0.0	0.0011676425754558295	0.0034909587469883264	0.0029903469840064645	0.002670436653716024	0.0016143915745487902	0.0019583447225159033	0.0033583020325750113	0.014935319125652314	0.00024398408277193084	0.013388820458203554
C[T>A]G	2.2156214981805533e-05	0.0006488696759333834	0.0	4.653360228985548e-05	0.0009157345572020859	0.00010555750232015271	0.0017248261603526772	0.0046900149318389595	6.25524262432009e-06	0.0019875949947163463	0.026882128231227397	0.0002914915381552419	0.0066660713404417034
C[T>A]T	0.0	0.0008432542053924408	0.0	0.0	0.0003700570028740913	0.002953777485527098	3.718489606399089e-05	0.002607214613817632	0.0026605214457958936	0.0008782096729078148	0.014521260932087898	4.929618080495857e-06	0.041763417050242425
C[T>C]A	0.00017343093509438745	0.00026668627106118947	0.0	0.0	0.005851699120830745	2.8025969286496343e-46	0.020244836807250977	0.003881876552622998	0.00037778885453008113	0.02604909751098603	0.005827929591760039	2.42487407247971e-05	0.006520258262753487
C[T>C]C	0.000989460011624165	6.751681357854977e-05	0.00014073081256356091	0.001348873769165948	0.004641080927103758	0.00336707872338593	0.015228077094070614	0.0029202036961578416	0.012046005204319954	0.03611813653260469	0.004346601731958799	4.388820452732034e-05	0.06069107614457607
C[T>C]G	1.2918700420527784e-08	0.0003395763848454081	4.992731362563063e-07	0.000406114435154592	0.029671484647383294	6.611231026454334e-06	0.03221987590923163	0.005034983530644299	0.0005626988275977852	0.12602327341944602	0.0007645140138968998	0.0	0.03231958374381065
C[T>C]T	6.495800080301706e-05	0.0004206575773423538	0.0	0.0	0.004166119868750684	0.0	0.011201848927885293	0.003665742347948253	0.0067895142361521724	0.03292456907220185	0.00220446816972526	0.00018725174559222068	0.13619353175163268
C[T>G]A	0.00010791574750328437	0.0013481466798111797	6.706783991603516e-05	3.4691186232294055e-05	0.00011603458842728287	0.0	0.00047854186123004184	0.008220283625996671	0.0	0.0024530053662601857	0.004196414770558476	2.6536818155875606e-05	0.001709641399793327
C[T>G]C	0.002386794565245509	0.0004613199969753623	0.0005228949332376942	0.0013821970322169363	0.001103722543513186	0.0011958147952100262	0.0018993045901879667	0.004657180747017264	3.8942106039030476e-05	0.00848531402880326	0.006930090766400099	0.0003307345359644387	0.02525124978274107
C[T>G]G	0.002166729200689588	0.0013431657740511581	0.0004316036057026906	0.0015970223204931245	0.0018201073631644248	0.0004209975712001324	0.002217019908130169	0.01034633235540241	0.0	0.014757770439609885	0.01137574864551425	7.081554940668866e-06	0.022000629268586636
C[T>G]T	4.421622179506812e-09	0.009784558595856651	2.078840260821835e-06	0.001832386733030944	0.00027240716811149923	0.004543783081868469	3.806826442342981e-06	0.036807307973504066	0.0	1.1210387714598537e-45	0.0	0.0	0.3346455156803131
G[C>A]A	0.0012991181516554206	0.0006357353013299871	0.0019659754761960357	0.0015154768218053505	0.0002990070352097973	0.0036812879843637347	0.0003821434794417655	0.0019522049289662391	0.00036623713676817713	0.020167300345201512	0.03802471607923508	7.60270810133079e-05	0.005040099954931066
G[C>A]C	0.0011075569680542685	0.0007879188982769847	1.4012984643248171e-46	0.009616034012287855	0.0009402648545858483	0.01360745234414935	0.0053876024205237625	0.003038408776046708	0.005952293588779867	0.012488660775125027	0.025270893611013888	0.0004927240777760744	0.00029149518813937904
G[C>A]G	0.0023061285610310733	9.270741138607263e-05	1.0832495900103822e-05	0.0019361962156835943	0.001137957080209162	0.00071554729656782	0.0004788412625202909	0.0010525559620873537	0.00044041647925041616	0.007318630345980637	0.011988068465143442	0.0003660613321699202	0.0008635774720460176
G[C>A]T	0.000606466039265996	1.4405482943402604e-06	0.0	0.02156114485114813	0.0	0.1522334024310112	0.001290340731065953	0.0038243910996243356	2.9892063586522967e-05	0.008138852287083864	0.010533213919097761	2.923321972048143e-05	0.0002636445831740275
G[C>G]A	0.0006408103479770943	3.8005450915079567e-05	0.0006903953952132724	0.0006124852719949558	1.4012984643248171e-46	0.0005864576265594224	0.0002408301772447885	0.0002997491683345288	0.0011780323853599838	0.00040567386895418167	0.012701909244060516	0.0013434729888103902	0.0023715345188975332
G[C>G]C	0.0013531796634197236	0.00014504947830573656	0.00045325767277972775	0.0005657908070133999	0.0021308019757270815	0.0	0.0034852135577239096	0.003349296288797632	0.0	0.002631745673716068	0.02100786389783025	0.0007391105580609291	1.3058300282864366e-06
G[C>G]G	0.0002784799064102117	1.4512835150526372e-06	0.0	3.276548522990197e-06	0.00014380554130184465	0.0	3.46569864632329e-05	0.0005066300906037213	0.0	0.0005764142100815661	0.009682571887969971	0.0005606066028121859	1.4012984643248171e-46
G[C>G]T	0.0007260770027642139	0.0003908492712071165	0.0003456574631854892	0.0006396338591002859	0.0010164485494897236	0.00026469894510228187	0.0008622870751423761	0.0006621827284106985	0.0	4.203895392974451e-46	0.023406822979450227	0.0019389287801459432	4.460261261556298e-05
G[C>T]A	0.00025910951524110715	0.0001963953282483999	2.8025969286496343e-46	0.025894905999302865	0.1802267014980316	0.003412844850390684	0.011140315956436098	0.002075528245256919	0.03359835110604763	0.00021095194042572985	0.0011242809437465695	0.0041210502851754425	0.0003162379618089517
G[C>T]C	1.4012984643248171e-46	0.019809774961322545	8.423132697998881e-08	0.17465088963508607	0.13847726657986642	0.0	0.05454952418804169	0.0035888653248548506	0.0070872751454956525	0.008049996812118109	0.0	0.0006146728039574612	1.7103479876823256e-08
G[C>T]G	0.2913292646408081	0.033509432499317884	1.4707026707583282e-08	0.4924834370613098	0.005523245453304071	0.05933171968192008	7.006492321624085e-46	0.004534262240514409	4.596199332240758e-09	0.007165194351819082	0.0	0.0	0.002597753542738701
G[C>T]T	0.0	0.008871393325043869	0.02128547728061676	0.08578455373644829	0.11687477454543113	0.013920444971881807	0.0328868793323636	0.013828918058425187	0.01819508889523149	1.4012984643248171e-46	0.0	0.0	1.544840597489383e-06
G[T>A]A	2.999833074532887e-05	1.571291359141469e-05	5.54928101337282e-07	3.5733642653212884e-05	5.79245897824876e-05	0.0	0.003667369938921183	0.002831803284061607	0.0	0.0009115537955949549	0.007799927610903978	0.0002766550911474042	1.6520671488251536e-05
G[T>A]C	1.4012984643248171e-46	0.0	0.0	0.002039648446952924	0.0022243778919801118	0.00047768598597031087	0.009759760601446033	0.005561860837042331	0.0010820877621881663	0.0017997559353716496	0.009060573950409889	0.0005349544575437903	0.0027479200449306517
G[T>A]G	0.0	0.0	0.0	1.4505035233014496e-05	0.0011770631550461984	0.0	0.0026639837276889013	0.004397253831848502	2.443701960146427e-05	0.0018303834023512878	0.011344343531550293	0.0001772937100042782	0.0009751202305778861
G[T>A]T	0.0	0.0005074768618214875	0.0	0.0005688238321454264	0.0008909032796509564	0.0007225718887639232	0.0016127243085065856	0.0035444876295514403	0.0024840831123583485	0.004373719566501677	0.007361829746514559	3.654958104561956e-05	0.008129601133987308
G[T>C]A	7.466730737064609e-05	0.003698020777665079	0.0002585411997344522	0.014264515647664667	0.006475060073603345	0.0005164304366644501	0.15287218391895294	0.008171566901728511	0.0	0.0024497705960129677	0.0	0.0	0.0
G[T>C]C	0.0	0.0011106102774352423	0.006710995534376707	0.04581900052726269	0.0	0.005281176892458462	0.07003858610987664	0.018060191532094906	3.780428770028266e-09	0.0005040092393755913	3.3239754202440965e-07	0.0	0.007097928388975561
G[T>C]G	8.321369904251696e-09	0.0005595949400131417	5.407106158372699e-08	0.010288791381753981	0.009183306777723032	0.006952263973653316	0.11068153381347656	0.008057336788624525	2.36425677258012e-08	0.034729276597499845	0.0	9.377238185948044e-09	0.002764153419957438
G[T>C]T	0.0004232392515405081	0.003205846284981817	0.009998178435489535	0.0039575682953000065	0.0008014222476049326	0.01128255776129663	0.0958507664501667	0.02082691134419292	0.0033831075066700577	8.407790785948902e-46	0.0019865481706801804	0.0	0.005964359268546104
G[T>G]A	0.0	5.880524113308638e-05	0.0012537925756817003	0.00023823496012482793	1.4012984643248171e-46	8.188867359422147e-05	0.00034505988005548713	0.002606316842138767	9.646403486840428e-06	0.00023865115508669987	0.005825660191476345	0.0	0.00208861940773204
G[T>G]C	0.0	0.00047649237094447015	0.0008810824113481885	0.0044705966021865605	0.0	0.0009066990111023188	0.0022478436934761704	0.0050642860122025015	1.4012984643248171e-46	2.8025969286496343e-46	0.004787941602990032	0.0	0.010108900442719459
G[T>G]G	0.0	0.00022054065484553576	8.298913691646703e-05	0.0027985865948721767	8.585384784964845e-06	0.0015387087245471776	0.0012218267045682296	0.002287083654664457	0.0	0.0007966991878959106	0.011348540894687176	0.0	0.007062887586653232
G[T>G]T	9.192926349044228e-08	0.000841252904497658	4.5078136992060534e-07	0.0049000468105077745	0.0	0.004199470486491918	0.0005245731481409166	0.008506761610581276	3.248459279348026e-09	2.586997247533418e-07	6.85665142441394e-09	0.0	0.09036434590816497
T[C>A]A	8.836611013975925e-05	0.05018256246694364	0.0	5.985744166991935e-09	0.00020225523721819627	0.00046480996534228327	0.0	0.04353093103951551	1.807337639547768e-08	0.06235320379491895	0.01735131485164061	0.02946675079583656	0.0005735803511925042
T[C>A]C	0.002381292136851698	0.015996036306023597	0.0001832656387705356	0.0003410813515074551	4.8020388931035995e-05	0.04143325462937355	2.8025969286496343e-46	0.0003462038934230804	0.005186120525468141	0.008993343834299594	0.03515650574117899	0.017173032835125925	7.91697770182509e-05
T[C>A]G	0.0002367312328715343	0.006945873820222914	0.0	2.122925943695009e-05	0.0010732937982538715	4.203895392974451e-46	0.0	0.0026363199576735497	0.00021213158397586084	0.012483869543939364	0.011450519692152739	0.005152842262759805	0.0007977496758940106
T[C>A]T	2.8025969286496343e-46	0.6446488320827484	2.3743185295188594e-06	1.1582778270735616e-06	0.0004227150239216826	0.077297165976006	1.6155292570374513e-06	0.00019639540162117442	1.097383352544057e-06	4.182081191572706e-07	3.0932251888771133e-07	0.001712390904422989	5.4621497267248745e-05
T[C>G]A	1.4056896979752764e-08	0.0	7.515827071813419e-10	2.203834279512762e-08	0.0	5.238472526869486e-08	2.5397307013008687e-08	9.807496326175168e-09	2.962988281396406e-08	1.156434450422239e-07	3.7101918906046194e-06	0.160246804356575	6.656918571934511e-08
T[C>G]C	0.00022294174596027005	0.0	9.003652849060018e-06	2.6778472238220276e-05	4.9122743803309275e-06	0.0	0.0003056910391023848	0.0002490285202384257	6.266719719860703e-06	2.6414634339744226e-05	0.018669836968183518	0.05460483022034168	0.00013635837531182914
T[C>G]G	1.7813826343626715e-05	2.1664458472514524e-06	3.934555643354542e-05	2.9919832877567386e-05	2.2239862846618053e-05	0.0	4.203895392974451e-46	6.43209416011814e-05	0.00010259248410875444	0.00036065628883079625	0.010456704068928957	0.01699489653110504	0.00019496608438203112
T[C>G]T	0.0	3.293095267054014e-05	0.0	0.0	0.0	0.00024191688498831354	7.229961556731723e-05	6.449411011999473e-06	0.0	9.300655801780521e-06	0.00804263020399958	0.20373025685548782	0.0006666839472018182
T[C>T]A	0.00024755815757089296	0.00012081133027095348	0.010281163360923528	0.004536940786056221	0.014496309915557504	0.0	0.007995441369712353	0.004152681655250489	0.033403087966144086	0.0002866158029064536	0.0	0.2681501299142838	0.005455554206855595
T[C>T]C	0.0023728488362394274	0.006119176652282477	0.04719243198633194	0.02022136589512229	0.0004011729713283785	0.004720561951398849	0.00797631333116442	0.0015565428882837295	0.10738309174776077	0.003743521776050329	0.003115021507255733	0.06563310287892818	0.00518887834623456
T[C>T]G	0.0824611376356188	0.003762363008643252	0.7677979528903961	2.6348744341930797e-07	0.009461947951504613	7.331786679571905e-05	6.554809934541178e-36	0.0035743606181313226	8.174643539859972e-09	0.0250446809586947	1.5485177939922322e-08	0.0008370874381284921	9.94853053271072e-07
T[C>T]T	0.0	0.021787463407963514	0.08691686801612378	0.002327494591008872	0.0	0.012308808136731386	0.005241600261069834	0.0009340896271169197	0.0683782447129488	0.0	0.0	0.11750831976532936	0.001727391837630421
T[T>A]A	0.0006576769665116444	0.0006541228940477595	0.0	3.814165399944614e-05	0.0014416194986552	0.0	0.00264952126017306	0.0055992698500631375	0.0	0.0032386581471655516	0.01192424912005663	9.701440085336799e-05	0.00016225896179093978
T[T>A]C	6.11858515623579e-05	0.001009094822802581	8.746700477786362e-05	0.00030648325919173657	0.00014338006658363157	0.0019076360564213245	0.002532856329344213	0.0034511855395976455	0.003323004534468055	0.00014395880280062556	0.011834530532360077	0.00023524137322965543	0.0035807260312139986
T[T>A]G	4.174466994300019e-07	0.0010791587497806176	0.0	0.0	0.0001464089029468596	0.0001232194554177113	0.0007829221678548493	0.002111352392239496	0.0001419938432775325	0.0014370569027960301	0.010504083661362528	5.9031730143033204e-05	0.0013913695293013006
T[T>A]T	0.00024404046707786619	0.006749976286664605	1.4012984643248171e-46	0.0	0.0010360793996369467	0.001872583635849878	0.0003692483987833839	0.003511835260724183	0.0024784719396848233	0.0016667057876475154	0.014123729895800352	1.9058326597587438e-05	0.006804453628137708
T[T>C]A	5.327855469658971e-05	0.003629470185842365	7.211148040369153e-05	0.0006650862560491078	0.010911754099652171	6.121894111856818e-05	0.045263463631272316	0.007776086498051882	0.001795937590941321	0.0011257022051722743	0.0034163298253247374	9.109039016612641e-05	0.0016678603918990121
T[T>C]C	0.000645076730143046	0.0028297090902924538	0.001040681125597682	0.004319815069902688	0.003619533241726458	0.00673935457598418	0.04215930439531803	0.023622888047248124	0.005184871680103243	0.01510637691244483	0.004802060173824429	0.0003272436879342422	0.007544814283028245
T[T>C]G	0.00011874791962327436	0.005044179293327034	0.00023855023260637153	1.74153086845763e-05	0.02002294911071658	0.00012351367622613906	0.033296350948512556	0.008854181402119821	0.0034509388504410767	0.024589544534683226	6.67769093354309e-09	5.454213751363568e-05	0.005089435935951769
T[T>C]T	0.00013437579473247753	0.005496184376534074	0.0	0.0	0.003496878271107562	0.004058393658488058	0.03215220607817173	0.02422028984874487	0.014653560612350703	0.009514456200122368	0.003170969837810844	2.511325146770105e-06	0.0037564456230029463
T[T>G]A	0.0	0.004226395341265743	0.0	0.0	0.0	0.0	0.00013150661361578387	0.02132001125719398	0.0	0.007791127196327352	0.00445718378082347	3.0830404329762476e-05	0.00044252807686007145
T[T>G]C	0.0	0.002966847363859415	0.004500604455824941	0.001291691178630572	0.0	0.0026461396424565463	0.0004435348993865773	0.025354355201125146	0.0016251894936431198	0.00040022404864430426	0.003858571406453848	0.00016250496555585413	0.01006101635284722
T[T>G]G	0.00013309313435456717	0.0017313681686051768	0.0005488567519932985	0.0	0.000902911089360714	0.00013363036414375528	0.00013612049297080376	0.006498366272717248	0.00016370077719329856	0.0031809025109396315	0.010156640876084566	0.00027559643694985425	0.0033581444993615152
T[T>G]T	1.603288296792016e-07	0.04833347968724411	3.21546129100625e-07	0.00010498368830553772	3.093043687840691e-07	0.00199032727691133	1.67589009834046e-05	0.24603494577021934	1.0944469323703743e-06	6.965964331584474e-07	4.973549110331987e-08	0.0	0.022091059659339864
